1801,'1376',716,,52486,23,,,0,100,,52485,23,,,0,100,,52484,23,,,0,105,,52483,23,,,0,80,,52482,23,,,0,40,,52481,23,,,0,80,,52480,23,,,0,80,,52479,23,,,0,40,,52478,23,,,0,80,,52477,23,,,0,80,,52476,23,,,0,40,,52475,23,,,0,80,,52474,23,,,0,80,,52473,23,,,0,40,,52472,23,,,0,80,,52471,23,,,0,80,,52470,23,,,0,40,,52469,23,,,0
1801,'1377',551,,52487,23,,,0,70,,52488,23,,,0,30,,52489,23,,,0,70,,52490,23,,,0,30,,52491,23,,,0,70,,52492,23,,,0,30,,52493,23,,,0,70,,52494,23,,,0,30,,52495,23,,,0,70,,52496,23,,,0,20,,52497,23,,,0,60,,52498,23,,,0,20,,52499,23,,,0,20,,52500,23,,,0,60,,52501,23,,,0,20,,52502,23,,,0,20,,52503,23,,,0,60,,52504,23,,,0,20,,52505,23,,,0,20,,52506,23,,,0,60,,52507,23,,,0,20,,52508,23,,,0,20,,52509,23,,,0,60,,52510,23,,,0,20,,52511,23,,,0,20,,52512,23,,,0,60,,52513,23,,,0,20,,52514,23,,,0,20,,52515,23,,,0,60,,52516,23,,,0,20,,52517,23,,,0,20,,52518,23,,,0,60,,52519,23,,,0,20,,52520,23,,,0,35,,52521,23,,,0,65,,52522,23,,,0,30,,52523,23,,,0,70,,52524,23,,,0,30,,52525,23,,,0,70,,52526,23,,,0,30,,52527,23,,,0,70,,52528,23,,,0,30,,52529,23,,,0,70,,52530,23,,,0,30,,52531,23,,,0,70,,52532,23,,,0,30,,52533,23,,,0
1801,'1378',549,,52572,23,,,0,70,,52573,23,,,0,15,,52538,23,,,0,15,,52537,23,,,0,55,,52536,23,,,0,15,,52535,23,,,0,10,,52534,23,,,0,10,,52539,23,,,0,10,,52540,23,,,0,10,,52541,23,,,0,50,,52542,23,,,0,10,,52543,23,,,0,15,,52544,23,,,0,15,,52545,23,,,0,55,,52546,23,,,0,15,,52574,23,,,0,15,,52575,23,,,0,15,,52576,23,,,0,55,,52577,23,,,0,15,,52578,23,,,0,15,,52579,23,,,0,15,,52580,23,,,0,55,,52581,23,,,0,15,,52582,23,,,0,15,,52583,23,,,0,15,,52584,23,,,0,55,,52585,23,,,0,15,,52586,23,,,0,10,,52605,7,,,0,5,,52587,23,,,0,15,,52588,23,,,0,55,,52589,23,,,0,15,,52590,23,,,0,17,,52547,23,,,0,15,,52548,23,,,0,55,,52549,23,,,0,15,,52550,23,,,0,10,,52551,23,,,0,10,,52552,23,,,0,10,,52553,23,,,0,50,,52554,23,,,0,10,,52555,23,,,0,10,,52556,23,,,0,10,,52557,23,,,0,10,,52558,23,,,0,10,,52559,23,,,0,50,,52560,23,,,0,10,,52561,23,,,0,10,,52562,23,,,0,10,,52563,23,,,0,10,,52564,23,,,0,10,,52565,23,,,0,50,,52566,23,,,0,10,,52567,23,,,0,10,,52568,23,,,0,15,,52569,23,,,0,15,,52570,23,,,0,55,,52571,23,,,0,14,,52591,23,,,0,30,,52592,23,,,0,70,,52593,23,,,0,30,,52594,23,,,0,70,,52595,23,,,0,30,,52596,23,,,0,70,,52597,23,,,0,30,,52598,23,,,0,70,,52599,23,,,0,30,,52600,23,,,0,70,,52601,23,,,0,30,,52602,23,,,0,70,,52603,23,,,0,30,,52604,23,,,0
1801,'1379',549,,52644,23,,,0,70,,52645,23,,,0,15,,52609,23,,,0,15,,52608,23,,,0,55,,52607,23,,,0,15,,52606,23,,,0,10,,52610,23,,,0,10,,52611,23,,,0,10,,52612,23,,,0,10,,52613,23,,,0,50,,52614,23,,,0,10,,52615,23,,,0,15,,52616,23,,,0,15,,52617,23,,,0,55,,52618,23,,,0,15,,52646,23,,,0,15,,52647,23,,,0,15,,52648,23,,,0,55,,52649,23,,,0,15,,52650,23,,,0,15,,52651,23,,,0,15,,52652,23,,,0,55,,52653,23,,,0,15,,52654,23,,,0,15,,52655,23,,,0,15,,52656,23,,,0,55,,52657,23,,,0,15,,52658,23,,,0,10,,52677,7,,,0,5,,52659,23,,,0,15,,52660,23,,,0,55,,52661,23,,,0,15,,52662,23,,,0,17,,52619,23,,,0,15,,52620,23,,,0,55,,52621,23,,,0,15,,52622,23,,,0,10,,52623,23,,,0,10,,52624,23,,,0,10,,52625,23,,,0,50,,52626,23,,,0,10,,52627,23,,,0,10,,52628,23,,,0,10,,52629,23,,,0,10,,52630,23,,,0,10,,52631,23,,,0,50,,52632,23,,,0,10,,52633,23,,,0,10,,52634,23,,,0,10,,52635,23,,,0,10,,52636,23,,,0,10,,52637,23,,,0,50,,52638,23,,,0,10,,52639,23,,,0,10,,52640,23,,,0,15,,52641,23,,,0,15,,52642,23,,,0,55,,52643,23,,,0,14,,52663,23,,,0,30,,52664,23,,,0,70,,52665,23,,,0,30,,52666,23,,,0,70,,52667,23,,,0,30,,52668,23,,,0,70,,52669,23,,,0,30,,52670,23,,,0,70,,52671,23,,,0,30,,52672,23,,,0,70,,52673,23,,,0,30,,52674,23,,,0,70,,52675,23,,,0,30,,52676,23,,,0
1801,'1380',549,,52716,23,,,0,70,,52717,23,,,0,15,,52681,23,,,0,15,,52680,23,,,0,55,,52679,23,,,0,15,,52678,23,,,0,10,,52682,23,,,0,10,,52683,23,,,0,10,,52684,23,,,0,10,,52685,23,,,0,50,,52686,23,,,0,10,,52687,23,,,0,15,,52688,23,,,0,15,,52689,23,,,0,55,,52690,23,,,0,15,,52718,23,,,0,15,,52719,23,,,0,15,,52720,23,,,0,55,,52721,23,,,0,15,,52722,23,,,0,15,,52723,23,,,0,15,,52724,23,,,0,55,,52725,23,,,0,15,,52726,23,,,0,15,,52727,23,,,0,15,,52728,23,,,0,55,,52729,23,,,0,15,,52730,23,,,0,10,,52749,7,,,0,5,,52731,23,,,0,15,,52732,23,,,0,55,,52733,23,,,0,15,,52734,23,,,0,17,,52691,23,,,0,15,,52692,23,,,0,55,,52693,23,,,0,15,,52694,23,,,0,10,,52695,23,,,0,10,,52696,23,,,0,10,,52697,23,,,0,50,,52698,23,,,0,10,,52699,23,,,0,10,,52700,23,,,0,10,,52701,23,,,0,10,,52702,23,,,0,10,,52703,23,,,0,50,,52704,23,,,0,10,,52705,23,,,0,10,,52706,23,,,0,10,,52707,23,,,0,10,,52708,23,,,0,10,,52709,23,,,0,50,,52710,23,,,0,10,,52711,23,,,0,10,,52712,23,,,0,15,,52713,23,,,0,15,,52714,23,,,0,55,,52715,23,,,0,14,,52735,23,,,0,30,,52736,23,,,0,70,,52737,23,,,0,30,,52738,23,,,0,70,,52739,23,,,0,30,,52740,23,,,0,70,,52741,23,,,0,30,,52742,23,,,0,70,,52743,23,,,0,30,,52744,23,,,0,70,,52745,23,,,0,30,,52746,23,,,0,70,,52747,23,,,0,30,,52748,23,,,0
1801,'1381',549,,52788,23,,,0,70,,52789,23,,,0,15,,52753,23,,,0,15,,52752,23,,,0,55,,52751,23,,,0,15,,52750,23,,,0,10,,52754,23,,,0,10,,52755,23,,,0,10,,52756,23,,,0,10,,52757,23,,,0,50,,52758,23,,,0,10,,52759,23,,,0,15,,52760,23,,,0,15,,52761,23,,,0,55,,52762,23,,,0,15,,52790,23,,,0,15,,52791,23,,,0,15,,52792,23,,,0,55,,52793,23,,,0,15,,52794,23,,,0,15,,52795,23,,,0,15,,52796,23,,,0,55,,52797,23,,,0,15,,52798,23,,,0,15,,52799,23,,,0,15,,52800,23,,,0,55,,52801,23,,,0,15,,52802,23,,,0,10,,52821,7,,,0,5,,52803,23,,,0,15,,52804,23,,,0,55,,52805,23,,,0,15,,52806,23,,,0,17,,52763,23,,,0,15,,52764,23,,,0,55,,52765,23,,,0,15,,52766,23,,,0,10,,52767,23,,,0,10,,52768,23,,,0,10,,52769,23,,,0,50,,52770,23,,,0,10,,52771,23,,,0,10,,52772,23,,,0,10,,52773,23,,,0,10,,52774,23,,,0,10,,52775,23,,,0,50,,52776,23,,,0,10,,52777,23,,,0,10,,52778,23,,,0,10,,52779,23,,,0,10,,52780,23,,,0,10,,52781,23,,,0,50,,52782,23,,,0,10,,52783,23,,,0,10,,52784,23,,,0,15,,52785,23,,,0,15,,52786,23,,,0,55,,52787,23,,,0,14,,52807,23,,,0,30,,52808,23,,,0,70,,52809,23,,,0,30,,52810,23,,,0,70,,52811,23,,,0,30,,52812,23,,,0,70,,52813,23,,,0,30,,52814,23,,,0,70,,52815,23,,,0,30,,52816,23,,,0,70,,52817,23,,,0,30,,52818,23,,,0,70,,52819,23,,,0,30,,52820,23,,,0
1801,'1382',549,,52860,23,,,0,70,,52861,23,,,0,15,,52825,23,,,0,15,,52824,23,,,0,55,,52823,23,,,0,15,,52822,23,,,0,10,,52826,23,,,0,10,,52827,23,,,0,10,,52828,23,,,0,10,,52829,23,,,0,50,,52830,23,,,0,10,,52831,23,,,0,15,,52832,23,,,0,15,,52833,23,,,0,55,,52834,23,,,0,15,,52862,23,,,0,15,,52863,23,,,0,15,,52864,23,,,0,55,,52865,23,,,0,15,,52866,23,,,0,15,,52867,23,,,0,15,,52868,23,,,0,55,,52869,23,,,0,15,,52870,23,,,0,15,,52871,23,,,0,15,,52872,23,,,0,55,,52873,23,,,0,15,,52874,23,,,0,10,,52893,7,,,0,5,,52875,23,,,0,15,,52876,23,,,0,55,,52877,23,,,0,15,,52878,23,,,0,17,,52835,23,,,0,15,,52836,23,,,0,55,,52837,23,,,0,15,,52838,23,,,0,10,,52839,23,,,0,10,,52840,23,,,0,10,,52841,23,,,0,50,,52842,23,,,0,10,,52843,23,,,0,10,,52844,23,,,0,10,,52845,23,,,0,10,,52846,23,,,0,10,,52847,23,,,0,50,,52848,23,,,0,10,,52849,23,,,0,10,,52850,23,,,0,10,,52851,23,,,0,10,,52852,23,,,0,10,,52853,23,,,0,50,,52854,23,,,0,10,,52855,23,,,0,10,,52856,23,,,0,15,,52857,23,,,0,15,,52858,23,,,0,55,,52859,23,,,0,14,,52879,23,,,0,30,,52880,23,,,0,70,,52881,23,,,0,30,,52882,23,,,0,70,,52883,23,,,0,30,,52884,23,,,0,70,,52885,23,,,0,30,,52886,23,,,0,70,,52887,23,,,0,30,,52888,23,,,0,70,,52889,23,,,0,30,,52890,23,,,0,70,,52891,23,,,0,30,,52892,23,,,0
1901,'1376',920,,53113,25,,,0,100,,53112,25,,,0,100,,53111,25,,,0,100,,53110,25,,,0,100,,53109,25,,,0,100,,53108,25,,,0,100,,53107,25,,,0,100,,53106,25,,,0,100,,53105,25,,,0,100,,53104,25,,,0,100,,53103,25,,,0,100,,53102,25,,,0
1901,'1377',820,,53114,25,,,0,100,,53115,25,,,0,100,,53116,25,,,0,30,,53117,25,,,0,70,,53118,25,,,0,30,,53119,25,,,0,70,,53120,25,,,0,30,,53121,25,,,0,70,,53122,25,,,0,30,,53123,25,,,0,70,,53124,25,,,0,30,,53125,25,,,0,70,,53126,25,,,0,30,,53127,25,,,0,70,,53128,25,,,0,30,,53129,25,,,0,70,,53130,25,,,0,30,,53131,25,,,0,70,,53132,25,,,0,30,,53133,25,,,0,70,,53134,25,,,0,30,,53135,25,,,0,70,,53136,25,,,0,100,,53137,25,,,0,100,,53138,25,,,0,100,,53139,25,,,0
1901,'1378',620,,53140,25,,,0,30,,53141,25,,,0,70,,53142,25,,,0,30,,53143,25,,,0,70,,53144,25,,,0,30,,53145,25,,,0,70,,53146,25,,,0,30,,53147,25,,,0,70,,53148,25,,,0,30,,53149,25,,,0,70,,53150,25,,,0,30,,53151,25,,,0,70,,53152,25,,,0,30,,53153,25,,,0,70,,53154,25,,,0,30,,53155,25,,,0,70,,53156,25,,,0,30,,53157,25,,,0,70,,53158,25,,,0,30,,53159,25,,,0,70,,53160,25,,,0,30,,53161,25,,,0,70,,53162,25,,,0,30,,53163,25,,,0,70,,53164,25,,,0,30,,53165,25,,,0,70,,53166,25,,,0,30,,53167,25,,,0,70,,53168,25,,,0,30,,53169,25,,,0,70,,53170,25,,,0,30,,53171,25,,,0,100,,53172,25,,,0,100,,53173,25,,,0
1901,'1379',620,,53174,25,,,0,30,,53175,25,,,0,70,,53176,25,,,0,30,,53177,25,,,0,70,,53178,25,,,0,30,,53179,25,,,0,70,,53180,25,,,0,30,,53181,25,,,0,70,,53182,25,,,0,30,,53183,25,,,0,70,,53184,25,,,0,30,,53185,25,,,0,70,,53186,25,,,0,30,,53187,25,,,0,70,,53188,25,,,0,30,,53189,25,,,0,70,,53190,25,,,0,30,,53191,25,,,0,70,,53192,25,,,0,30,,53193,25,,,0,70,,53194,25,,,0,30,,53195,25,,,0,70,,53196,25,,,0,30,,53197,25,,,0,70,,53198,25,,,0,30,,53199,25,,,0,70,,53200,25,,,0,30,,53201,25,,,0,70,,53202,25,,,0,30,,53203,25,,,0,70,,53204,25,,,0,30,,53205,25,,,0,100,,53206,25,,,0,100,,53207,25,,,0
1901,'1380',620,,53208,25,,,0,30,,53209,25,,,0,70,,53210,25,,,0,30,,53211,25,,,0,70,,53212,25,,,0,30,,53213,25,,,0,70,,53214,25,,,0,30,,53215,25,,,0,70,,53216,25,,,0,30,,53217,25,,,0,70,,53218,25,,,0,30,,53219,25,,,0,70,,53220,25,,,0,30,,53221,25,,,0,70,,53222,25,,,0,30,,53223,25,,,0,70,,53224,25,,,0,30,,53225,25,,,0,70,,53226,25,,,0,30,,53227,25,,,0,70,,53228,25,,,0,30,,53229,25,,,0,70,,53230,25,,,0,30,,53231,25,,,0,70,,53232,25,,,0,30,,53233,25,,,0,70,,53234,25,,,0,30,,53235,25,,,0,70,,53236,25,,,0,30,,53237,25,,,0,70,,53238,25,,,0,30,,53239,25,,,0,100,,53240,25,,,0,100,,53241,25,,,0
1901,'1381',620,,53242,25,,,0,30,,53243,25,,,0,70,,53244,25,,,0,30,,53245,25,,,0,70,,53246,25,,,0,30,,53247,25,,,0,70,,53248,25,,,0,30,,53249,25,,,0,70,,53250,25,,,0,30,,53251,25,,,0,70,,53252,25,,,0,30,,53253,25,,,0,70,,53254,25,,,0,30,,53255,25,,,0,70,,53256,25,,,0,30,,53257,25,,,0,70,,53258,25,,,0,30,,53259,25,,,0,70,,53260,25,,,0,30,,53261,25,,,0,70,,53262,25,,,0,30,,53263,25,,,0,70,,53264,25,,,0,30,,53265,25,,,0,70,,53266,25,,,0,30,,53267,25,,,0,70,,53268,25,,,0,30,,53269,25,,,0,70,,53270,25,,,0,30,,53271,25,,,0,70,,53272,25,,,0,30,,53273,25,,,0,100,,53274,25,,,0,100,,53275,25,,,0
1901,'1382',620,,53276,25,,,0,30,,53277,25,,,0,70,,53278,25,,,0,30,,53279,25,,,0,70,,53280,25,,,0,30,,53281,25,,,0,70,,53282,25,,,0,30,,53283,25,,,0,70,,53284,25,,,0,30,,53285,25,,,0,70,,53286,25,,,0,30,,53287,25,,,0,70,,53288,25,,,0,30,,53289,25,,,0,70,,53290,25,,,0,30,,53291,25,,,0,70,,53292,25,,,0,30,,53293,25,,,0,70,,53294,25,,,0,30,,53295,25,,,0,70,,53296,25,,,0,30,,53297,25,,,0,70,,53298,25,,,0,30,,53299,25,,,0,70,,53300,25,,,0,30,,53301,25,,,0,70,,53302,25,,,0,30,,53303,25,,,0,70,,53304,25,,,0,30,,53305,25,,,0,70,,53306,25,,,0,30,,53307,25,,,0,100,,53308,25,,,0,100,,53309,25,,,0
