70101,'1384',716,,61330,30,0,17,0,130,,61331,30,0,17,0,170,,61332,30,0,17,0,130,,61333,30,0,17,0,170,,61334,30,0,17,0,130,,61335,30,0,17,0,170,,61336,30,0,17,0,130,,61337,30,0,17,0
70101,'1385',716,,61338,30,0,17,0,85,,61339,30,0,17,0,45,,61340,30,0,17,0,85,,61341,30,0,17,0,85,,61342,30,0,17,0,130,,61343,30,0,17,0,170,,61344,30,0,17,0,85,,61345,30,0,17,0,45,,61346,30,0,17,0,85,,61347,30,0,17,0,85,,61348,30,0,17,0,85,,61349,30,0,17,0,45,,61350,30,0,17,0,85,,61351,30,0,17,0
70101,'1386',716,,61352,30,0,17,0,85,,61353,30,0,17,0,45,,61354,30,0,17,0,85,,61355,30,0,17,0,85,,61356,30,0,17,0,130,,61357,30,0,17,0,170,,61358,30,0,17,0,85,,61359,30,0,17,0,45,,61360,30,0,17,0,85,,61361,30,0,17,0,85,,61362,30,0,17,0,85,,61363,30,0,17,0,45,,61364,30,0,17,0,85,,61365,30,0,17,0
70101,'1387',716,,61366,30,0,17,0,85,,61367,30,0,17,0,45,,61368,30,0,17,0,85,,61369,30,0,17,0,85,,61370,30,0,17,0,130,,61371,30,0,17,0,170,,61372,30,0,17,0,85,,61373,30,0,17,0,45,,61374,30,0,17,0,85,,61375,30,0,17,0,85,,61376,30,0,17,0,85,,61377,30,0,17,0,45,,61378,30,0,17,0,85,,61379,30,0,17,0
70101,'1388',716,,61380,30,0,17,0,85,,61381,30,0,17,0,45,,61382,30,0,17,0,85,,61383,30,0,17,0,85,,61384,30,0,17,0,130,,61385,30,0,17,0,170,,61386,30,0,17,0,85,,61387,30,0,17,0,45,,61388,30,0,17,0,85,,61389,30,0,17,0,85,,61390,30,0,17,0,85,,61391,30,0,17,0,45,,61392,30,0,17,0,85,,61393,30,0,17,0
70101,'1389',716,,61394,30,0,17,0,85,,61395,30,0,17,0,45,,61396,30,0,17,0,85,,61397,30,0,17,0,85,,61398,30,0,17,0,130,,61399,30,0,17,0,170,,61400,30,0,17,0,85,,61401,30,0,17,0,45,,61402,30,0,17,0,85,,61403,30,0,17,0,85,,61404,30,0,17,0,85,,61405,30,0,17,0,45,,61406,30,0,17,0,85,,61407,30,0,17,0
70102,'1384',814,,61408,31,0,16,0,130,,61409,31,0,16,0,170,,61410,31,0,16,0,130,,61411,31,0,16,0,170,,61412,31,0,16,0,130,,61413,31,0,16,0,170,,61414,31,0,16,0,130,,61415,31,0,16,0
70102,'1385',729,,61416,31,0,16,0,85,,61417,31,0,16,0,45,,61418,31,0,16,0,85,,61419,31,0,16,0,85,,61420,31,0,16,0,85,,61421,31,0,16,0,130,,61422,31,0,16,0,170,,61423,31,0,16,0,45,,61424,31,0,16,0,85,,61425,31,0,16,0,85,,61426,31,0,16,0,85,,61427,31,0,16,0,45,,61428,31,0,16,0,85,,61429,31,0,16,0
70102,'1386',729,,61430,31,0,16,0,85,,61431,31,0,16,0,45,,61432,31,0,16,0,85,,61433,31,0,16,0,85,,61434,31,0,16,0,85,,61435,31,0,16,0,130,,61436,31,0,16,0,170,,61437,31,0,16,0,45,,61438,31,0,16,0,85,,61439,31,0,16,0,85,,61440,31,0,16,0,85,,61441,31,0,16,0,45,,61442,31,0,16,0,85,,61443,31,0,16,0
70102,'1387',729,,61444,31,0,16,0,85,,61445,31,0,16,0,45,,61446,31,0,16,0,85,,61447,31,0,16,0,85,,61448,31,0,16,0,85,,61449,31,0,16,0,130,,61450,31,0,16,0,170,,61451,31,0,16,0,45,,61452,31,0,16,0,85,,61453,31,0,16,0,85,,61454,31,0,16,0,85,,61455,31,0,16,0,45,,61456,31,0,16,0,85,,61457,31,0,16,0
70102,'1388',729,,61458,31,0,16,0,85,,61459,31,0,16,0,45,,61460,31,0,16,0,85,,61461,31,0,16,0,85,,61462,31,0,16,0,85,,61463,31,0,16,0,130,,61464,31,0,16,0,170,,61465,31,0,16,0,45,,61466,31,0,16,0,85,,61467,31,0,16,0,85,,61468,31,0,16,0,85,,61469,31,0,16,0,45,,61470,31,0,16,0,85,,61471,31,0,16,0
70102,'1389',729,,61472,31,0,16,0,85,,61473,31,0,16,0,45,,61474,31,0,16,0,85,,61475,31,0,16,0,85,,61476,31,0,16,0,85,,61477,31,0,16,0,130,,61478,31,0,16,0,170,,61479,31,0,16,0,45,,61480,31,0,16,0,85,,61481,31,0,16,0,85,,61482,31,0,16,0,85,,61483,31,0,16,0,45,,61484,31,0,16,0,85,,61485,31,0,16,0
