1601,'1383',1016,,57984,9,,,0,30,,57983,9,,,0,85,,57982,9,,,0,70,,57981,9,,,0,30,,57980,9,,,0,70,,57979,9,,,0,30,,57978,9,,,0,70,,57977,9,,,0,30,,57976,9,,,0,70,,57975,9,,,0,30,,57974,9,,,0,70,,57973,9,,,0,30,,57972,9,,,0,70,,57971,9,,,0,30,,57970,9,,,0,15,,57985,9,,,0,55,,57969,9,,,0,30,,57968,9,,,0,70,,57967,9,,,0,30,,57966,9,,,0
1601,'1384',658,,57986,9,,,0,70,,57987,9,,,0,30,,57988,9,,,0,70,,57989,9,,,0,30,,57990,9,,,0,70,,57991,9,,,0,30,,57992,9,,,0,70,,57993,9,,,0,20,,57994,9,,,0,60,,57995,9,,,0,20,,57996,9,,,0,20,,57997,9,,,0,60,,57998,9,,,0,20,,57999,9,,,0,20,,58000,9,,,0,60,,58001,9,,,0,20,,58002,9,,,0,20,,58003,9,,,0,60,,58004,9,,,0,20,,58005,9,,,0,20,,58006,9,,,0,60,,58007,9,,,0,20,,58008,9,,,0,20,,58009,9,,,0,60,,58010,9,,,0,20,,58011,9,,,0,20,,58012,9,,,0,60,,58013,9,,,0,20,,58014,9,,,0,20,,58015,9,,,0,60,,58016,9,,,0,22,,58017,9,,,0,70,,58018,9,,,0,30,,58019,9,,,0,70,,58020,9,,,0,30,,58021,9,,,0,70,,58022,9,,,0,30,,58023,9,,,0,100,,58024,9,,,0
1601,'1385',611,,58025,9,,,0,37,,58026,9,,,0,70,,58027,9,,,0,20,,58028,9,,,0,20,,58029,9,,,0,60,,58030,9,,,0,20,,58031,9,,,0,20,,58032,9,,,0,60,,58033,9,,,0,20,,58034,9,,,0,20,,58035,9,,,0,60,,58036,9,,,0,20,,58037,9,,,0,20,,58038,9,,,0,60,,58039,9,,,0,20,,58040,9,,,0,20,,58041,9,,,0,60,,58042,9,,,0,20,,58043,9,,,0,20,,58044,9,,,0,60,,58045,9,,,0,20,,58046,9,,,0,20,,58047,9,,,0,60,,58048,9,,,0,20,,58049,9,,,0,20,,58050,9,,,0,60,,58051,9,,,0,20,,58052,9,,,0,20,,58053,9,,,0,60,,58054,9,,,0,20,,58055,9,,,0,20,,58056,9,,,0,60,,58057,9,,,0,20,,58058,9,,,0,20,,58059,9,,,0,60,,58060,9,,,0,15,,58061,9,,,0,70,,58062,9,,,0,30,,58063,9,,,0,70,,58064,9,,,0,30,,58065,9,,,0,70,,58066,9,,,0,30,,58067,9,,,0,100,,58068,9,,,0,100,,58069,9,,,0
1601,'1386',611,,58070,9,,,0,37,,58071,9,,,0,70,,58072,9,,,0,20,,58073,9,,,0,20,,58074,9,,,0,60,,58075,9,,,0,20,,58076,9,,,0,20,,58077,9,,,0,60,,58078,9,,,0,20,,58079,9,,,0,20,,58080,9,,,0,60,,58081,9,,,0,20,,58082,9,,,0,20,,58083,9,,,0,60,,58084,9,,,0,20,,58085,9,,,0,20,,58086,9,,,0,60,,58087,9,,,0,20,,58088,9,,,0,20,,58089,9,,,0,60,,58090,9,,,0,20,,58091,9,,,0,20,,58092,9,,,0,60,,58093,9,,,0,20,,58094,9,,,0,20,,58095,9,,,0,60,,58096,9,,,0,20,,58097,9,,,0,20,,58098,9,,,0,60,,58099,9,,,0,20,,58100,9,,,0,20,,58101,9,,,0,60,,58102,9,,,0,20,,58103,9,,,0,20,,58104,9,,,0,60,,58105,9,,,0,15,,58106,9,,,0,70,,58107,9,,,0,30,,58108,9,,,0,70,,58109,9,,,0,30,,58110,9,,,0,70,,58111,9,,,0,30,,58112,9,,,0,100,,58113,9,,,0,100,,58114,9,,,0
1601,'1387',611,,58115,9,,,0,37,,58116,9,,,0,70,,58117,9,,,0,20,,58118,9,,,0,20,,58119,9,,,0,60,,58120,9,,,0,20,,58121,9,,,0,20,,58122,9,,,0,60,,58123,9,,,0,20,,58124,9,,,0,20,,58125,9,,,0,60,,58126,9,,,0,20,,58127,9,,,0,20,,58128,9,,,0,60,,58129,9,,,0,20,,58130,9,,,0,20,,58131,9,,,0,60,,58132,9,,,0,20,,58133,9,,,0,20,,58134,9,,,0,60,,58135,9,,,0,20,,58136,9,,,0,20,,58137,9,,,0,60,,58138,9,,,0,20,,58139,9,,,0,20,,58140,9,,,0,60,,58141,9,,,0,20,,58142,9,,,0,20,,58143,9,,,0,60,,58144,9,,,0,20,,58145,9,,,0,20,,58146,9,,,0,60,,58147,9,,,0,20,,58148,9,,,0,20,,58149,9,,,0,60,,58150,9,,,0,15,,58151,9,,,0,70,,58152,9,,,0,30,,58153,9,,,0,70,,58154,9,,,0,30,,58155,9,,,0,70,,58156,9,,,0,30,,58157,9,,,0,100,,58158,9,,,0,100,,58159,9,,,0
1601,'1388',611,,58160,9,,,0,37,,58161,9,,,0,70,,58162,9,,,0,20,,58163,9,,,0,20,,58164,9,,,0,60,,58165,9,,,0,20,,58166,9,,,0,20,,58167,9,,,0,60,,58168,9,,,0,20,,58169,9,,,0,20,,58170,9,,,0,60,,58171,9,,,0,20,,58172,9,,,0,20,,58173,9,,,0,60,,58174,9,,,0,20,,58175,9,,,0,20,,58176,9,,,0,60,,58177,9,,,0,20,,58178,9,,,0,20,,58179,9,,,0,60,,58180,9,,,0,20,,58181,9,,,0,20,,58182,9,,,0,60,,58183,9,,,0,20,,58184,9,,,0,20,,58185,9,,,0,60,,58186,9,,,0,20,,58187,9,,,0,20,,58188,9,,,0,60,,58189,9,,,0,20,,58190,9,,,0,20,,58191,9,,,0,60,,58192,9,,,0,20,,58193,9,,,0,20,,58194,9,,,0,60,,58195,9,,,0,15,,58196,9,,,0,70,,58197,9,,,0,30,,58198,9,,,0,70,,58199,9,,,0,30,,58200,9,,,0,70,,58201,9,,,0,30,,58202,9,,,0,100,,58203,9,,,0,100,,58204,9,,,0
1601,'1389',611,,58205,9,,,0,37,,58206,9,,,0,70,,58207,9,,,0,20,,58208,9,,,0,20,,58209,9,,,0,60,,58210,9,,,0,20,,58211,9,,,0,20,,58212,9,,,0,60,,58213,9,,,0,20,,58214,9,,,0,20,,58215,9,,,0,60,,58216,9,,,0,20,,58217,9,,,0,20,,58218,9,,,0,60,,58219,9,,,0,20,,58220,9,,,0,20,,58221,9,,,0,60,,58222,9,,,0,20,,58223,9,,,0,20,,58224,9,,,0,60,,58225,9,,,0,20,,58226,9,,,0,20,,58227,9,,,0,60,,58228,9,,,0,20,,58229,9,,,0,20,,58230,9,,,0,60,,58231,9,,,0,20,,58232,9,,,0,20,,58233,9,,,0,60,,58234,9,,,0,20,,58235,9,,,0,20,,58236,9,,,0,60,,58237,9,,,0,20,,58238,9,,,0,20,,58239,9,,,0,60,,58240,9,,,0,15,,58241,9,,,0,70,,58242,9,,,0,30,,58243,9,,,0,70,,58244,9,,,0,30,,58245,9,,,0,70,,58246,9,,,0,30,,58247,9,,,0,100,,58248,9,,,0,100,,58249,9,,,0
1701,'1383',723,,58766,35,,,0,100,,58768,35,,,0,100,,58767,35,,,0,105,,58765,35,,,0,80,,58764,35,,,0,40,,58763,35,,,0,80,,58762,35,,,0,80,,58761,35,,,0,40,,58760,35,,,0,80,,58759,35,,,0,80,,58758,35,,,0,40,,58757,35,,,0,80,,58756,35,,,0,80,,58755,35,,,0,40,,58754,35,,,0,80,,58753,35,,,0,80,,58752,35,,,0,40,,58751,35,,,0
1701,'1384',558,,58794,35,,,0,70,,58795,35,,,0,30,,58796,35,,,0,70,,58797,35,,,0,30,,58798,35,,,0,70,,58799,35,,,0,30,,58800,35,,,0,70,,58769,35,,,0,30,,58770,35,,,0,70,,58771,35,,,0,20,,58772,35,,,0,60,,58773,35,,,0,20,,58774,35,,,0,20,,58775,35,,,0,60,,58776,35,,,0,20,,58777,35,,,0,20,,58778,35,,,0,60,,58779,35,,,0,20,,58780,35,,,0,20,,58781,35,,,0,60,,58782,35,,,0,20,,58783,35,,,0,20,,58784,35,,,0,60,,58785,35,,,0,20,,58786,35,,,0,20,,58787,35,,,0,60,,58788,35,,,0,20,,58789,35,,,0,20,,58790,35,,,0,60,,58791,35,,,0,20,,58801,35,,,0,20,,58792,35,,,0,60,,58793,35,,,0,20,,58802,35,,,0,30,,58803,35,,,0,70,,58804,35,,,0,30,,58805,35,,,0,70,,58806,35,,,0,30,,58807,35,,,0,70,,58808,35,,,0,30,,58809,35,,,0,70,,58810,35,,,0,30,,58811,35,,,0,70,,58812,35,,,0,30,,58813,35,,,0,70,,58814,35,,,0,30,,58815,35,,,0
1701,'1385',557,,58816,35,,,0,70,,58817,35,,,0,15,,58818,35,,,0,15,,58819,35,,,0,55,,58820,35,,,0,15,,58821,35,,,0,10,,58822,35,,,0,10,,58823,35,,,0,10,,58824,35,,,0,50,,58825,35,,,0,10,,58826,35,,,0,10,,58827,35,,,0,10,,58828,35,,,0,10,,58829,35,,,0,10,,58830,35,,,0,50,,58831,35,,,0,10,,58832,35,,,0,10,,58833,35,,,0,10,,58834,35,,,0,10,,58835,35,,,0,10,,58875,35,,,0,50,,58836,35,,,0,10,,58861,35,,,0,10,,58862,35,,,0,10,,58863,35,,,0,10,,58864,35,,,0,10,,58865,35,,,0,50,,58866,35,,,0,10,,58867,35,,,0,10,,58868,35,,,0,10,,58869,35,,,0,10,,58870,35,,,0,10,,58871,35,,,0,50,,58872,35,,,0,10,,58873,35,,,0,10,,58874,35,,,0,10,,58876,35,,,0,10,,58877,35,,,0,10,,58879,35,,,0,50,,58880,35,,,0,10,,58881,35,,,0,10,,58882,35,,,0,10,,58883,35,,,0,10,,58884,35,,,0,10,,58885,35,,,0,50,,58837,35,,,0,10,,58838,35,,,0,10,,58839,35,,,0,10,,58840,35,,,0,10,,58841,35,,,0,10,,58842,35,,,0,50,,58843,35,,,0,10,,58844,35,,,0,10,,58845,35,,,0,10,,58846,35,,,0,10,,58847,35,,,0,10,,58848,35,,,0,50,,58849,35,,,0,10,,58850,35,,,0,10,,58851,35,,,0,10,,58852,35,,,0,10,,58853,35,,,0,10,,58854,35,,,0,50,,58855,35,,,0,10,,58856,35,,,0,10,,58857,35,,,0,10,,58858,35,,,0,10,,58859,35,,,0,10,,58860,35,,,0,50,,58886,35,,,0,10,,58887,35,,,0,10,,58888,35,,,0,15,,58889,35,,,0,15,,58890,35,,,0,55,,58891,35,,,0,15,,58892,35,,,0,30,,58893,35,,,0,70,,58894,35,,,0,30,,58895,35,,,0,70,,58896,35,,,0,30,,58897,35,,,0,70,,58898,35,,,0,30,,58899,35,,,0,70,,58900,35,,,0,30,,58901,35,,,0,70,,58902,35,,,0,30,,58878,35,,,0
1701,'1386',557,,58903,35,,,0,70,,58904,35,,,0,15,,58905,35,,,0,15,,58906,35,,,0,55,,58907,35,,,0,15,,58908,35,,,0,10,,58909,35,,,0,10,,58910,35,,,0,10,,58911,35,,,0,50,,58912,35,,,0,10,,58913,35,,,0,10,,58914,35,,,0,10,,58915,35,,,0,10,,58916,35,,,0,10,,58917,35,,,0,50,,58918,35,,,0,10,,58919,35,,,0,10,,58920,35,,,0,10,,58921,35,,,0,10,,58922,35,,,0,10,,58962,35,,,0,50,,58923,35,,,0,10,,58948,35,,,0,10,,58949,35,,,0,10,,58950,35,,,0,10,,58951,35,,,0,10,,58952,35,,,0,50,,58953,35,,,0,10,,58954,35,,,0,10,,58955,35,,,0,10,,58956,35,,,0,10,,58957,35,,,0,10,,58958,35,,,0,50,,58959,35,,,0,10,,58960,35,,,0,10,,58961,35,,,0,10,,58963,35,,,0,10,,58964,35,,,0,10,,58966,35,,,0,50,,58967,35,,,0,10,,58968,35,,,0,10,,58969,35,,,0,10,,58970,35,,,0,10,,58971,35,,,0,10,,58972,35,,,0,50,,58924,35,,,0,10,,58925,35,,,0,10,,58926,35,,,0,10,,58927,35,,,0,10,,58928,35,,,0,10,,58929,35,,,0,50,,58930,35,,,0,10,,58931,35,,,0,10,,58932,35,,,0,10,,58933,35,,,0,10,,58934,35,,,0,10,,58935,35,,,0,50,,58936,35,,,0,10,,58937,35,,,0,10,,58938,35,,,0,10,,58939,35,,,0,10,,58940,35,,,0,10,,58941,35,,,0,50,,58942,35,,,0,10,,58943,35,,,0,10,,58944,35,,,0,10,,58945,35,,,0,10,,58946,35,,,0,10,,58947,35,,,0,50,,58973,35,,,0,10,,58974,35,,,0,10,,58975,35,,,0,15,,58976,35,,,0,15,,58977,35,,,0,55,,58978,35,,,0,15,,58979,35,,,0,30,,58980,35,,,0,70,,58981,35,,,0,30,,58982,35,,,0,70,,58983,35,,,0,30,,58984,35,,,0,70,,58985,35,,,0,30,,58986,35,,,0,70,,58987,35,,,0,30,,58988,35,,,0,70,,58989,35,,,0,30,,58965,35,,,0
1701,'1387',557,,58990,35,,,0,70,,58991,35,,,0,15,,58992,35,,,0,15,,58993,35,,,0,55,,58994,35,,,0,15,,58995,35,,,0,10,,58996,35,,,0,10,,58997,35,,,0,10,,58998,35,,,0,50,,58999,35,,,0,10,,59000,35,,,0,10,,59001,35,,,0,10,,59002,35,,,0,10,,59003,35,,,0,10,,59004,35,,,0,50,,59005,35,,,0,10,,59006,35,,,0,10,,59007,35,,,0,10,,59008,35,,,0,10,,59009,35,,,0,10,,59049,35,,,0,50,,59010,35,,,0,10,,59035,35,,,0,10,,59036,35,,,0,10,,59037,35,,,0,10,,59038,35,,,0,10,,59039,35,,,0,50,,59040,35,,,0,10,,59041,35,,,0,10,,59042,35,,,0,10,,59043,35,,,0,10,,59044,35,,,0,10,,59045,35,,,0,50,,59046,35,,,0,10,,59047,35,,,0,10,,59048,35,,,0,10,,59050,35,,,0,10,,59051,35,,,0,10,,59053,35,,,0,50,,59054,35,,,0,10,,59055,35,,,0,10,,59056,35,,,0,10,,59057,35,,,0,10,,59058,35,,,0,10,,59059,35,,,0,50,,59011,35,,,0,10,,59012,35,,,0,10,,59013,35,,,0,10,,59014,35,,,0,10,,59015,35,,,0,10,,59016,35,,,0,50,,59017,35,,,0,10,,59018,35,,,0,10,,59019,35,,,0,10,,59020,35,,,0,10,,59021,35,,,0,10,,59022,35,,,0,50,,59023,35,,,0,10,,59024,35,,,0,10,,59025,35,,,0,10,,59026,35,,,0,10,,59027,35,,,0,10,,59028,35,,,0,50,,59029,35,,,0,10,,59030,35,,,0,10,,59031,35,,,0,10,,59032,35,,,0,10,,59033,35,,,0,10,,59034,35,,,0,50,,59060,35,,,0,10,,59061,35,,,0,10,,59062,35,,,0,15,,59063,35,,,0,15,,59064,35,,,0,55,,59065,35,,,0,15,,59066,35,,,0,30,,59067,35,,,0,70,,59068,35,,,0,30,,59069,35,,,0,70,,59070,35,,,0,30,,59071,35,,,0,70,,59072,35,,,0,30,,59073,35,,,0,70,,59074,35,,,0,30,,59075,35,,,0,70,,59076,35,,,0,30,,59052,35,,,0
1701,'1388',557,,59077,35,,,0,70,,59078,35,,,0,15,,59079,35,,,0,15,,59080,35,,,0,55,,59081,35,,,0,15,,59082,35,,,0,10,,59083,35,,,0,10,,59084,35,,,0,10,,59085,35,,,0,50,,59086,35,,,0,10,,59087,35,,,0,10,,59088,35,,,0,10,,59089,35,,,0,10,,59090,35,,,0,10,,59091,35,,,0,50,,59092,35,,,0,10,,59093,35,,,0,10,,59094,35,,,0,10,,59095,35,,,0,10,,59096,35,,,0,10,,59136,35,,,0,50,,59097,35,,,0,10,,59122,35,,,0,10,,59123,35,,,0,10,,59124,35,,,0,10,,59125,35,,,0,10,,59126,35,,,0,50,,59127,35,,,0,10,,59128,35,,,0,10,,59129,35,,,0,10,,59130,35,,,0,10,,59131,35,,,0,10,,59132,35,,,0,50,,59133,35,,,0,10,,59134,35,,,0,10,,59135,35,,,0,10,,59137,35,,,0,10,,59138,35,,,0,10,,59140,35,,,0,50,,59141,35,,,0,10,,59142,35,,,0,10,,59143,35,,,0,10,,59144,35,,,0,10,,59145,35,,,0,10,,59146,35,,,0,50,,59098,35,,,0,10,,59099,35,,,0,10,,59100,35,,,0,10,,59101,35,,,0,10,,59102,35,,,0,10,,59103,35,,,0,50,,59104,35,,,0,10,,59105,35,,,0,10,,59106,35,,,0,10,,59107,35,,,0,10,,59108,35,,,0,10,,59109,35,,,0,50,,59110,35,,,0,10,,59111,35,,,0,10,,59112,35,,,0,10,,59113,35,,,0,10,,59114,35,,,0,10,,59115,35,,,0,50,,59116,35,,,0,10,,59117,35,,,0,10,,59118,35,,,0,10,,59119,35,,,0,10,,59120,35,,,0,10,,59121,35,,,0,50,,59147,35,,,0,10,,59148,35,,,0,10,,59149,35,,,0,15,,59150,35,,,0,15,,59151,35,,,0,55,,59152,35,,,0,15,,59153,35,,,0,30,,59154,35,,,0,70,,59155,35,,,0,30,,59156,35,,,0,70,,59157,35,,,0,30,,59158,35,,,0,70,,59159,35,,,0,30,,59160,35,,,0,70,,59161,35,,,0,30,,59162,35,,,0,70,,59163,35,,,0,30,,59139,35,,,0
1701,'1389',557,,59164,35,,,0,70,,59165,35,,,0,15,,59166,35,,,0,15,,59167,35,,,0,55,,59168,35,,,0,15,,59169,35,,,0,10,,59170,35,,,0,10,,59171,35,,,0,10,,59172,35,,,0,50,,59173,35,,,0,10,,59174,35,,,0,10,,59175,35,,,0,10,,59176,35,,,0,10,,59177,35,,,0,10,,59178,35,,,0,50,,59179,35,,,0,10,,59180,35,,,0,10,,59181,35,,,0,10,,59182,35,,,0,10,,59183,35,,,0,10,,59223,35,,,0,50,,59184,35,,,0,10,,59209,35,,,0,10,,59210,35,,,0,10,,59211,35,,,0,10,,59212,35,,,0,10,,59213,35,,,0,50,,59214,35,,,0,10,,59215,35,,,0,10,,59216,35,,,0,10,,59217,35,,,0,10,,59218,35,,,0,10,,59219,35,,,0,50,,59220,35,,,0,10,,59221,35,,,0,10,,59222,35,,,0,10,,59224,35,,,0,10,,59225,35,,,0,10,,59227,35,,,0,50,,59228,35,,,0,10,,59229,35,,,0,10,,59230,35,,,0,10,,59231,35,,,0,10,,59232,35,,,0,10,,59233,35,,,0,50,,59185,35,,,0,10,,59186,35,,,0,10,,59187,35,,,0,10,,59188,35,,,0,10,,59189,35,,,0,10,,59190,35,,,0,50,,59191,35,,,0,10,,59192,35,,,0,10,,59193,35,,,0,10,,59194,35,,,0,10,,59195,35,,,0,10,,59196,35,,,0,50,,59197,35,,,0,10,,59198,35,,,0,10,,59199,35,,,0,10,,59200,35,,,0,10,,59201,35,,,0,10,,59202,35,,,0,50,,59203,35,,,0,10,,59204,35,,,0,10,,59205,35,,,0,10,,59206,35,,,0,10,,59207,35,,,0,10,,59208,35,,,0,50,,59234,35,,,0,10,,59235,35,,,0,10,,59236,35,,,0,15,,59237,35,,,0,15,,59238,35,,,0,55,,59239,35,,,0,15,,59240,35,,,0,30,,59241,35,,,0,70,,59242,35,,,0,30,,59243,35,,,0,70,,59244,35,,,0,30,,59245,35,,,0,70,,59246,35,,,0,30,,59247,35,,,0,70,,59248,35,,,0,30,,59249,35,,,0,70,,59250,35,,,0,30,,59226,35,,,0
