721304,'1383',825,,63858,43,0,14,0,80,,63857,43,0,14,0,40,,63856,43,0,14,0,80,,63855,43,0,14,0,80,,63854,43,0,14,0,40,,63853,43,0,14,0,80,,63852,43,0,14,0,80,,63851,43,0,14,0,40,,63850,43,0,14,0,80,,63849,43,0,14,0,80,,63848,43,0,14,0,40,,63847,43,0,14,0,80,,63846,43,0,14,0,80,,63845,43,0,14,0,40,,63844,43,0,14,0,80,,63843,43,0,14,0,80,,63842,43,0,14,0,40,,63841,43,0,14,0
721304,'1384',625,,63859,43,0,14,0,80,,63860,43,0,14,0,40,,63861,43,0,14,0,80,,63862,43,0,14,0,80,,63863,43,0,14,0,40,,63864,43,0,14,0,80,,63865,43,0,14,0,80,,63866,43,0,14,0,40,,63867,43,0,14,0,60,,63868,43,0,14,0,20,,63869,43,0,14,0,20,,63870,43,0,14,0,60,,63871,43,0,14,0,20,,63872,43,0,14,0,20,,63873,43,0,14,0,60,,63874,43,0,14,0,20,,63875,43,0,14,0,20,,63876,43,0,14,0,60,,63877,43,0,14,0,20,,63878,43,0,14,0,20,,63879,43,0,14,0,60,,63880,43,0,14,0,20,,63881,43,0,14,0,20,,63882,43,0,14,0,60,,63883,43,0,14,0,20,,63884,43,0,14,0,20,,63885,43,0,14,0,60,,63886,43,0,14,0,20,,63887,43,0,14,0,80,,63888,43,0,14,0,40,,63889,43,0,14,0,80,,63890,43,0,14,0,80,,63891,43,0,14,0,40,,63892,43,0,14,0,80,,63893,43,0,14,0,80,,63894,43,0,14,0
721304,'1385',559,,63895,43,0,14,0,85,,63896,43,0,14,0,60,,63897,43,0,14,0,25,,63898,43,0,14,0,20,,63899,43,0,14,0,65,,63900,43,0,14,0,20,,63901,43,0,14,0,25,,63902,43,0,14,0,60,,63903,43,0,14,0,25,,63904,43,0,14,0,60,,63905,43,0,14,0,25,,63906,43,0,14,0,20,,63907,43,0,14,0,65,,63908,43,0,14,0,20,,63909,43,0,14,0,25,,63910,43,0,14,0,60,,63911,43,0,14,0,25,,63912,43,0,14,0,60,,63913,43,0,14,0,25,,63914,43,0,14,0,20,,63915,43,0,14,0,65,,63916,43,0,14,0,20,,63917,43,0,14,0,25,,63918,43,0,14,0,60,,63919,43,0,14,0,25,,63920,43,0,14,0,60,,63921,43,0,14,0,25,,63922,43,0,14,0,20,,63923,43,0,14,0,65,,63924,43,0,14,0,20,,63925,43,0,14,0,25,,63926,43,0,14,0,60,,63927,43,0,14,0,30,,63928,43,0,14,0,76,,63929,43,0,14,0,80,,63930,43,0,14,0,40,,63931,43,0,14,0,80,,63932,43,0,14,0,80,,63933,43,0,14,0,40,,63934,43,0,14,0,80,,63935,43,0,14,0
721304,'1386',559,,63936,43,0,14,0,85,,63937,43,0,14,0,60,,63938,43,0,14,0,25,,63939,43,0,14,0,20,,63940,43,0,14,0,65,,63941,43,0,14,0,20,,63942,43,0,14,0,25,,63943,43,0,14,0,60,,63944,43,0,14,0,25,,63945,43,0,14,0,60,,63946,43,0,14,0,25,,63947,43,0,14,0,20,,63948,43,0,14,0,65,,63949,43,0,14,0,20,,63950,43,0,14,0,25,,63951,43,0,14,0,60,,63952,43,0,14,0,25,,63953,43,0,14,0,60,,63954,43,0,14,0,25,,63955,43,0,14,0,20,,63956,43,0,14,0,65,,63957,43,0,14,0,20,,63958,43,0,14,0,25,,63959,43,0,14,0,60,,63960,43,0,14,0,25,,63961,43,0,14,0,60,,63962,43,0,14,0,25,,63963,43,0,14,0,20,,63964,43,0,14,0,65,,63965,43,0,14,0,20,,63966,43,0,14,0,25,,63967,43,0,14,0,60,,63968,43,0,14,0,30,,63969,43,0,14,0,76,,63970,43,0,14,0,80,,63971,43,0,14,0,40,,63972,43,0,14,0,80,,63973,43,0,14,0,80,,63974,43,0,14,0,40,,63975,43,0,14,0,80,,63976,43,0,14,0
721304,'1387',559,,63977,43,0,14,0,85,,63978,43,0,14,0,60,,63979,43,0,14,0,25,,63980,43,0,14,0,20,,63981,43,0,14,0,65,,63982,43,0,14,0,20,,63983,43,0,14,0,25,,63984,43,0,14,0,60,,63985,43,0,14,0,25,,63986,43,0,14,0,60,,63987,43,0,14,0,25,,63988,43,0,14,0,20,,63989,43,0,14,0,65,,63990,43,0,14,0,20,,63991,43,0,14,0,25,,63992,43,0,14,0,60,,63993,43,0,14,0,25,,63994,43,0,14,0,60,,63995,43,0,14,0,25,,63996,43,0,14,0,20,,63997,43,0,14,0,65,,63998,43,0,14,0,20,,63999,43,0,14,0,25,,64000,43,0,14,0,60,,64001,43,0,14,0,25,,64002,43,0,14,0,60,,64003,43,0,14,0,25,,64004,43,0,14,0,20,,64005,43,0,14,0,65,,64006,43,0,14,0,20,,64007,43,0,14,0,25,,64008,43,0,14,0,60,,64009,43,0,14,0,30,,64010,43,0,14,0,76,,64011,43,0,14,0,80,,64012,43,0,14,0,40,,64013,43,0,14,0,80,,64014,43,0,14,0,80,,64015,43,0,14,0,40,,64016,43,0,14,0,80,,64017,43,0,14,0
721304,'1388',559,,64018,43,0,14,0,85,,64019,43,0,14,0,60,,64020,43,0,14,0,25,,64021,43,0,14,0,20,,64022,43,0,14,0,65,,64023,43,0,14,0,20,,64024,43,0,14,0,25,,64025,43,0,14,0,60,,64026,43,0,14,0,25,,64027,43,0,14,0,60,,64028,43,0,14,0,25,,64029,43,0,14,0,20,,64030,43,0,14,0,65,,64031,43,0,14,0,20,,64032,43,0,14,0,25,,64033,43,0,14,0,60,,64034,43,0,14,0,25,,64035,43,0,14,0,60,,64036,43,0,14,0,25,,64037,43,0,14,0,20,,64038,43,0,14,0,65,,64039,43,0,14,0,20,,64040,43,0,14,0,25,,64041,43,0,14,0,60,,64042,43,0,14,0,25,,64043,43,0,14,0,60,,64044,43,0,14,0,25,,64045,43,0,14,0,20,,64046,43,0,14,0,65,,64047,43,0,14,0,20,,64048,43,0,14,0,25,,64049,43,0,14,0,60,,64050,43,0,14,0,30,,64051,43,0,14,0,76,,64052,43,0,14,0,80,,64053,43,0,14,0,40,,64054,43,0,14,0,80,,64055,43,0,14,0,80,,64056,43,0,14,0,40,,64057,43,0,14,0,80,,64058,43,0,14,0
721304,'1389',559,,64059,43,0,14,0,85,,64060,43,0,14,0,60,,64061,43,0,14,0,25,,64062,43,0,14,0,20,,64063,43,0,14,0,65,,64064,43,0,14,0,20,,64065,43,0,14,0,25,,64066,43,0,14,0,60,,64067,43,0,14,0,25,,64068,43,0,14,0,60,,64069,43,0,14,0,25,,64070,43,0,14,0,20,,64071,43,0,14,0,65,,64072,43,0,14,0,20,,64073,43,0,14,0,25,,64074,43,0,14,0,60,,64075,43,0,14,0,25,,64076,43,0,14,0,60,,64077,43,0,14,0,25,,64078,43,0,14,0,20,,64079,43,0,14,0,65,,64080,43,0,14,0,20,,64081,43,0,14,0,25,,64082,43,0,14,0,60,,64083,43,0,14,0,25,,64084,43,0,14,0,60,,64085,43,0,14,0,25,,64086,43,0,14,0,20,,64087,43,0,14,0,65,,64088,43,0,14,0,20,,64089,43,0,14,0,25,,64090,43,0,14,0,60,,64091,43,0,14,0,30,,64092,43,0,14,0,76,,64093,43,0,14,0,80,,64094,43,0,14,0,40,,64095,43,0,14,0,80,,64096,43,0,14,0,80,,64097,43,0,14,0,40,,64098,43,0,14,0,80,,64099,43,0,14,0
722600,'1385',726,,64870,14,,,0,85,,64867,14,,,0,690,,64868,15,,,0,42,,64869,15,,,0
722600,'1386',726,,64874,14,,,0,85,,64871,14,,,0,690,,64872,15,,,0,42,,64873,15,,,0
722600,'1387',726,,64878,14,,,0,85,,64875,14,,,0,690,,64876,15,,,0,42,,64877,15,,,0
722600,'1388',726,,64882,14,,,0,85,,64879,14,,,0,690,,64880,15,,,0,42,,64881,15,,,0
722600,'1389',726,,64886,14,,,0,85,,64883,14,,,0,690,,64884,15,,,0,42,,64885,15,,,0
