1600,'1383',1048,,57705,22,,,0,70,,57704,22,,,0,85,,57703,22,,,0,30,,57702,22,,,0,70,,57701,22,,,0,30,,57700,22,,,0,70,,57699,22,,,0,30,,57698,22,,,0,70,,57697,22,,,0,30,,57696,22,,,0,70,,57695,22,,,0,30,,57694,22,,,0,70,,57693,22,,,0,20,,57692,22,,,0,10,,57691,22,,,0,70,,57690,22,,,0,20,,57689,22,,,0,10,,57688,22,,,0,70,,57687,22,,,0,30,,57686,22,,,0,70,,57685,22,,,0
1600,'1384',737,,57706,22,,,0,70,,57707,22,,,0,30,,57708,22,,,0,70,,57709,22,,,0,30,,57710,22,,,0,70,,57711,22,,,0,30,,57712,22,,,0,70,,57713,22,,,0,20,,57714,22,,,0,20,,57715,22,,,0,60,,57716,22,,,0,20,,57717,22,,,0,20,,57718,22,,,0,60,,57719,22,,,0,20,,57720,22,,,0,20,,57721,22,,,0,60,,57722,22,,,0,20,,57723,22,,,0,20,,57724,22,,,0,60,,57725,22,,,0,20,,57726,22,,,0,20,,57727,22,,,0,60,,57728,22,,,0,20,,57729,22,,,0,20,,57730,22,,,0,60,,57731,22,,,0,20,,57732,22,,,0,20,,57733,22,,,0,60,,57734,22,,,0,20,,57735,22,,,0,5,,57736,22,,,0,15,,57737,22,,,0,60,,57738,22,,,0,30,,57739,22,,,0,70,,57740,22,,,0,30,,57741,22,,,0,70,,57742,22,,,0,30,,57743,22,,,0,70,,57744,22,,,0,100,,57745,22,,,0
1600,'1385',645,,57759,22,,,0,74,,57746,22,,,0,31,,57760,22,,,0,60,,57761,22,,,0,20,,57762,22,,,0,20,,57763,22,,,0,60,,57764,22,,,0,20,,57765,22,,,0,20,,57766,22,,,0,60,,57747,22,,,0,20,,57748,22,,,0,20,,57749,22,,,0,60,,57750,22,,,0,20,,57751,22,,,0,20,,57752,22,,,0,60,,57753,22,,,0,20,,57754,22,,,0,20,,57755,22,,,0,60,,57756,22,,,0,20,,57757,22,,,0,20,,57758,22,,,0,60,,57779,22,,,0,20,,57780,22,,,0,20,,57781,22,,,0,60,,57782,22,,,0,20,,57783,22,,,0,20,,57767,22,,,0,60,,57768,22,,,0,20,,57769,22,,,0,20,,57770,22,,,0,60,,57771,22,,,0,20,,57772,22,,,0,20,,57773,22,,,0,60,,57774,22,,,0,20,,57775,22,,,0,20,,57776,22,,,0,55,,57777,22,,,0,30,,57778,22,,,0,70,,57784,22,,,0,30,,57785,22,,,0,70,,57786,22,,,0,30,,57787,22,,,0,70,,57788,22,,,0,100,,57789,22,,,0
1600,'1386',645,,57803,22,,,0,74,,57790,22,,,0,31,,57804,22,,,0,60,,57805,22,,,0,20,,57806,22,,,0,20,,57807,22,,,0,60,,57808,22,,,0,20,,57809,22,,,0,20,,57810,22,,,0,60,,57791,22,,,0,20,,57792,22,,,0,20,,57793,22,,,0,60,,57794,22,,,0,20,,57795,22,,,0,20,,57796,22,,,0,60,,57797,22,,,0,20,,57798,22,,,0,20,,57799,22,,,0,60,,57800,22,,,0,20,,57801,22,,,0,20,,57802,22,,,0,60,,57823,22,,,0,20,,57824,22,,,0,20,,57825,22,,,0,60,,57826,22,,,0,20,,57827,22,,,0,20,,57811,22,,,0,60,,57812,22,,,0,20,,57813,22,,,0,20,,57814,22,,,0,60,,57815,22,,,0,20,,57816,22,,,0,20,,57817,22,,,0,60,,57818,22,,,0,20,,57819,22,,,0,20,,57820,22,,,0,55,,57821,22,,,0,30,,57822,22,,,0,70,,57828,22,,,0,30,,57829,22,,,0,70,,57830,22,,,0,30,,57831,22,,,0,70,,57832,22,,,0,100,,57833,22,,,0
1600,'1387',645,,57847,22,,,0,74,,57834,22,,,0,31,,57848,22,,,0,60,,57849,22,,,0,20,,57850,22,,,0,20,,57851,22,,,0,60,,57852,22,,,0,20,,57853,22,,,0,20,,57854,22,,,0,60,,57835,22,,,0,20,,57836,22,,,0,20,,57837,22,,,0,60,,57838,22,,,0,20,,57839,22,,,0,20,,57840,22,,,0,60,,57841,22,,,0,20,,57842,22,,,0,20,,57843,22,,,0,60,,57844,22,,,0,20,,57845,22,,,0,20,,57846,22,,,0,60,,57867,22,,,0,20,,57868,22,,,0,20,,57869,22,,,0,60,,57870,22,,,0,20,,57871,22,,,0,20,,57855,22,,,0,60,,57856,22,,,0,20,,57857,22,,,0,20,,57858,22,,,0,60,,57859,22,,,0,20,,57860,22,,,0,20,,57861,22,,,0,60,,57862,22,,,0,20,,57863,22,,,0,20,,57864,22,,,0,55,,57865,22,,,0,30,,57866,22,,,0,70,,57872,22,,,0,30,,57873,22,,,0,70,,57874,22,,,0,30,,57875,22,,,0,70,,57876,22,,,0,100,,57877,22,,,0
1600,'1388',645,,57891,22,,,0,74,,57878,22,,,0,31,,57892,22,,,0,60,,57893,22,,,0,20,,57894,22,,,0,20,,57895,22,,,0,60,,57896,22,,,0,20,,57897,22,,,0,20,,57898,22,,,0,60,,57879,22,,,0,20,,57880,22,,,0,20,,57881,22,,,0,60,,57882,22,,,0,20,,57883,22,,,0,20,,57884,22,,,0,60,,57885,22,,,0,20,,57886,22,,,0,20,,57887,22,,,0,60,,57888,22,,,0,20,,57889,22,,,0,20,,57890,22,,,0,60,,57911,22,,,0,20,,57912,22,,,0,20,,57913,22,,,0,60,,57914,22,,,0,20,,57915,22,,,0,20,,57899,22,,,0,60,,57900,22,,,0,20,,57901,22,,,0,20,,57902,22,,,0,60,,57903,22,,,0,20,,57904,22,,,0,20,,57905,22,,,0,60,,57906,22,,,0,20,,57907,22,,,0,20,,57908,22,,,0,55,,57909,22,,,0,30,,57910,22,,,0,70,,57916,22,,,0,30,,57917,22,,,0,70,,57918,22,,,0,30,,57919,22,,,0,70,,57920,22,,,0,100,,57921,22,,,0
1600,'1389',645,,57935,22,,,0,74,,57922,22,,,0,31,,57936,22,,,0,60,,57937,22,,,0,20,,57938,22,,,0,20,,57939,22,,,0,60,,57940,22,,,0,20,,57941,22,,,0,20,,57942,22,,,0,60,,57923,22,,,0,20,,57924,22,,,0,20,,57925,22,,,0,60,,57926,22,,,0,20,,57927,22,,,0,20,,57928,22,,,0,60,,57929,22,,,0,20,,57930,22,,,0,20,,57931,22,,,0,60,,57932,22,,,0,20,,57933,22,,,0,20,,57934,22,,,0,60,,57955,22,,,0,20,,57956,22,,,0,20,,57957,22,,,0,60,,57958,22,,,0,20,,57959,22,,,0,20,,57943,22,,,0,60,,57944,22,,,0,20,,57945,22,,,0,20,,57946,22,,,0,60,,57947,22,,,0,20,,57948,22,,,0,20,,57949,22,,,0,60,,57950,22,,,0,20,,57951,22,,,0,20,,57952,22,,,0,55,,57953,22,,,0,30,,57954,22,,,0,70,,57960,22,,,0,30,,57961,22,,,0,70,,57962,22,,,0,30,,57963,22,,,0,70,,57964,22,,,0,100,,57965,22,,,0
1700,'1383',638,,58253,59,,,0,100,,58252,59,,,0,100,,58251,59,,,0,100,,58250,59,,,0,114,,58254,59,,,0,80,,58255,59,,,0,80,,58256,59,,,0,40,,58257,59,,,0,80,,58258,59,,,0,80,,58259,59,,,0,40,,58260,59,,,0,80,,58261,59,,,0,80,,58262,59,,,0,40,,58263,59,,,0,80,,58264,59,,,0,80,,58265,59,,,0,40,,58266,59,,,0,80,,58267,59,,,0,80,,58268,59,,,0
1700,'1384',559,,58269,59,,,0,74,,58270,59,,,0,70,,58271,59,,,0,30,,58272,59,,,0,70,,58273,59,,,0,30,,58274,59,,,0,70,,58275,59,,,0,30,,58276,59,,,0,70,,58277,59,,,0,30,,58278,59,,,0,78,,58287,59,,,0,20,,58288,59,,,0,20,,58289,59,,,0,60,,58290,59,,,0,20,,58291,59,,,0,20,,58292,59,,,0,60,,58293,59,,,0,20,,58294,59,,,0,20,,58295,59,,,0,60,,58296,59,,,0,20,,58297,59,,,0,20,,58298,59,,,0,60,,58299,59,,,0,20,,58300,59,,,0,20,,58301,59,,,0,60,,58302,59,,,0,20,,58303,59,,,0,20,,58304,59,,,0,60,,58305,59,,,0,20,,58306,59,,,0,20,,58307,59,,,0,60,,58308,59,,,0,20,,58309,59,,,0,20,,58310,59,,,0,55,,58311,59,,,0,30,,58312,59,,,0,70,,58313,59,,,0,30,,58314,59,,,0,70,,58315,59,,,0,27,,58279,59,,,0,70,,58280,59,,,0,30,,58281,59,,,0,70,,58282,59,,,0,30,,58283,59,,,0,70,,58284,59,,,0,30,,58285,59,,,0,70,,58286,59,,,0
1700,'1385',600,,58316,59,,,0,28,,58317,20,,,0,18,,58335,59,,,0,55,,58334,59,,,0,15,,58333,59,,,0,15,,58332,59,,,0,15,,58331,59,,,0,10,,58330,59,,,0,50,,58329,59,,,0,10,,58328,59,,,0,10,,58327,59,,,0,10,,58326,59,,,0,10,,58325,59,,,0,10,,58324,59,,,0,50,,58323,59,,,0,10,,58318,59,,,0,10,,58319,59,,,0,10,,58320,59,,,0,10,,58321,59,,,0,10,,58322,59,,,0,50,,58336,59,,,0,10,,58361,59,,,0,10,,58362,59,,,0,10,,58363,59,,,0,10,,58364,59,,,0,10,,58365,59,,,0,50,,58366,59,,,0,10,,58367,59,,,0,10,,58368,59,,,0,10,,58369,59,,,0,10,,58370,59,,,0,10,,58371,59,,,0,50,,58372,59,,,0,10,,58373,59,,,0,10,,58374,59,,,0,10,,58375,59,,,0,10,,58376,59,,,0,10,,58379,59,,,0,50,,58380,59,,,0,10,,58381,59,,,0,10,,58382,59,,,0,10,,58383,59,,,0,10,,58384,59,,,0,10,,58385,59,,,0,50,,58386,59,,,0,10,,58337,59,,,0,10,,58338,59,,,0,10,,58339,59,,,0,10,,58340,59,,,0,10,,58341,59,,,0,50,,58342,59,,,0,10,,58343,59,,,0,10,,58344,59,,,0,10,,58345,59,,,0,10,,58346,59,,,0,10,,58347,59,,,0,50,,58348,59,,,0,10,,58349,59,,,0,10,,58350,59,,,0,10,,58351,59,,,0,10,,58352,59,,,0,10,,58353,59,,,0,50,,58354,59,,,0,10,,58355,59,,,0,10,,58356,59,,,0,10,,58357,59,,,0,10,,58358,59,,,0,10,,58359,59,,,0,50,,58360,59,,,0,10,,58387,59,,,0,10,,58388,59,,,0,10,,58389,59,,,0,10,,58390,59,,,0,55,,58391,59,,,0,15,,58392,59,,,0,15,,58393,59,,,0,70,,58394,59,,,0,30,,58395,59,,,0,70,,58396,59,,,0,30,,58397,59,,,0,70,,58398,59,,,0,30,,58399,59,,,0,70,,58400,59,,,0,30,,58401,59,,,0,70,,58402,59,,,0,30,,58377,59,,,0,70,,58378,59,,,0
1700,'1386',600,,58403,59,,,0,28,,58404,20,,,0,18,,58422,59,,,0,55,,58421,59,,,0,15,,58420,59,,,0,15,,58419,59,,,0,15,,58418,59,,,0,10,,58417,59,,,0,50,,58416,59,,,0,10,,58415,59,,,0,10,,58414,59,,,0,10,,58413,59,,,0,10,,58412,59,,,0,10,,58411,59,,,0,50,,58410,59,,,0,10,,58405,59,,,0,10,,58406,59,,,0,10,,58407,59,,,0,10,,58408,59,,,0,10,,58409,59,,,0,50,,58423,59,,,0,10,,58448,59,,,0,10,,58449,59,,,0,10,,58450,59,,,0,10,,58451,59,,,0,10,,58452,59,,,0,50,,58453,59,,,0,10,,58454,59,,,0,10,,58455,59,,,0,10,,58456,59,,,0,10,,58457,59,,,0,10,,58458,59,,,0,50,,58459,59,,,0,10,,58460,59,,,0,10,,58461,59,,,0,10,,58462,59,,,0,10,,58463,59,,,0,10,,58466,59,,,0,50,,58467,59,,,0,10,,58468,59,,,0,10,,58469,59,,,0,10,,58470,59,,,0,10,,58471,59,,,0,10,,58472,59,,,0,50,,58473,59,,,0,10,,58424,59,,,0,10,,58425,59,,,0,10,,58426,59,,,0,10,,58427,59,,,0,10,,58428,59,,,0,50,,58429,59,,,0,10,,58430,59,,,0,10,,58431,59,,,0,10,,58432,59,,,0,10,,58433,59,,,0,10,,58434,59,,,0,50,,58435,59,,,0,10,,58436,59,,,0,10,,58437,59,,,0,10,,58438,59,,,0,10,,58439,59,,,0,10,,58440,59,,,0,50,,58441,59,,,0,10,,58442,59,,,0,10,,58443,59,,,0,10,,58444,59,,,0,10,,58445,59,,,0,10,,58446,59,,,0,50,,58447,59,,,0,10,,58474,59,,,0,10,,58475,59,,,0,10,,58476,59,,,0,10,,58477,59,,,0,55,,58478,59,,,0,15,,58479,59,,,0,15,,58480,59,,,0,70,,58481,59,,,0,30,,58482,59,,,0,70,,58483,59,,,0,30,,58484,59,,,0,70,,58485,59,,,0,30,,58486,59,,,0,70,,58487,59,,,0,30,,58488,59,,,0,70,,58489,59,,,0,30,,58464,59,,,0,70,,58465,59,,,0
1700,'1387',600,,58490,59,,,0,28,,58491,20,,,0,18,,58509,59,,,0,55,,58508,59,,,0,15,,58507,59,,,0,15,,58506,59,,,0,15,,58505,59,,,0,10,,58504,59,,,0,50,,58503,59,,,0,10,,58502,59,,,0,10,,58501,59,,,0,10,,58500,59,,,0,10,,58499,59,,,0,10,,58498,59,,,0,50,,58497,59,,,0,10,,58492,59,,,0,10,,58493,59,,,0,10,,58494,59,,,0,10,,58495,59,,,0,10,,58496,59,,,0,50,,58510,59,,,0,10,,58535,59,,,0,10,,58536,59,,,0,10,,58537,59,,,0,10,,58538,59,,,0,10,,58539,59,,,0,50,,58540,59,,,0,10,,58541,59,,,0,10,,58542,59,,,0,10,,58543,59,,,0,10,,58544,59,,,0,10,,58545,59,,,0,50,,58546,59,,,0,10,,58547,59,,,0,10,,58548,59,,,0,10,,58549,59,,,0,10,,58550,59,,,0,10,,58553,59,,,0,50,,58554,59,,,0,10,,58555,59,,,0,10,,58556,59,,,0,10,,58557,59,,,0,10,,58558,59,,,0,10,,58559,59,,,0,50,,58560,59,,,0,10,,58511,59,,,0,10,,58512,59,,,0,10,,58513,59,,,0,10,,58514,59,,,0,10,,58515,59,,,0,50,,58516,59,,,0,10,,58517,59,,,0,10,,58518,59,,,0,10,,58519,59,,,0,10,,58520,59,,,0,10,,58521,59,,,0,50,,58522,59,,,0,10,,58523,59,,,0,10,,58524,59,,,0,10,,58525,59,,,0,10,,58526,59,,,0,10,,58527,59,,,0,50,,58528,59,,,0,10,,58529,59,,,0,10,,58530,59,,,0,10,,58531,59,,,0,10,,58532,59,,,0,10,,58533,59,,,0,50,,58534,59,,,0,10,,58561,59,,,0,10,,58562,59,,,0,10,,58563,59,,,0,10,,58564,59,,,0,55,,58565,59,,,0,15,,58566,59,,,0,15,,58567,59,,,0,70,,58568,59,,,0,30,,58569,59,,,0,70,,58570,59,,,0,30,,58571,59,,,0,70,,58572,59,,,0,30,,58573,59,,,0,70,,58574,59,,,0,30,,58575,59,,,0,70,,58576,59,,,0,30,,58551,59,,,0,70,,58552,59,,,0
1700,'1388',600,,58577,59,,,0,28,,58578,20,,,0,18,,58596,59,,,0,55,,58595,59,,,0,15,,58594,59,,,0,15,,58593,59,,,0,15,,58592,59,,,0,10,,58591,59,,,0,50,,58590,59,,,0,10,,58589,59,,,0,10,,58588,59,,,0,10,,58587,59,,,0,10,,58586,59,,,0,10,,58585,59,,,0,50,,58584,59,,,0,10,,58579,59,,,0,10,,58580,59,,,0,10,,58581,59,,,0,10,,58582,59,,,0,10,,58583,59,,,0,50,,58597,59,,,0,10,,58622,59,,,0,10,,58623,59,,,0,10,,58624,59,,,0,10,,58625,59,,,0,10,,58626,59,,,0,50,,58627,59,,,0,10,,58628,59,,,0,10,,58629,59,,,0,10,,58630,59,,,0,10,,58631,59,,,0,10,,58632,59,,,0,50,,58633,59,,,0,10,,58634,59,,,0,10,,58635,59,,,0,10,,58636,59,,,0,10,,58637,59,,,0,10,,58640,59,,,0,50,,58641,59,,,0,10,,58642,59,,,0,10,,58643,59,,,0,10,,58644,59,,,0,10,,58645,59,,,0,10,,58646,59,,,0,50,,58647,59,,,0,10,,58598,59,,,0,10,,58599,59,,,0,10,,58600,59,,,0,10,,58601,59,,,0,10,,58602,59,,,0,50,,58603,59,,,0,10,,58604,59,,,0,10,,58605,59,,,0,10,,58606,59,,,0,10,,58607,59,,,0,10,,58608,59,,,0,50,,58609,59,,,0,10,,58610,59,,,0,10,,58611,59,,,0,10,,58612,59,,,0,10,,58613,59,,,0,10,,58614,59,,,0,50,,58615,59,,,0,10,,58616,59,,,0,10,,58617,59,,,0,10,,58618,59,,,0,10,,58619,59,,,0,10,,58620,59,,,0,50,,58621,59,,,0,10,,58648,59,,,0,10,,58649,59,,,0,10,,58650,59,,,0,10,,58651,59,,,0,55,,58652,59,,,0,15,,58653,59,,,0,15,,58654,59,,,0,70,,58655,59,,,0,30,,58656,59,,,0,70,,58657,59,,,0,30,,58658,59,,,0,70,,58659,59,,,0,30,,58660,59,,,0,70,,58661,59,,,0,30,,58662,59,,,0,70,,58663,59,,,0,30,,58638,59,,,0,70,,58639,59,,,0
1700,'1389',600,,58664,59,,,0,28,,58665,20,,,0,18,,58683,59,,,0,55,,58682,59,,,0,15,,58681,59,,,0,15,,58680,59,,,0,15,,58679,59,,,0,10,,58678,59,,,0,50,,58677,59,,,0,10,,58676,59,,,0,10,,58675,59,,,0,10,,58674,59,,,0,10,,58673,59,,,0,10,,58672,59,,,0,50,,58671,59,,,0,10,,58666,59,,,0,10,,58667,59,,,0,10,,58668,59,,,0,10,,58669,59,,,0,10,,58670,59,,,0,50,,58684,59,,,0,10,,58709,59,,,0,10,,58710,59,,,0,10,,58711,59,,,0,10,,58712,59,,,0,10,,58713,59,,,0,50,,58714,59,,,0,10,,58715,59,,,0,10,,58716,59,,,0,10,,58717,59,,,0,10,,58718,59,,,0,10,,58719,59,,,0,50,,58720,59,,,0,10,,58721,59,,,0,10,,58722,59,,,0,10,,58723,59,,,0,10,,58724,59,,,0,10,,58727,59,,,0,50,,58728,59,,,0,10,,58729,59,,,0,10,,58730,59,,,0,10,,58731,59,,,0,10,,58732,59,,,0,10,,58733,59,,,0,50,,58734,59,,,0,10,,58685,59,,,0,10,,58686,59,,,0,10,,58687,59,,,0,10,,58688,59,,,0,10,,58689,59,,,0,50,,58690,59,,,0,10,,58691,59,,,0,10,,58692,59,,,0,10,,58693,59,,,0,10,,58694,59,,,0,10,,58695,59,,,0,50,,58696,59,,,0,10,,58697,59,,,0,10,,58698,59,,,0,10,,58699,59,,,0,10,,58700,59,,,0,10,,58701,59,,,0,50,,58702,59,,,0,10,,58703,59,,,0,10,,58704,59,,,0,10,,58705,59,,,0,10,,58706,59,,,0,10,,58707,59,,,0,50,,58708,59,,,0,10,,58735,59,,,0,10,,58736,59,,,0,10,,58737,59,,,0,10,,58738,59,,,0,55,,58739,59,,,0,15,,58740,59,,,0,15,,58741,59,,,0,70,,58742,59,,,0,30,,58743,59,,,0,70,,58744,59,,,0,30,,58745,59,,,0,70,,58746,59,,,0,30,,58747,59,,,0,70,,58748,59,,,0,30,,58749,59,,,0,70,,58750,59,,,0,30,,58725,59,,,0,70,,58726,59,,,0
2000,'1383',1015,,60518,75,,,0,85,,60517,75,,,0,45,,60516,75,,,0,85,,60515,75,,,0,85,,60514,75,,,0,85,,60519,75,,,0,45,,60513,75,,,0,85,,60512,75,,,0,85,,60526,75,,,0,85,,60525,75,,,0,46,,60524,75,,,0,84,,60523,75,,,0,85,,60522,75,,,0,85,,60521,75,,,0,45,,60520,75,,,0
2000,'1384',721,,60529,75,,,0,85,,60530,75,,,0,45,,60531,75,,,0,85,,60532,75,,,0,15,,60533,75,,,0,70,,60534,75,,,0,80,,60535,75,,,0,30,,60536,75,,,0,70,,60537,75,,,0,30,,60538,75,,,0,80,,60539,75,,,0,30,,60540,75,,,0,70,,60541,75,,,0,30,,60542,75,,,0,80,,60543,75,,,0,30,,60544,75,,,0,70,,60545,75,,,0,30,,60546,75,,,0,80,,60547,75,,,0,70,,60548,75,,,0,30,,60549,75,,,0,70,,60550,75,,,0,40,,60551,75,,,0,75,,60552,75,,,0,85,,60553,75,,,0,45,,60554,75,,,0,85,,60555,75,,,0,85,,60556,75,,,0,85,,60557,75,,,0,45,,60558,75,,,0
2000,'1385',648,,60569,77,,,0,60,,60570,77,,,0,20,,60571,77,,,0,20,,60572,77,,,0,60,,60573,77,,,0,20,,60574,77,,,0,20,,60575,77,,,0,60,,60576,77,,,0,20,,60577,77,,,0,20,,60578,77,,,0,60,,60579,77,,,0,20,,60580,77,,,0,20,,60581,77,,,0,60,,60582,77,,,0,20,,60583,77,,,0,20,,60584,77,,,0,60,,60585,77,,,0,20,,60586,77,,,0,20,,60587,77,,,0,60,,60588,77,,,0,20,,60589,77,,,0,20,,60590,77,,,0,60,,60591,77,,,0,20,,60592,77,,,0,20,,60593,77,,,0,60,,60594,77,,,0,20,,60595,77,,,0,20,,60596,77,,,0,60,,60597,77,,,0,20,,60598,77,,,0,20,,60599,77,,,0,60,,60600,77,,,0,20,,60601,77,,,0,20,,60602,77,,,0,60,,60603,77,,,0,20,,60604,77,,,0,20,,60605,77,,,0,60,,60606,77,,,0,18,,60560,75,,,0,74,,60561,75,,,0,45,,60562,75,,,0,85,,60563,75,,,0,85,,60564,75,,,0,85,,60565,75,,,0,45,,60566,75,,,0,85,,60567,75,,,0,85,,60568,75,,,0
2000,'1386',648,,60617,77,,,0,60,,60618,77,,,0,20,,60619,77,,,0,20,,60620,77,,,0,60,,60621,77,,,0,20,,60622,77,,,0,20,,60623,77,,,0,60,,60624,77,,,0,20,,60625,77,,,0,20,,60626,77,,,0,60,,60627,77,,,0,20,,60628,77,,,0,20,,60629,77,,,0,60,,60630,77,,,0,20,,60631,77,,,0,20,,60632,77,,,0,60,,60633,77,,,0,20,,60634,77,,,0,20,,60635,77,,,0,60,,60636,77,,,0,20,,60637,77,,,0,20,,60638,77,,,0,60,,60639,77,,,0,20,,60640,77,,,0,20,,60641,77,,,0,60,,60642,77,,,0,20,,60643,77,,,0,20,,60644,77,,,0,60,,60645,77,,,0,20,,60646,77,,,0,20,,60647,77,,,0,60,,60648,77,,,0,20,,60649,77,,,0,20,,60650,77,,,0,60,,60651,77,,,0,20,,60652,77,,,0,20,,60653,77,,,0,60,,60654,77,,,0,18,,60608,75,,,0,74,,60609,75,,,0,45,,60610,75,,,0,85,,60611,75,,,0,85,,60612,75,,,0,85,,60613,75,,,0,45,,60614,75,,,0,85,,60615,75,,,0,85,,60616,75,,,0
2000,'1387',648,,60665,77,,,0,60,,60666,77,,,0,20,,60667,77,,,0,20,,60668,77,,,0,60,,60669,77,,,0,20,,60670,77,,,0,20,,60671,77,,,0,60,,60672,77,,,0,20,,60673,77,,,0,20,,60674,77,,,0,60,,60675,77,,,0,20,,60676,77,,,0,20,,60677,77,,,0,60,,60678,77,,,0,20,,60679,77,,,0,20,,60680,77,,,0,60,,60681,77,,,0,20,,60682,77,,,0,20,,60683,77,,,0,60,,60684,77,,,0,20,,60685,77,,,0,20,,60686,77,,,0,60,,60687,77,,,0,20,,60688,77,,,0,20,,60689,77,,,0,60,,60690,77,,,0,20,,60691,77,,,0,20,,60692,77,,,0,60,,60693,77,,,0,20,,60694,77,,,0,20,,60695,77,,,0,60,,60696,77,,,0,20,,60697,77,,,0,20,,60698,77,,,0,60,,60699,77,,,0,20,,60700,77,,,0,20,,60701,77,,,0,60,,60702,77,,,0,18,,60656,75,,,0,74,,60657,75,,,0,45,,60658,75,,,0,85,,60659,75,,,0,85,,60660,75,,,0,85,,60661,75,,,0,45,,60662,75,,,0,85,,60663,75,,,0,85,,60664,75,,,0
2000,'1388',648,,60713,77,,,0,60,,60714,77,,,0,20,,60715,77,,,0,20,,60716,77,,,0,60,,60717,77,,,0,20,,60718,77,,,0,20,,60719,77,,,0,60,,60720,77,,,0,20,,60721,77,,,0,20,,60722,77,,,0,60,,60723,77,,,0,20,,60724,77,,,0,20,,60725,77,,,0,60,,60726,77,,,0,20,,60727,77,,,0,20,,60728,77,,,0,60,,60729,77,,,0,20,,60730,77,,,0,20,,60731,77,,,0,60,,60732,77,,,0,20,,60733,77,,,0,20,,60734,77,,,0,60,,60735,77,,,0,20,,60736,77,,,0,20,,60737,77,,,0,60,,60738,77,,,0,20,,60739,77,,,0,20,,60740,77,,,0,60,,60741,77,,,0,20,,60742,77,,,0,20,,60743,77,,,0,60,,60744,77,,,0,20,,60745,77,,,0,20,,60746,77,,,0,60,,60747,77,,,0,20,,60748,77,,,0,20,,60749,77,,,0,60,,60750,77,,,0,18,,60704,75,,,0,74,,60705,75,,,0,45,,60706,75,,,0,85,,60707,75,,,0,85,,60708,75,,,0,85,,60709,75,,,0,45,,60710,75,,,0,85,,60711,75,,,0,85,,60712,75,,,0
2000,'1389',648,,60761,77,,,0,60,,60762,77,,,0,20,,60763,77,,,0,20,,60764,77,,,0,60,,60765,77,,,0,20,,60766,77,,,0,20,,60767,77,,,0,60,,60768,77,,,0,20,,60769,77,,,0,20,,60770,77,,,0,60,,60771,77,,,0,20,,60772,77,,,0,20,,60773,77,,,0,60,,60774,77,,,0,20,,60775,77,,,0,20,,60776,77,,,0,60,,60777,77,,,0,20,,60778,77,,,0,20,,60779,77,,,0,60,,60780,77,,,0,20,,60781,77,,,0,20,,60782,77,,,0,60,,60783,77,,,0,20,,60784,77,,,0,20,,60785,77,,,0,60,,60786,77,,,0,20,,60787,77,,,0,20,,60788,77,,,0,60,,60789,77,,,0,20,,60790,77,,,0,20,,60791,77,,,0,60,,60792,77,,,0,20,,60793,77,,,0,20,,60794,77,,,0,60,,60795,77,,,0,20,,60796,77,,,0,20,,60797,77,,,0,60,,60798,77,,,0,18,,60752,75,,,0,74,,60753,75,,,0,45,,60754,75,,,0,85,,60755,75,,,0,85,,60756,75,,,0,85,,60757,75,,,0,45,,60758,75,,,0,85,,60759,75,,,0,85,,60760,75,,,0
