1600,'1369',1056,,43301,28,4,,0,70,,43300,28,4,,0,85,,43299,28,4,,0,30,,43298,28,4,,0,70,,43297,28,4,,0,30,,43296,28,4,,0,70,,43295,28,4,,0,30,,43294,28,4,,0,70,,43293,28,4,,0,30,,43292,28,4,,0,70,,43291,28,4,,0,30,,43290,28,4,,0,70,,43289,28,4,,0,20,,43288,28,4,,0,10,,43287,28,4,,0,70,,43286,28,4,,0,20,,43285,28,4,,0,10,,43284,28,4,,0,70,,43283,28,4,,0,30,,43282,28,4,,0,70,,43281,28,4,,0
1600,'1370',743,,43302,28,4,,0,70,,43303,28,4,,0,30,,43304,28,4,,0,70,,43305,28,4,,0,30,,43306,28,4,,0,70,,43307,28,4,,0,30,,43308,28,4,,0,70,,43309,28,4,,0,20,,43310,28,4,,0,20,,43311,28,4,,0,60,,43312,28,4,,0,20,,43313,28,4,,0,20,,43314,28,4,,0,60,,43315,28,4,,0,20,,43316,28,4,,0,20,,43317,28,4,,0,60,,43318,28,4,,0,20,,43319,28,4,,0,20,,43320,28,4,,0,60,,43321,28,4,,0,20,,43322,28,4,,0,20,,43323,28,4,,0,60,,43324,28,4,,0,20,,43325,28,4,,0,20,,43326,28,4,,0,60,,43327,28,4,,0,20,,43328,28,4,,0,20,,43329,28,4,,0,60,,43330,28,4,,0,20,,43331,28,4,,0,5,,43332,28,4,,0,15,,43333,28,4,,0,60,,43334,28,4,,0,30,,43335,28,4,,0,70,,43336,28,4,,0,30,,43337,28,4,,0,70,,43338,28,4,,0,30,,43339,28,4,,0,70,,43340,28,4,,0,100,,43341,28,4,,0
1600,'1371',653,,43343,28,4,,0,74,,43342,28,4,,0,31,,43344,28,4,,0,60,,43345,28,4,,0,20,,43346,28,4,,0,20,,43347,28,4,,0,60,,43348,28,4,,0,20,,43349,28,4,,0,20,,43350,28,4,,0,60,,43351,28,4,,0,20,,43352,28,4,,0,20,,43353,28,4,,0,60,,43354,28,4,,0,20,,43355,28,4,,0,20,,43356,28,4,,0,60,,43357,28,4,,0,20,,43358,28,4,,0,20,,43359,28,4,,0,60,,43360,28,4,,0,20,,43361,28,4,,0,20,,43362,28,4,,0,60,,43363,28,4,,0,20,,43364,28,4,,0,20,,43365,28,4,,0,60,,43366,28,4,,0,20,,43367,28,4,,0,20,,43368,28,4,,0,60,,43369,28,4,,0,20,,43370,28,4,,0,20,,43371,28,4,,0,60,,43372,28,4,,0,20,,43373,28,4,,0,20,,43374,28,4,,0,60,,43375,28,4,,0,20,,43376,28,4,,0,20,,43377,28,4,,0,55,,43378,28,4,,0,30,,43379,28,4,,0,70,,43380,28,4,,0,30,,43381,28,4,,0,70,,43382,28,4,,0,30,,43383,28,4,,0,70,,43384,28,4,,0,100,,43385,28,4,,0
1600,'1372',653,,43387,28,4,,0,74,,43386,28,4,,0,31,,43388,28,4,,0,60,,43389,28,4,,0,20,,43390,28,4,,0,20,,43391,28,4,,0,60,,43392,28,4,,0,20,,43393,28,4,,0,20,,43394,28,4,,0,60,,43395,28,4,,0,20,,43396,28,4,,0,20,,43397,28,4,,0,60,,43398,28,4,,0,20,,43399,28,4,,0,20,,43400,28,4,,0,60,,43401,28,4,,0,20,,43402,28,4,,0,20,,43403,28,4,,0,60,,43404,28,4,,0,20,,43405,28,4,,0,20,,43406,28,4,,0,60,,43407,28,4,,0,20,,43408,28,4,,0,20,,43409,28,4,,0,60,,43410,28,4,,0,20,,43411,28,4,,0,20,,43412,28,4,,0,60,,43413,28,4,,0,20,,43414,28,4,,0,20,,43415,28,4,,0,60,,43416,28,4,,0,20,,43417,28,4,,0,20,,43418,28,4,,0,60,,43419,28,4,,0,20,,43420,28,4,,0,20,,43421,28,4,,0,55,,43422,28,4,,0,30,,43423,28,4,,0,70,,43424,28,4,,0,30,,43425,28,4,,0,70,,43426,28,4,,0,30,,43427,28,4,,0,70,,43428,28,4,,0,100,,43429,28,4,,0
1600,'1373',653,,43431,28,4,,0,74,,43430,28,4,,0,31,,43432,28,4,,0,60,,43433,28,4,,0,20,,43434,28,4,,0,20,,43435,28,4,,0,60,,43436,28,4,,0,20,,43437,28,4,,0,20,,43438,28,4,,0,60,,43439,28,4,,0,20,,43440,28,4,,0,20,,43441,28,4,,0,60,,43442,28,4,,0,20,,43443,28,4,,0,20,,43444,28,4,,0,60,,43445,28,4,,0,20,,43446,28,4,,0,20,,43447,28,4,,0,60,,43448,28,4,,0,20,,43449,28,4,,0,20,,43450,28,4,,0,60,,43451,28,4,,0,20,,43452,28,4,,0,20,,43453,28,4,,0,60,,43454,28,4,,0,20,,43455,28,4,,0,20,,43456,28,4,,0,60,,43457,28,4,,0,20,,43458,28,4,,0,20,,43459,28,4,,0,60,,43460,28,4,,0,20,,43461,28,4,,0,20,,43462,28,4,,0,60,,43463,28,4,,0,20,,43464,28,4,,0,20,,43465,28,4,,0,55,,43466,28,4,,0,30,,43467,28,4,,0,70,,43468,28,4,,0,30,,43469,28,4,,0,70,,43470,28,4,,0,30,,43471,28,4,,0,70,,43472,28,4,,0,100,,43473,28,4,,0
1600,'1374',653,,43475,28,4,,0,74,,43474,28,4,,0,31,,43476,28,4,,0,60,,43477,28,4,,0,20,,43478,28,4,,0,20,,43479,28,4,,0,60,,43480,28,4,,0,20,,43481,28,4,,0,20,,43482,28,4,,0,60,,43483,28,4,,0,20,,43484,28,4,,0,20,,43485,28,4,,0,60,,43486,28,4,,0,20,,43487,28,4,,0,20,,43488,28,4,,0,60,,43489,28,4,,0,20,,43490,28,4,,0,20,,43491,28,4,,0,60,,43492,28,4,,0,20,,43493,28,4,,0,20,,43494,28,4,,0,60,,43495,28,4,,0,20,,43496,28,4,,0,20,,43497,28,4,,0,60,,43498,28,4,,0,20,,43499,28,4,,0,20,,43500,28,4,,0,60,,43501,28,4,,0,20,,43502,28,4,,0,20,,43503,28,4,,0,60,,43504,28,4,,0,20,,43505,28,4,,0,20,,43506,28,4,,0,60,,43507,28,4,,0,20,,43508,28,4,,0,20,,43509,28,4,,0,55,,43510,28,4,,0,30,,43511,28,4,,0,70,,43512,28,4,,0,30,,43513,28,4,,0,70,,43514,28,4,,0,30,,43515,28,4,,0,70,,43516,28,4,,0,100,,43517,28,4,,0
1600,'1375',653,,43519,28,4,,0,74,,43518,28,4,,0,31,,43520,28,4,,0,60,,43521,28,4,,0,20,,43522,28,4,,0,20,,43523,28,4,,0,60,,43524,28,4,,0,20,,43525,28,4,,0,20,,43526,28,4,,0,60,,43527,28,4,,0,20,,43528,28,4,,0,20,,43529,28,4,,0,60,,43530,28,4,,0,20,,43531,28,4,,0,20,,43532,28,4,,0,60,,43533,28,4,,0,20,,43534,28,4,,0,20,,43535,28,4,,0,60,,43536,28,4,,0,20,,43537,28,4,,0,20,,43538,28,4,,0,60,,43539,28,4,,0,20,,43540,28,4,,0,20,,43541,28,4,,0,60,,43542,28,4,,0,20,,43543,28,4,,0,20,,43544,28,4,,0,60,,43545,28,4,,0,20,,43546,28,4,,0,20,,43547,28,4,,0,60,,43548,28,4,,0,20,,43549,28,4,,0,20,,43550,28,4,,0,60,,43551,28,4,,0,20,,43552,28,4,,0,20,,43553,28,4,,0,55,,43554,28,4,,0,30,,43555,28,4,,0,70,,43556,28,4,,0,30,,43557,28,4,,0,70,,43558,28,4,,0,30,,43559,28,4,,0,70,,43560,28,4,,0,100,,43561,28,4,,0
1601,'1369',1005,,43580,1,,,0,30,,43579,1,,,0,85,,43578,1,,,0,30,,43577,1,,,0,70,,43576,1,,,0,30,,43575,1,,,0,70,,43574,1,,,0,30,,43573,1,,,0,70,,43572,1,,,0,30,,43571,1,,,0,70,,43570,1,,,0,30,,43569,1,,,0,70,,43568,1,,,0,30,,43567,1,,,0,70,,43566,1,,,0,18,,43581,1,,,0,12,,43565,1,,,0,70,,43564,1,,,0,30,,43563,1,,,0,70,,43562,1,,,0
1601,'1370',650,,43582,1,,,0,70,,43583,1,,,0,30,,43584,1,,,0,70,,43585,1,,,0,30,,43586,1,,,0,70,,43587,1,,,0,30,,43588,1,,,0,70,,43589,1,,,0,20,,43590,1,,,0,60,,43591,1,,,0,20,,43592,1,,,0,20,,43593,1,,,0,60,,43594,1,,,0,20,,43595,1,,,0,20,,43596,1,,,0,60,,43597,1,,,0,20,,43598,1,,,0,20,,43599,1,,,0,60,,43600,1,,,0,20,,43601,1,,,0,20,,43602,1,,,0,60,,43603,1,,,0,20,,43604,1,,,0,20,,43605,1,,,0,60,,43606,1,,,0,20,,43607,1,,,0,20,,43608,1,,,0,60,,43609,1,,,0,20,,43610,1,,,0,20,,43611,1,,,0,60,,43612,1,,,0,22,,43613,1,,,0,30,,43614,1,,,0,70,,43615,1,,,0,30,,43616,1,,,0,70,,43617,1,,,0,30,,43618,1,,,0,70,,43619,1,,,0,100,,43620,1,,,0
1601,'1371',600,,43621,1,,,0,37,,43622,1,,,0,70,,43623,1,,,0,20,,43624,1,,,0,20,,43625,1,,,0,60,,43626,1,,,0,20,,43627,1,,,0,20,,43628,1,,,0,60,,43629,1,,,0,20,,43630,1,,,0,20,,43631,1,,,0,60,,43632,1,,,0,20,,43633,1,,,0,20,,43634,1,,,0,60,,43635,1,,,0,20,,43636,1,,,0,20,,43637,1,,,0,60,,43638,1,,,0,20,,43639,1,,,0,20,,43640,1,,,0,60,,43641,1,,,0,20,,43642,1,,,0,20,,43643,1,,,0,60,,43644,1,,,0,20,,43645,1,,,0,20,,43646,1,,,0,60,,43647,1,,,0,20,,43648,1,,,0,20,,43649,1,,,0,60,,43650,1,,,0,20,,43651,1,,,0,20,,43652,1,,,0,60,,43653,1,,,0,20,,43654,1,,,0,20,,43655,1,,,0,60,,43656,1,,,0,15,,43657,1,,,0,30,,43658,1,,,0,70,,43659,1,,,0,30,,43660,1,,,0,70,,43661,1,,,0,30,,43662,1,,,0,70,,43663,1,,,0,100,,43664,1,,,0,100,,43665,1,,,0
1601,'1372',600,,43666,1,,,0,37,,43667,1,,,0,70,,43668,1,,,0,20,,43669,1,,,0,20,,43670,1,,,0,60,,43671,1,,,0,20,,43672,1,,,0,20,,43673,1,,,0,60,,43674,1,,,0,20,,43675,1,,,0,20,,43676,1,,,0,60,,43677,1,,,0,20,,43678,1,,,0,20,,43679,1,,,0,60,,43680,1,,,0,20,,43681,1,,,0,20,,43682,1,,,0,60,,43683,1,,,0,20,,43684,1,,,0,20,,43685,1,,,0,60,,43686,1,,,0,20,,43687,1,,,0,20,,43688,1,,,0,60,,43689,1,,,0,20,,43690,1,,,0,20,,43691,1,,,0,60,,43692,1,,,0,20,,43693,1,,,0,20,,43694,1,,,0,60,,43695,1,,,0,20,,43696,1,,,0,20,,43697,1,,,0,60,,43698,1,,,0,20,,43699,1,,,0,20,,43700,1,,,0,60,,43701,1,,,0,15,,43702,1,,,0,30,,43703,1,,,0,70,,43704,1,,,0,30,,43705,1,,,0,70,,43706,1,,,0,30,,43707,1,,,0,70,,43708,1,,,0,100,,43709,1,,,0,100,,43710,1,,,0
1601,'1373',600,,43711,1,,,0,37,,43712,1,,,0,70,,43713,1,,,0,20,,43714,1,,,0,20,,43715,1,,,0,60,,43716,1,,,0,20,,43717,1,,,0,20,,43718,1,,,0,60,,43719,1,,,0,20,,43720,1,,,0,20,,43721,1,,,0,60,,43722,1,,,0,20,,43723,1,,,0,20,,43724,1,,,0,60,,43725,1,,,0,20,,43726,1,,,0,20,,43727,1,,,0,60,,43728,1,,,0,20,,43729,1,,,0,20,,43730,1,,,0,60,,43731,1,,,0,20,,43732,1,,,0,20,,43733,1,,,0,60,,43734,1,,,0,20,,43735,1,,,0,20,,43736,1,,,0,60,,43737,1,,,0,20,,43738,1,,,0,20,,43739,1,,,0,60,,43740,1,,,0,20,,43741,1,,,0,20,,43742,1,,,0,60,,43743,1,,,0,20,,43744,1,,,0,20,,43745,1,,,0,60,,43746,1,,,0,15,,43747,1,,,0,30,,43748,1,,,0,70,,43749,1,,,0,30,,43750,1,,,0,70,,43751,1,,,0,30,,43752,1,,,0,70,,43753,1,,,0,100,,43754,1,,,0,100,,43755,1,,,0
1601,'1374',600,,43756,1,,,0,37,,43757,1,,,0,70,,43758,1,,,0,20,,43759,1,,,0,20,,43760,1,,,0,60,,43761,1,,,0,20,,43762,1,,,0,20,,43763,1,,,0,60,,43764,1,,,0,20,,43765,1,,,0,20,,43766,1,,,0,60,,43767,1,,,0,20,,43768,1,,,0,20,,43769,1,,,0,60,,43770,1,,,0,20,,43771,1,,,0,20,,43772,1,,,0,60,,43773,1,,,0,20,,43774,1,,,0,20,,43775,1,,,0,60,,43776,1,,,0,20,,43777,1,,,0,20,,43778,1,,,0,60,,43779,1,,,0,20,,43780,1,,,0,20,,43781,1,,,0,60,,43782,1,,,0,20,,43783,1,,,0,20,,43784,1,,,0,60,,43785,1,,,0,20,,43786,1,,,0,20,,43787,1,,,0,60,,43788,1,,,0,20,,43789,1,,,0,20,,43790,1,,,0,60,,43791,1,,,0,15,,43792,1,,,0,30,,43793,1,,,0,70,,43794,1,,,0,30,,43795,1,,,0,70,,43796,1,,,0,30,,43797,1,,,0,70,,43798,1,,,0,100,,43799,1,,,0,100,,43800,1,,,0
1601,'1375',600,,43801,1,,,0,37,,43802,1,,,0,70,,43803,1,,,0,20,,43804,1,,,0,20,,43805,1,,,0,60,,43806,1,,,0,20,,43807,1,,,0,20,,43808,1,,,0,60,,43809,1,,,0,20,,43810,1,,,0,20,,43811,1,,,0,60,,43812,1,,,0,20,,43813,1,,,0,20,,43814,1,,,0,60,,43815,1,,,0,20,,43816,1,,,0,20,,43817,1,,,0,60,,43818,1,,,0,20,,43819,1,,,0,20,,43820,1,,,0,60,,43821,1,,,0,20,,43822,1,,,0,20,,43823,1,,,0,60,,43824,1,,,0,20,,43825,1,,,0,20,,43826,1,,,0,60,,43827,1,,,0,20,,43828,1,,,0,20,,43829,1,,,0,60,,43830,1,,,0,20,,43831,1,,,0,20,,43832,1,,,0,60,,43833,1,,,0,20,,43834,1,,,0,20,,43835,1,,,0,60,,43836,1,,,0,15,,43837,1,,,0,30,,43838,1,,,0,70,,43839,1,,,0,30,,43840,1,,,0,70,,43841,1,,,0,30,,43842,1,,,0,70,,43843,1,,,0,100,,43844,1,,,0,100,,43845,1,,,0
