721303,'1376',838,,56397,3,0,15,0,80,,56396,3,0,15,0,40,,56395,3,0,15,0,80,,56394,3,0,15,0,80,,56393,3,0,15,0,40,,56392,3,0,15,0,80,,56391,3,0,15,0,80,,56390,3,0,15,0,40,,56389,3,0,15,0,80,,56388,3,0,15,0,80,,56387,3,0,15,0,40,,56386,3,0,15,0,80,,56385,3,0,15,0,80,,56384,3,0,15,0,40,,56383,3,0,15,0,80,,56382,3,0,15,0,80,,56381,3,0,15,0,40,,56380,3,0,15,0
721303,'1377',638,,56398,3,0,15,0,80,,56399,3,0,15,0,40,,56400,3,0,15,0,80,,56401,3,0,15,0,80,,56402,3,0,15,0,40,,56403,3,0,15,0,80,,56404,3,0,15,0,80,,56405,3,0,15,0,40,,56406,3,0,15,0,60,,56407,3,0,15,0,20,,56408,3,0,15,0,20,,56409,3,0,15,0,60,,56410,3,0,15,0,20,,56411,3,0,15,0,20,,56412,3,0,15,0,60,,56413,3,0,15,0,20,,56414,3,0,15,0,20,,56415,3,0,15,0,60,,56416,3,0,15,0,20,,56417,3,0,15,0,20,,56418,3,0,15,0,60,,56419,3,0,15,0,20,,56420,3,0,15,0,20,,56421,3,0,15,0,60,,56422,3,0,15,0,20,,56423,3,0,15,0,20,,56424,3,0,15,0,60,,56425,3,0,15,0,20,,56426,3,0,15,0,80,,56427,3,0,15,0,40,,56428,3,0,15,0,80,,56429,3,0,15,0,80,,56430,3,0,15,0,40,,56431,3,0,15,0,80,,56432,3,0,15,0,80,,56433,3,0,15,0
721303,'1378',613,,56434,3,0,15,0,45,,56435,3,0,15,0,60,,56436,3,0,15,0,25,,56437,3,0,15,0,60,,56438,3,0,15,0,25,,56439,3,0,15,0,20,,56440,3,0,15,0,65,,56441,3,0,15,0,20,,56442,3,0,15,0,25,,56443,3,0,15,0,60,,56444,3,0,15,0,25,,56445,3,0,15,0,60,,56446,3,0,15,0,25,,56447,3,0,15,0,20,,56448,3,0,15,0,65,,56449,3,0,15,0,20,,56450,3,0,15,0,25,,56451,3,0,15,0,60,,56452,3,0,15,0,25,,56453,3,0,15,0,60,,56454,3,0,15,0,25,,56455,3,0,15,0,20,,56456,3,0,15,0,65,,56457,3,0,15,0,20,,56458,3,0,15,0,25,,56459,3,0,15,0,60,,56460,3,0,15,0,25,,56461,3,0,15,0,60,,56462,3,0,15,0,25,,56463,3,0,15,0,20,,56464,3,0,15,0,65,,56465,3,0,15,0,20,,56466,3,0,15,0,70,,56467,3,0,15,0,35,,56468,3,0,15,0,80,,56469,3,0,15,0,40,,56470,3,0,15,0,80,,56471,3,0,15,0,80,,56472,3,0,15,0,40,,56473,3,0,15,0,80,,56474,3,0,15,0
721303,'1379',613,,56475,3,0,15,0,45,,56476,3,0,15,0,60,,56477,3,0,15,0,25,,56478,3,0,15,0,60,,56479,3,0,15,0,25,,56480,3,0,15,0,20,,56481,3,0,15,0,65,,56482,3,0,15,0,20,,56483,3,0,15,0,25,,56484,3,0,15,0,60,,56485,3,0,15,0,25,,56486,3,0,15,0,60,,56487,3,0,15,0,25,,56488,3,0,15,0,20,,56489,3,0,15,0,65,,56490,3,0,15,0,20,,56491,3,0,15,0,25,,56492,3,0,15,0,60,,56493,3,0,15,0,25,,56494,3,0,15,0,60,,56495,3,0,15,0,25,,56496,3,0,15,0,20,,56497,3,0,15,0,65,,56498,3,0,15,0,20,,56499,3,0,15,0,25,,56500,3,0,15,0,60,,56501,3,0,15,0,25,,56502,3,0,15,0,60,,56503,3,0,15,0,25,,56504,3,0,15,0,20,,56505,3,0,15,0,65,,56506,3,0,15,0,20,,56507,3,0,15,0,70,,56508,3,0,15,0,35,,56509,3,0,15,0,80,,56510,3,0,15,0,40,,56511,3,0,15,0,80,,56512,3,0,15,0,80,,56513,3,0,15,0,40,,56514,3,0,15,0,80,,56515,3,0,15,0
721303,'1380',613,,56516,3,0,15,0,45,,56517,3,0,15,0,60,,56518,3,0,15,0,25,,56519,3,0,15,0,60,,56520,3,0,15,0,25,,56521,3,0,15,0,20,,56522,3,0,15,0,65,,56523,3,0,15,0,20,,56524,3,0,15,0,25,,56525,3,0,15,0,60,,56526,3,0,15,0,25,,56527,3,0,15,0,60,,56528,3,0,15,0,25,,56529,3,0,15,0,20,,56530,3,0,15,0,65,,56531,3,0,15,0,20,,56532,3,0,15,0,25,,56533,3,0,15,0,60,,56534,3,0,15,0,25,,56535,3,0,15,0,60,,56536,3,0,15,0,25,,56537,3,0,15,0,20,,56538,3,0,15,0,65,,56539,3,0,15,0,20,,56540,3,0,15,0,25,,56541,3,0,15,0,60,,56542,3,0,15,0,25,,56543,3,0,15,0,60,,56544,3,0,15,0,25,,56545,3,0,15,0,20,,56546,3,0,15,0,65,,56547,3,0,15,0,20,,56548,3,0,15,0,70,,56549,3,0,15,0,35,,56550,3,0,15,0,80,,56551,3,0,15,0,40,,56552,3,0,15,0,80,,56553,3,0,15,0,80,,56554,3,0,15,0,40,,56555,3,0,15,0,80,,56556,3,0,15,0
721303,'1381',613,,56557,3,0,15,0,45,,56558,3,0,15,0,60,,56559,3,0,15,0,25,,56560,3,0,15,0,60,,56561,3,0,15,0,25,,56562,3,0,15,0,20,,56563,3,0,15,0,65,,56564,3,0,15,0,20,,56565,3,0,15,0,25,,56566,3,0,15,0,60,,56567,3,0,15,0,25,,56568,3,0,15,0,60,,56569,3,0,15,0,25,,56570,3,0,15,0,20,,56571,3,0,15,0,65,,56572,3,0,15,0,20,,56573,3,0,15,0,25,,56574,3,0,15,0,60,,56575,3,0,15,0,25,,56576,3,0,15,0,60,,56577,3,0,15,0,25,,56578,3,0,15,0,20,,56579,3,0,15,0,65,,56580,3,0,15,0,20,,56581,3,0,15,0,25,,56582,3,0,15,0,60,,56583,3,0,15,0,25,,56584,3,0,15,0,60,,56585,3,0,15,0,25,,56586,3,0,15,0,20,,56587,3,0,15,0,65,,56588,3,0,15,0,20,,56589,3,0,15,0,70,,56590,3,0,15,0,35,,56591,3,0,15,0,80,,56592,3,0,15,0,40,,56593,3,0,15,0,80,,56594,3,0,15,0,80,,56595,3,0,15,0,40,,56596,3,0,15,0,80,,56597,3,0,15,0
721303,'1382',613,,56598,3,0,15,0,45,,56599,3,0,15,0,60,,56600,3,0,15,0,25,,56601,3,0,15,0,60,,56602,3,0,15,0,25,,56603,3,0,15,0,20,,56604,3,0,15,0,65,,56605,3,0,15,0,20,,56606,3,0,15,0,25,,56607,3,0,15,0,60,,56608,3,0,15,0,25,,56609,3,0,15,0,60,,56610,3,0,15,0,25,,56611,3,0,15,0,20,,56612,3,0,15,0,65,,56613,3,0,15,0,20,,56614,3,0,15,0,25,,56615,3,0,15,0,60,,56616,3,0,15,0,25,,56617,3,0,15,0,60,,56618,3,0,15,0,25,,56619,3,0,15,0,20,,56620,3,0,15,0,65,,56621,3,0,15,0,20,,56622,3,0,15,0,25,,56623,3,0,15,0,60,,56624,3,0,15,0,25,,56625,3,0,15,0,60,,56626,3,0,15,0,25,,56627,3,0,15,0,20,,56628,3,0,15,0,65,,56629,3,0,15,0,20,,56630,3,0,15,0,70,,56631,3,0,15,0,35,,56632,3,0,15,0,80,,56633,3,0,15,0,40,,56634,3,0,15,0,80,,56635,3,0,15,0,80,,56636,3,0,15,0,40,,56637,3,0,15,0,80,,56638,3,0,15,0
721502,'1378',721,,57340,1,0,16,0
721502,'1379',721,,57369,1,0,16,0
721502,'1380',721,,57398,1,0,16,0
721502,'1381',721,,57427,1,0,16,0
721502,'1382',721,,57456,1,0,16,0
