721304,'1376',821,,56656,35,0,14,0,80,,56655,35,0,14,0,40,,56654,35,0,14,0,80,,56653,35,0,14,0,80,,56652,35,0,14,0,40,,56651,35,0,14,0,80,,56650,35,0,14,0,80,,56649,35,0,14,0,40,,56648,35,0,14,0,80,,56647,35,0,14,0,80,,56646,35,0,14,0,40,,56645,35,0,14,0,80,,56644,35,0,14,0,80,,56643,35,0,14,0,40,,56642,35,0,14,0,80,,56641,35,0,14,0,80,,56640,35,0,14,0,40,,56639,35,0,14,0
721304,'1377',621,,56657,35,0,14,0,80,,56658,35,0,14,0,40,,56659,35,0,14,0,80,,56660,35,0,14,0,80,,56661,35,0,14,0,40,,56662,35,0,14,0,80,,56663,35,0,14,0,80,,56664,35,0,14,0,40,,56665,35,0,14,0,60,,56666,35,0,14,0,20,,56667,35,0,14,0,20,,56668,35,0,14,0,60,,56669,35,0,14,0,20,,56670,35,0,14,0,20,,56671,35,0,14,0,60,,56672,35,0,14,0,20,,56673,35,0,14,0,20,,56674,35,0,14,0,60,,56675,35,0,14,0,20,,56676,35,0,14,0,20,,56677,35,0,14,0,60,,56678,35,0,14,0,20,,56679,35,0,14,0,20,,56680,35,0,14,0,60,,56681,35,0,14,0,20,,56682,35,0,14,0,20,,56683,35,0,14,0,60,,56684,35,0,14,0,20,,56685,35,0,14,0,80,,56686,35,0,14,0,40,,56687,35,0,14,0,80,,56688,35,0,14,0,80,,56689,35,0,14,0,40,,56690,35,0,14,0,80,,56691,35,0,14,0,80,,56692,35,0,14,0
721304,'1378',554,,56693,35,0,14,0,85,,56694,35,0,14,0,20,,56695,35,0,14,0,65,,56696,35,0,14,0,20,,56697,35,0,14,0,65,,56698,35,0,14,0,20,,56699,35,0,14,0,25,,56700,35,0,14,0,60,,56701,35,0,14,0,25,,56702,35,0,14,0,20,,56703,35,0,14,0,65,,56704,35,0,14,0,20,,56705,35,0,14,0,65,,56706,35,0,14,0,20,,56707,35,0,14,0,25,,56708,35,0,14,0,60,,56709,35,0,14,0,25,,56710,35,0,14,0,20,,56711,35,0,14,0,65,,56712,35,0,14,0,20,,56713,35,0,14,0,65,,56714,35,0,14,0,20,,56715,35,0,14,0,25,,56716,35,0,14,0,60,,56717,35,0,14,0,25,,56718,35,0,14,0,20,,56719,35,0,14,0,65,,56720,35,0,14,0,20,,56721,35,0,14,0,65,,56722,35,0,14,0,20,,56723,35,0,14,0,25,,56724,35,0,14,0,60,,56725,35,0,14,0,30,,56726,35,0,14,0,77,,56727,35,0,14,0,80,,56728,35,0,14,0,40,,56729,35,0,14,0,80,,56730,35,0,14,0,80,,56731,35,0,14,0,40,,56732,35,0,14,0,80,,56733,35,0,14,0
721304,'1379',554,,56734,35,0,14,0,85,,56735,35,0,14,0,20,,56736,35,0,14,0,65,,56737,35,0,14,0,20,,56738,35,0,14,0,65,,56739,35,0,14,0,20,,56740,35,0,14,0,25,,56741,35,0,14,0,60,,56742,35,0,14,0,25,,56743,35,0,14,0,20,,56744,35,0,14,0,65,,56745,35,0,14,0,20,,56746,35,0,14,0,65,,56747,35,0,14,0,20,,56748,35,0,14,0,25,,56749,35,0,14,0,60,,56750,35,0,14,0,25,,56751,35,0,14,0,20,,56752,35,0,14,0,65,,56753,35,0,14,0,20,,56754,35,0,14,0,65,,56755,35,0,14,0,20,,56756,35,0,14,0,25,,56757,35,0,14,0,60,,56758,35,0,14,0,25,,56759,35,0,14,0,20,,56760,35,0,14,0,65,,56761,35,0,14,0,20,,56762,35,0,14,0,65,,56763,35,0,14,0,20,,56764,35,0,14,0,25,,56765,35,0,14,0,60,,56766,35,0,14,0,30,,56767,35,0,14,0,77,,56768,35,0,14,0,80,,56769,35,0,14,0,40,,56770,35,0,14,0,80,,56771,35,0,14,0,80,,56772,35,0,14,0,40,,56773,35,0,14,0,80,,56774,35,0,14,0
721304,'1380',554,,56775,35,0,14,0,85,,56776,35,0,14,0,20,,56777,35,0,14,0,65,,56778,35,0,14,0,20,,56779,35,0,14,0,65,,56780,35,0,14,0,20,,56781,35,0,14,0,25,,56782,35,0,14,0,60,,56783,35,0,14,0,25,,56784,35,0,14,0,20,,56785,35,0,14,0,65,,56786,35,0,14,0,20,,56787,35,0,14,0,65,,56788,35,0,14,0,20,,56789,35,0,14,0,25,,56790,35,0,14,0,60,,56791,35,0,14,0,25,,56792,35,0,14,0,20,,56793,35,0,14,0,65,,56794,35,0,14,0,20,,56795,35,0,14,0,65,,56796,35,0,14,0,20,,56797,35,0,14,0,25,,56798,35,0,14,0,60,,56799,35,0,14,0,25,,56800,35,0,14,0,20,,56801,35,0,14,0,65,,56802,35,0,14,0,20,,56803,35,0,14,0,65,,56804,35,0,14,0,20,,56805,35,0,14,0,25,,56806,35,0,14,0,60,,56807,35,0,14,0,30,,56808,35,0,14,0,77,,56809,35,0,14,0,80,,56810,35,0,14,0,40,,56811,35,0,14,0,80,,56812,35,0,14,0,80,,56813,35,0,14,0,40,,56814,35,0,14,0,80,,56815,35,0,14,0
721304,'1381',554,,56816,35,0,14,0,85,,56817,35,0,14,0,20,,56818,35,0,14,0,65,,56819,35,0,14,0,20,,56820,35,0,14,0,65,,56821,35,0,14,0,20,,56822,35,0,14,0,25,,56823,35,0,14,0,60,,56824,35,0,14,0,25,,56825,35,0,14,0,20,,56826,35,0,14,0,65,,56827,35,0,14,0,20,,56828,35,0,14,0,65,,56829,35,0,14,0,20,,56830,35,0,14,0,25,,56831,35,0,14,0,60,,56832,35,0,14,0,25,,56833,35,0,14,0,20,,56834,35,0,14,0,65,,56835,35,0,14,0,20,,56836,35,0,14,0,65,,56837,35,0,14,0,20,,56838,35,0,14,0,25,,56839,35,0,14,0,60,,56840,35,0,14,0,25,,56841,35,0,14,0,20,,56842,35,0,14,0,65,,56843,35,0,14,0,20,,56844,35,0,14,0,65,,56845,35,0,14,0,20,,56846,35,0,14,0,25,,56847,35,0,14,0,60,,56848,35,0,14,0,30,,56849,35,0,14,0,77,,56850,35,0,14,0,80,,56851,35,0,14,0,40,,56852,35,0,14,0,80,,56853,35,0,14,0,80,,56854,35,0,14,0,40,,56855,35,0,14,0,80,,56856,35,0,14,0
721304,'1382',554,,56857,35,0,14,0,85,,56858,35,0,14,0,20,,56859,35,0,14,0,65,,56860,35,0,14,0,20,,56861,35,0,14,0,65,,56862,35,0,14,0,20,,56863,35,0,14,0,25,,56864,35,0,14,0,60,,56865,35,0,14,0,25,,56866,35,0,14,0,20,,56867,35,0,14,0,65,,56868,35,0,14,0,20,,56869,35,0,14,0,65,,56870,35,0,14,0,20,,56871,35,0,14,0,25,,56872,35,0,14,0,60,,56873,35,0,14,0,25,,56874,35,0,14,0,20,,56875,35,0,14,0,65,,56876,35,0,14,0,20,,56877,35,0,14,0,65,,56878,35,0,14,0,20,,56879,35,0,14,0,25,,56880,35,0,14,0,60,,56881,35,0,14,0,25,,56882,35,0,14,0,20,,56883,35,0,14,0,65,,56884,35,0,14,0,20,,56885,35,0,14,0,65,,56886,35,0,14,0,20,,56887,35,0,14,0,25,,56888,35,0,14,0,60,,56889,35,0,14,0,30,,56890,35,0,14,0,77,,56891,35,0,14,0,80,,56892,35,0,14,0,40,,56893,35,0,14,0,80,,56894,35,0,14,0,80,,56895,35,0,14,0,40,,56896,35,0,14,0,80,,56897,35,0,14,0
722501,'1378',519,,57485,12,0,17,0,120,,57486,12,0,17,0,100,,57487,12,0,17,0,100,,57488,12,0,17,0,100,,57489,12,0,17,0,100,,57490,12,0,17,0,100,,57491,12,0,17,0,100,,57492,12,0,17,0,100,,57493,12,0,17,0,100,,57494,12,0,17,0,100,,57495,12,0,17,0,100,,57496,12,0,17,0,100,,57497,12,0,17,0,100,,57498,12,0,17,0,100,,57499,12,0,17,0,100,,57500,12,0,17,0,100,,57501,12,0,17,0,100,,57502,12,0,17,0
722501,'1379',519,,57503,12,0,17,0,120,,57504,12,0,17,0,100,,57505,12,0,17,0,100,,57506,12,0,17,0,100,,57507,12,0,17,0,100,,57508,12,0,17,0,100,,57509,12,0,17,0,100,,57510,12,0,17,0,100,,57511,12,0,17,0,100,,57512,12,0,17,0,100,,57513,12,0,17,0,100,,57514,12,0,17,0,100,,57515,12,0,17,0,100,,57516,12,0,17,0,100,,57517,12,0,17,0,100,,57518,12,0,17,0,100,,57519,12,0,17,0,100,,57520,12,0,17,0
722501,'1380',519,,57521,12,0,17,0,120,,57522,12,0,17,0,100,,57523,12,0,17,0,100,,57524,12,0,17,0,100,,57525,12,0,17,0,100,,57526,12,0,17,0,100,,57527,12,0,17,0,100,,57528,12,0,17,0,100,,57529,12,0,17,0,100,,57530,12,0,17,0,100,,57531,12,0,17,0,100,,57532,12,0,17,0,100,,57533,12,0,17,0,100,,57534,12,0,17,0,100,,57535,12,0,17,0,100,,57536,12,0,17,0,100,,57537,12,0,17,0,100,,57538,12,0,17,0
722501,'1381',519,,57539,12,0,17,0,120,,57540,12,0,17,0,100,,57541,12,0,17,0,100,,57542,12,0,17,0,100,,57543,12,0,17,0,100,,57544,12,0,17,0,100,,57545,12,0,17,0,100,,57546,12,0,17,0,100,,57547,12,0,17,0,100,,57548,12,0,17,0,100,,57549,12,0,17,0,100,,57550,12,0,17,0,100,,57551,12,0,17,0,100,,57552,12,0,17,0,100,,57553,12,0,17,0,100,,57554,12,0,17,0,100,,57555,12,0,17,0,100,,57556,12,0,17,0
722501,'1382',519,,57557,12,0,17,0,120,,57558,12,0,17,0,100,,57559,12,0,17,0,100,,57560,12,0,17,0,100,,57561,12,0,17,0,100,,57562,12,0,17,0,100,,57563,12,0,17,0,100,,57564,12,0,17,0,100,,57565,12,0,17,0,100,,57566,12,0,17,0,100,,57567,12,0,17,0,100,,57568,12,0,17,0,100,,57569,12,0,17,0,100,,57570,12,0,17,0,100,,57571,12,0,17,0,100,,57572,12,0,17,0,100,,57573,12,0,17,0,100,,57574,12,0,17,0
