721304,'1383',822,,63858,36,0,14,0,80,,63857,36,0,14,0,40,,63856,36,0,14,0,80,,63855,36,0,14,0,80,,63854,36,0,14,0,40,,63853,36,0,14,0,80,,63852,36,0,14,0,80,,63851,36,0,14,0,40,,63850,36,0,14,0,80,,63849,36,0,14,0,80,,63848,36,0,14,0,40,,63847,36,0,14,0,80,,63846,36,0,14,0,80,,63845,36,0,14,0,40,,63844,36,0,14,0,80,,63843,36,0,14,0,80,,63842,36,0,14,0,40,,63841,36,0,14,0
721304,'1384',622,,63859,36,0,14,0,80,,63860,36,0,14,0,40,,63861,36,0,14,0,80,,63862,36,0,14,0,80,,63863,36,0,14,0,40,,63864,36,0,14,0,80,,63865,36,0,14,0,80,,63866,36,0,14,0,40,,63867,36,0,14,0,60,,63868,36,0,14,0,20,,63869,36,0,14,0,20,,63870,36,0,14,0,60,,63871,36,0,14,0,20,,63872,36,0,14,0,20,,63873,36,0,14,0,60,,63874,36,0,14,0,20,,63875,36,0,14,0,20,,63876,36,0,14,0,60,,63877,36,0,14,0,20,,63878,36,0,14,0,20,,63879,36,0,14,0,60,,63880,36,0,14,0,20,,63881,36,0,14,0,20,,63882,36,0,14,0,60,,63883,36,0,14,0,20,,63884,36,0,14,0,20,,63885,36,0,14,0,60,,63886,36,0,14,0,20,,63887,36,0,14,0,80,,63888,36,0,14,0,40,,63889,36,0,14,0,80,,63890,36,0,14,0,80,,63891,36,0,14,0,40,,63892,36,0,14,0,80,,63893,36,0,14,0,80,,63894,36,0,14,0
721304,'1385',555,,63895,36,0,14,0,85,,63896,36,0,14,0,60,,63897,36,0,14,0,25,,63898,36,0,14,0,20,,63899,36,0,14,0,65,,63900,36,0,14,0,20,,63901,36,0,14,0,25,,63902,36,0,14,0,60,,63903,36,0,14,0,25,,63904,36,0,14,0,60,,63905,36,0,14,0,25,,63906,36,0,14,0,20,,63907,36,0,14,0,65,,63908,36,0,14,0,20,,63909,36,0,14,0,25,,63910,36,0,14,0,60,,63911,36,0,14,0,25,,63912,36,0,14,0,60,,63913,36,0,14,0,25,,63914,36,0,14,0,20,,63915,36,0,14,0,65,,63916,36,0,14,0,20,,63917,36,0,14,0,25,,63918,36,0,14,0,60,,63919,36,0,14,0,25,,63920,36,0,14,0,60,,63921,36,0,14,0,25,,63922,36,0,14,0,20,,63923,36,0,14,0,65,,63924,36,0,14,0,20,,63925,36,0,14,0,25,,63926,36,0,14,0,60,,63927,36,0,14,0,30,,63928,36,0,14,0,77,,63929,36,0,14,0,80,,63930,36,0,14,0,40,,63931,36,0,14,0,80,,63932,36,0,14,0,80,,63933,36,0,14,0,40,,63934,36,0,14,0,80,,63935,36,0,14,0
721304,'1386',555,,63936,36,0,14,0,85,,63937,36,0,14,0,60,,63938,36,0,14,0,25,,63939,36,0,14,0,20,,63940,36,0,14,0,65,,63941,36,0,14,0,20,,63942,36,0,14,0,25,,63943,36,0,14,0,60,,63944,36,0,14,0,25,,63945,36,0,14,0,60,,63946,36,0,14,0,25,,63947,36,0,14,0,20,,63948,36,0,14,0,65,,63949,36,0,14,0,20,,63950,36,0,14,0,25,,63951,36,0,14,0,60,,63952,36,0,14,0,25,,63953,36,0,14,0,60,,63954,36,0,14,0,25,,63955,36,0,14,0,20,,63956,36,0,14,0,65,,63957,36,0,14,0,20,,63958,36,0,14,0,25,,63959,36,0,14,0,60,,63960,36,0,14,0,25,,63961,36,0,14,0,60,,63962,36,0,14,0,25,,63963,36,0,14,0,20,,63964,36,0,14,0,65,,63965,36,0,14,0,20,,63966,36,0,14,0,25,,63967,36,0,14,0,60,,63968,36,0,14,0,30,,63969,36,0,14,0,77,,63970,36,0,14,0,80,,63971,36,0,14,0,40,,63972,36,0,14,0,80,,63973,36,0,14,0,80,,63974,36,0,14,0,40,,63975,36,0,14,0,80,,63976,36,0,14,0
721304,'1387',555,,63977,36,0,14,0,85,,63978,36,0,14,0,60,,63979,36,0,14,0,25,,63980,36,0,14,0,20,,63981,36,0,14,0,65,,63982,36,0,14,0,20,,63983,36,0,14,0,25,,63984,36,0,14,0,60,,63985,36,0,14,0,25,,63986,36,0,14,0,60,,63987,36,0,14,0,25,,63988,36,0,14,0,20,,63989,36,0,14,0,65,,63990,36,0,14,0,20,,63991,36,0,14,0,25,,63992,36,0,14,0,60,,63993,36,0,14,0,25,,63994,36,0,14,0,60,,63995,36,0,14,0,25,,63996,36,0,14,0,20,,63997,36,0,14,0,65,,63998,36,0,14,0,20,,63999,36,0,14,0,25,,64000,36,0,14,0,60,,64001,36,0,14,0,25,,64002,36,0,14,0,60,,64003,36,0,14,0,25,,64004,36,0,14,0,20,,64005,36,0,14,0,65,,64006,36,0,14,0,20,,64007,36,0,14,0,25,,64008,36,0,14,0,60,,64009,36,0,14,0,30,,64010,36,0,14,0,77,,64011,36,0,14,0,80,,64012,36,0,14,0,40,,64013,36,0,14,0,80,,64014,36,0,14,0,80,,64015,36,0,14,0,40,,64016,36,0,14,0,80,,64017,36,0,14,0
721304,'1388',555,,64018,36,0,14,0,85,,64019,36,0,14,0,60,,64020,36,0,14,0,25,,64021,36,0,14,0,20,,64022,36,0,14,0,65,,64023,36,0,14,0,20,,64024,36,0,14,0,25,,64025,36,0,14,0,60,,64026,36,0,14,0,25,,64027,36,0,14,0,60,,64028,36,0,14,0,25,,64029,36,0,14,0,20,,64030,36,0,14,0,65,,64031,36,0,14,0,20,,64032,36,0,14,0,25,,64033,36,0,14,0,60,,64034,36,0,14,0,25,,64035,36,0,14,0,60,,64036,36,0,14,0,25,,64037,36,0,14,0,20,,64038,36,0,14,0,65,,64039,36,0,14,0,20,,64040,36,0,14,0,25,,64041,36,0,14,0,60,,64042,36,0,14,0,25,,64043,36,0,14,0,60,,64044,36,0,14,0,25,,64045,36,0,14,0,20,,64046,36,0,14,0,65,,64047,36,0,14,0,20,,64048,36,0,14,0,25,,64049,36,0,14,0,60,,64050,36,0,14,0,30,,64051,36,0,14,0,77,,64052,36,0,14,0,80,,64053,36,0,14,0,40,,64054,36,0,14,0,80,,64055,36,0,14,0,80,,64056,36,0,14,0,40,,64057,36,0,14,0,80,,64058,36,0,14,0
721304,'1389',555,,64059,36,0,14,0,85,,64060,36,0,14,0,60,,64061,36,0,14,0,25,,64062,36,0,14,0,20,,64063,36,0,14,0,65,,64064,36,0,14,0,20,,64065,36,0,14,0,25,,64066,36,0,14,0,60,,64067,36,0,14,0,25,,64068,36,0,14,0,60,,64069,36,0,14,0,25,,64070,36,0,14,0,20,,64071,36,0,14,0,65,,64072,36,0,14,0,20,,64073,36,0,14,0,25,,64074,36,0,14,0,60,,64075,36,0,14,0,25,,64076,36,0,14,0,60,,64077,36,0,14,0,25,,64078,36,0,14,0,20,,64079,36,0,14,0,65,,64080,36,0,14,0,20,,64081,36,0,14,0,25,,64082,36,0,14,0,60,,64083,36,0,14,0,25,,64084,36,0,14,0,60,,64085,36,0,14,0,25,,64086,36,0,14,0,20,,64087,36,0,14,0,65,,64088,36,0,14,0,20,,64089,36,0,14,0,25,,64090,36,0,14,0,60,,64091,36,0,14,0,30,,64092,36,0,14,0,77,,64093,36,0,14,0,80,,64094,36,0,14,0,40,,64095,36,0,14,0,80,,64096,36,0,14,0,80,,64097,36,0,14,0,40,,64098,36,0,14,0,80,,64099,36,0,14,0
722501,'1385',520,,64687,13,0,17,0,120,,64688,13,0,17,0,100,,64689,13,0,17,0,100,,64690,13,0,17,0,100,,64691,13,0,17,0,100,,64692,13,0,17,0,100,,64693,13,0,17,0,100,,64694,13,0,17,0,100,,64695,13,0,17,0,100,,64696,13,0,17,0,100,,64697,13,0,17,0,100,,64698,13,0,17,0,100,,64699,13,0,17,0,100,,64700,13,0,17,0,100,,64701,13,0,17,0,100,,64702,13,0,17,0,100,,64703,13,0,17,0,100,,64704,13,0,17,0
722501,'1386',520,,64705,13,0,17,0,120,,64706,13,0,17,0,100,,64707,13,0,17,0,100,,64708,13,0,17,0,100,,64709,13,0,17,0,100,,64710,13,0,17,0,100,,64711,13,0,17,0,100,,64712,13,0,17,0,100,,64713,13,0,17,0,100,,64714,13,0,17,0,100,,64715,13,0,17,0,100,,64716,13,0,17,0,100,,64717,13,0,17,0,100,,64718,13,0,17,0,100,,64719,13,0,17,0,100,,64720,13,0,17,0,100,,64721,13,0,17,0,100,,64722,13,0,17,0
722501,'1387',520,,64723,13,0,17,0,120,,64724,13,0,17,0,100,,64725,13,0,17,0,100,,64726,13,0,17,0,100,,64727,13,0,17,0,100,,64728,13,0,17,0,100,,64729,13,0,17,0,100,,64730,13,0,17,0,100,,64731,13,0,17,0,100,,64732,13,0,17,0,100,,64733,13,0,17,0,100,,64734,13,0,17,0,100,,64735,13,0,17,0,100,,64736,13,0,17,0,100,,64737,13,0,17,0,100,,64738,13,0,17,0,100,,64739,13,0,17,0,100,,64740,13,0,17,0
722501,'1388',520,,64741,13,0,17,0,120,,64742,13,0,17,0,100,,64743,13,0,17,0,100,,64744,13,0,17,0,100,,64745,13,0,17,0,100,,64746,13,0,17,0,100,,64747,13,0,17,0,100,,64748,13,0,17,0,100,,64749,13,0,17,0,100,,64750,13,0,17,0,100,,64751,13,0,17,0,100,,64752,13,0,17,0,100,,64753,13,0,17,0,100,,64754,13,0,17,0,100,,64755,13,0,17,0,100,,64756,13,0,17,0,100,,64757,13,0,17,0,100,,64758,13,0,17,0
722501,'1389',520,,64759,13,0,17,0,120,,64760,13,0,17,0,100,,64761,13,0,17,0,100,,64762,13,0,17,0,100,,64763,13,0,17,0,100,,64764,13,0,17,0,100,,64765,13,0,17,0,100,,64766,13,0,17,0,100,,64767,13,0,17,0,100,,64768,13,0,17,0,100,,64769,13,0,17,0,100,,64770,13,0,17,0,100,,64771,13,0,17,0,100,,64772,13,0,17,0,100,,64773,13,0,17,0,100,,64774,13,0,17,0,100,,64775,13,0,17,0,100,,64776,13,0,17,0
