1800,'1376',658,,52066,1,,,0,100,,52065,1,,,0,100,,52064,1,,,0,80,,52063,1,,,0,80,,52062,1,,,0,85,,52061,1,,,0,40,,52060,1,,,0,80,,52059,1,,,0,80,,52058,1,,,0,40,,52057,1,,,0,80,,52056,1,,,0,80,,52055,1,,,0,40,,52054,1,,,0,80,,52053,1,,,0,80,,52052,1,,,0,40,,52051,1,,,0,80,,52050,1,,,0,80,,52049,1,,,0
1800,'1377',520,,52067,1,,,0,85,,52068,1,,,0,30,,52069,1,,,0,70,,52070,1,,,0,30,,52071,1,,,0,70,,52072,1,,,0,30,,52073,1,,,0,70,,52074,1,,,0,30,,52075,1,,,0,70,,52076,1,,,0,20,,52077,1,,,0,20,,52078,1,,,0,60,,52079,1,,,0,20,,52080,1,,,0,20,,52081,1,,,0,60,,52082,1,,,0,20,,52083,1,,,0,20,,52084,1,,,0,60,,52085,1,,,0,20,,52086,1,,,0,20,,52087,1,,,0,60,,52088,1,,,0,20,,52089,1,,,0,20,,52090,1,,,0,60,,52091,1,,,0,20,,52092,1,,,0,20,,52093,1,,,0,60,,52094,1,,,0,20,,52095,1,,,0,20,,52096,1,,,0,60,,52097,1,,,0,20,,52098,1,,,0,20,,52099,1,,,0,60,,52100,1,,,0,30,,52101,1,,,0,70,,52102,1,,,0,30,,52103,1,,,0,70,,52104,1,,,0,30,,52105,1,,,0,70,,52106,1,,,0,30,,52107,1,,,0,70,,52108,1,,,0,30,,52109,1,,,0,70,,52110,1,,,0,30,,52111,1,,,0,70,,52112,1,,,0,30,,52113,1,,,0
1800,'1378',520,,52150,1,,,0,35,,52151,1,,,0,53,,52114,1,,,0,15,,52115,1,,,0,15,,52116,1,,,0,15,,52117,1,,,0,55,,52118,1,,,0,10,,52119,1,,,0,10,,52120,1,,,0,10,,52121,1,,,0,10,,52122,1,,,0,10,,52123,1,,,0,50,,52124,1,,,0,11,,52152,1,,,0,15,,52153,1,,,0,15,,52154,1,,,0,55,,52155,1,,,0,15,,52156,1,,,0,15,,52157,1,,,0,15,,52158,1,,,0,53,,52159,1,,,0,15,,52160,1,,,0,15,,52161,1,,,0,15,,52162,1,,,0,55,,52163,1,,,0,15,,52164,1,,,0,15,,52165,1,,,0,15,,52166,1,,,0,55,,52167,1,,,0,15,,52168,1,,,0,15,,52169,1,,,0,15,,52170,1,,,0,58,,52125,1,,,0,20,,52126,1,,,0,15,,52127,1,,,0,15,,52128,1,,,0,55,,52129,1,,,0,10,,52130,1,,,0,10,,52131,1,,,0,10,,52132,1,,,0,10,,52133,1,,,0,50,,52134,1,,,0,10,,52135,1,,,0,10,,52136,1,,,0,10,,52137,1,,,0,10,,52138,1,,,0,10,,52139,1,,,0,50,,52140,1,,,0,10,,52141,1,,,0,10,,52142,1,,,0,10,,52143,1,,,0,10,,52144,1,,,0,10,,52145,1,,,0,50,,52146,1,,,0,10,,52147,1,,,0,15,,52148,1,,,0,15,,52149,1,,,0,63,,52171,1,,,0,30,,52172,1,,,0,70,,52173,1,,,0,30,,52174,1,,,0,70,,52175,1,,,0,30,,52176,1,,,0,70,,52177,1,,,0,30,,52178,1,,,0,70,,52179,1,,,0,30,,52180,1,,,0,70,,52181,1,,,0,30,,52182,1,,,0,70,,52183,1,,,0,30,,52184,1,,,0
1800,'1379',520,,52221,1,,,0,35,,52222,1,,,0,53,,52185,1,,,0,15,,52186,1,,,0,15,,52187,1,,,0,15,,52188,1,,,0,55,,52189,1,,,0,10,,52190,1,,,0,10,,52191,1,,,0,10,,52192,1,,,0,10,,52193,1,,,0,10,,52194,1,,,0,50,,52195,1,,,0,11,,52223,1,,,0,15,,52224,1,,,0,15,,52225,1,,,0,55,,52226,1,,,0,15,,52227,1,,,0,15,,52228,1,,,0,15,,52229,1,,,0,53,,52230,1,,,0,15,,52231,1,,,0,15,,52232,1,,,0,15,,52233,1,,,0,55,,52234,1,,,0,15,,52235,1,,,0,15,,52236,1,,,0,15,,52237,1,,,0,55,,52238,1,,,0,15,,52239,1,,,0,15,,52240,1,,,0,15,,52241,1,,,0,58,,52196,1,,,0,20,,52197,1,,,0,15,,52198,1,,,0,15,,52199,1,,,0,55,,52200,1,,,0,10,,52201,1,,,0,10,,52202,1,,,0,10,,52203,1,,,0,10,,52204,1,,,0,50,,52205,1,,,0,10,,52206,1,,,0,10,,52207,1,,,0,10,,52208,1,,,0,10,,52209,1,,,0,10,,52210,1,,,0,50,,52211,1,,,0,10,,52212,1,,,0,10,,52213,1,,,0,10,,52214,1,,,0,10,,52215,1,,,0,10,,52216,1,,,0,50,,52217,1,,,0,10,,52218,1,,,0,15,,52219,1,,,0,15,,52220,1,,,0,63,,52242,1,,,0,30,,52243,1,,,0,70,,52244,1,,,0,30,,52245,1,,,0,70,,52246,1,,,0,30,,52247,1,,,0,70,,52248,1,,,0,30,,52249,1,,,0,70,,52250,1,,,0,30,,52251,1,,,0,70,,52252,1,,,0,30,,52253,1,,,0,70,,52254,1,,,0,30,,52255,1,,,0
1800,'1380',520,,52292,1,,,0,35,,52293,1,,,0,53,,52256,1,,,0,15,,52257,1,,,0,15,,52258,1,,,0,15,,52259,1,,,0,55,,52260,1,,,0,10,,52261,1,,,0,10,,52262,1,,,0,10,,52263,1,,,0,10,,52264,1,,,0,10,,52265,1,,,0,50,,52266,1,,,0,11,,52294,1,,,0,15,,52295,1,,,0,15,,52296,1,,,0,55,,52297,1,,,0,15,,52298,1,,,0,15,,52299,1,,,0,15,,52300,1,,,0,53,,52301,1,,,0,15,,52302,1,,,0,15,,52303,1,,,0,15,,52304,1,,,0,55,,52305,1,,,0,15,,52306,1,,,0,15,,52307,1,,,0,15,,52308,1,,,0,55,,52309,1,,,0,15,,52310,1,,,0,15,,52311,1,,,0,15,,52312,1,,,0,58,,52267,1,,,0,20,,52268,1,,,0,15,,52269,1,,,0,15,,52270,1,,,0,55,,52271,1,,,0,10,,52272,1,,,0,10,,52273,1,,,0,10,,52274,1,,,0,10,,52275,1,,,0,50,,52276,1,,,0,10,,52277,1,,,0,10,,52278,1,,,0,10,,52279,1,,,0,10,,52280,1,,,0,10,,52281,1,,,0,50,,52282,1,,,0,10,,52283,1,,,0,10,,52284,1,,,0,10,,52285,1,,,0,10,,52286,1,,,0,10,,52287,1,,,0,50,,52288,1,,,0,10,,52289,1,,,0,15,,52290,1,,,0,15,,52291,1,,,0,63,,52313,1,,,0,30,,52314,1,,,0,70,,52315,1,,,0,30,,52316,1,,,0,70,,52317,1,,,0,30,,52318,1,,,0,70,,52319,1,,,0,30,,52320,1,,,0,70,,52321,1,,,0,30,,52322,1,,,0,70,,52323,1,,,0,30,,52324,1,,,0,70,,52325,1,,,0,30,,52326,1,,,0
1800,'1381',520,,52363,1,,,0,35,,52364,1,,,0,53,,52327,1,,,0,15,,52328,1,,,0,15,,52329,1,,,0,15,,52330,1,,,0,55,,52331,1,,,0,10,,52332,1,,,0,10,,52333,1,,,0,10,,52334,1,,,0,10,,52335,1,,,0,10,,52336,1,,,0,50,,52337,1,,,0,11,,52365,1,,,0,15,,52366,1,,,0,15,,52367,1,,,0,55,,52368,1,,,0,15,,52369,1,,,0,15,,52370,1,,,0,15,,52371,1,,,0,53,,52372,1,,,0,15,,52373,1,,,0,15,,52374,1,,,0,15,,52375,1,,,0,55,,52376,1,,,0,15,,52377,1,,,0,15,,52378,1,,,0,15,,52379,1,,,0,55,,52380,1,,,0,15,,52381,1,,,0,15,,52382,1,,,0,15,,52383,1,,,0,58,,52338,1,,,0,20,,52339,1,,,0,15,,52340,1,,,0,15,,52341,1,,,0,55,,52342,1,,,0,10,,52343,1,,,0,10,,52344,1,,,0,10,,52345,1,,,0,10,,52346,1,,,0,50,,52347,1,,,0,10,,52348,1,,,0,10,,52349,1,,,0,10,,52350,1,,,0,10,,52351,1,,,0,10,,52352,1,,,0,50,,52353,1,,,0,10,,52354,1,,,0,10,,52355,1,,,0,10,,52356,1,,,0,10,,52357,1,,,0,10,,52358,1,,,0,50,,52359,1,,,0,10,,52360,1,,,0,15,,52361,1,,,0,15,,52362,1,,,0,63,,52384,1,,,0,30,,52385,1,,,0,70,,52386,1,,,0,30,,52387,1,,,0,70,,52388,1,,,0,30,,52389,1,,,0,70,,52390,1,,,0,30,,52391,1,,,0,70,,52392,1,,,0,30,,52393,1,,,0,70,,52394,1,,,0,30,,52395,1,,,0,70,,52396,1,,,0,30,,52397,1,,,0
1800,'1382',520,,52434,1,,,0,35,,52435,1,,,0,53,,52398,1,,,0,15,,52399,1,,,0,15,,52400,1,,,0,15,,52401,1,,,0,55,,52402,1,,,0,10,,52403,1,,,0,10,,52404,1,,,0,10,,52405,1,,,0,10,,52406,1,,,0,10,,52407,1,,,0,50,,52408,1,,,0,11,,52436,1,,,0,15,,52437,1,,,0,15,,52438,1,,,0,55,,52439,1,,,0,15,,52440,1,,,0,15,,52441,1,,,0,15,,52442,1,,,0,53,,52443,1,,,0,15,,52444,1,,,0,15,,52445,1,,,0,15,,52446,1,,,0,55,,52447,1,,,0,15,,52448,1,,,0,15,,52449,1,,,0,15,,52450,1,,,0,55,,52451,1,,,0,15,,52452,1,,,0,15,,52453,1,,,0,15,,52454,1,,,0,58,,52409,1,,,0,20,,52410,1,,,0,15,,52411,1,,,0,15,,52412,1,,,0,55,,52413,1,,,0,10,,52414,1,,,0,10,,52415,1,,,0,10,,52416,1,,,0,10,,52417,1,,,0,50,,52418,1,,,0,10,,52419,1,,,0,10,,52420,1,,,0,10,,52421,1,,,0,10,,52422,1,,,0,10,,52423,1,,,0,50,,52424,1,,,0,10,,52425,1,,,0,10,,52426,1,,,0,10,,52427,1,,,0,10,,52428,1,,,0,10,,52429,1,,,0,50,,52430,1,,,0,10,,52431,1,,,0,15,,52432,1,,,0,15,,52433,1,,,0,63,,52455,1,,,0,30,,52456,1,,,0,70,,52457,1,,,0,30,,52458,1,,,0,70,,52459,1,,,0,30,,52460,1,,,0,70,,52461,1,,,0,30,,52462,1,,,0,70,,52463,1,,,0,30,,52464,1,,,0,70,,52465,1,,,0,30,,52466,1,,,0,70,,52467,1,,,0,30,,52468,1,,,0
1801,'1376',751,,52486,84,4,,0,100,,52485,84,4,,0,100,,52484,84,4,,0,105,,52483,84,4,,0,80,,52482,84,4,,0,80,,52481,84,4,,0,40,,52480,84,4,,0,80,,52479,84,4,,0,80,,52478,84,4,,0,40,,52477,84,4,,0,80,,52476,84,4,,0,80,,52475,84,4,,0,40,,52474,84,4,,0,80,,52473,84,4,,0,80,,52472,84,4,,0,40,,52471,84,4,,0,80,,52470,84,4,,0,80,,52469,84,4,,0
1801,'1377',625,,52487,84,4,,0,30,,52488,84,4,,0,70,,52489,84,4,,0,30,,52490,84,4,,0,70,,52491,84,4,,0,30,,52492,84,4,,0,70,,52493,84,4,,0,30,,52494,84,4,,0,70,,52495,84,4,,0,30,,52496,84,4,,0,60,,52497,84,4,,0,20,,52498,84,4,,0,20,,52499,84,4,,0,60,,52500,84,4,,0,20,,52501,84,4,,0,20,,52502,84,4,,0,60,,52503,84,4,,0,20,,52504,84,4,,0,20,,52505,84,4,,0,60,,52506,84,4,,0,20,,52507,84,4,,0,20,,52508,84,4,,0,60,,52509,84,4,,0,20,,52510,84,4,,0,20,,52511,84,4,,0,60,,52512,84,4,,0,20,,52513,84,4,,0,20,,52514,84,4,,0,60,,52515,84,4,,0,20,,52516,84,4,,0,20,,52517,84,4,,0,60,,52518,84,4,,0,20,,52519,84,4,,0,20,,52520,84,4,,0,75,,52521,84,4,,0,25,,52522,84,4,,0,70,,52523,84,4,,0,30,,52524,84,4,,0,70,,52525,84,4,,0,30,,52526,84,4,,0,70,,52527,84,4,,0,30,,52528,84,4,,0,70,,52529,84,4,,0,30,,52530,84,4,,0,70,,52531,84,4,,0,30,,52532,84,4,,0,70,,52533,84,4,,0
1801,'1378',626,,52572,84,4,,0,30,,52573,84,4,,0,55,,52538,84,4,,0,20,,52537,84,4,,0,15,,52536,84,4,,0,55,,52535,84,4,,0,10,,52534,84,4,,0,10,,52539,84,4,,0,10,,52540,84,4,,0,10,,52541,84,4,,0,10,,52542,84,4,,0,50,,52543,84,4,,0,15,,52544,84,4,,0,15,,52545,84,4,,0,15,,52546,84,4,,0,10,,52574,84,4,,0,55,,52575,84,4,,0,15,,52576,84,4,,0,15,,52577,84,4,,0,15,,52578,84,4,,0,55,,52579,84,4,,0,15,,52580,84,4,,0,15,,52581,84,4,,0,15,,52582,84,4,,0,55,,52583,84,4,,0,15,,52584,84,4,,0,15,,52585,84,4,,0,15,,52586,84,4,,0,49,,52605,68,4,,0,6,,52587,84,4,,0,15,,52588,84,4,,0,15,,52589,84,4,,0,15,,52590,84,4,,0,62,,52547,84,4,,0,15,,52548,84,4,,0,15,,52549,84,4,,0,55,,52550,84,4,,0,10,,52551,84,4,,0,10,,52552,84,4,,0,10,,52553,84,4,,0,10,,52554,84,4,,0,10,,52555,84,4,,0,50,,52556,84,4,,0,10,,52557,84,4,,0,10,,52558,84,4,,0,10,,52559,84,4,,0,10,,52560,84,4,,0,10,,52561,84,4,,0,50,,52562,84,4,,0,10,,52563,84,4,,0,10,,52564,84,4,,0,10,,52565,84,4,,0,10,,52566,84,4,,0,10,,52567,84,4,,0,50,,52568,84,4,,0,15,,52569,84,4,,0,15,,52570,84,4,,0,15,,52571,84,4,,0,9,,52591,84,4,,0,70,,52592,84,4,,0,30,,52593,84,4,,0,70,,52594,84,4,,0,30,,52595,84,4,,0,70,,52596,84,4,,0,30,,52597,84,4,,0,70,,52598,84,4,,0,30,,52599,84,4,,0,70,,52600,84,4,,0,30,,52601,84,4,,0,70,,52602,84,4,,0,30,,52603,84,4,,0,70,,52604,84,4,,0
1801,'1379',626,,52644,84,4,,0,30,,52645,84,4,,0,55,,52609,84,4,,0,20,,52608,84,4,,0,15,,52607,84,4,,0,55,,52606,84,4,,0,10,,52610,84,4,,0,10,,52611,84,4,,0,10,,52612,84,4,,0,10,,52613,84,4,,0,10,,52614,84,4,,0,50,,52615,84,4,,0,15,,52616,84,4,,0,15,,52617,84,4,,0,15,,52618,84,4,,0,10,,52646,84,4,,0,55,,52647,84,4,,0,15,,52648,84,4,,0,15,,52649,84,4,,0,15,,52650,84,4,,0,55,,52651,84,4,,0,15,,52652,84,4,,0,15,,52653,84,4,,0,15,,52654,84,4,,0,55,,52655,84,4,,0,15,,52656,84,4,,0,15,,52657,84,4,,0,15,,52658,84,4,,0,49,,52677,68,4,,0,6,,52659,84,4,,0,15,,52660,84,4,,0,15,,52661,84,4,,0,15,,52662,84,4,,0,62,,52619,84,4,,0,15,,52620,84,4,,0,15,,52621,84,4,,0,55,,52622,84,4,,0,10,,52623,84,4,,0,10,,52624,84,4,,0,10,,52625,84,4,,0,10,,52626,84,4,,0,10,,52627,84,4,,0,50,,52628,84,4,,0,10,,52629,84,4,,0,10,,52630,84,4,,0,10,,52631,84,4,,0,10,,52632,84,4,,0,10,,52633,84,4,,0,50,,52634,84,4,,0,10,,52635,84,4,,0,10,,52636,84,4,,0,10,,52637,84,4,,0,10,,52638,84,4,,0,10,,52639,84,4,,0,50,,52640,84,4,,0,15,,52641,84,4,,0,15,,52642,84,4,,0,15,,52643,84,4,,0,9,,52663,84,4,,0,70,,52664,84,4,,0,30,,52665,84,4,,0,70,,52666,84,4,,0,30,,52667,84,4,,0,70,,52668,84,4,,0,30,,52669,84,4,,0,70,,52670,84,4,,0,30,,52671,84,4,,0,70,,52672,84,4,,0,30,,52673,84,4,,0,70,,52674,84,4,,0,30,,52675,84,4,,0,70,,52676,84,4,,0
1801,'1380',626,,52716,84,4,,0,30,,52717,84,4,,0,55,,52681,84,4,,0,20,,52680,84,4,,0,15,,52679,84,4,,0,55,,52678,84,4,,0,10,,52682,84,4,,0,10,,52683,84,4,,0,10,,52684,84,4,,0,10,,52685,84,4,,0,10,,52686,84,4,,0,50,,52687,84,4,,0,15,,52688,84,4,,0,15,,52689,84,4,,0,15,,52690,84,4,,0,10,,52718,84,4,,0,55,,52719,84,4,,0,15,,52720,84,4,,0,15,,52721,84,4,,0,15,,52722,84,4,,0,55,,52723,84,4,,0,15,,52724,84,4,,0,15,,52725,84,4,,0,15,,52726,84,4,,0,55,,52727,84,4,,0,15,,52728,84,4,,0,15,,52729,84,4,,0,15,,52730,84,4,,0,49,,52749,68,4,,0,6,,52731,84,4,,0,15,,52732,84,4,,0,15,,52733,84,4,,0,15,,52734,84,4,,0,62,,52691,84,4,,0,15,,52692,84,4,,0,15,,52693,84,4,,0,55,,52694,84,4,,0,10,,52695,84,4,,0,10,,52696,84,4,,0,10,,52697,84,4,,0,10,,52698,84,4,,0,10,,52699,84,4,,0,50,,52700,84,4,,0,10,,52701,84,4,,0,10,,52702,84,4,,0,10,,52703,84,4,,0,10,,52704,84,4,,0,10,,52705,84,4,,0,50,,52706,84,4,,0,10,,52707,84,4,,0,10,,52708,84,4,,0,10,,52709,84,4,,0,10,,52710,84,4,,0,10,,52711,84,4,,0,50,,52712,84,4,,0,15,,52713,84,4,,0,15,,52714,84,4,,0,15,,52715,84,4,,0,9,,52735,84,4,,0,70,,52736,84,4,,0,30,,52737,84,4,,0,70,,52738,84,4,,0,30,,52739,84,4,,0,70,,52740,84,4,,0,30,,52741,84,4,,0,70,,52742,84,4,,0,30,,52743,84,4,,0,70,,52744,84,4,,0,30,,52745,84,4,,0,70,,52746,84,4,,0,30,,52747,84,4,,0,70,,52748,84,4,,0
1801,'1381',626,,52788,84,4,,0,30,,52789,84,4,,0,55,,52753,84,4,,0,20,,52752,84,4,,0,15,,52751,84,4,,0,55,,52750,84,4,,0,10,,52754,84,4,,0,10,,52755,84,4,,0,10,,52756,84,4,,0,10,,52757,84,4,,0,10,,52758,84,4,,0,50,,52759,84,4,,0,15,,52760,84,4,,0,15,,52761,84,4,,0,15,,52762,84,4,,0,10,,52790,84,4,,0,55,,52791,84,4,,0,15,,52792,84,4,,0,15,,52793,84,4,,0,15,,52794,84,4,,0,55,,52795,84,4,,0,15,,52796,84,4,,0,15,,52797,84,4,,0,15,,52798,84,4,,0,55,,52799,84,4,,0,15,,52800,84,4,,0,15,,52801,84,4,,0,15,,52802,84,4,,0,49,,52821,68,4,,0,6,,52803,84,4,,0,15,,52804,84,4,,0,15,,52805,84,4,,0,15,,52806,84,4,,0,62,,52763,84,4,,0,15,,52764,84,4,,0,15,,52765,84,4,,0,55,,52766,84,4,,0,10,,52767,84,4,,0,10,,52768,84,4,,0,10,,52769,84,4,,0,10,,52770,84,4,,0,10,,52771,84,4,,0,50,,52772,84,4,,0,10,,52773,84,4,,0,10,,52774,84,4,,0,10,,52775,84,4,,0,10,,52776,84,4,,0,10,,52777,84,4,,0,50,,52778,84,4,,0,10,,52779,84,4,,0,10,,52780,84,4,,0,10,,52781,84,4,,0,10,,52782,84,4,,0,10,,52783,84,4,,0,50,,52784,84,4,,0,15,,52785,84,4,,0,15,,52786,84,4,,0,15,,52787,84,4,,0,9,,52807,84,4,,0,70,,52808,84,4,,0,30,,52809,84,4,,0,70,,52810,84,4,,0,30,,52811,84,4,,0,70,,52812,84,4,,0,30,,52813,84,4,,0,70,,52814,84,4,,0,30,,52815,84,4,,0,70,,52816,84,4,,0,30,,52817,84,4,,0,70,,52818,84,4,,0,30,,52819,84,4,,0,70,,52820,84,4,,0
1801,'1382',626,,52860,84,4,,0,30,,52861,84,4,,0,55,,52825,84,4,,0,20,,52824,84,4,,0,15,,52823,84,4,,0,55,,52822,84,4,,0,10,,52826,84,4,,0,10,,52827,84,4,,0,10,,52828,84,4,,0,10,,52829,84,4,,0,10,,52830,84,4,,0,50,,52831,84,4,,0,15,,52832,84,4,,0,15,,52833,84,4,,0,15,,52834,84,4,,0,10,,52862,84,4,,0,55,,52863,84,4,,0,15,,52864,84,4,,0,15,,52865,84,4,,0,15,,52866,84,4,,0,55,,52867,84,4,,0,15,,52868,84,4,,0,15,,52869,84,4,,0,15,,52870,84,4,,0,55,,52871,84,4,,0,15,,52872,84,4,,0,15,,52873,84,4,,0,15,,52874,84,4,,0,49,,52893,68,4,,0,6,,52875,84,4,,0,15,,52876,84,4,,0,15,,52877,84,4,,0,15,,52878,84,4,,0,62,,52835,84,4,,0,15,,52836,84,4,,0,15,,52837,84,4,,0,55,,52838,84,4,,0,10,,52839,84,4,,0,10,,52840,84,4,,0,10,,52841,84,4,,0,10,,52842,84,4,,0,10,,52843,84,4,,0,50,,52844,84,4,,0,10,,52845,84,4,,0,10,,52846,84,4,,0,10,,52847,84,4,,0,10,,52848,84,4,,0,10,,52849,84,4,,0,50,,52850,84,4,,0,10,,52851,84,4,,0,10,,52852,84,4,,0,10,,52853,84,4,,0,10,,52854,84,4,,0,10,,52855,84,4,,0,50,,52856,84,4,,0,15,,52857,84,4,,0,15,,52858,84,4,,0,15,,52859,84,4,,0,9,,52879,84,4,,0,70,,52880,84,4,,0,30,,52881,84,4,,0,70,,52882,84,4,,0,30,,52883,84,4,,0,70,,52884,84,4,,0,30,,52885,84,4,,0,70,,52886,84,4,,0,30,,52887,84,4,,0,70,,52888,84,4,,0,30,,52889,84,4,,0,70,,52890,84,4,,0,30,,52891,84,4,,0,70,,52892,84,4,,0
2800,'1377',800,,53877,37,4,,0,110,,53878,37,4,,0,110,,53879,37,4,,0,110,,53880,37,4,,0,110,,53881,37,4,,0,110,,53882,37,4,,0,150,,53883,37,4,,0,110,,53884,37,4,,0,110,,53885,37,4,,0,110,,53886,37,4,,0,110,,53887,37,4,,0
2800,'1378',700,,53893,38,4,,0,35,,53894,38,4,,0,75,,53895,38,4,,0,35,,53896,38,4,,0,75,,53897,38,4,,0,35,,53898,38,4,,0,75,,53899,38,4,,0,75,,53900,38,4,,0,35,,53901,38,4,,0,75,,53902,38,4,,0,35,,53903,38,4,,0,75,,53904,38,4,,0,75,,53905,38,4,,0,35,,53906,38,4,,0,75,,53907,38,4,,0,35,,53908,38,4,,0,75,,53909,38,4,,0,35,,53910,38,4,,0,75,,53888,37,4,,0,75,,53889,37,4,,0,35,,53890,37,4,,0,75,,53891,37,4,,0,35,,53892,37,4,,0
2800,'1379',700,,53916,38,4,,0,35,,53917,38,4,,0,75,,53918,38,4,,0,35,,53919,38,4,,0,75,,53920,38,4,,0,35,,53921,38,4,,0,75,,53922,38,4,,0,75,,53923,38,4,,0,35,,53924,38,4,,0,75,,53925,38,4,,0,35,,53926,38,4,,0,75,,53927,38,4,,0,75,,53928,38,4,,0,35,,53929,38,4,,0,75,,53930,38,4,,0,35,,53931,38,4,,0,75,,53932,38,4,,0,35,,53933,38,4,,0,75,,53911,37,4,,0,75,,53912,37,4,,0,35,,53913,37,4,,0,75,,53914,37,4,,0,35,,53915,37,4,,0
2800,'1380',700,,53939,38,4,,0,35,,53940,38,4,,0,75,,53941,38,4,,0,35,,53942,38,4,,0,75,,53943,38,4,,0,35,,53944,38,4,,0,75,,53945,38,4,,0,75,,53946,38,4,,0,35,,53947,38,4,,0,75,,53948,38,4,,0,35,,53949,38,4,,0,75,,53950,38,4,,0,75,,53951,38,4,,0,35,,53952,38,4,,0,75,,53953,38,4,,0,35,,53954,38,4,,0,75,,53955,38,4,,0,35,,53956,38,4,,0,75,,53934,37,4,,0,75,,53935,37,4,,0,35,,53936,37,4,,0,75,,53937,37,4,,0,35,,53938,37,4,,0
2800,'1381',700,,53962,38,4,,0,35,,53963,38,4,,0,75,,53964,38,4,,0,35,,53965,38,4,,0,75,,53966,38,4,,0,35,,53967,38,4,,0,75,,53968,38,4,,0,75,,53969,38,4,,0,35,,53970,38,4,,0,75,,53971,38,4,,0,35,,53972,38,4,,0,75,,53973,38,4,,0,75,,53974,38,4,,0,35,,53975,38,4,,0,75,,53976,38,4,,0,35,,53977,38,4,,0,75,,53978,38,4,,0,35,,53979,38,4,,0,75,,53957,37,4,,0,75,,53958,37,4,,0,35,,53959,37,4,,0,75,,53960,37,4,,0,35,,53961,37,4,,0
2800,'1382',700,,53985,38,4,,0,35,,53986,38,4,,0,75,,53987,38,4,,0,35,,53988,38,4,,0,75,,53989,38,4,,0,35,,53990,38,4,,0,75,,53991,38,4,,0,75,,53992,38,4,,0,35,,53993,38,4,,0,75,,53994,38,4,,0,35,,53995,38,4,,0,75,,53996,38,4,,0,75,,53997,38,4,,0,35,,53998,38,4,,0,75,,53999,38,4,,0,35,,54000,38,4,,0,75,,54001,38,4,,0,35,,54002,38,4,,0,75,,53980,37,4,,0,75,,53981,37,4,,0,35,,53982,37,4,,0,75,,53983,37,4,,0,35,,53984,37,4,,0
400100,'1376',920,,54299,1,0,11,0,35,,54298,1,0,11,0,75,,54297,1,0,11,0,75,,54296,1,0,11,0,35,,54295,1,0,11,0,75,,54294,1,0,11,0,35,,54293,1,0,11,0,75,,54292,1,0,11,0,75,,54291,1,0,11,0,35,,54290,1,0,11,0,75,,54289,1,0,11,0,35,,54288,1,0,11,0,75,,54287,1,0,11,0,35,,54286,1,0,11,0,75,,54285,1,0,11,0,75,,54284,1,0,11,0
400100,'1377',745,,54300,1,0,11,0,75,,54301,1,0,11,0,35,,54302,1,0,11,0,75,,54303,1,0,11,0,75,,54304,1,0,11,0,35,,54305,1,0,11,0,75,,54306,1,0,11,0,35,,54307,1,0,11,0,75,,54308,1,0,11,0,75,,54309,1,0,11,0,35,,54310,1,0,11,0,75,,54311,1,0,11,0,35,,54312,1,0,11,0,75,,54313,1,0,11,0,35,,54314,1,0,11,0,75,,54315,1,0,11,0,75,,54316,1,0,11,0,35,,54317,1,0,11,0,75,,54318,1,0,11,0,35,,54319,1,0,11,0
400100,'1378',645,,54320,1,0,11,0,75,,54321,1,0,11,0,35,,54322,1,0,11,0,75,,54323,1,0,11,0,75,,54324,1,0,11,0,35,,54325,1,0,11,0,75,,54326,1,0,11,0,35,,54327,1,0,11,0,75,,54328,1,0,11,0,75,,54329,1,0,11,0,35,,54330,1,0,11,0,75,,54331,1,0,11,0,35,,54332,1,0,11,0,75,,54333,1,0,11,0,35,,54334,1,0,11,0,75,,54335,1,0,11,0,75,,54336,1,0,11,0,35,,54337,1,0,11,0,75,,54338,1,0,11,0,35,,54339,1,0,11,0,75,,54340,1,0,11,0,75,,54341,1,0,11,0,35,,54342,1,0,11,0,75,,54343,1,0,11,0,35,,54344,1,0,11,0,75,,54345,1,0,11,0,35,,54346,1,0,11,0
400100,'1379',645,,54347,1,0,11,0,75,,54348,1,0,11,0,35,,54349,1,0,11,0,75,,54350,1,0,11,0,75,,54351,1,0,11,0,35,,54352,1,0,11,0,75,,54353,1,0,11,0,35,,54354,1,0,11,0,75,,54355,1,0,11,0,75,,54356,1,0,11,0,35,,54357,1,0,11,0,75,,54358,1,0,11,0,35,,54359,1,0,11,0,75,,54360,1,0,11,0,35,,54361,1,0,11,0,75,,54362,1,0,11,0,75,,54363,1,0,11,0,35,,54364,1,0,11,0,75,,54365,1,0,11,0,35,,54366,1,0,11,0,75,,54367,1,0,11,0,75,,54368,1,0,11,0,35,,54369,1,0,11,0,75,,54370,1,0,11,0,35,,54371,1,0,11,0,75,,54372,1,0,11,0,35,,54373,1,0,11,0
400100,'1380',645,,54374,1,0,11,0,75,,54375,1,0,11,0,35,,54376,1,0,11,0,75,,54377,1,0,11,0,75,,54378,1,0,11,0,35,,54379,1,0,11,0,75,,54380,1,0,11,0,35,,54381,1,0,11,0,75,,54382,1,0,11,0,75,,54383,1,0,11,0,35,,54384,1,0,11,0,75,,54385,1,0,11,0,35,,54386,1,0,11,0,75,,54387,1,0,11,0,35,,54388,1,0,11,0,75,,54389,1,0,11,0,75,,54390,1,0,11,0,35,,54391,1,0,11,0,75,,54392,1,0,11,0,35,,54393,1,0,11,0,75,,54394,1,0,11,0,75,,54395,1,0,11,0,35,,54396,1,0,11,0,75,,54397,1,0,11,0,35,,54398,1,0,11,0,75,,54399,1,0,11,0,35,,54400,1,0,11,0
400100,'1381',645,,54401,1,0,11,0,75,,54402,1,0,11,0,35,,54403,1,0,11,0,75,,54404,1,0,11,0,75,,54405,1,0,11,0,35,,54406,1,0,11,0,75,,54407,1,0,11,0,35,,54408,1,0,11,0,75,,54409,1,0,11,0,75,,54410,1,0,11,0,35,,54411,1,0,11,0,75,,54412,1,0,11,0,35,,54413,1,0,11,0,75,,54414,1,0,11,0,35,,54415,1,0,11,0,75,,54416,1,0,11,0,75,,54417,1,0,11,0,35,,54418,1,0,11,0,75,,54419,1,0,11,0,35,,54420,1,0,11,0,75,,54421,1,0,11,0,75,,54422,1,0,11,0,35,,54423,1,0,11,0,75,,54424,1,0,11,0,35,,54425,1,0,11,0,75,,54426,1,0,11,0,35,,54427,1,0,11,0
400100,'1382',645,,54428,1,0,11,0,75,,54429,1,0,11,0,35,,54430,1,0,11,0,75,,54431,1,0,11,0,75,,54432,1,0,11,0,35,,54433,1,0,11,0,75,,54434,1,0,11,0,35,,54435,1,0,11,0,75,,54436,1,0,11,0,75,,54437,1,0,11,0,35,,54438,1,0,11,0,75,,54439,1,0,11,0,35,,54440,1,0,11,0,75,,54441,1,0,11,0,35,,54442,1,0,11,0,75,,54443,1,0,11,0,75,,54444,1,0,11,0,35,,54445,1,0,11,0,75,,54446,1,0,11,0,35,,54447,1,0,11,0,75,,54448,1,0,11,0,75,,54449,1,0,11,0,35,,54450,1,0,11,0,75,,54451,1,0,11,0,35,,54452,1,0,11,0,75,,54453,1,0,11,0,35,,54454,1,0,11,0
400101,'1376',1027,,54470,5,4,,0,75,,54469,5,4,,0,35,,54468,5,4,,0,75,,54467,5,4,,0,35,,54466,5,4,,0,75,,54465,5,4,,0,35,,54464,5,4,,0,75,,54463,5,4,,0,75,,54462,5,4,,0,35,,54461,5,4,,0,75,,54460,5,4,,0,35,,54459,5,4,,0,75,,54458,5,4,,0,75,,54457,5,4,,0,35,,54456,5,4,,0,75,,54455,5,4,,0
400101,'1377',852,,54471,5,4,,0,75,,54472,5,4,,0,75,,54473,5,4,,0,35,,54474,5,4,,0,75,,54475,5,4,,0,35,,54476,5,4,,0,75,,54477,5,4,,0,35,,54478,5,4,,0,75,,54479,5,4,,0,75,,54480,5,4,,0,35,,54481,5,4,,0,75,,54482,5,4,,0,35,,54483,5,4,,0,75,,54484,5,4,,0,75,,54485,5,4,,0,35,,54486,5,4,,0,75,,54487,5,4,,0,35,,54488,5,4,,0,75,,54489,5,4,,0,35,,54490,5,4,,0
400101,'1378',752,,54491,5,4,,0,75,,54492,5,4,,0,75,,54493,5,4,,0,35,,54494,5,4,,0,75,,54495,5,4,,0,35,,54496,5,4,,0,75,,54497,5,4,,0,35,,54498,5,4,,0,75,,54499,5,4,,0,75,,54500,5,4,,0,35,,54501,5,4,,0,75,,54502,5,4,,0,35,,54503,5,4,,0,75,,54504,5,4,,0,75,,54505,5,4,,0,35,,54506,5,4,,0,75,,54507,5,4,,0,35,,54508,5,4,,0,75,,54509,5,4,,0,35,,54510,5,4,,0,75,,54511,5,4,,0,75,,54512,5,4,,0,35,,54513,5,4,,0,75,,54514,5,4,,0,35,,54515,5,4,,0,75,,54516,5,4,,0,75,,54517,5,4,,0
400101,'1379',752,,54518,5,4,,0,75,,54519,5,4,,0,75,,54520,5,4,,0,35,,54521,5,4,,0,75,,54522,5,4,,0,35,,54523,5,4,,0,75,,54524,5,4,,0,35,,54525,5,4,,0,75,,54526,5,4,,0,75,,54527,5,4,,0,35,,54528,5,4,,0,75,,54529,5,4,,0,35,,54530,5,4,,0,75,,54531,5,4,,0,75,,54532,5,4,,0,35,,54533,5,4,,0,75,,54534,5,4,,0,35,,54535,5,4,,0,75,,54536,5,4,,0,35,,54537,5,4,,0,75,,54538,5,4,,0,75,,54539,5,4,,0,35,,54540,5,4,,0,75,,54541,5,4,,0,35,,54542,5,4,,0,75,,54543,5,4,,0,75,,54544,5,4,,0
400101,'1380',752,,54545,5,4,,0,75,,54546,5,4,,0,75,,54547,5,4,,0,35,,54548,5,4,,0,75,,54549,5,4,,0,35,,54550,5,4,,0,75,,54551,5,4,,0,35,,54552,5,4,,0,75,,54553,5,4,,0,75,,54554,5,4,,0,35,,54555,5,4,,0,75,,54556,5,4,,0,35,,54557,5,4,,0,75,,54558,5,4,,0,75,,54559,5,4,,0,35,,54560,5,4,,0,75,,54561,5,4,,0,35,,54562,5,4,,0,75,,54563,5,4,,0,35,,54564,5,4,,0,75,,54565,5,4,,0,75,,54566,5,4,,0,35,,54567,5,4,,0,75,,54568,5,4,,0,35,,54569,5,4,,0,75,,54570,5,4,,0,75,,54571,5,4,,0
400101,'1381',752,,54572,5,4,,0,75,,54573,5,4,,0,75,,54574,5,4,,0,35,,54575,5,4,,0,75,,54576,5,4,,0,35,,54577,5,4,,0,75,,54578,5,4,,0,35,,54579,5,4,,0,75,,54580,5,4,,0,75,,54581,5,4,,0,35,,54582,5,4,,0,75,,54583,5,4,,0,35,,54584,5,4,,0,75,,54585,5,4,,0,75,,54586,5,4,,0,35,,54587,5,4,,0,75,,54588,5,4,,0,35,,54589,5,4,,0,75,,54590,5,4,,0,35,,54591,5,4,,0,75,,54592,5,4,,0,75,,54593,5,4,,0,35,,54594,5,4,,0,75,,54595,5,4,,0,35,,54596,5,4,,0,75,,54597,5,4,,0,75,,54598,5,4,,0
400101,'1382',752,,54599,5,4,,0,75,,54600,5,4,,0,75,,54601,5,4,,0,35,,54602,5,4,,0,75,,54603,5,4,,0,35,,54604,5,4,,0,75,,54605,5,4,,0,35,,54606,5,4,,0,75,,54607,5,4,,0,75,,54608,5,4,,0,35,,54609,5,4,,0,75,,54610,5,4,,0,35,,54611,5,4,,0,75,,54612,5,4,,0,75,,54613,5,4,,0,35,,54614,5,4,,0,75,,54615,5,4,,0,35,,54616,5,4,,0,75,,54617,5,4,,0,35,,54618,5,4,,0,75,,54619,5,4,,0,75,,54620,5,4,,0,35,,54621,5,4,,0,75,,54622,5,4,,0,35,,54623,5,4,,0,75,,54624,5,4,,0,75,,54625,5,4,,0
