1701,'1369',736,,44364,51,,,0,100,,44363,51,,,0,100,,44362,51,,,0,108,,44361,51,,,0,80,,44360,51,,,0,80,,44359,51,,,0,40,,44358,51,,,0,80,,44357,51,,,0,80,,44356,51,,,0,40,,44355,51,,,0,80,,44354,51,,,0,80,,44353,51,,,0,40,,44352,51,,,0,80,,44351,51,,,0,80,,44350,51,,,0,40,,44349,51,,,0,80,,44348,51,,,0,80,,44347,51,,,0
1701,'1370',614,,44390,51,,,0,30,,44391,51,,,0,70,,44392,51,,,0,30,,44393,51,,,0,70,,44394,51,,,0,30,,44395,51,,,0,70,,44396,51,,,0,30,,44365,51,,,0,70,,44366,51,,,0,30,,44367,51,,,0,60,,44368,51,,,0,20,,44369,51,,,0,20,,44370,51,,,0,60,,44371,51,,,0,20,,44372,51,,,0,20,,44373,51,,,0,60,,44374,51,,,0,20,,44375,51,,,0,20,,44376,51,,,0,60,,44377,51,,,0,20,,44378,51,,,0,20,,44379,51,,,0,60,,44380,51,,,0,20,,44381,51,,,0,20,,44382,51,,,0,60,,44383,51,,,0,20,,44384,51,,,0,20,,44385,51,,,0,60,,44386,51,,,0,20,,44387,51,,,0,20,,44397,51,,,0,60,,44388,51,,,0,20,,44389,51,,,0,20,,44398,51,,,0,70,,44399,51,,,0,30,,44400,51,,,0,70,,44401,51,,,0,30,,44402,51,,,0,70,,44403,51,,,0,30,,44404,51,,,0,70,,44405,51,,,0,30,,44406,51,,,0,70,,44407,51,,,0,30,,44408,51,,,0,70,,44409,51,,,0,30,,44410,51,,,0,70,,44411,51,,,0
1701,'1371',612,,44412,51,,,0,30,,44413,51,,,0,15,,44414,51,,,0,55,,44415,51,,,0,15,,44416,51,,,0,15,,44417,51,,,0,10,,44418,51,,,0,50,,44419,51,,,0,10,,44420,51,,,0,10,,44421,51,,,0,10,,44422,51,,,0,10,,44423,51,,,0,10,,44424,51,,,0,50,,44425,51,,,0,10,,44426,51,,,0,10,,44427,51,,,0,10,,44428,51,,,0,10,,44429,51,,,0,10,,44430,51,,,0,50,,44431,51,,,0,10,,44432,51,,,0,10,,44433,51,,,0,10,,44434,51,,,0,10,,44435,51,,,0,10,,44436,51,,,0,50,,44437,51,,,0,10,,44438,51,,,0,10,,44439,51,,,0,10,,44440,51,,,0,10,,44441,51,,,0,10,,44442,51,,,0,50,,44443,51,,,0,10,,44444,51,,,0,10,,44445,51,,,0,10,,44446,51,,,0,10,,44447,51,,,0,10,,44448,51,,,0,50,,44449,51,,,0,10,,44450,51,,,0,10,,44451,51,,,0,10,,44452,51,,,0,10,,44453,51,,,0,10,,44454,51,,,0,50,,44455,51,,,0,10,,44456,51,,,0,10,,44457,51,,,0,10,,44458,51,,,0,10,,44459,51,,,0,10,,44460,51,,,0,50,,44461,51,,,0,10,,44462,51,,,0,10,,44463,51,,,0,10,,44464,51,,,0,10,,44465,51,,,0,10,,44466,51,,,0,50,,44467,51,,,0,10,,44468,51,,,0,10,,44469,51,,,0,10,,44470,51,,,0,10,,44471,51,,,0,10,,44472,51,,,0,50,,44473,51,,,0,10,,44474,51,,,0,10,,44475,51,,,0,10,,44476,51,,,0,10,,44477,51,,,0,10,,44478,51,,,0,50,,44479,51,,,0,10,,44480,51,,,0,10,,44481,51,,,0,10,,44482,51,,,0,10,,44483,51,,,0,15,,44484,51,,,0,55,,44485,51,,,0,15,,44486,51,,,0,15,,44487,51,,,0,70,,44488,51,,,0,30,,44489,51,,,0,70,,44490,51,,,0,30,,44491,51,,,0,70,,44492,51,,,0,30,,44493,51,,,0,70,,44494,51,,,0,30,,44495,51,,,0,70,,44496,51,,,0,30,,44497,51,,,0,70,,44498,51,,,0
1701,'1372',612,,44499,51,,,0,30,,44500,51,,,0,15,,44501,51,,,0,55,,44502,51,,,0,15,,44503,51,,,0,15,,44504,51,,,0,10,,44505,51,,,0,50,,44506,51,,,0,10,,44507,51,,,0,10,,44508,51,,,0,10,,44509,51,,,0,10,,44510,51,,,0,10,,44511,51,,,0,50,,44512,51,,,0,10,,44513,51,,,0,10,,44514,51,,,0,10,,44515,51,,,0,10,,44516,51,,,0,10,,44517,51,,,0,50,,44518,51,,,0,10,,44519,51,,,0,10,,44520,51,,,0,10,,44521,51,,,0,10,,44522,51,,,0,10,,44523,51,,,0,50,,44524,51,,,0,10,,44525,51,,,0,10,,44526,51,,,0,10,,44527,51,,,0,10,,44528,51,,,0,10,,44529,51,,,0,50,,44530,51,,,0,10,,44531,51,,,0,10,,44532,51,,,0,10,,44533,51,,,0,10,,44534,51,,,0,10,,44535,51,,,0,50,,44536,51,,,0,10,,44537,51,,,0,10,,44538,51,,,0,10,,44539,51,,,0,10,,44540,51,,,0,10,,44541,51,,,0,50,,44542,51,,,0,10,,44543,51,,,0,10,,44544,51,,,0,10,,44545,51,,,0,10,,44546,51,,,0,10,,44547,51,,,0,50,,44548,51,,,0,10,,44549,51,,,0,10,,44550,51,,,0,10,,44551,51,,,0,10,,44552,51,,,0,10,,44553,51,,,0,50,,44554,51,,,0,10,,44555,51,,,0,10,,44556,51,,,0,10,,44557,51,,,0,10,,44558,51,,,0,10,,44559,51,,,0,50,,44560,51,,,0,10,,44561,51,,,0,10,,44562,51,,,0,10,,44563,51,,,0,10,,44564,51,,,0,10,,44565,51,,,0,50,,44566,51,,,0,10,,44567,51,,,0,10,,44568,51,,,0,10,,44569,51,,,0,10,,44570,51,,,0,15,,44571,51,,,0,55,,44572,51,,,0,15,,44573,51,,,0,15,,44574,51,,,0,70,,44575,51,,,0,30,,44576,51,,,0,70,,44577,51,,,0,30,,44578,51,,,0,70,,44579,51,,,0,30,,44580,51,,,0,70,,44581,51,,,0,30,,44582,51,,,0,70,,44583,51,,,0,30,,44584,51,,,0,70,,44585,51,,,0
1701,'1373',612,,44586,51,,,0,30,,44587,51,,,0,15,,44588,51,,,0,55,,44589,51,,,0,15,,44590,51,,,0,15,,44591,51,,,0,10,,44592,51,,,0,50,,44593,51,,,0,10,,44594,51,,,0,10,,44595,51,,,0,10,,44596,51,,,0,10,,44597,51,,,0,10,,44598,51,,,0,50,,44599,51,,,0,10,,44600,51,,,0,10,,44601,51,,,0,10,,44602,51,,,0,10,,44603,51,,,0,10,,44604,51,,,0,50,,44605,51,,,0,10,,44606,51,,,0,10,,44607,51,,,0,10,,44608,51,,,0,10,,44609,51,,,0,10,,44610,51,,,0,50,,44611,51,,,0,10,,44612,51,,,0,10,,44613,51,,,0,10,,44614,51,,,0,10,,44615,51,,,0,10,,44616,51,,,0,50,,44617,51,,,0,10,,44618,51,,,0,10,,44619,51,,,0,10,,44620,51,,,0,10,,44621,51,,,0,10,,44622,51,,,0,50,,44623,51,,,0,10,,44624,51,,,0,10,,44625,51,,,0,10,,44626,51,,,0,10,,44627,51,,,0,10,,44628,51,,,0,50,,44629,51,,,0,10,,44630,51,,,0,10,,44631,51,,,0,10,,44632,51,,,0,10,,44633,51,,,0,10,,44634,51,,,0,50,,44635,51,,,0,10,,44636,51,,,0,10,,44637,51,,,0,10,,44638,51,,,0,10,,44639,51,,,0,10,,44640,51,,,0,50,,44641,51,,,0,10,,44642,51,,,0,10,,44643,51,,,0,10,,44644,51,,,0,10,,44645,51,,,0,10,,44646,51,,,0,50,,44647,51,,,0,10,,44648,51,,,0,10,,44649,51,,,0,10,,44650,51,,,0,10,,44651,51,,,0,10,,44652,51,,,0,50,,44653,51,,,0,10,,44654,51,,,0,10,,44655,51,,,0,10,,44656,51,,,0,10,,44657,51,,,0,15,,44658,51,,,0,55,,44659,51,,,0,15,,44660,51,,,0,15,,44661,51,,,0,70,,44662,51,,,0,30,,44663,51,,,0,70,,44664,51,,,0,30,,44665,51,,,0,70,,44666,51,,,0,30,,44667,51,,,0,70,,44668,51,,,0,30,,44669,51,,,0,70,,44670,51,,,0,30,,44671,51,,,0,70,,44672,51,,,0
1701,'1374',612,,44673,51,,,0,30,,44674,51,,,0,15,,44675,51,,,0,55,,44676,51,,,0,15,,44677,51,,,0,15,,44678,51,,,0,10,,44679,51,,,0,50,,44680,51,,,0,10,,44681,51,,,0,10,,44682,51,,,0,10,,44683,51,,,0,10,,44684,51,,,0,10,,44685,51,,,0,50,,44686,51,,,0,10,,44687,51,,,0,10,,44688,51,,,0,10,,44689,51,,,0,10,,44690,51,,,0,10,,44691,51,,,0,50,,44692,51,,,0,10,,44693,51,,,0,10,,44694,51,,,0,10,,44695,51,,,0,10,,44696,51,,,0,10,,44697,51,,,0,50,,44698,51,,,0,10,,44699,51,,,0,10,,44700,51,,,0,10,,44701,51,,,0,10,,44702,51,,,0,10,,44703,51,,,0,50,,44704,51,,,0,10,,44705,51,,,0,10,,44706,51,,,0,10,,44707,51,,,0,10,,44708,51,,,0,10,,44709,51,,,0,50,,44710,51,,,0,10,,44711,51,,,0,10,,44712,51,,,0,10,,44713,51,,,0,10,,44714,51,,,0,10,,44715,51,,,0,50,,44716,51,,,0,10,,44717,51,,,0,10,,44718,51,,,0,10,,44719,51,,,0,10,,44720,51,,,0,10,,44721,51,,,0,50,,44722,51,,,0,10,,44723,51,,,0,10,,44724,51,,,0,10,,44725,51,,,0,10,,44726,51,,,0,10,,44727,51,,,0,50,,44728,51,,,0,10,,44729,51,,,0,10,,44730,51,,,0,10,,44731,51,,,0,10,,44732,51,,,0,10,,44733,51,,,0,50,,44734,51,,,0,10,,44735,51,,,0,10,,44736,51,,,0,10,,44737,51,,,0,10,,44738,51,,,0,10,,44739,51,,,0,50,,44740,51,,,0,10,,44741,51,,,0,10,,44742,51,,,0,10,,44743,51,,,0,10,,44744,51,,,0,15,,44745,51,,,0,55,,44746,51,,,0,15,,44747,51,,,0,15,,44748,51,,,0,70,,44749,51,,,0,30,,44750,51,,,0,70,,44751,51,,,0,30,,44752,51,,,0,70,,44753,51,,,0,30,,44754,51,,,0,70,,44755,51,,,0,30,,44756,51,,,0,70,,44757,51,,,0,30,,44758,51,,,0,70,,44759,51,,,0
1701,'1375',612,,44760,51,,,0,30,,44761,51,,,0,15,,44762,51,,,0,55,,44763,51,,,0,15,,44764,51,,,0,15,,44765,51,,,0,10,,44766,51,,,0,50,,44767,51,,,0,10,,44768,51,,,0,10,,44769,51,,,0,10,,44770,51,,,0,10,,44771,51,,,0,10,,44772,51,,,0,50,,44773,51,,,0,10,,44774,51,,,0,10,,44775,51,,,0,10,,44776,51,,,0,10,,44777,51,,,0,10,,44778,51,,,0,50,,44779,51,,,0,10,,44780,51,,,0,10,,44781,51,,,0,10,,44782,51,,,0,10,,44783,51,,,0,10,,44784,51,,,0,50,,44785,51,,,0,10,,44786,51,,,0,10,,44787,51,,,0,10,,44788,51,,,0,10,,44789,51,,,0,10,,44790,51,,,0,50,,44791,51,,,0,10,,44792,51,,,0,10,,44793,51,,,0,10,,44794,51,,,0,10,,44795,51,,,0,10,,44796,51,,,0,50,,44797,51,,,0,10,,44798,51,,,0,10,,44799,51,,,0,10,,44800,51,,,0,10,,44801,51,,,0,10,,44802,51,,,0,50,,44803,51,,,0,10,,44804,51,,,0,10,,44805,51,,,0,10,,44806,51,,,0,10,,44807,51,,,0,10,,44808,51,,,0,50,,44809,51,,,0,10,,44810,51,,,0,10,,44811,51,,,0,10,,44812,51,,,0,10,,44813,51,,,0,10,,44814,51,,,0,50,,44815,51,,,0,10,,44816,51,,,0,10,,44817,51,,,0,10,,44818,51,,,0,10,,44819,51,,,0,10,,44820,51,,,0,50,,44821,51,,,0,10,,44822,51,,,0,10,,44823,51,,,0,10,,44824,51,,,0,10,,44825,51,,,0,10,,44826,51,,,0,50,,44827,51,,,0,10,,44828,51,,,0,10,,44829,51,,,0,10,,44830,51,,,0,10,,44831,51,,,0,15,,44832,51,,,0,55,,44833,51,,,0,15,,44834,51,,,0,15,,44835,51,,,0,70,,44836,51,,,0,30,,44837,51,,,0,70,,44838,51,,,0,30,,44839,51,,,0,70,,44840,51,,,0,30,,44841,51,,,0,70,,44842,51,,,0,30,,44843,51,,,0,70,,44844,51,,,0,30,,44845,51,,,0,70,,44846,51,,,0
1901,'1369',938,,45911,53,,,0,100,,45910,53,,,0,100,,45909,53,,,0,100,,45908,53,,,0,100,,45907,53,,,0,100,,45906,53,,,0,100,,45905,53,,,0,100,,45904,53,,,0,100,,45903,53,,,0,100,,45902,53,,,0,100,,45901,53,,,0,100,,45900,53,,,0
1901,'1370',838,,45912,53,,,0,100,,45913,53,,,0,100,,45914,53,,,0,70,,45915,53,,,0,30,,45916,53,,,0,70,,45917,53,,,0,30,,45918,53,,,0,70,,45919,53,,,0,30,,45920,53,,,0,70,,45921,53,,,0,30,,45922,53,,,0,70,,45923,53,,,0,30,,45924,53,,,0,70,,45925,53,,,0,30,,45926,53,,,0,70,,45927,53,,,0,30,,45928,53,,,0,70,,45929,53,,,0,30,,45930,53,,,0,70,,45931,53,,,0,30,,45932,53,,,0,70,,45933,53,,,0,30,,45934,53,,,0,100,,45935,53,,,0,100,,45936,53,,,0,100,,45937,53,,,0
1901,'1371',638,,45938,53,,,0,70,,45939,53,,,0,30,,45940,53,,,0,70,,45941,53,,,0,30,,45942,53,,,0,70,,45943,53,,,0,30,,45944,53,,,0,70,,45945,53,,,0,30,,45946,53,,,0,70,,45947,53,,,0,30,,45948,53,,,0,70,,45949,53,,,0,30,,45950,53,,,0,70,,45951,53,,,0,30,,45952,53,,,0,70,,45953,53,,,0,30,,45954,53,,,0,70,,45955,53,,,0,30,,45956,53,,,0,70,,45957,53,,,0,30,,45958,53,,,0,70,,45959,53,,,0,30,,45960,53,,,0,70,,45961,53,,,0,30,,45962,53,,,0,70,,45963,53,,,0,30,,45964,53,,,0,70,,45965,53,,,0,30,,45966,53,,,0,70,,45967,53,,,0,30,,45968,53,,,0,70,,45969,53,,,0,100,,45970,53,,,0,100,,45971,53,,,0
1901,'1372',638,,45972,53,,,0,70,,45973,53,,,0,30,,45974,53,,,0,70,,45975,53,,,0,30,,45976,53,,,0,70,,45977,53,,,0,30,,45978,53,,,0,70,,45979,53,,,0,30,,45980,53,,,0,70,,45981,53,,,0,30,,45982,53,,,0,70,,45983,53,,,0,30,,45984,53,,,0,70,,45985,53,,,0,30,,45986,53,,,0,70,,45987,53,,,0,30,,45988,53,,,0,70,,45989,53,,,0,30,,45990,53,,,0,70,,45991,53,,,0,30,,45992,53,,,0,70,,45993,53,,,0,30,,45994,53,,,0,70,,45995,53,,,0,30,,45996,53,,,0,70,,45997,53,,,0,30,,45998,53,,,0,70,,45999,53,,,0,30,,46000,53,,,0,70,,46001,53,,,0,30,,46002,53,,,0,70,,46003,53,,,0,100,,46004,53,,,0,100,,46005,53,,,0
1901,'1373',638,,46006,53,,,0,70,,46007,53,,,0,30,,46008,53,,,0,70,,46009,53,,,0,30,,46010,53,,,0,70,,46011,53,,,0,30,,46012,53,,,0,70,,46013,53,,,0,30,,46014,53,,,0,70,,46015,53,,,0,30,,46016,53,,,0,70,,46017,53,,,0,30,,46018,53,,,0,70,,46019,53,,,0,30,,46020,53,,,0,70,,46021,53,,,0,30,,46022,53,,,0,70,,46023,53,,,0,30,,46024,53,,,0,70,,46025,53,,,0,30,,46026,53,,,0,70,,46027,53,,,0,30,,46028,53,,,0,70,,46029,53,,,0,30,,46030,53,,,0,70,,46031,53,,,0,30,,46032,53,,,0,70,,46033,53,,,0,30,,46034,53,,,0,70,,46035,53,,,0,30,,46036,53,,,0,70,,46037,53,,,0,100,,46038,53,,,0,100,,46039,53,,,0
1901,'1374',638,,46040,53,,,0,70,,46041,53,,,0,30,,46042,53,,,0,70,,46043,53,,,0,30,,46044,53,,,0,70,,46045,53,,,0,30,,46046,53,,,0,70,,46047,53,,,0,30,,46048,53,,,0,70,,46049,53,,,0,30,,46050,53,,,0,70,,46051,53,,,0,30,,46052,53,,,0,70,,46053,53,,,0,30,,46054,53,,,0,70,,46055,53,,,0,30,,46056,53,,,0,70,,46057,53,,,0,30,,46058,53,,,0,70,,46059,53,,,0,30,,46060,53,,,0,70,,46061,53,,,0,30,,46062,53,,,0,70,,46063,53,,,0,30,,46064,53,,,0,70,,46065,53,,,0,30,,46066,53,,,0,70,,46067,53,,,0,30,,46068,53,,,0,70,,46069,53,,,0,30,,46070,53,,,0,70,,46071,53,,,0,100,,46072,53,,,0,100,,46073,53,,,0
1901,'1375',638,,46074,53,,,0,70,,46075,53,,,0,30,,46076,53,,,0,70,,46077,53,,,0,30,,46078,53,,,0,70,,46079,53,,,0,30,,46080,53,,,0,70,,46081,53,,,0,30,,46082,53,,,0,70,,46083,53,,,0,30,,46084,53,,,0,70,,46085,53,,,0,30,,46086,53,,,0,70,,46087,53,,,0,30,,46088,53,,,0,70,,46089,53,,,0,30,,46090,53,,,0,70,,46091,53,,,0,30,,46092,53,,,0,70,,46093,53,,,0,30,,46094,53,,,0,70,,46095,53,,,0,30,,46096,53,,,0,70,,46097,53,,,0,30,,46098,53,,,0,70,,46099,53,,,0,30,,46100,53,,,0,70,,46101,53,,,0,30,,46102,53,,,0,70,,46103,53,,,0,30,,46104,53,,,0,70,,46105,53,,,0,100,,46106,53,,,0,100,,46107,53,,,0
552201,'1371',713,,47595,18,0,9,0,30,,47596,18,0,9,0,70,,47597,18,0,9,0,30,,47598,18,0,9,0,70,,47599,18,0,9,0,30,,47600,18,0,9,0,70,,47601,18,0,9,0,30,,47602,18,0,9,0,70,,47603,18,0,9,0,30,,47604,18,0,9,0,70,,47605,18,0,9,0,30,,47606,18,0,9,0,70,,47607,18,0,9,0,30,,47608,18,0,9,0,70,,47609,18,0,9,0,30,,47610,18,0,9,0,70,,47611,18,0,9,0,30,,47612,18,0,9,0,70,,47613,18,0,9,0,30,,47614,18,0,9,0,70,,47615,18,0,9,0,30,,47616,18,0,9,0,70,,47617,18,0,9,0
552201,'1372',713,,47618,18,0,9,0,30,,47619,18,0,9,0,70,,47620,18,0,9,0,30,,47621,18,0,9,0,70,,47622,18,0,9,0,30,,47623,18,0,9,0,70,,47624,18,0,9,0,30,,47625,18,0,9,0,70,,47626,18,0,9,0,30,,47627,18,0,9,0,70,,47628,18,0,9,0,30,,47629,18,0,9,0,70,,47630,18,0,9,0,30,,47631,18,0,9,0,70,,47632,18,0,9,0,30,,47633,18,0,9,0,70,,47634,18,0,9,0,30,,47635,18,0,9,0,70,,47636,18,0,9,0,30,,47637,18,0,9,0,70,,47638,18,0,9,0,30,,47639,18,0,9,0,70,,47640,18,0,9,0
552201,'1373',713,,47641,18,0,9,0,30,,47642,18,0,9,0,70,,47643,18,0,9,0,30,,47644,18,0,9,0,70,,47645,18,0,9,0,30,,47646,18,0,9,0,70,,47647,18,0,9,0,30,,47648,18,0,9,0,70,,47649,18,0,9,0,30,,47650,18,0,9,0,70,,47651,18,0,9,0,30,,47652,18,0,9,0,70,,47653,18,0,9,0,30,,47654,18,0,9,0,70,,47655,18,0,9,0,30,,47656,18,0,9,0,70,,47657,18,0,9,0,30,,47658,18,0,9,0,70,,47659,18,0,9,0,30,,47660,18,0,9,0,70,,47661,18,0,9,0,30,,47662,18,0,9,0,70,,47663,18,0,9,0
552201,'1374',713,,47664,18,0,9,0,30,,47665,18,0,9,0,70,,47666,18,0,9,0,30,,47667,18,0,9,0,70,,47668,18,0,9,0,30,,47669,18,0,9,0,70,,47670,18,0,9,0,30,,47671,18,0,9,0,70,,47672,18,0,9,0,30,,47673,18,0,9,0,70,,47674,18,0,9,0,30,,47675,18,0,9,0,70,,47676,18,0,9,0,30,,47677,18,0,9,0,70,,47678,18,0,9,0,30,,47679,18,0,9,0,70,,47680,18,0,9,0,30,,47681,18,0,9,0,70,,47682,18,0,9,0,30,,47683,18,0,9,0,70,,47684,18,0,9,0,30,,47685,18,0,9,0,70,,47686,18,0,9,0
552201,'1375',713,,47687,18,0,9,0,30,,47688,18,0,9,0,70,,47689,18,0,9,0,30,,47690,18,0,9,0,70,,47691,18,0,9,0,30,,47692,18,0,9,0,70,,47693,18,0,9,0,30,,47694,18,0,9,0,70,,47695,18,0,9,0,30,,47696,18,0,9,0,70,,47697,18,0,9,0,30,,47698,18,0,9,0,70,,47699,18,0,9,0,30,,47700,18,0,9,0,70,,47701,18,0,9,0,30,,47702,18,0,9,0,70,,47703,18,0,9,0,30,,47704,18,0,9,0,70,,47705,18,0,9,0,30,,47706,18,0,9,0,70,,47707,18,0,9,0,30,,47708,18,0,9,0,70,,47709,18,0,9,0
