721303,'1383',842,,63599,9,0,15,0,80,,63598,9,0,15,0,80,,63597,9,0,15,0,40,,63596,9,0,15,0,80,,63595,9,0,15,0,80,,63594,9,0,15,0,40,,63593,9,0,15,0,80,,63592,9,0,15,0,80,,63591,9,0,15,0,40,,63590,9,0,15,0,80,,63589,9,0,15,0,80,,63588,9,0,15,0,40,,63587,9,0,15,0,80,,63586,9,0,15,0,80,,63585,9,0,15,0,40,,63584,9,0,15,0,80,,63583,9,0,15,0,80,,63582,9,0,15,0
721303,'1384',642,,63600,9,0,15,0,80,,63601,9,0,15,0,80,,63602,9,0,15,0,40,,63603,9,0,15,0,80,,63604,9,0,15,0,80,,63605,9,0,15,0,40,,63606,9,0,15,0,80,,63607,9,0,15,0,80,,63608,9,0,15,0,20,,63609,9,0,15,0,20,,63610,9,0,15,0,60,,63611,9,0,15,0,20,,63612,9,0,15,0,20,,63613,9,0,15,0,60,,63614,9,0,15,0,20,,63615,9,0,15,0,20,,63616,9,0,15,0,60,,63617,9,0,15,0,20,,63618,9,0,15,0,20,,63619,9,0,15,0,60,,63620,9,0,15,0,20,,63621,9,0,15,0,20,,63622,9,0,15,0,60,,63623,9,0,15,0,20,,63624,9,0,15,0,20,,63625,9,0,15,0,60,,63626,9,0,15,0,20,,63627,9,0,15,0,20,,63628,9,0,15,0,80,,63629,9,0,15,0,80,,63630,9,0,15,0,40,,63631,9,0,15,0,80,,63632,9,0,15,0,80,,63633,9,0,15,0,40,,63634,9,0,15,0,80,,63635,9,0,15,0
721303,'1385',617,,63636,9,0,15,0,85,,63637,9,0,15,0,20,,63638,9,0,15,0,25,,63639,9,0,15,0,60,,63640,9,0,15,0,25,,63641,9,0,15,0,20,,63642,9,0,15,0,65,,63643,9,0,15,0,20,,63644,9,0,15,0,65,,63645,9,0,15,0,20,,63646,9,0,15,0,25,,63647,9,0,15,0,60,,63648,9,0,15,0,25,,63649,9,0,15,0,20,,63650,9,0,15,0,65,,63651,9,0,15,0,20,,63652,9,0,15,0,65,,63653,9,0,15,0,20,,63654,9,0,15,0,25,,63655,9,0,15,0,60,,63656,9,0,15,0,25,,63657,9,0,15,0,20,,63658,9,0,15,0,65,,63659,9,0,15,0,20,,63660,9,0,15,0,65,,63661,9,0,15,0,20,,63662,9,0,15,0,25,,63663,9,0,15,0,60,,63664,9,0,15,0,25,,63665,9,0,15,0,20,,63666,9,0,15,0,65,,63667,9,0,15,0,20,,63668,9,0,15,0,69,,63669,9,0,15,0,36,,63670,9,0,15,0,80,,63671,9,0,15,0,80,,63672,9,0,15,0,40,,63676,9,0,15,0,80,,63675,9,0,15,0,80,,63674,9,0,15,0,40,,63673,9,0,15,0
721303,'1386',617,,63677,9,0,15,0,85,,63678,9,0,15,0,20,,63679,9,0,15,0,25,,63680,9,0,15,0,60,,63681,9,0,15,0,25,,63682,9,0,15,0,20,,63683,9,0,15,0,65,,63684,9,0,15,0,20,,63685,9,0,15,0,65,,63686,9,0,15,0,20,,63687,9,0,15,0,25,,63688,9,0,15,0,60,,63689,9,0,15,0,25,,63690,9,0,15,0,20,,63691,9,0,15,0,65,,63692,9,0,15,0,20,,63693,9,0,15,0,65,,63694,9,0,15,0,20,,63695,9,0,15,0,25,,63696,9,0,15,0,60,,63697,9,0,15,0,25,,63698,9,0,15,0,20,,63699,9,0,15,0,65,,63700,9,0,15,0,20,,63701,9,0,15,0,65,,63702,9,0,15,0,20,,63703,9,0,15,0,25,,63704,9,0,15,0,60,,63705,9,0,15,0,25,,63706,9,0,15,0,20,,63707,9,0,15,0,65,,63708,9,0,15,0,20,,63709,9,0,15,0,69,,63710,9,0,15,0,36,,63711,9,0,15,0,80,,63712,9,0,15,0,80,,63713,9,0,15,0,40,,63717,9,0,15,0,80,,63716,9,0,15,0,80,,63715,9,0,15,0,40,,63714,9,0,15,0
721303,'1387',617,,63718,9,0,15,0,85,,63719,9,0,15,0,20,,63720,9,0,15,0,25,,63721,9,0,15,0,60,,63722,9,0,15,0,25,,63723,9,0,15,0,20,,63724,9,0,15,0,65,,63725,9,0,15,0,20,,63726,9,0,15,0,65,,63727,9,0,15,0,20,,63728,9,0,15,0,25,,63729,9,0,15,0,60,,63730,9,0,15,0,25,,63731,9,0,15,0,20,,63732,9,0,15,0,65,,63733,9,0,15,0,20,,63734,9,0,15,0,65,,63735,9,0,15,0,20,,63736,9,0,15,0,25,,63737,9,0,15,0,60,,63738,9,0,15,0,25,,63739,9,0,15,0,20,,63740,9,0,15,0,65,,63741,9,0,15,0,20,,63742,9,0,15,0,65,,63743,9,0,15,0,20,,63744,9,0,15,0,25,,63745,9,0,15,0,60,,63746,9,0,15,0,25,,63747,9,0,15,0,20,,63748,9,0,15,0,65,,63749,9,0,15,0,20,,63750,9,0,15,0,69,,63751,9,0,15,0,36,,63752,9,0,15,0,80,,63753,9,0,15,0,80,,63754,9,0,15,0,40,,63758,9,0,15,0,80,,63757,9,0,15,0,80,,63756,9,0,15,0,40,,63755,9,0,15,0
721303,'1388',617,,63759,9,0,15,0,85,,63760,9,0,15,0,20,,63761,9,0,15,0,25,,63762,9,0,15,0,60,,63763,9,0,15,0,25,,63764,9,0,15,0,20,,63765,9,0,15,0,65,,63766,9,0,15,0,20,,63767,9,0,15,0,65,,63768,9,0,15,0,20,,63769,9,0,15,0,25,,63770,9,0,15,0,60,,63771,9,0,15,0,25,,63772,9,0,15,0,20,,63773,9,0,15,0,65,,63774,9,0,15,0,20,,63775,9,0,15,0,65,,63776,9,0,15,0,20,,63777,9,0,15,0,25,,63778,9,0,15,0,60,,63779,9,0,15,0,25,,63780,9,0,15,0,20,,63781,9,0,15,0,65,,63782,9,0,15,0,20,,63783,9,0,15,0,65,,63784,9,0,15,0,20,,63785,9,0,15,0,25,,63786,9,0,15,0,60,,63787,9,0,15,0,25,,63788,9,0,15,0,20,,63789,9,0,15,0,65,,63790,9,0,15,0,20,,63791,9,0,15,0,69,,63792,9,0,15,0,36,,63793,9,0,15,0,80,,63794,9,0,15,0,80,,63795,9,0,15,0,40,,63799,9,0,15,0,80,,63798,9,0,15,0,80,,63797,9,0,15,0,40,,63796,9,0,15,0
721303,'1389',617,,63800,9,0,15,0,85,,63801,9,0,15,0,20,,63802,9,0,15,0,25,,63803,9,0,15,0,60,,63804,9,0,15,0,25,,63805,9,0,15,0,20,,63806,9,0,15,0,65,,63807,9,0,15,0,20,,63808,9,0,15,0,65,,63809,9,0,15,0,20,,63810,9,0,15,0,25,,63811,9,0,15,0,60,,63812,9,0,15,0,25,,63813,9,0,15,0,20,,63814,9,0,15,0,65,,63815,9,0,15,0,20,,63816,9,0,15,0,65,,63817,9,0,15,0,20,,63818,9,0,15,0,25,,63819,9,0,15,0,60,,63820,9,0,15,0,25,,63821,9,0,15,0,20,,63822,9,0,15,0,65,,63823,9,0,15,0,20,,63824,9,0,15,0,65,,63825,9,0,15,0,20,,63826,9,0,15,0,25,,63827,9,0,15,0,60,,63828,9,0,15,0,25,,63829,9,0,15,0,20,,63830,9,0,15,0,65,,63831,9,0,15,0,20,,63832,9,0,15,0,69,,63833,9,0,15,0,36,,63834,9,0,15,0,80,,63835,9,0,15,0,80,,63836,9,0,15,0,40,,63840,9,0,15,0,80,,63839,9,0,15,0,80,,63838,9,0,15,0,40,,63837,9,0,15,0
721502,'1385',724,,64542,7,0,16,0
721502,'1386',724,,64571,7,0,16,0
721502,'1387',724,,64600,7,0,16,0
721502,'1388',724,,64629,7,0,16,0
721502,'1389',724,,64658,7,0,16,0
