1701,'1383',704,,58766,3,,,0,100,,58768,3,,,0,100,,58767,3,,,0,101,,58765,3,,,0,40,,58764,3,,,0,80,,58763,3,,,0,80,,58762,3,,,0,40,,58761,3,,,0,80,,58760,3,,,0,80,,58759,3,,,0,40,,58758,3,,,0,80,,58757,3,,,0,80,,58756,3,,,0,40,,58755,3,,,0,80,,58754,3,,,0,80,,58753,3,,,0,40,,58752,3,,,0,80,,58751,3,,,0
1701,'1384',535,,58794,3,,,0,70,,58795,3,,,0,30,,58796,3,,,0,70,,58797,3,,,0,30,,58798,3,,,0,70,,58799,3,,,0,30,,58800,3,,,0,70,,58769,3,,,0,30,,58770,3,,,0,70,,58771,3,,,0,20,,58772,3,,,0,20,,58773,3,,,0,60,,58774,3,,,0,20,,58775,3,,,0,20,,58776,3,,,0,60,,58777,3,,,0,20,,58778,3,,,0,20,,58779,3,,,0,60,,58780,3,,,0,20,,58781,3,,,0,20,,58782,3,,,0,60,,58783,3,,,0,20,,58784,3,,,0,20,,58785,3,,,0,60,,58786,3,,,0,20,,58787,3,,,0,20,,58788,3,,,0,60,,58789,3,,,0,20,,58790,3,,,0,20,,58791,3,,,0,60,,58801,3,,,0,20,,58792,3,,,0,20,,58793,3,,,0,60,,58802,3,,,0,30,,58803,3,,,0,70,,58804,3,,,0,30,,58805,3,,,0,70,,58806,3,,,0,30,,58807,3,,,0,70,,58808,3,,,0,30,,58809,3,,,0,70,,58810,3,,,0,30,,58811,3,,,0,70,,58812,3,,,0,30,,58813,3,,,0,70,,58814,3,,,0,30,,58815,3,,,0
1701,'1385',535,,58816,3,,,0,70,,58817,3,,,0,15,,58818,3,,,0,15,,58819,3,,,0,15,,58820,3,,,0,55,,58821,3,,,0,10,,58822,3,,,0,10,,58823,3,,,0,10,,58824,3,,,0,10,,58825,3,,,0,10,,58826,3,,,0,50,,58827,3,,,0,10,,58828,3,,,0,10,,58829,3,,,0,10,,58830,3,,,0,10,,58831,3,,,0,10,,58832,3,,,0,50,,58833,3,,,0,10,,58834,3,,,0,10,,58835,3,,,0,10,,58875,3,,,0,10,,58836,3,,,0,10,,58861,3,,,0,50,,58862,3,,,0,10,,58863,3,,,0,10,,58864,3,,,0,10,,58865,3,,,0,10,,58866,3,,,0,10,,58867,3,,,0,50,,58868,3,,,0,10,,58869,3,,,0,10,,58870,3,,,0,10,,58871,3,,,0,10,,58872,3,,,0,10,,58873,3,,,0,50,,58874,3,,,0,10,,58876,3,,,0,10,,58877,3,,,0,10,,58879,3,,,0,10,,58880,3,,,0,10,,58881,3,,,0,50,,58882,3,,,0,10,,58883,3,,,0,10,,58884,3,,,0,10,,58885,3,,,0,10,,58837,3,,,0,10,,58838,3,,,0,50,,58839,3,,,0,10,,58840,3,,,0,10,,58841,3,,,0,10,,58842,3,,,0,10,,58843,3,,,0,10,,58844,3,,,0,50,,58845,3,,,0,10,,58846,3,,,0,10,,58847,3,,,0,10,,58848,3,,,0,10,,58849,3,,,0,10,,58850,3,,,0,50,,58851,3,,,0,10,,58852,3,,,0,10,,58853,3,,,0,10,,58854,3,,,0,10,,58855,3,,,0,10,,58856,3,,,0,50,,58857,3,,,0,10,,58858,3,,,0,10,,58859,3,,,0,10,,58860,3,,,0,10,,58886,3,,,0,10,,58887,3,,,0,50,,58888,3,,,0,15,,58889,3,,,0,15,,58890,3,,,0,15,,58891,3,,,0,55,,58892,3,,,0,30,,58893,3,,,0,70,,58894,3,,,0,30,,58895,3,,,0,70,,58896,3,,,0,30,,58897,3,,,0,70,,58898,3,,,0,30,,58899,3,,,0,70,,58900,3,,,0,30,,58901,3,,,0,70,,58902,3,,,0,30,,58878,3,,,0
1701,'1386',535,,58903,3,,,0,70,,58904,3,,,0,15,,58905,3,,,0,15,,58906,3,,,0,15,,58907,3,,,0,55,,58908,3,,,0,10,,58909,3,,,0,10,,58910,3,,,0,10,,58911,3,,,0,10,,58912,3,,,0,10,,58913,3,,,0,50,,58914,3,,,0,10,,58915,3,,,0,10,,58916,3,,,0,10,,58917,3,,,0,10,,58918,3,,,0,10,,58919,3,,,0,50,,58920,3,,,0,10,,58921,3,,,0,10,,58922,3,,,0,10,,58962,3,,,0,10,,58923,3,,,0,10,,58948,3,,,0,50,,58949,3,,,0,10,,58950,3,,,0,10,,58951,3,,,0,10,,58952,3,,,0,10,,58953,3,,,0,10,,58954,3,,,0,50,,58955,3,,,0,10,,58956,3,,,0,10,,58957,3,,,0,10,,58958,3,,,0,10,,58959,3,,,0,10,,58960,3,,,0,50,,58961,3,,,0,10,,58963,3,,,0,10,,58964,3,,,0,10,,58966,3,,,0,10,,58967,3,,,0,10,,58968,3,,,0,50,,58969,3,,,0,10,,58970,3,,,0,10,,58971,3,,,0,10,,58972,3,,,0,10,,58924,3,,,0,10,,58925,3,,,0,50,,58926,3,,,0,10,,58927,3,,,0,10,,58928,3,,,0,10,,58929,3,,,0,10,,58930,3,,,0,10,,58931,3,,,0,50,,58932,3,,,0,10,,58933,3,,,0,10,,58934,3,,,0,10,,58935,3,,,0,10,,58936,3,,,0,10,,58937,3,,,0,50,,58938,3,,,0,10,,58939,3,,,0,10,,58940,3,,,0,10,,58941,3,,,0,10,,58942,3,,,0,10,,58943,3,,,0,50,,58944,3,,,0,10,,58945,3,,,0,10,,58946,3,,,0,10,,58947,3,,,0,10,,58973,3,,,0,10,,58974,3,,,0,50,,58975,3,,,0,15,,58976,3,,,0,15,,58977,3,,,0,15,,58978,3,,,0,55,,58979,3,,,0,30,,58980,3,,,0,70,,58981,3,,,0,30,,58982,3,,,0,70,,58983,3,,,0,30,,58984,3,,,0,70,,58985,3,,,0,30,,58986,3,,,0,70,,58987,3,,,0,30,,58988,3,,,0,70,,58989,3,,,0,30,,58965,3,,,0
1701,'1387',535,,58990,3,,,0,70,,58991,3,,,0,15,,58992,3,,,0,15,,58993,3,,,0,15,,58994,3,,,0,55,,58995,3,,,0,10,,58996,3,,,0,10,,58997,3,,,0,10,,58998,3,,,0,10,,58999,3,,,0,10,,59000,3,,,0,50,,59001,3,,,0,10,,59002,3,,,0,10,,59003,3,,,0,10,,59004,3,,,0,10,,59005,3,,,0,10,,59006,3,,,0,50,,59007,3,,,0,10,,59008,3,,,0,10,,59009,3,,,0,10,,59049,3,,,0,10,,59010,3,,,0,10,,59035,3,,,0,50,,59036,3,,,0,10,,59037,3,,,0,10,,59038,3,,,0,10,,59039,3,,,0,10,,59040,3,,,0,10,,59041,3,,,0,50,,59042,3,,,0,10,,59043,3,,,0,10,,59044,3,,,0,10,,59045,3,,,0,10,,59046,3,,,0,10,,59047,3,,,0,50,,59048,3,,,0,10,,59050,3,,,0,10,,59051,3,,,0,10,,59053,3,,,0,10,,59054,3,,,0,10,,59055,3,,,0,50,,59056,3,,,0,10,,59057,3,,,0,10,,59058,3,,,0,10,,59059,3,,,0,10,,59011,3,,,0,10,,59012,3,,,0,50,,59013,3,,,0,10,,59014,3,,,0,10,,59015,3,,,0,10,,59016,3,,,0,10,,59017,3,,,0,10,,59018,3,,,0,50,,59019,3,,,0,10,,59020,3,,,0,10,,59021,3,,,0,10,,59022,3,,,0,10,,59023,3,,,0,10,,59024,3,,,0,50,,59025,3,,,0,10,,59026,3,,,0,10,,59027,3,,,0,10,,59028,3,,,0,10,,59029,3,,,0,10,,59030,3,,,0,50,,59031,3,,,0,10,,59032,3,,,0,10,,59033,3,,,0,10,,59034,3,,,0,10,,59060,3,,,0,10,,59061,3,,,0,50,,59062,3,,,0,15,,59063,3,,,0,15,,59064,3,,,0,15,,59065,3,,,0,55,,59066,3,,,0,30,,59067,3,,,0,70,,59068,3,,,0,30,,59069,3,,,0,70,,59070,3,,,0,30,,59071,3,,,0,70,,59072,3,,,0,30,,59073,3,,,0,70,,59074,3,,,0,30,,59075,3,,,0,70,,59076,3,,,0,30,,59052,3,,,0
1701,'1388',535,,59077,3,,,0,70,,59078,3,,,0,15,,59079,3,,,0,15,,59080,3,,,0,15,,59081,3,,,0,55,,59082,3,,,0,10,,59083,3,,,0,10,,59084,3,,,0,10,,59085,3,,,0,10,,59086,3,,,0,10,,59087,3,,,0,50,,59088,3,,,0,10,,59089,3,,,0,10,,59090,3,,,0,10,,59091,3,,,0,10,,59092,3,,,0,10,,59093,3,,,0,50,,59094,3,,,0,10,,59095,3,,,0,10,,59096,3,,,0,10,,59136,3,,,0,10,,59097,3,,,0,10,,59122,3,,,0,50,,59123,3,,,0,10,,59124,3,,,0,10,,59125,3,,,0,10,,59126,3,,,0,10,,59127,3,,,0,10,,59128,3,,,0,50,,59129,3,,,0,10,,59130,3,,,0,10,,59131,3,,,0,10,,59132,3,,,0,10,,59133,3,,,0,10,,59134,3,,,0,50,,59135,3,,,0,10,,59137,3,,,0,10,,59138,3,,,0,10,,59140,3,,,0,10,,59141,3,,,0,10,,59142,3,,,0,50,,59143,3,,,0,10,,59144,3,,,0,10,,59145,3,,,0,10,,59146,3,,,0,10,,59098,3,,,0,10,,59099,3,,,0,50,,59100,3,,,0,10,,59101,3,,,0,10,,59102,3,,,0,10,,59103,3,,,0,10,,59104,3,,,0,10,,59105,3,,,0,50,,59106,3,,,0,10,,59107,3,,,0,10,,59108,3,,,0,10,,59109,3,,,0,10,,59110,3,,,0,10,,59111,3,,,0,50,,59112,3,,,0,10,,59113,3,,,0,10,,59114,3,,,0,10,,59115,3,,,0,10,,59116,3,,,0,10,,59117,3,,,0,50,,59118,3,,,0,10,,59119,3,,,0,10,,59120,3,,,0,10,,59121,3,,,0,10,,59147,3,,,0,10,,59148,3,,,0,50,,59149,3,,,0,15,,59150,3,,,0,15,,59151,3,,,0,15,,59152,3,,,0,55,,59153,3,,,0,30,,59154,3,,,0,70,,59155,3,,,0,30,,59156,3,,,0,70,,59157,3,,,0,30,,59158,3,,,0,70,,59159,3,,,0,30,,59160,3,,,0,70,,59161,3,,,0,30,,59162,3,,,0,70,,59163,3,,,0,30,,59139,3,,,0
1701,'1389',535,,59164,3,,,0,70,,59165,3,,,0,15,,59166,3,,,0,15,,59167,3,,,0,15,,59168,3,,,0,55,,59169,3,,,0,10,,59170,3,,,0,10,,59171,3,,,0,10,,59172,3,,,0,10,,59173,3,,,0,10,,59174,3,,,0,50,,59175,3,,,0,10,,59176,3,,,0,10,,59177,3,,,0,10,,59178,3,,,0,10,,59179,3,,,0,10,,59180,3,,,0,50,,59181,3,,,0,10,,59182,3,,,0,10,,59183,3,,,0,10,,59223,3,,,0,10,,59184,3,,,0,10,,59209,3,,,0,50,,59210,3,,,0,10,,59211,3,,,0,10,,59212,3,,,0,10,,59213,3,,,0,10,,59214,3,,,0,10,,59215,3,,,0,50,,59216,3,,,0,10,,59217,3,,,0,10,,59218,3,,,0,10,,59219,3,,,0,10,,59220,3,,,0,10,,59221,3,,,0,50,,59222,3,,,0,10,,59224,3,,,0,10,,59225,3,,,0,10,,59227,3,,,0,10,,59228,3,,,0,10,,59229,3,,,0,50,,59230,3,,,0,10,,59231,3,,,0,10,,59232,3,,,0,10,,59233,3,,,0,10,,59185,3,,,0,10,,59186,3,,,0,50,,59187,3,,,0,10,,59188,3,,,0,10,,59189,3,,,0,10,,59190,3,,,0,10,,59191,3,,,0,10,,59192,3,,,0,50,,59193,3,,,0,10,,59194,3,,,0,10,,59195,3,,,0,10,,59196,3,,,0,10,,59197,3,,,0,10,,59198,3,,,0,50,,59199,3,,,0,10,,59200,3,,,0,10,,59201,3,,,0,10,,59202,3,,,0,10,,59203,3,,,0,10,,59204,3,,,0,50,,59205,3,,,0,10,,59206,3,,,0,10,,59207,3,,,0,10,,59208,3,,,0,10,,59234,3,,,0,10,,59235,3,,,0,50,,59236,3,,,0,15,,59237,3,,,0,15,,59238,3,,,0,15,,59239,3,,,0,55,,59240,3,,,0,30,,59241,3,,,0,70,,59242,3,,,0,30,,59243,3,,,0,70,,59244,3,,,0,30,,59245,3,,,0,70,,59246,3,,,0,30,,59247,3,,,0,70,,59248,3,,,0,30,,59249,3,,,0,70,,59250,3,,,0,30,,59226,3,,,0
1801,'1383',701,,59688,3,,,0,100,,59687,3,,,0,100,,59686,3,,,0,105,,59685,3,,,0,40,,59684,3,,,0,80,,59683,3,,,0,80,,59682,3,,,0,40,,59681,3,,,0,80,,59680,3,,,0,80,,59679,3,,,0,40,,59678,3,,,0,80,,59677,3,,,0,80,,59676,3,,,0,40,,59675,3,,,0,80,,59674,3,,,0,80,,59673,3,,,0,40,,59672,3,,,0,80,,59671,3,,,0
1801,'1384',536,,59689,3,,,0,70,,59690,3,,,0,30,,59691,3,,,0,70,,59692,3,,,0,30,,59693,3,,,0,70,,59694,3,,,0,30,,59695,3,,,0,70,,59696,3,,,0,30,,59697,3,,,0,70,,59698,3,,,0,20,,59699,3,,,0,20,,59700,3,,,0,60,,59701,3,,,0,20,,59702,3,,,0,20,,59703,3,,,0,60,,59704,3,,,0,20,,59705,3,,,0,20,,59706,3,,,0,60,,59707,3,,,0,20,,59708,3,,,0,20,,59709,3,,,0,60,,59710,3,,,0,20,,59711,3,,,0,20,,59712,3,,,0,60,,59713,3,,,0,20,,59714,3,,,0,20,,59715,3,,,0,60,,59716,3,,,0,20,,59717,3,,,0,20,,59718,3,,,0,60,,59719,3,,,0,20,,59720,3,,,0,20,,59721,3,,,0,60,,59722,3,,,0,35,,59723,3,,,0,65,,59724,3,,,0,30,,59725,3,,,0,70,,59726,3,,,0,30,,59727,3,,,0,70,,59728,3,,,0,30,,59729,3,,,0,70,,59730,3,,,0,30,,59731,3,,,0,70,,59732,3,,,0,30,,59733,3,,,0,70,,59734,3,,,0,30,,59735,3,,,0
1801,'1385',534,,59774,3,,,0,70,,59775,3,,,0,15,,59741,3,,,0,15,,59740,3,,,0,15,,59739,3,,,0,55,,59738,3,,,0,10,,59737,3,,,0,10,,59736,3,,,0,10,,59742,3,,,0,10,,59743,3,,,0,10,,59744,3,,,0,50,,59745,3,,,0,15,,59746,3,,,0,15,,59747,3,,,0,15,,59748,3,,,0,55,,59776,3,,,0,15,,59777,3,,,0,15,,59778,3,,,0,15,,59779,3,,,0,55,,59780,3,,,0,15,,59781,3,,,0,15,,59782,3,,,0,15,,59783,3,,,0,55,,59784,3,,,0,15,,59785,3,,,0,15,,59786,3,,,0,15,,59787,3,,,0,55,,59788,3,,,0,15,,59789,3,,,0,15,,59790,3,,,0,15,,59791,3,,,0,55,,59792,3,,,0,17,,59749,3,,,0,15,,59750,3,,,0,15,,59773,3,,,0,55,,59772,3,,,0,10,,59771,3,,,0,10,,59770,3,,,0,10,,59769,3,,,0,10,,59768,3,,,0,10,,59767,3,,,0,50,,59766,3,,,0,10,,59765,3,,,0,10,,59764,3,,,0,10,,59763,3,,,0,10,,59762,3,,,0,10,,59751,3,,,0,50,,59752,3,,,0,10,,59753,3,,,0,10,,59754,3,,,0,10,,59755,3,,,0,10,,59756,3,,,0,10,,59757,3,,,0,50,,59758,3,,,0,15,,59759,3,,,0,15,,59760,3,,,0,15,,59761,3,,,0,54,,59793,3,,,0,30,,59794,3,,,0,70,,59795,3,,,0,30,,59796,3,,,0,70,,59797,3,,,0,30,,59798,3,,,0,70,,59799,3,,,0,30,,59800,3,,,0,70,,59801,3,,,0,30,,59802,3,,,0,70,,59803,3,,,0,30,,59804,3,,,0,70,,59805,3,,,0,30,,59806,3,,,0
1801,'1386',534,,59846,3,,,0,70,,59847,3,,,0,15,,59812,3,,,0,15,,59811,3,,,0,15,,59810,3,,,0,55,,59809,3,,,0,10,,59808,3,,,0,10,,59813,3,,,0,10,,59814,3,,,0,10,,59815,3,,,0,10,,59816,3,,,0,50,,59817,3,,,0,15,,59818,3,,,0,15,,59819,3,,,0,15,,59820,3,,,0,55,,59848,3,,,0,15,,59849,3,,,0,15,,59850,3,,,0,15,,59851,3,,,0,55,,59852,3,,,0,15,,59853,3,,,0,15,,59854,3,,,0,15,,59855,3,,,0,55,,59856,3,,,0,15,,59857,3,,,0,15,,59858,3,,,0,15,,59859,3,,,0,55,,59860,3,,,0,15,,59861,3,,,0,15,,59862,3,,,0,15,,59863,3,,,0,55,,59864,3,,,0,17,,59821,3,,,0,15,,59822,3,,,0,15,,59845,3,,,0,55,,59844,3,,,0,10,,59843,3,,,0,10,,59842,3,,,0,10,,59841,3,,,0,10,,59840,3,,,0,10,,59839,3,,,0,50,,59838,3,,,0,10,,59837,3,,,0,10,,59836,3,,,0,10,,59835,3,,,0,10,,59834,3,,,0,10,,59823,3,,,0,50,,59824,3,,,0,10,,59825,3,,,0,10,,59826,3,,,0,10,,59827,3,,,0,10,,59828,3,,,0,10,,59829,3,,,0,50,,59830,3,,,0,15,,59831,3,,,0,15,,59832,3,,,0,15,,59833,3,,,0,54,,59865,3,,,0,30,,59866,3,,,0,70,,59867,3,,,0,30,,59868,3,,,0,70,,59869,3,,,0,30,,59870,3,,,0,70,,59871,3,,,0,30,,59872,3,,,0,70,,59873,3,,,0,30,,59874,3,,,0,70,,59875,3,,,0,30,,59876,3,,,0,70,,59877,3,,,0,30,,59878,3,,,0
1801,'1387',534,,59918,3,,,0,70,,59919,3,,,0,15,,59884,3,,,0,15,,59883,3,,,0,15,,59882,3,,,0,55,,59881,3,,,0,10,,59880,3,,,0,10,,59885,3,,,0,10,,59886,3,,,0,10,,59887,3,,,0,10,,59888,3,,,0,50,,59889,3,,,0,15,,59890,3,,,0,15,,59891,3,,,0,15,,59892,3,,,0,55,,59920,3,,,0,15,,59921,3,,,0,15,,59922,3,,,0,15,,59923,3,,,0,55,,59924,3,,,0,15,,59925,3,,,0,15,,59926,3,,,0,15,,59927,3,,,0,55,,59928,3,,,0,15,,59929,3,,,0,15,,59930,3,,,0,15,,59931,3,,,0,55,,59932,3,,,0,15,,59933,3,,,0,15,,59934,3,,,0,15,,59935,3,,,0,55,,59936,3,,,0,17,,59893,3,,,0,15,,59894,3,,,0,15,,59917,3,,,0,55,,59916,3,,,0,10,,59915,3,,,0,10,,59914,3,,,0,10,,59913,3,,,0,10,,59912,3,,,0,10,,59911,3,,,0,50,,59910,3,,,0,10,,59909,3,,,0,10,,59908,3,,,0,10,,59907,3,,,0,10,,59906,3,,,0,10,,59895,3,,,0,50,,59896,3,,,0,10,,59897,3,,,0,10,,59898,3,,,0,10,,59899,3,,,0,10,,59900,3,,,0,10,,59901,3,,,0,50,,59902,3,,,0,15,,59903,3,,,0,15,,59904,3,,,0,15,,59905,3,,,0,54,,59937,3,,,0,30,,59938,3,,,0,70,,59939,3,,,0,30,,59940,3,,,0,70,,59941,3,,,0,30,,59942,3,,,0,70,,59943,3,,,0,30,,59944,3,,,0,70,,59945,3,,,0,30,,59946,3,,,0,70,,59947,3,,,0,30,,59948,3,,,0,70,,59949,3,,,0,30,,59950,3,,,0
1801,'1388',534,,59990,3,,,0,70,,59991,3,,,0,15,,59956,3,,,0,15,,59955,3,,,0,15,,59954,3,,,0,55,,59953,3,,,0,10,,59952,3,,,0,10,,59957,3,,,0,10,,59958,3,,,0,10,,59959,3,,,0,10,,59960,3,,,0,50,,59961,3,,,0,15,,59962,3,,,0,15,,59963,3,,,0,15,,59964,3,,,0,55,,59992,3,,,0,15,,59993,3,,,0,15,,59994,3,,,0,15,,59995,3,,,0,55,,59996,3,,,0,15,,59997,3,,,0,15,,59998,3,,,0,15,,59999,3,,,0,55,,60000,3,,,0,15,,60001,3,,,0,15,,60002,3,,,0,15,,60003,3,,,0,55,,60004,3,,,0,15,,60005,3,,,0,15,,60006,3,,,0,15,,60007,3,,,0,55,,60008,3,,,0,17,,59965,3,,,0,15,,59966,3,,,0,15,,59989,3,,,0,55,,59988,3,,,0,10,,59987,3,,,0,10,,59986,3,,,0,10,,59985,3,,,0,10,,59984,3,,,0,10,,59983,3,,,0,50,,59982,3,,,0,10,,59981,3,,,0,10,,59980,3,,,0,10,,59979,3,,,0,10,,59978,3,,,0,10,,59967,3,,,0,50,,59968,3,,,0,10,,59969,3,,,0,10,,59970,3,,,0,10,,59971,3,,,0,10,,59972,3,,,0,10,,59973,3,,,0,50,,59974,3,,,0,15,,59975,3,,,0,15,,59976,3,,,0,15,,59977,3,,,0,54,,60009,3,,,0,30,,60010,3,,,0,70,,60011,3,,,0,30,,60012,3,,,0,70,,60013,3,,,0,30,,60014,3,,,0,70,,60015,3,,,0,30,,60016,3,,,0,70,,60017,3,,,0,30,,60018,3,,,0,70,,60019,3,,,0,30,,60020,3,,,0,70,,60021,3,,,0,30,,60022,3,,,0
1801,'1389',534,,60062,3,,,0,70,,60063,3,,,0,15,,60028,3,,,0,15,,60027,3,,,0,15,,60026,3,,,0,55,,60025,3,,,0,10,,60024,3,,,0,10,,60029,3,,,0,10,,60030,3,,,0,10,,60031,3,,,0,10,,60032,3,,,0,50,,60033,3,,,0,15,,60034,3,,,0,15,,60035,3,,,0,15,,60036,3,,,0,55,,60064,3,,,0,15,,60065,3,,,0,15,,60066,3,,,0,15,,60067,3,,,0,55,,60068,3,,,0,15,,60069,3,,,0,15,,60070,3,,,0,15,,60071,3,,,0,55,,60072,3,,,0,15,,60073,3,,,0,15,,60074,3,,,0,15,,60075,3,,,0,55,,60076,3,,,0,15,,60077,3,,,0,15,,60078,3,,,0,15,,60079,3,,,0,55,,60080,3,,,0,17,,60037,3,,,0,15,,60038,3,,,0,15,,60061,3,,,0,55,,60060,3,,,0,10,,60059,3,,,0,10,,60058,3,,,0,10,,60057,3,,,0,10,,60056,3,,,0,10,,60055,3,,,0,50,,60054,3,,,0,10,,60053,3,,,0,10,,60052,3,,,0,10,,60051,3,,,0,10,,60050,3,,,0,10,,60039,3,,,0,50,,60040,3,,,0,10,,60041,3,,,0,10,,60042,3,,,0,10,,60043,3,,,0,10,,60044,3,,,0,10,,60045,3,,,0,50,,60046,3,,,0,15,,60047,3,,,0,15,,60048,3,,,0,15,,60049,3,,,0,54,,60081,3,,,0,30,,60082,3,,,0,70,,60083,3,,,0,30,,60084,3,,,0,70,,60085,3,,,0,30,,60086,3,,,0,70,,60087,3,,,0,30,,60088,3,,,0,70,,60089,3,,,0,30,,60090,3,,,0,70,,60091,3,,,0,30,,60092,3,,,0,70,,60093,3,,,0,30,,60094,3,,,0
