1700,'1376',630,,51051,44,,,0,100,,51050,44,,,0,100,,51049,44,,,0,100,,51048,44,,,0,112,,51066,44,,,0,80,,51065,44,,,0,80,,51064,44,,,0,40,,51063,44,,,0,80,,51062,44,,,0,80,,51061,44,,,0,40,,51060,44,,,0,80,,51059,44,,,0,80,,51058,44,,,0,40,,51057,44,,,0,80,,51056,44,,,0,80,,51055,44,,,0,40,,51054,44,,,0,80,,51053,44,,,0,80,,51052,44,,,0
1700,'1377',550,,51067,44,,,0,74,,51068,44,,,0,30,,51069,44,,,0,70,,51070,44,,,0,30,,51071,44,,,0,70,,51072,44,,,0,30,,51073,44,,,0,70,,51074,44,,,0,30,,51075,44,,,0,70,,51076,44,,,0,78,,51085,44,,,0,20,,51086,44,,,0,20,,51087,44,,,0,60,,51088,44,,,0,20,,51089,44,,,0,20,,51090,44,,,0,60,,51091,44,,,0,20,,51092,44,,,0,20,,51093,44,,,0,60,,51094,44,,,0,20,,51095,44,,,0,20,,51096,44,,,0,60,,51097,44,,,0,20,,51098,44,,,0,20,,51099,44,,,0,60,,51100,44,,,0,20,,51101,44,,,0,20,,51102,44,,,0,60,,51103,44,,,0,20,,51104,44,,,0,20,,51105,44,,,0,60,,51106,44,,,0,20,,51107,44,,,0,20,,51108,44,,,0,15,,51109,44,,,0,70,,51110,44,,,0,30,,51111,44,,,0,70,,51112,44,,,0,30,,51113,44,,,0,67,,51077,44,,,0,30,,51078,44,,,0,70,,51079,44,,,0,30,,51080,44,,,0,70,,51081,44,,,0,30,,51082,44,,,0,70,,51083,44,,,0,30,,51084,44,,,0
1700,'1378',552,,51114,44,,,0,67,,51115,7,,,0,18,,51116,44,,,0,15,,51117,44,,,0,55,,51118,44,,,0,15,,51119,44,,,0,15,,51120,44,,,0,10,,51121,44,,,0,10,,51122,44,,,0,50,,51123,44,,,0,10,,51124,44,,,0,10,,51125,44,,,0,10,,51126,44,,,0,10,,51127,44,,,0,10,,51128,44,,,0,50,,51129,44,,,0,10,,51130,44,,,0,10,,51131,44,,,0,10,,51132,44,,,0,10,,51133,44,,,0,10,,51134,44,,,0,50,,51135,44,,,0,10,,51136,44,,,0,10,,51137,44,,,0,10,,51138,44,,,0,10,,51139,44,,,0,10,,51140,44,,,0,50,,51141,44,,,0,10,,51142,44,,,0,10,,51143,44,,,0,10,,51144,44,,,0,10,,51145,44,,,0,10,,51146,44,,,0,50,,51147,44,,,0,10,,51148,44,,,0,10,,51149,44,,,0,10,,51150,44,,,0,10,,51151,44,,,0,10,,51152,44,,,0,50,,51153,44,,,0,10,,51154,44,,,0,10,,51155,44,,,0,10,,51156,44,,,0,10,,51157,44,,,0,10,,51158,44,,,0,50,,51159,44,,,0,10,,51160,44,,,0,10,,51161,44,,,0,10,,51162,44,,,0,10,,51163,44,,,0,10,,51164,44,,,0,50,,51165,44,,,0,10,,51166,44,,,0,10,,51167,44,,,0,10,,51168,44,,,0,10,,51169,44,,,0,10,,51170,44,,,0,50,,51171,44,,,0,10,,51172,44,,,0,10,,51173,44,,,0,10,,51174,44,,,0,10,,51175,44,,,0,10,,51176,44,,,0,50,,51177,44,,,0,10,,51178,44,,,0,10,,51179,44,,,0,10,,51180,44,,,0,10,,51181,44,,,0,10,,51182,44,,,0,50,,51183,44,,,0,10,,51184,44,,,0,10,,51185,44,,,0,10,,51186,44,,,0,15,,51187,44,,,0,55,,51188,44,,,0,15,,51189,44,,,0,30,,51190,44,,,0,70,,51191,44,,,0,30,,51192,44,,,0,70,,51193,44,,,0,30,,51194,44,,,0,70,,51195,44,,,0,30,,51196,44,,,0,70,,51197,44,,,0,30,,51198,44,,,0,70,,51199,44,,,0,30,,51200,44,,,0
1700,'1379',552,,51201,44,,,0,67,,51202,7,,,0,18,,51203,44,,,0,15,,51204,44,,,0,55,,51205,44,,,0,15,,51206,44,,,0,15,,51207,44,,,0,10,,51208,44,,,0,10,,51209,44,,,0,50,,51210,44,,,0,10,,51211,44,,,0,10,,51212,44,,,0,10,,51213,44,,,0,10,,51214,44,,,0,10,,51215,44,,,0,50,,51216,44,,,0,10,,51217,44,,,0,10,,51218,44,,,0,10,,51219,44,,,0,10,,51220,44,,,0,10,,51221,44,,,0,50,,51222,44,,,0,10,,51223,44,,,0,10,,51224,44,,,0,10,,51225,44,,,0,10,,51226,44,,,0,10,,51227,44,,,0,50,,51228,44,,,0,10,,51229,44,,,0,10,,51230,44,,,0,10,,51231,44,,,0,10,,51232,44,,,0,10,,51233,44,,,0,50,,51234,44,,,0,10,,51235,44,,,0,10,,51236,44,,,0,10,,51237,44,,,0,10,,51238,44,,,0,10,,51239,44,,,0,50,,51240,44,,,0,10,,51241,44,,,0,10,,51242,44,,,0,10,,51243,44,,,0,10,,51244,44,,,0,10,,51245,44,,,0,50,,51246,44,,,0,10,,51247,44,,,0,10,,51248,44,,,0,10,,51249,44,,,0,10,,51250,44,,,0,10,,51251,44,,,0,50,,51252,44,,,0,10,,51253,44,,,0,10,,51254,44,,,0,10,,51255,44,,,0,10,,51256,44,,,0,10,,51257,44,,,0,50,,51258,44,,,0,10,,51259,44,,,0,10,,51260,44,,,0,10,,51261,44,,,0,10,,51262,44,,,0,10,,51263,44,,,0,50,,51264,44,,,0,10,,51265,44,,,0,10,,51266,44,,,0,10,,51267,44,,,0,10,,51268,44,,,0,10,,51269,44,,,0,50,,51270,44,,,0,10,,51271,44,,,0,10,,51272,44,,,0,10,,51273,44,,,0,15,,51274,44,,,0,55,,51275,44,,,0,15,,51276,44,,,0,30,,51277,44,,,0,70,,51278,44,,,0,30,,51279,44,,,0,70,,51280,44,,,0,30,,51281,44,,,0,70,,51282,44,,,0,30,,51283,44,,,0,70,,51284,44,,,0,30,,51285,44,,,0,70,,51286,44,,,0,30,,51287,44,,,0
1700,'1380',552,,51288,44,,,0,67,,51289,7,,,0,18,,51290,44,,,0,15,,51291,44,,,0,55,,51292,44,,,0,15,,51293,44,,,0,15,,51294,44,,,0,10,,51295,44,,,0,10,,51296,44,,,0,50,,51297,44,,,0,10,,51298,44,,,0,10,,51299,44,,,0,10,,51300,44,,,0,10,,51301,44,,,0,10,,51302,44,,,0,50,,51303,44,,,0,10,,51304,44,,,0,10,,51305,44,,,0,10,,51306,44,,,0,10,,51307,44,,,0,10,,51308,44,,,0,50,,51309,44,,,0,10,,51310,44,,,0,10,,51311,44,,,0,10,,51312,44,,,0,10,,51313,44,,,0,10,,51314,44,,,0,50,,51315,44,,,0,10,,51316,44,,,0,10,,51317,44,,,0,10,,51318,44,,,0,10,,51319,44,,,0,10,,51320,44,,,0,50,,51321,44,,,0,10,,51322,44,,,0,10,,51323,44,,,0,10,,51324,44,,,0,10,,51325,44,,,0,10,,51326,44,,,0,50,,51327,44,,,0,10,,51328,44,,,0,10,,51329,44,,,0,10,,51330,44,,,0,10,,51331,44,,,0,10,,51332,44,,,0,50,,51333,44,,,0,10,,51334,44,,,0,10,,51335,44,,,0,10,,51336,44,,,0,10,,51337,44,,,0,10,,51338,44,,,0,50,,51339,44,,,0,10,,51340,44,,,0,10,,51341,44,,,0,10,,51342,44,,,0,10,,51343,44,,,0,10,,51344,44,,,0,50,,51345,44,,,0,10,,51346,44,,,0,10,,51347,44,,,0,10,,51348,44,,,0,10,,51349,44,,,0,10,,51350,44,,,0,50,,51351,44,,,0,10,,51352,44,,,0,10,,51353,44,,,0,10,,51354,44,,,0,10,,51355,44,,,0,10,,51356,44,,,0,50,,51357,44,,,0,10,,51358,44,,,0,10,,51359,44,,,0,10,,51360,44,,,0,15,,51361,44,,,0,55,,51362,44,,,0,15,,51363,44,,,0,30,,51364,44,,,0,70,,51365,44,,,0,30,,51366,44,,,0,70,,51367,44,,,0,30,,51368,44,,,0,70,,51369,44,,,0,30,,51370,44,,,0,70,,51371,44,,,0,30,,51372,44,,,0,70,,51373,44,,,0,30,,51374,44,,,0
1700,'1381',552,,51375,44,,,0,67,,51376,7,,,0,18,,51377,44,,,0,15,,51378,44,,,0,55,,51379,44,,,0,15,,51380,44,,,0,15,,51381,44,,,0,10,,51382,44,,,0,10,,51383,44,,,0,50,,51384,44,,,0,10,,51385,44,,,0,10,,51386,44,,,0,10,,51387,44,,,0,10,,51388,44,,,0,10,,51389,44,,,0,50,,51390,44,,,0,10,,51391,44,,,0,10,,51392,44,,,0,10,,51393,44,,,0,10,,51394,44,,,0,10,,51395,44,,,0,50,,51396,44,,,0,10,,51397,44,,,0,10,,51398,44,,,0,10,,51399,44,,,0,10,,51400,44,,,0,10,,51401,44,,,0,50,,51402,44,,,0,10,,51403,44,,,0,10,,51404,44,,,0,10,,51405,44,,,0,10,,51406,44,,,0,10,,51407,44,,,0,50,,51408,44,,,0,10,,51409,44,,,0,10,,51410,44,,,0,10,,51411,44,,,0,10,,51412,44,,,0,10,,51413,44,,,0,50,,51414,44,,,0,10,,51415,44,,,0,10,,51416,44,,,0,10,,51417,44,,,0,10,,51418,44,,,0,10,,51419,44,,,0,50,,51420,44,,,0,10,,51421,44,,,0,10,,51422,44,,,0,10,,51423,44,,,0,10,,51424,44,,,0,10,,51425,44,,,0,50,,51426,44,,,0,10,,51427,44,,,0,10,,51428,44,,,0,10,,51429,44,,,0,10,,51430,44,,,0,10,,51431,44,,,0,50,,51432,44,,,0,10,,51433,44,,,0,10,,51434,44,,,0,10,,51435,44,,,0,10,,51436,44,,,0,10,,51437,44,,,0,50,,51438,44,,,0,10,,51439,44,,,0,10,,51440,44,,,0,10,,51441,44,,,0,10,,51442,44,,,0,10,,51443,44,,,0,50,,51444,44,,,0,10,,51445,44,,,0,10,,51446,44,,,0,10,,51447,44,,,0,15,,51448,44,,,0,55,,51449,44,,,0,15,,51450,44,,,0,30,,51451,44,,,0,70,,51452,44,,,0,30,,51453,44,,,0,70,,51454,44,,,0,30,,51455,44,,,0,70,,51456,44,,,0,30,,51457,44,,,0,70,,51458,44,,,0,30,,51459,44,,,0,70,,51460,44,,,0,30,,51461,44,,,0
1700,'1382',552,,51462,44,,,0,67,,51463,7,,,0,18,,51464,44,,,0,15,,51465,44,,,0,55,,51466,44,,,0,15,,51467,44,,,0,15,,51468,44,,,0,10,,51469,44,,,0,10,,51470,44,,,0,50,,51471,44,,,0,10,,51472,44,,,0,10,,51473,44,,,0,10,,51474,44,,,0,10,,51475,44,,,0,10,,51476,44,,,0,50,,51477,44,,,0,10,,51478,44,,,0,10,,51479,44,,,0,10,,51480,44,,,0,10,,51481,44,,,0,10,,51482,44,,,0,50,,51483,44,,,0,10,,51484,44,,,0,10,,51485,44,,,0,10,,51486,44,,,0,10,,51487,44,,,0,10,,51488,44,,,0,50,,51489,44,,,0,10,,51490,44,,,0,10,,51491,44,,,0,10,,51492,44,,,0,10,,51493,44,,,0,10,,51494,44,,,0,50,,51495,44,,,0,10,,51496,44,,,0,10,,51497,44,,,0,10,,51498,44,,,0,10,,51499,44,,,0,10,,51500,44,,,0,50,,51501,44,,,0,10,,51502,44,,,0,10,,51503,44,,,0,10,,51504,44,,,0,10,,51505,44,,,0,10,,51506,44,,,0,50,,51507,44,,,0,10,,51508,44,,,0,10,,51509,44,,,0,10,,51510,44,,,0,10,,51511,44,,,0,10,,51512,44,,,0,50,,51513,44,,,0,10,,51514,44,,,0,10,,51515,44,,,0,10,,51516,44,,,0,10,,51517,44,,,0,10,,51518,44,,,0,50,,51519,44,,,0,10,,51520,44,,,0,10,,51521,44,,,0,10,,51522,44,,,0,10,,51523,44,,,0,10,,51524,44,,,0,50,,51525,44,,,0,10,,51526,44,,,0,10,,51527,44,,,0,10,,51528,44,,,0,10,,51529,44,,,0,10,,51530,44,,,0,50,,51531,44,,,0,10,,51532,44,,,0,10,,51533,44,,,0,10,,51534,44,,,0,15,,51535,44,,,0,55,,51536,44,,,0,15,,51537,44,,,0,30,,51538,44,,,0,70,,51539,44,,,0,30,,51540,44,,,0,70,,51541,44,,,0,30,,51542,44,,,0,70,,51543,44,,,0,30,,51544,44,,,0,70,,51545,44,,,0,30,,51546,44,,,0,70,,51547,44,,,0,30,,51548,44,,,0
721403,'1376',955,,56905,31,0,15,0,150,,56904,31,0,15,0,110,,56903,31,0,15,0,110,,56902,31,0,15,0,110,,56901,31,0,15,0,110,,56900,31,0,15,0,110,,56899,31,0,15,0,150,,56898,31,0,15,0
721403,'1377',855,,56906,31,0,15,0,150,,56907,31,0,15,0,110,,56908,31,0,15,0,110,,56909,31,0,15,0,116,,56910,31,0,15,0,115,,56911,31,0,15,0,85,,56912,31,0,15,0,85,,56913,31,0,15,0,85,,56914,31,0,15,0,45,,56915,31,0,15,0,85,,56916,31,0,15,0,85,,56917,31,0,15,0,85,,56918,31,0,15,0
721403,'1378',726,,56919,31,0,15,0,100,,56920,31,0,15,0,85,,56921,31,0,15,0,45,,56922,31,0,15,0,85,,56923,31,0,15,0,85,,56924,31,0,15,0,85,,56925,31,0,15,0,45,,56926,31,0,15,0,85,,56927,31,0,15,0,85,,56928,31,0,15,0,85,,56929,31,0,15,0,45,,56930,31,0,15,0,85,,56931,31,0,15,0,85,,56932,31,0,15,0,85,,56933,31,0,15,0,45,,56934,31,0,15,0,85,,56935,31,0,15,0,85,,56936,31,0,15,0,85,,56937,31,0,15,0,45,,56938,31,0,15,0
721403,'1379',726,,56939,31,0,15,0,100,,56940,31,0,15,0,85,,56941,31,0,15,0,45,,56942,31,0,15,0,85,,56943,31,0,15,0,85,,56944,31,0,15,0,85,,56945,31,0,15,0,45,,56946,31,0,15,0,85,,56947,31,0,15,0,85,,56948,31,0,15,0,85,,56949,31,0,15,0,45,,56950,31,0,15,0,85,,56951,31,0,15,0,85,,56952,31,0,15,0,85,,56953,31,0,15,0,45,,56954,31,0,15,0,85,,56955,31,0,15,0,85,,56956,31,0,15,0,85,,56957,31,0,15,0,45,,56958,31,0,15,0
721403,'1380',726,,56959,31,0,15,0,100,,56960,31,0,15,0,85,,56961,31,0,15,0,45,,56962,31,0,15,0,85,,56963,31,0,15,0,85,,56964,31,0,15,0,85,,56965,31,0,15,0,45,,56966,31,0,15,0,85,,56967,31,0,15,0,85,,56968,31,0,15,0,85,,56969,31,0,15,0,45,,56970,31,0,15,0,85,,56971,31,0,15,0,85,,56972,31,0,15,0,85,,56973,31,0,15,0,45,,56974,31,0,15,0,85,,56975,31,0,15,0,85,,56976,31,0,15,0,85,,56977,31,0,15,0,45,,56978,31,0,15,0
721403,'1381',726,,56979,31,0,15,0,100,,56980,31,0,15,0,85,,56981,31,0,15,0,45,,56982,31,0,15,0,85,,56983,31,0,15,0,85,,56984,31,0,15,0,85,,56985,31,0,15,0,45,,56986,31,0,15,0,85,,56987,31,0,15,0,85,,56988,31,0,15,0,85,,56989,31,0,15,0,45,,56990,31,0,15,0,85,,56991,31,0,15,0,85,,56992,31,0,15,0,85,,56993,31,0,15,0,45,,56994,31,0,15,0,85,,56995,31,0,15,0,85,,56996,31,0,15,0,85,,56997,31,0,15,0,45,,56998,31,0,15,0
721403,'1382',726,,56999,31,0,15,0,100,,57000,31,0,15,0,85,,57001,31,0,15,0,45,,57002,31,0,15,0,85,,57003,31,0,15,0,85,,57004,31,0,15,0,85,,57005,31,0,15,0,45,,57006,31,0,15,0,85,,57007,31,0,15,0,85,,57008,31,0,15,0,85,,57009,31,0,15,0,45,,57010,31,0,15,0,85,,57011,31,0,15,0,85,,57012,31,0,15,0,85,,57013,31,0,15,0,45,,57014,31,0,15,0,85,,57015,31,0,15,0,85,,57016,31,0,15,0,85,,57017,31,0,15,0,45,,57018,31,0,15,0
