1700,'1383',628,,58253,44,,,0,100,,58252,44,,,0,100,,58251,44,,,0,100,,58250,44,,,0,112,,58254,44,,,0,80,,58255,44,,,0,80,,58256,44,,,0,40,,58257,44,,,0,80,,58258,44,,,0,80,,58259,44,,,0,40,,58260,44,,,0,80,,58261,44,,,0,80,,58262,44,,,0,40,,58263,44,,,0,80,,58264,44,,,0,80,,58265,44,,,0,40,,58266,44,,,0,80,,58267,44,,,0,80,,58268,44,,,0
1700,'1384',548,,58269,44,,,0,74,,58270,44,,,0,30,,58271,44,,,0,70,,58272,44,,,0,30,,58273,44,,,0,70,,58274,44,,,0,30,,58275,44,,,0,70,,58276,44,,,0,30,,58277,44,,,0,70,,58278,44,,,0,78,,58287,44,,,0,20,,58288,44,,,0,20,,58289,44,,,0,60,,58290,44,,,0,20,,58291,44,,,0,20,,58292,44,,,0,60,,58293,44,,,0,20,,58294,44,,,0,20,,58295,44,,,0,60,,58296,44,,,0,20,,58297,44,,,0,20,,58298,44,,,0,60,,58299,44,,,0,20,,58300,44,,,0,20,,58301,44,,,0,60,,58302,44,,,0,20,,58303,44,,,0,20,,58304,44,,,0,60,,58305,44,,,0,20,,58306,44,,,0,20,,58307,44,,,0,60,,58308,44,,,0,20,,58309,44,,,0,20,,58310,44,,,0,15,,58311,44,,,0,70,,58312,44,,,0,30,,58313,44,,,0,70,,58314,44,,,0,30,,58315,44,,,0,67,,58279,44,,,0,30,,58280,44,,,0,70,,58281,44,,,0,30,,58282,44,,,0,70,,58283,44,,,0,30,,58284,44,,,0,70,,58285,44,,,0,30,,58286,44,,,0
1700,'1385',550,,58316,44,,,0,68,,58317,5,,,0,17,,58335,44,,,0,15,,58334,44,,,0,55,,58333,44,,,0,15,,58332,44,,,0,15,,58331,44,,,0,10,,58330,44,,,0,10,,58329,44,,,0,50,,58328,44,,,0,10,,58327,44,,,0,10,,58326,44,,,0,10,,58325,44,,,0,10,,58324,44,,,0,10,,58323,44,,,0,50,,58318,44,,,0,10,,58319,44,,,0,10,,58320,44,,,0,10,,58321,44,,,0,10,,58322,44,,,0,10,,58336,44,,,0,50,,58361,44,,,0,10,,58362,44,,,0,10,,58363,44,,,0,10,,58364,44,,,0,10,,58365,44,,,0,10,,58366,44,,,0,50,,58367,44,,,0,10,,58368,44,,,0,10,,58369,44,,,0,10,,58370,44,,,0,10,,58371,44,,,0,10,,58372,44,,,0,50,,58373,44,,,0,10,,58374,44,,,0,10,,58375,44,,,0,10,,58376,44,,,0,10,,58379,44,,,0,10,,58380,44,,,0,50,,58381,44,,,0,10,,58382,44,,,0,10,,58383,44,,,0,10,,58384,44,,,0,10,,58385,44,,,0,10,,58386,44,,,0,50,,58337,44,,,0,10,,58338,44,,,0,10,,58339,44,,,0,10,,58340,44,,,0,10,,58341,44,,,0,10,,58342,44,,,0,50,,58343,44,,,0,10,,58344,44,,,0,10,,58345,44,,,0,10,,58346,44,,,0,10,,58347,44,,,0,10,,58348,44,,,0,50,,58349,44,,,0,10,,58350,44,,,0,10,,58351,44,,,0,10,,58352,44,,,0,10,,58353,44,,,0,10,,58354,44,,,0,50,,58355,44,,,0,10,,58356,44,,,0,10,,58357,44,,,0,10,,58358,44,,,0,10,,58359,44,,,0,10,,58360,44,,,0,50,,58387,44,,,0,10,,58388,44,,,0,10,,58389,44,,,0,10,,58390,44,,,0,15,,58391,44,,,0,55,,58392,44,,,0,15,,58393,44,,,0,30,,58394,44,,,0,70,,58395,44,,,0,30,,58396,44,,,0,70,,58397,44,,,0,30,,58398,44,,,0,70,,58399,44,,,0,30,,58400,44,,,0,70,,58401,44,,,0,30,,58402,44,,,0,70,,58377,44,,,0,30,,58378,44,,,0
1700,'1386',550,,58403,44,,,0,68,,58404,5,,,0,17,,58422,44,,,0,15,,58421,44,,,0,55,,58420,44,,,0,15,,58419,44,,,0,15,,58418,44,,,0,10,,58417,44,,,0,10,,58416,44,,,0,50,,58415,44,,,0,10,,58414,44,,,0,10,,58413,44,,,0,10,,58412,44,,,0,10,,58411,44,,,0,10,,58410,44,,,0,50,,58405,44,,,0,10,,58406,44,,,0,10,,58407,44,,,0,10,,58408,44,,,0,10,,58409,44,,,0,10,,58423,44,,,0,50,,58448,44,,,0,10,,58449,44,,,0,10,,58450,44,,,0,10,,58451,44,,,0,10,,58452,44,,,0,10,,58453,44,,,0,50,,58454,44,,,0,10,,58455,44,,,0,10,,58456,44,,,0,10,,58457,44,,,0,10,,58458,44,,,0,10,,58459,44,,,0,50,,58460,44,,,0,10,,58461,44,,,0,10,,58462,44,,,0,10,,58463,44,,,0,10,,58466,44,,,0,10,,58467,44,,,0,50,,58468,44,,,0,10,,58469,44,,,0,10,,58470,44,,,0,10,,58471,44,,,0,10,,58472,44,,,0,10,,58473,44,,,0,50,,58424,44,,,0,10,,58425,44,,,0,10,,58426,44,,,0,10,,58427,44,,,0,10,,58428,44,,,0,10,,58429,44,,,0,50,,58430,44,,,0,10,,58431,44,,,0,10,,58432,44,,,0,10,,58433,44,,,0,10,,58434,44,,,0,10,,58435,44,,,0,50,,58436,44,,,0,10,,58437,44,,,0,10,,58438,44,,,0,10,,58439,44,,,0,10,,58440,44,,,0,10,,58441,44,,,0,50,,58442,44,,,0,10,,58443,44,,,0,10,,58444,44,,,0,10,,58445,44,,,0,10,,58446,44,,,0,10,,58447,44,,,0,50,,58474,44,,,0,10,,58475,44,,,0,10,,58476,44,,,0,10,,58477,44,,,0,15,,58478,44,,,0,55,,58479,44,,,0,15,,58480,44,,,0,30,,58481,44,,,0,70,,58482,44,,,0,30,,58483,44,,,0,70,,58484,44,,,0,30,,58485,44,,,0,70,,58486,44,,,0,30,,58487,44,,,0,70,,58488,44,,,0,30,,58489,44,,,0,70,,58464,44,,,0,30,,58465,44,,,0
1700,'1387',550,,58490,44,,,0,68,,58491,5,,,0,17,,58509,44,,,0,15,,58508,44,,,0,55,,58507,44,,,0,15,,58506,44,,,0,15,,58505,44,,,0,10,,58504,44,,,0,10,,58503,44,,,0,50,,58502,44,,,0,10,,58501,44,,,0,10,,58500,44,,,0,10,,58499,44,,,0,10,,58498,44,,,0,10,,58497,44,,,0,50,,58492,44,,,0,10,,58493,44,,,0,10,,58494,44,,,0,10,,58495,44,,,0,10,,58496,44,,,0,10,,58510,44,,,0,50,,58535,44,,,0,10,,58536,44,,,0,10,,58537,44,,,0,10,,58538,44,,,0,10,,58539,44,,,0,10,,58540,44,,,0,50,,58541,44,,,0,10,,58542,44,,,0,10,,58543,44,,,0,10,,58544,44,,,0,10,,58545,44,,,0,10,,58546,44,,,0,50,,58547,44,,,0,10,,58548,44,,,0,10,,58549,44,,,0,10,,58550,44,,,0,10,,58553,44,,,0,10,,58554,44,,,0,50,,58555,44,,,0,10,,58556,44,,,0,10,,58557,44,,,0,10,,58558,44,,,0,10,,58559,44,,,0,10,,58560,44,,,0,50,,58511,44,,,0,10,,58512,44,,,0,10,,58513,44,,,0,10,,58514,44,,,0,10,,58515,44,,,0,10,,58516,44,,,0,50,,58517,44,,,0,10,,58518,44,,,0,10,,58519,44,,,0,10,,58520,44,,,0,10,,58521,44,,,0,10,,58522,44,,,0,50,,58523,44,,,0,10,,58524,44,,,0,10,,58525,44,,,0,10,,58526,44,,,0,10,,58527,44,,,0,10,,58528,44,,,0,50,,58529,44,,,0,10,,58530,44,,,0,10,,58531,44,,,0,10,,58532,44,,,0,10,,58533,44,,,0,10,,58534,44,,,0,50,,58561,44,,,0,10,,58562,44,,,0,10,,58563,44,,,0,10,,58564,44,,,0,15,,58565,44,,,0,55,,58566,44,,,0,15,,58567,44,,,0,30,,58568,44,,,0,70,,58569,44,,,0,30,,58570,44,,,0,70,,58571,44,,,0,30,,58572,44,,,0,70,,58573,44,,,0,30,,58574,44,,,0,70,,58575,44,,,0,30,,58576,44,,,0,70,,58551,44,,,0,30,,58552,44,,,0
1700,'1388',550,,58577,44,,,0,68,,58578,5,,,0,17,,58596,44,,,0,15,,58595,44,,,0,55,,58594,44,,,0,15,,58593,44,,,0,15,,58592,44,,,0,10,,58591,44,,,0,10,,58590,44,,,0,50,,58589,44,,,0,10,,58588,44,,,0,10,,58587,44,,,0,10,,58586,44,,,0,10,,58585,44,,,0,10,,58584,44,,,0,50,,58579,44,,,0,10,,58580,44,,,0,10,,58581,44,,,0,10,,58582,44,,,0,10,,58583,44,,,0,10,,58597,44,,,0,50,,58622,44,,,0,10,,58623,44,,,0,10,,58624,44,,,0,10,,58625,44,,,0,10,,58626,44,,,0,10,,58627,44,,,0,50,,58628,44,,,0,10,,58629,44,,,0,10,,58630,44,,,0,10,,58631,44,,,0,10,,58632,44,,,0,10,,58633,44,,,0,50,,58634,44,,,0,10,,58635,44,,,0,10,,58636,44,,,0,10,,58637,44,,,0,10,,58640,44,,,0,10,,58641,44,,,0,50,,58642,44,,,0,10,,58643,44,,,0,10,,58644,44,,,0,10,,58645,44,,,0,10,,58646,44,,,0,10,,58647,44,,,0,50,,58598,44,,,0,10,,58599,44,,,0,10,,58600,44,,,0,10,,58601,44,,,0,10,,58602,44,,,0,10,,58603,44,,,0,50,,58604,44,,,0,10,,58605,44,,,0,10,,58606,44,,,0,10,,58607,44,,,0,10,,58608,44,,,0,10,,58609,44,,,0,50,,58610,44,,,0,10,,58611,44,,,0,10,,58612,44,,,0,10,,58613,44,,,0,10,,58614,44,,,0,10,,58615,44,,,0,50,,58616,44,,,0,10,,58617,44,,,0,10,,58618,44,,,0,10,,58619,44,,,0,10,,58620,44,,,0,10,,58621,44,,,0,50,,58648,44,,,0,10,,58649,44,,,0,10,,58650,44,,,0,10,,58651,44,,,0,15,,58652,44,,,0,55,,58653,44,,,0,15,,58654,44,,,0,30,,58655,44,,,0,70,,58656,44,,,0,30,,58657,44,,,0,70,,58658,44,,,0,30,,58659,44,,,0,70,,58660,44,,,0,30,,58661,44,,,0,70,,58662,44,,,0,30,,58663,44,,,0,70,,58638,44,,,0,30,,58639,44,,,0
1700,'1389',550,,58664,44,,,0,68,,58665,5,,,0,17,,58683,44,,,0,15,,58682,44,,,0,55,,58681,44,,,0,15,,58680,44,,,0,15,,58679,44,,,0,10,,58678,44,,,0,10,,58677,44,,,0,50,,58676,44,,,0,10,,58675,44,,,0,10,,58674,44,,,0,10,,58673,44,,,0,10,,58672,44,,,0,10,,58671,44,,,0,50,,58666,44,,,0,10,,58667,44,,,0,10,,58668,44,,,0,10,,58669,44,,,0,10,,58670,44,,,0,10,,58684,44,,,0,50,,58709,44,,,0,10,,58710,44,,,0,10,,58711,44,,,0,10,,58712,44,,,0,10,,58713,44,,,0,10,,58714,44,,,0,50,,58715,44,,,0,10,,58716,44,,,0,10,,58717,44,,,0,10,,58718,44,,,0,10,,58719,44,,,0,10,,58720,44,,,0,50,,58721,44,,,0,10,,58722,44,,,0,10,,58723,44,,,0,10,,58724,44,,,0,10,,58727,44,,,0,10,,58728,44,,,0,50,,58729,44,,,0,10,,58730,44,,,0,10,,58731,44,,,0,10,,58732,44,,,0,10,,58733,44,,,0,10,,58734,44,,,0,50,,58685,44,,,0,10,,58686,44,,,0,10,,58687,44,,,0,10,,58688,44,,,0,10,,58689,44,,,0,10,,58690,44,,,0,50,,58691,44,,,0,10,,58692,44,,,0,10,,58693,44,,,0,10,,58694,44,,,0,10,,58695,44,,,0,10,,58696,44,,,0,50,,58697,44,,,0,10,,58698,44,,,0,10,,58699,44,,,0,10,,58700,44,,,0,10,,58701,44,,,0,10,,58702,44,,,0,50,,58703,44,,,0,10,,58704,44,,,0,10,,58705,44,,,0,10,,58706,44,,,0,10,,58707,44,,,0,10,,58708,44,,,0,50,,58735,44,,,0,10,,58736,44,,,0,10,,58737,44,,,0,10,,58738,44,,,0,15,,58739,44,,,0,55,,58740,44,,,0,15,,58741,44,,,0,30,,58742,44,,,0,70,,58743,44,,,0,30,,58744,44,,,0,70,,58745,44,,,0,30,,58746,44,,,0,70,,58747,44,,,0,30,,58748,44,,,0,70,,58749,44,,,0,30,,58750,44,,,0,70,,58725,44,,,0,30,,58726,44,,,0
552200,'1385',648,,61884,8,0,9,0,70,,61885,8,0,9,0,30,,61886,8,0,9,0,70,,61887,8,0,9,0,30,,61888,8,0,9,0,70,,61889,8,0,9,0,30,,61890,8,0,9,0,70,,61891,8,0,9,0,30,,61892,8,0,9,0,70,,61893,8,0,9,0,30,,61894,8,0,9,0,70,,61895,8,0,9,0,30,,61896,8,0,9,0,70,,61897,8,0,9,0,30,,61898,8,0,9,0,70,,61899,8,0,9,0,30,,61900,8,0,9,0,70,,61901,8,0,9,0,30,,61902,8,0,9,0,70,,61903,8,0,9,0,30,,61904,8,0,9,0,70,,61905,8,0,9,0,30,,61906,8,0,9,0
552200,'1386',648,,61907,8,0,9,0,70,,61908,8,0,9,0,30,,61909,8,0,9,0,70,,61910,8,0,9,0,30,,61911,8,0,9,0,70,,61912,8,0,9,0,30,,61913,8,0,9,0,70,,61914,8,0,9,0,30,,61915,8,0,9,0,70,,61916,8,0,9,0,30,,61917,8,0,9,0,70,,61918,8,0,9,0,30,,61919,8,0,9,0,70,,61920,8,0,9,0,30,,61921,8,0,9,0,70,,61922,8,0,9,0,30,,61923,8,0,9,0,70,,61924,8,0,9,0,30,,61925,8,0,9,0,70,,61926,8,0,9,0,30,,61927,8,0,9,0,70,,61928,8,0,9,0,30,,61929,8,0,9,0
552200,'1387',648,,61930,8,0,9,0,70,,61931,8,0,9,0,30,,61932,8,0,9,0,70,,61933,8,0,9,0,30,,61934,8,0,9,0,70,,61935,8,0,9,0,30,,61936,8,0,9,0,70,,61937,8,0,9,0,30,,61938,8,0,9,0,70,,61939,8,0,9,0,30,,61940,8,0,9,0,70,,61941,8,0,9,0,30,,61942,8,0,9,0,70,,61943,8,0,9,0,30,,61944,8,0,9,0,70,,61945,8,0,9,0,30,,61946,8,0,9,0,70,,61947,8,0,9,0,30,,61948,8,0,9,0,70,,61949,8,0,9,0,30,,61950,8,0,9,0,70,,61951,8,0,9,0,30,,61952,8,0,9,0
552200,'1388',648,,61953,8,0,9,0,70,,61954,8,0,9,0,30,,61955,8,0,9,0,70,,61956,8,0,9,0,30,,61957,8,0,9,0,70,,61958,8,0,9,0,30,,61959,8,0,9,0,70,,61960,8,0,9,0,30,,61961,8,0,9,0,70,,61962,8,0,9,0,30,,61963,8,0,9,0,70,,61964,8,0,9,0,30,,61965,8,0,9,0,70,,61966,8,0,9,0,30,,61967,8,0,9,0,70,,61968,8,0,9,0,30,,61969,8,0,9,0,70,,61970,8,0,9,0,30,,61971,8,0,9,0,70,,61972,8,0,9,0,30,,61973,8,0,9,0,70,,61974,8,0,9,0,30,,61975,8,0,9,0
552200,'1389',648,,61976,8,0,9,0,70,,61977,8,0,9,0,30,,61978,8,0,9,0,70,,61979,8,0,9,0,30,,61980,8,0,9,0,70,,61981,8,0,9,0,30,,61982,8,0,9,0,70,,61983,8,0,9,0,30,,61984,8,0,9,0,70,,61985,8,0,9,0,30,,61986,8,0,9,0,70,,61987,8,0,9,0,30,,61988,8,0,9,0,70,,61989,8,0,9,0,30,,61990,8,0,9,0,70,,61991,8,0,9,0,30,,61992,8,0,9,0,70,,61993,8,0,9,0,30,,61994,8,0,9,0,70,,61995,8,0,9,0,30,,61996,8,0,9,0,70,,61997,8,0,9,0,30,,61998,8,0,9,0
