1801,'1383',748,,59688,82,,,0,100,,59687,82,,,0,100,,59686,82,,,0,105,,59685,82,,,0,80,,59684,82,,,0,80,,59683,82,,,0,40,,59682,82,,,0,80,,59681,82,,,0,80,,59680,82,,,0,40,,59679,82,,,0,80,,59678,82,,,0,80,,59677,82,,,0,40,,59676,82,,,0,80,,59675,82,,,0,80,,59674,82,,,0,40,,59673,82,,,0,80,,59672,82,,,0,80,,59671,82,,,0
1801,'1384',624,,59689,82,,,0,30,,59690,82,,,0,70,,59691,82,,,0,30,,59692,82,,,0,70,,59693,82,,,0,30,,59694,82,,,0,70,,59695,82,,,0,30,,59696,82,,,0,70,,59697,82,,,0,30,,59698,82,,,0,60,,59699,82,,,0,20,,59700,82,,,0,20,,59701,82,,,0,60,,59702,82,,,0,20,,59703,82,,,0,20,,59704,82,,,0,60,,59705,82,,,0,20,,59706,82,,,0,20,,59707,82,,,0,60,,59708,82,,,0,20,,59709,82,,,0,20,,59710,82,,,0,60,,59711,82,,,0,20,,59712,82,,,0,20,,59713,82,,,0,60,,59714,82,,,0,20,,59715,82,,,0,20,,59716,82,,,0,60,,59717,82,,,0,20,,59718,82,,,0,20,,59719,82,,,0,60,,59720,82,,,0,20,,59721,82,,,0,20,,59722,82,,,0,75,,59723,82,,,0,25,,59724,82,,,0,70,,59725,82,,,0,30,,59726,82,,,0,70,,59727,82,,,0,30,,59728,82,,,0,70,,59729,82,,,0,30,,59730,82,,,0,70,,59731,82,,,0,30,,59732,82,,,0,70,,59733,82,,,0,30,,59734,82,,,0,70,,59735,82,,,0
1801,'1385',622,,59774,82,,,0,30,,59775,82,,,0,55,,59741,82,,,0,20,,59740,82,,,0,15,,59739,82,,,0,15,,59738,82,,,0,50,,59737,82,,,0,10,,59736,82,,,0,10,,59742,82,,,0,10,,59743,82,,,0,10,,59744,82,,,0,10,,59745,82,,,0,55,,59746,82,,,0,15,,59747,82,,,0,15,,59748,82,,,0,10,,59776,82,,,0,55,,59777,82,,,0,15,,59778,82,,,0,15,,59779,82,,,0,15,,59780,82,,,0,55,,59781,82,,,0,15,,59782,82,,,0,15,,59783,82,,,0,15,,59784,82,,,0,55,,59785,82,,,0,15,,59786,82,,,0,15,,59787,82,,,0,15,,59788,82,,,0,50,,59807,66,,,0,5,,59789,82,,,0,15,,59790,82,,,0,15,,59791,82,,,0,15,,59792,82,,,0,62,,59749,82,,,0,15,,59750,82,,,0,15,,59773,82,,,0,15,,59772,82,,,0,50,,59771,82,,,0,10,,59770,82,,,0,10,,59769,82,,,0,10,,59768,82,,,0,10,,59767,82,,,0,10,,59766,82,,,0,50,,59765,82,,,0,10,,59764,82,,,0,10,,59763,82,,,0,10,,59762,82,,,0,10,,59751,82,,,0,10,,59752,82,,,0,50,,59753,82,,,0,10,,59754,82,,,0,10,,59755,82,,,0,10,,59756,82,,,0,10,,59757,82,,,0,10,,59758,82,,,0,55,,59759,82,,,0,15,,59760,82,,,0,15,,59761,82,,,0,9,,59793,82,,,0,70,,59794,82,,,0,30,,59795,82,,,0,70,,59796,82,,,0,30,,59797,82,,,0,70,,59798,82,,,0,30,,59799,82,,,0,70,,59800,82,,,0,30,,59801,82,,,0,70,,59802,82,,,0,30,,59803,82,,,0,70,,59804,82,,,0,30,,59805,82,,,0,70,,59806,82,,,0
1801,'1386',622,,59846,82,,,0,30,,59847,82,,,0,55,,59812,82,,,0,20,,59811,82,,,0,15,,59810,82,,,0,15,,59809,82,,,0,50,,59808,82,,,0,10,,59813,82,,,0,10,,59814,82,,,0,10,,59815,82,,,0,10,,59816,82,,,0,10,,59817,82,,,0,55,,59818,82,,,0,15,,59819,82,,,0,15,,59820,82,,,0,10,,59848,82,,,0,55,,59849,82,,,0,15,,59850,82,,,0,15,,59851,82,,,0,15,,59852,82,,,0,55,,59853,82,,,0,15,,59854,82,,,0,15,,59855,82,,,0,15,,59856,82,,,0,55,,59857,82,,,0,15,,59858,82,,,0,15,,59859,82,,,0,15,,59860,82,,,0,50,,59879,66,,,0,5,,59861,82,,,0,15,,59862,82,,,0,15,,59863,82,,,0,15,,59864,82,,,0,62,,59821,82,,,0,15,,59822,82,,,0,15,,59845,82,,,0,15,,59844,82,,,0,50,,59843,82,,,0,10,,59842,82,,,0,10,,59841,82,,,0,10,,59840,82,,,0,10,,59839,82,,,0,10,,59838,82,,,0,50,,59837,82,,,0,10,,59836,82,,,0,10,,59835,82,,,0,10,,59834,82,,,0,10,,59823,82,,,0,10,,59824,82,,,0,50,,59825,82,,,0,10,,59826,82,,,0,10,,59827,82,,,0,10,,59828,82,,,0,10,,59829,82,,,0,10,,59830,82,,,0,55,,59831,82,,,0,15,,59832,82,,,0,15,,59833,82,,,0,9,,59865,82,,,0,70,,59866,82,,,0,30,,59867,82,,,0,70,,59868,82,,,0,30,,59869,82,,,0,70,,59870,82,,,0,30,,59871,82,,,0,70,,59872,82,,,0,30,,59873,82,,,0,70,,59874,82,,,0,30,,59875,82,,,0,70,,59876,82,,,0,30,,59877,82,,,0,70,,59878,82,,,0
1801,'1387',622,,59918,82,,,0,30,,59919,82,,,0,55,,59884,82,,,0,20,,59883,82,,,0,15,,59882,82,,,0,15,,59881,82,,,0,50,,59880,82,,,0,10,,59885,82,,,0,10,,59886,82,,,0,10,,59887,82,,,0,10,,59888,82,,,0,10,,59889,82,,,0,55,,59890,82,,,0,15,,59891,82,,,0,15,,59892,82,,,0,10,,59920,82,,,0,55,,59921,82,,,0,15,,59922,82,,,0,15,,59923,82,,,0,15,,59924,82,,,0,55,,59925,82,,,0,15,,59926,82,,,0,15,,59927,82,,,0,15,,59928,82,,,0,55,,59929,82,,,0,15,,59930,82,,,0,15,,59931,82,,,0,15,,59932,82,,,0,50,,59951,66,,,0,5,,59933,82,,,0,15,,59934,82,,,0,15,,59935,82,,,0,15,,59936,82,,,0,62,,59893,82,,,0,15,,59894,82,,,0,15,,59917,82,,,0,15,,59916,82,,,0,50,,59915,82,,,0,10,,59914,82,,,0,10,,59913,82,,,0,10,,59912,82,,,0,10,,59911,82,,,0,10,,59910,82,,,0,50,,59909,82,,,0,10,,59908,82,,,0,10,,59907,82,,,0,10,,59906,82,,,0,10,,59895,82,,,0,10,,59896,82,,,0,50,,59897,82,,,0,10,,59898,82,,,0,10,,59899,82,,,0,10,,59900,82,,,0,10,,59901,82,,,0,10,,59902,82,,,0,55,,59903,82,,,0,15,,59904,82,,,0,15,,59905,82,,,0,9,,59937,82,,,0,70,,59938,82,,,0,30,,59939,82,,,0,70,,59940,82,,,0,30,,59941,82,,,0,70,,59942,82,,,0,30,,59943,82,,,0,70,,59944,82,,,0,30,,59945,82,,,0,70,,59946,82,,,0,30,,59947,82,,,0,70,,59948,82,,,0,30,,59949,82,,,0,70,,59950,82,,,0
1801,'1388',622,,59990,82,,,0,30,,59991,82,,,0,55,,59956,82,,,0,20,,59955,82,,,0,15,,59954,82,,,0,15,,59953,82,,,0,50,,59952,82,,,0,10,,59957,82,,,0,10,,59958,82,,,0,10,,59959,82,,,0,10,,59960,82,,,0,10,,59961,82,,,0,55,,59962,82,,,0,15,,59963,82,,,0,15,,59964,82,,,0,10,,59992,82,,,0,55,,59993,82,,,0,15,,59994,82,,,0,15,,59995,82,,,0,15,,59996,82,,,0,55,,59997,82,,,0,15,,59998,82,,,0,15,,59999,82,,,0,15,,60000,82,,,0,55,,60001,82,,,0,15,,60002,82,,,0,15,,60003,82,,,0,15,,60004,82,,,0,50,,60023,66,,,0,5,,60005,82,,,0,15,,60006,82,,,0,15,,60007,82,,,0,15,,60008,82,,,0,62,,59965,82,,,0,15,,59966,82,,,0,15,,59989,82,,,0,15,,59988,82,,,0,50,,59987,82,,,0,10,,59986,82,,,0,10,,59985,82,,,0,10,,59984,82,,,0,10,,59983,82,,,0,10,,59982,82,,,0,50,,59981,82,,,0,10,,59980,82,,,0,10,,59979,82,,,0,10,,59978,82,,,0,10,,59967,82,,,0,10,,59968,82,,,0,50,,59969,82,,,0,10,,59970,82,,,0,10,,59971,82,,,0,10,,59972,82,,,0,10,,59973,82,,,0,10,,59974,82,,,0,55,,59975,82,,,0,15,,59976,82,,,0,15,,59977,82,,,0,9,,60009,82,,,0,70,,60010,82,,,0,30,,60011,82,,,0,70,,60012,82,,,0,30,,60013,82,,,0,70,,60014,82,,,0,30,,60015,82,,,0,70,,60016,82,,,0,30,,60017,82,,,0,70,,60018,82,,,0,30,,60019,82,,,0,70,,60020,82,,,0,30,,60021,82,,,0,70,,60022,82,,,0
1801,'1389',622,,60062,82,,,0,30,,60063,82,,,0,55,,60028,82,,,0,20,,60027,82,,,0,15,,60026,82,,,0,15,,60025,82,,,0,50,,60024,82,,,0,10,,60029,82,,,0,10,,60030,82,,,0,10,,60031,82,,,0,10,,60032,82,,,0,10,,60033,82,,,0,55,,60034,82,,,0,15,,60035,82,,,0,15,,60036,82,,,0,10,,60064,82,,,0,55,,60065,82,,,0,15,,60066,82,,,0,15,,60067,82,,,0,15,,60068,82,,,0,55,,60069,82,,,0,15,,60070,82,,,0,15,,60071,82,,,0,15,,60072,82,,,0,55,,60073,82,,,0,15,,60074,82,,,0,15,,60075,82,,,0,15,,60076,82,,,0,50,,60095,66,,,0,5,,60077,82,,,0,15,,60078,82,,,0,15,,60079,82,,,0,15,,60080,82,,,0,62,,60037,82,,,0,15,,60038,82,,,0,15,,60061,82,,,0,15,,60060,82,,,0,50,,60059,82,,,0,10,,60058,82,,,0,10,,60057,82,,,0,10,,60056,82,,,0,10,,60055,82,,,0,10,,60054,82,,,0,50,,60053,82,,,0,10,,60052,82,,,0,10,,60051,82,,,0,10,,60050,82,,,0,10,,60039,82,,,0,10,,60040,82,,,0,50,,60041,82,,,0,10,,60042,82,,,0,10,,60043,82,,,0,10,,60044,82,,,0,10,,60045,82,,,0,10,,60046,82,,,0,55,,60047,82,,,0,15,,60048,82,,,0,15,,60049,82,,,0,9,,60081,82,,,0,70,,60082,82,,,0,30,,60083,82,,,0,70,,60084,82,,,0,30,,60085,82,,,0,70,,60086,82,,,0,30,,60087,82,,,0,70,,60088,82,,,0,30,,60089,82,,,0,70,,60090,82,,,0,30,,60091,82,,,0,70,,60092,82,,,0,30,,60093,82,,,0,70,,60094,82,,,0
2800,'1384',756,,61079,35,,,0,150,,61080,35,,,0,110,,61081,35,,,0,110,,61082,35,,,0,110,,61083,35,,,0,110,,61084,35,,,0,110,,61085,35,,,0,150,,61086,35,,,0,110,,61087,35,,,0,110,,61088,35,,,0,110,,61089,35,,,0
2800,'1385',656,,61095,36,,,0,75,,61096,36,,,0,75,,61097,36,,,0,35,,61098,36,,,0,75,,61099,36,,,0,35,,61100,36,,,0,75,,61101,36,,,0,75,,61102,36,,,0,35,,61103,36,,,0,75,,61104,36,,,0,35,,61105,36,,,0,75,,61106,36,,,0,35,,61107,36,,,0,75,,61108,36,,,0,75,,61109,36,,,0,35,,61110,36,,,0,75,,61111,36,,,0,35,,61112,36,,,0,75,,61090,35,,,0,75,,61091,35,,,0,35,,61092,35,,,0,75,,61093,35,,,0,35,,61094,35,,,0
2800,'1386',656,,61118,36,,,0,75,,61119,36,,,0,75,,61120,36,,,0,35,,61121,36,,,0,75,,61122,36,,,0,35,,61123,36,,,0,75,,61124,36,,,0,75,,61125,36,,,0,35,,61126,36,,,0,75,,61127,36,,,0,35,,61128,36,,,0,75,,61129,36,,,0,35,,61130,36,,,0,75,,61131,36,,,0,75,,61132,36,,,0,35,,61133,36,,,0,75,,61134,36,,,0,35,,61135,36,,,0,75,,61113,35,,,0,75,,61114,35,,,0,35,,61115,35,,,0,75,,61116,35,,,0,35,,61117,35,,,0
2800,'1387',656,,61141,36,,,0,75,,61142,36,,,0,75,,61143,36,,,0,35,,61144,36,,,0,75,,61145,36,,,0,35,,61146,36,,,0,75,,61147,36,,,0,75,,61148,36,,,0,35,,61149,36,,,0,75,,61150,36,,,0,35,,61151,36,,,0,75,,61152,36,,,0,35,,61153,36,,,0,75,,61154,36,,,0,75,,61155,36,,,0,35,,61156,36,,,0,75,,61157,36,,,0,35,,61158,36,,,0,75,,61136,35,,,0,75,,61137,35,,,0,35,,61138,35,,,0,75,,61139,35,,,0,35,,61140,35,,,0
2800,'1388',656,,61164,36,,,0,75,,61165,36,,,0,75,,61166,36,,,0,35,,61167,36,,,0,75,,61168,36,,,0,35,,61169,36,,,0,75,,61170,36,,,0,75,,61171,36,,,0,35,,61172,36,,,0,75,,61173,36,,,0,35,,61174,36,,,0,75,,61175,36,,,0,35,,61176,36,,,0,75,,61177,36,,,0,75,,61178,36,,,0,35,,61179,36,,,0,75,,61180,36,,,0,35,,61181,36,,,0,75,,61159,35,,,0,75,,61160,35,,,0,35,,61161,35,,,0,75,,61162,35,,,0,35,,61163,35,,,0
2800,'1389',656,,61187,36,,,0,75,,61188,36,,,0,75,,61189,36,,,0,35,,61190,36,,,0,75,,61191,36,,,0,35,,61192,36,,,0,75,,61193,36,,,0,75,,61194,36,,,0,35,,61195,36,,,0,75,,61196,36,,,0,35,,61197,36,,,0,75,,61198,36,,,0,35,,61199,36,,,0,75,,61200,36,,,0,75,,61201,36,,,0,35,,61202,36,,,0,75,,61203,36,,,0,35,,61204,36,,,0,75,,61182,35,,,0,75,,61183,35,,,0,35,,61184,35,,,0,75,,61185,35,,,0,35,,61186,35,,,0
