1600,'1383',1050,,57705,24,,,0,70,,57704,24,,,0,85,,57703,24,,,0,30,,57702,24,,,0,70,,57701,24,,,0,30,,57700,24,,,0,70,,57699,24,,,0,30,,57698,24,,,0,70,,57697,24,,,0,30,,57696,24,,,0,70,,57695,24,,,0,30,,57694,24,,,0,70,,57693,24,,,0,20,,57692,24,,,0,10,,57691,24,,,0,70,,57690,24,,,0,20,,57689,24,,,0,10,,57688,24,,,0,70,,57687,24,,,0,30,,57686,24,,,0,70,,57685,24,,,0
1600,'1384',738,,57706,24,,,0,70,,57707,24,,,0,30,,57708,24,,,0,70,,57709,24,,,0,30,,57710,24,,,0,70,,57711,24,,,0,30,,57712,24,,,0,70,,57713,24,,,0,20,,57714,24,,,0,20,,57715,24,,,0,60,,57716,24,,,0,20,,57717,24,,,0,20,,57718,24,,,0,60,,57719,24,,,0,20,,57720,24,,,0,20,,57721,24,,,0,60,,57722,24,,,0,20,,57723,24,,,0,20,,57724,24,,,0,60,,57725,24,,,0,20,,57726,24,,,0,20,,57727,24,,,0,60,,57728,24,,,0,20,,57729,24,,,0,20,,57730,24,,,0,60,,57731,24,,,0,20,,57732,24,,,0,20,,57733,24,,,0,60,,57734,24,,,0,20,,57735,24,,,0,5,,57736,24,,,0,15,,57737,24,,,0,60,,57738,24,,,0,30,,57739,24,,,0,70,,57740,24,,,0,30,,57741,24,,,0,70,,57742,24,,,0,30,,57743,24,,,0,70,,57744,24,,,0,100,,57745,24,,,0
1600,'1385',647,,57759,24,,,0,74,,57746,24,,,0,31,,57760,24,,,0,60,,57761,24,,,0,20,,57762,24,,,0,20,,57763,24,,,0,60,,57764,24,,,0,20,,57765,24,,,0,20,,57766,24,,,0,60,,57747,24,,,0,20,,57748,24,,,0,20,,57749,24,,,0,60,,57750,24,,,0,20,,57751,24,,,0,20,,57752,24,,,0,60,,57753,24,,,0,20,,57754,24,,,0,20,,57755,24,,,0,60,,57756,24,,,0,20,,57757,24,,,0,20,,57758,24,,,0,60,,57779,24,,,0,20,,57780,24,,,0,20,,57781,24,,,0,60,,57782,24,,,0,20,,57783,24,,,0,20,,57767,24,,,0,60,,57768,24,,,0,20,,57769,24,,,0,20,,57770,24,,,0,60,,57771,24,,,0,20,,57772,24,,,0,20,,57773,24,,,0,60,,57774,24,,,0,20,,57775,24,,,0,20,,57776,24,,,0,55,,57777,24,,,0,30,,57778,24,,,0,70,,57784,24,,,0,30,,57785,24,,,0,70,,57786,24,,,0,30,,57787,24,,,0,70,,57788,24,,,0,100,,57789,24,,,0
1600,'1386',647,,57803,24,,,0,74,,57790,24,,,0,31,,57804,24,,,0,60,,57805,24,,,0,20,,57806,24,,,0,20,,57807,24,,,0,60,,57808,24,,,0,20,,57809,24,,,0,20,,57810,24,,,0,60,,57791,24,,,0,20,,57792,24,,,0,20,,57793,24,,,0,60,,57794,24,,,0,20,,57795,24,,,0,20,,57796,24,,,0,60,,57797,24,,,0,20,,57798,24,,,0,20,,57799,24,,,0,60,,57800,24,,,0,20,,57801,24,,,0,20,,57802,24,,,0,60,,57823,24,,,0,20,,57824,24,,,0,20,,57825,24,,,0,60,,57826,24,,,0,20,,57827,24,,,0,20,,57811,24,,,0,60,,57812,24,,,0,20,,57813,24,,,0,20,,57814,24,,,0,60,,57815,24,,,0,20,,57816,24,,,0,20,,57817,24,,,0,60,,57818,24,,,0,20,,57819,24,,,0,20,,57820,24,,,0,55,,57821,24,,,0,30,,57822,24,,,0,70,,57828,24,,,0,30,,57829,24,,,0,70,,57830,24,,,0,30,,57831,24,,,0,70,,57832,24,,,0,100,,57833,24,,,0
1600,'1387',647,,57847,24,,,0,74,,57834,24,,,0,31,,57848,24,,,0,60,,57849,24,,,0,20,,57850,24,,,0,20,,57851,24,,,0,60,,57852,24,,,0,20,,57853,24,,,0,20,,57854,24,,,0,60,,57835,24,,,0,20,,57836,24,,,0,20,,57837,24,,,0,60,,57838,24,,,0,20,,57839,24,,,0,20,,57840,24,,,0,60,,57841,24,,,0,20,,57842,24,,,0,20,,57843,24,,,0,60,,57844,24,,,0,20,,57845,24,,,0,20,,57846,24,,,0,60,,57867,24,,,0,20,,57868,24,,,0,20,,57869,24,,,0,60,,57870,24,,,0,20,,57871,24,,,0,20,,57855,24,,,0,60,,57856,24,,,0,20,,57857,24,,,0,20,,57858,24,,,0,60,,57859,24,,,0,20,,57860,24,,,0,20,,57861,24,,,0,60,,57862,24,,,0,20,,57863,24,,,0,20,,57864,24,,,0,55,,57865,24,,,0,30,,57866,24,,,0,70,,57872,24,,,0,30,,57873,24,,,0,70,,57874,24,,,0,30,,57875,24,,,0,70,,57876,24,,,0,100,,57877,24,,,0
1600,'1388',647,,57891,24,,,0,74,,57878,24,,,0,31,,57892,24,,,0,60,,57893,24,,,0,20,,57894,24,,,0,20,,57895,24,,,0,60,,57896,24,,,0,20,,57897,24,,,0,20,,57898,24,,,0,60,,57879,24,,,0,20,,57880,24,,,0,20,,57881,24,,,0,60,,57882,24,,,0,20,,57883,24,,,0,20,,57884,24,,,0,60,,57885,24,,,0,20,,57886,24,,,0,20,,57887,24,,,0,60,,57888,24,,,0,20,,57889,24,,,0,20,,57890,24,,,0,60,,57911,24,,,0,20,,57912,24,,,0,20,,57913,24,,,0,60,,57914,24,,,0,20,,57915,24,,,0,20,,57899,24,,,0,60,,57900,24,,,0,20,,57901,24,,,0,20,,57902,24,,,0,60,,57903,24,,,0,20,,57904,24,,,0,20,,57905,24,,,0,60,,57906,24,,,0,20,,57907,24,,,0,20,,57908,24,,,0,55,,57909,24,,,0,30,,57910,24,,,0,70,,57916,24,,,0,30,,57917,24,,,0,70,,57918,24,,,0,30,,57919,24,,,0,70,,57920,24,,,0,100,,57921,24,,,0
1600,'1389',647,,57935,24,,,0,74,,57922,24,,,0,31,,57936,24,,,0,60,,57937,24,,,0,20,,57938,24,,,0,20,,57939,24,,,0,60,,57940,24,,,0,20,,57941,24,,,0,20,,57942,24,,,0,60,,57923,24,,,0,20,,57924,24,,,0,20,,57925,24,,,0,60,,57926,24,,,0,20,,57927,24,,,0,20,,57928,24,,,0,60,,57929,24,,,0,20,,57930,24,,,0,20,,57931,24,,,0,60,,57932,24,,,0,20,,57933,24,,,0,20,,57934,24,,,0,60,,57955,24,,,0,20,,57956,24,,,0,20,,57957,24,,,0,60,,57958,24,,,0,20,,57959,24,,,0,20,,57943,24,,,0,60,,57944,24,,,0,20,,57945,24,,,0,20,,57946,24,,,0,60,,57947,24,,,0,20,,57948,24,,,0,20,,57949,24,,,0,60,,57950,24,,,0,20,,57951,24,,,0,20,,57952,24,,,0,55,,57953,24,,,0,30,,57954,24,,,0,70,,57960,24,,,0,30,,57961,24,,,0,70,,57962,24,,,0,30,,57963,24,,,0,70,,57964,24,,,0,100,,57965,24,,,0
1700,'1383',639,,58253,61,,,0,100,,58252,61,,,0,100,,58251,61,,,0,100,,58250,61,,,0,114,,58254,61,,,0,80,,58255,61,,,0,80,,58256,61,,,0,40,,58257,61,,,0,80,,58258,61,,,0,80,,58259,61,,,0,40,,58260,61,,,0,80,,58261,61,,,0,80,,58262,61,,,0,40,,58263,61,,,0,80,,58264,61,,,0,80,,58265,61,,,0,40,,58266,61,,,0,80,,58267,61,,,0,80,,58268,61,,,0
1700,'1384',600,,58269,61,,,0,34,,58270,61,,,0,70,,58271,61,,,0,30,,58272,61,,,0,70,,58273,61,,,0,30,,58274,61,,,0,70,,58275,61,,,0,30,,58276,61,,,0,70,,58277,61,,,0,30,,58278,61,,,0,78,,58287,61,,,0,20,,58288,61,,,0,20,,58289,61,,,0,60,,58290,61,,,0,20,,58291,61,,,0,20,,58292,61,,,0,60,,58293,61,,,0,20,,58294,61,,,0,20,,58295,61,,,0,60,,58296,61,,,0,20,,58297,61,,,0,20,,58298,61,,,0,60,,58299,61,,,0,20,,58300,61,,,0,20,,58301,61,,,0,60,,58302,61,,,0,20,,58303,61,,,0,20,,58304,61,,,0,60,,58305,61,,,0,20,,58306,61,,,0,20,,58307,61,,,0,60,,58308,61,,,0,20,,58309,61,,,0,20,,58310,61,,,0,55,,58311,61,,,0,30,,58312,61,,,0,70,,58313,61,,,0,30,,58314,61,,,0,70,,58315,61,,,0,27,,58279,61,,,0,70,,58280,61,,,0,30,,58281,61,,,0,70,,58282,61,,,0,30,,58283,61,,,0,70,,58284,61,,,0,30,,58285,61,,,0,70,,58286,61,,,0
1700,'1385',601,,58316,61,,,0,28,,58317,22,,,0,18,,58335,61,,,0,55,,58334,61,,,0,15,,58333,61,,,0,15,,58332,61,,,0,15,,58331,61,,,0,10,,58330,61,,,0,50,,58329,61,,,0,10,,58328,61,,,0,10,,58327,61,,,0,10,,58326,61,,,0,10,,58325,61,,,0,10,,58324,61,,,0,50,,58323,61,,,0,10,,58318,61,,,0,10,,58319,61,,,0,10,,58320,61,,,0,10,,58321,61,,,0,10,,58322,61,,,0,50,,58336,61,,,0,10,,58361,61,,,0,10,,58362,61,,,0,10,,58363,61,,,0,10,,58364,61,,,0,10,,58365,61,,,0,50,,58366,61,,,0,10,,58367,61,,,0,10,,58368,61,,,0,10,,58369,61,,,0,10,,58370,61,,,0,10,,58371,61,,,0,50,,58372,61,,,0,10,,58373,61,,,0,10,,58374,61,,,0,10,,58375,61,,,0,10,,58376,61,,,0,10,,58379,61,,,0,50,,58380,61,,,0,10,,58381,61,,,0,10,,58382,61,,,0,10,,58383,61,,,0,10,,58384,61,,,0,10,,58385,61,,,0,50,,58386,61,,,0,10,,58337,61,,,0,10,,58338,61,,,0,10,,58339,61,,,0,10,,58340,61,,,0,10,,58341,61,,,0,50,,58342,61,,,0,10,,58343,61,,,0,10,,58344,61,,,0,10,,58345,61,,,0,10,,58346,61,,,0,10,,58347,61,,,0,50,,58348,61,,,0,10,,58349,61,,,0,10,,58350,61,,,0,10,,58351,61,,,0,10,,58352,61,,,0,10,,58353,61,,,0,50,,58354,61,,,0,10,,58355,61,,,0,10,,58356,61,,,0,10,,58357,61,,,0,10,,58358,61,,,0,10,,58359,61,,,0,50,,58360,61,,,0,10,,58387,61,,,0,10,,58388,61,,,0,10,,58389,61,,,0,10,,58390,61,,,0,55,,58391,61,,,0,15,,58392,61,,,0,15,,58393,61,,,0,70,,58394,61,,,0,30,,58395,61,,,0,70,,58396,61,,,0,30,,58397,61,,,0,70,,58398,61,,,0,30,,58399,61,,,0,70,,58400,61,,,0,30,,58401,61,,,0,70,,58402,61,,,0,30,,58377,61,,,0,70,,58378,61,,,0
1700,'1386',601,,58403,61,,,0,28,,58404,22,,,0,18,,58422,61,,,0,55,,58421,61,,,0,15,,58420,61,,,0,15,,58419,61,,,0,15,,58418,61,,,0,10,,58417,61,,,0,50,,58416,61,,,0,10,,58415,61,,,0,10,,58414,61,,,0,10,,58413,61,,,0,10,,58412,61,,,0,10,,58411,61,,,0,50,,58410,61,,,0,10,,58405,61,,,0,10,,58406,61,,,0,10,,58407,61,,,0,10,,58408,61,,,0,10,,58409,61,,,0,50,,58423,61,,,0,10,,58448,61,,,0,10,,58449,61,,,0,10,,58450,61,,,0,10,,58451,61,,,0,10,,58452,61,,,0,50,,58453,61,,,0,10,,58454,61,,,0,10,,58455,61,,,0,10,,58456,61,,,0,10,,58457,61,,,0,10,,58458,61,,,0,50,,58459,61,,,0,10,,58460,61,,,0,10,,58461,61,,,0,10,,58462,61,,,0,10,,58463,61,,,0,10,,58466,61,,,0,50,,58467,61,,,0,10,,58468,61,,,0,10,,58469,61,,,0,10,,58470,61,,,0,10,,58471,61,,,0,10,,58472,61,,,0,50,,58473,61,,,0,10,,58424,61,,,0,10,,58425,61,,,0,10,,58426,61,,,0,10,,58427,61,,,0,10,,58428,61,,,0,50,,58429,61,,,0,10,,58430,61,,,0,10,,58431,61,,,0,10,,58432,61,,,0,10,,58433,61,,,0,10,,58434,61,,,0,50,,58435,61,,,0,10,,58436,61,,,0,10,,58437,61,,,0,10,,58438,61,,,0,10,,58439,61,,,0,10,,58440,61,,,0,50,,58441,61,,,0,10,,58442,61,,,0,10,,58443,61,,,0,10,,58444,61,,,0,10,,58445,61,,,0,10,,58446,61,,,0,50,,58447,61,,,0,10,,58474,61,,,0,10,,58475,61,,,0,10,,58476,61,,,0,10,,58477,61,,,0,55,,58478,61,,,0,15,,58479,61,,,0,15,,58480,61,,,0,70,,58481,61,,,0,30,,58482,61,,,0,70,,58483,61,,,0,30,,58484,61,,,0,70,,58485,61,,,0,30,,58486,61,,,0,70,,58487,61,,,0,30,,58488,61,,,0,70,,58489,61,,,0,30,,58464,61,,,0,70,,58465,61,,,0
1700,'1387',601,,58490,61,,,0,28,,58491,22,,,0,18,,58509,61,,,0,55,,58508,61,,,0,15,,58507,61,,,0,15,,58506,61,,,0,15,,58505,61,,,0,10,,58504,61,,,0,50,,58503,61,,,0,10,,58502,61,,,0,10,,58501,61,,,0,10,,58500,61,,,0,10,,58499,61,,,0,10,,58498,61,,,0,50,,58497,61,,,0,10,,58492,61,,,0,10,,58493,61,,,0,10,,58494,61,,,0,10,,58495,61,,,0,10,,58496,61,,,0,50,,58510,61,,,0,10,,58535,61,,,0,10,,58536,61,,,0,10,,58537,61,,,0,10,,58538,61,,,0,10,,58539,61,,,0,50,,58540,61,,,0,10,,58541,61,,,0,10,,58542,61,,,0,10,,58543,61,,,0,10,,58544,61,,,0,10,,58545,61,,,0,50,,58546,61,,,0,10,,58547,61,,,0,10,,58548,61,,,0,10,,58549,61,,,0,10,,58550,61,,,0,10,,58553,61,,,0,50,,58554,61,,,0,10,,58555,61,,,0,10,,58556,61,,,0,10,,58557,61,,,0,10,,58558,61,,,0,10,,58559,61,,,0,50,,58560,61,,,0,10,,58511,61,,,0,10,,58512,61,,,0,10,,58513,61,,,0,10,,58514,61,,,0,10,,58515,61,,,0,50,,58516,61,,,0,10,,58517,61,,,0,10,,58518,61,,,0,10,,58519,61,,,0,10,,58520,61,,,0,10,,58521,61,,,0,50,,58522,61,,,0,10,,58523,61,,,0,10,,58524,61,,,0,10,,58525,61,,,0,10,,58526,61,,,0,10,,58527,61,,,0,50,,58528,61,,,0,10,,58529,61,,,0,10,,58530,61,,,0,10,,58531,61,,,0,10,,58532,61,,,0,10,,58533,61,,,0,50,,58534,61,,,0,10,,58561,61,,,0,10,,58562,61,,,0,10,,58563,61,,,0,10,,58564,61,,,0,55,,58565,61,,,0,15,,58566,61,,,0,15,,58567,61,,,0,70,,58568,61,,,0,30,,58569,61,,,0,70,,58570,61,,,0,30,,58571,61,,,0,70,,58572,61,,,0,30,,58573,61,,,0,70,,58574,61,,,0,30,,58575,61,,,0,70,,58576,61,,,0,30,,58551,61,,,0,70,,58552,61,,,0
1700,'1388',601,,58577,61,,,0,28,,58578,22,,,0,18,,58596,61,,,0,55,,58595,61,,,0,15,,58594,61,,,0,15,,58593,61,,,0,15,,58592,61,,,0,10,,58591,61,,,0,50,,58590,61,,,0,10,,58589,61,,,0,10,,58588,61,,,0,10,,58587,61,,,0,10,,58586,61,,,0,10,,58585,61,,,0,50,,58584,61,,,0,10,,58579,61,,,0,10,,58580,61,,,0,10,,58581,61,,,0,10,,58582,61,,,0,10,,58583,61,,,0,50,,58597,61,,,0,10,,58622,61,,,0,10,,58623,61,,,0,10,,58624,61,,,0,10,,58625,61,,,0,10,,58626,61,,,0,50,,58627,61,,,0,10,,58628,61,,,0,10,,58629,61,,,0,10,,58630,61,,,0,10,,58631,61,,,0,10,,58632,61,,,0,50,,58633,61,,,0,10,,58634,61,,,0,10,,58635,61,,,0,10,,58636,61,,,0,10,,58637,61,,,0,10,,58640,61,,,0,50,,58641,61,,,0,10,,58642,61,,,0,10,,58643,61,,,0,10,,58644,61,,,0,10,,58645,61,,,0,10,,58646,61,,,0,50,,58647,61,,,0,10,,58598,61,,,0,10,,58599,61,,,0,10,,58600,61,,,0,10,,58601,61,,,0,10,,58602,61,,,0,50,,58603,61,,,0,10,,58604,61,,,0,10,,58605,61,,,0,10,,58606,61,,,0,10,,58607,61,,,0,10,,58608,61,,,0,50,,58609,61,,,0,10,,58610,61,,,0,10,,58611,61,,,0,10,,58612,61,,,0,10,,58613,61,,,0,10,,58614,61,,,0,50,,58615,61,,,0,10,,58616,61,,,0,10,,58617,61,,,0,10,,58618,61,,,0,10,,58619,61,,,0,10,,58620,61,,,0,50,,58621,61,,,0,10,,58648,61,,,0,10,,58649,61,,,0,10,,58650,61,,,0,10,,58651,61,,,0,55,,58652,61,,,0,15,,58653,61,,,0,15,,58654,61,,,0,70,,58655,61,,,0,30,,58656,61,,,0,70,,58657,61,,,0,30,,58658,61,,,0,70,,58659,61,,,0,30,,58660,61,,,0,70,,58661,61,,,0,30,,58662,61,,,0,70,,58663,61,,,0,30,,58638,61,,,0,70,,58639,61,,,0
1700,'1389',601,,58664,61,,,0,28,,58665,22,,,0,18,,58683,61,,,0,55,,58682,61,,,0,15,,58681,61,,,0,15,,58680,61,,,0,15,,58679,61,,,0,10,,58678,61,,,0,50,,58677,61,,,0,10,,58676,61,,,0,10,,58675,61,,,0,10,,58674,61,,,0,10,,58673,61,,,0,10,,58672,61,,,0,50,,58671,61,,,0,10,,58666,61,,,0,10,,58667,61,,,0,10,,58668,61,,,0,10,,58669,61,,,0,10,,58670,61,,,0,50,,58684,61,,,0,10,,58709,61,,,0,10,,58710,61,,,0,10,,58711,61,,,0,10,,58712,61,,,0,10,,58713,61,,,0,50,,58714,61,,,0,10,,58715,61,,,0,10,,58716,61,,,0,10,,58717,61,,,0,10,,58718,61,,,0,10,,58719,61,,,0,50,,58720,61,,,0,10,,58721,61,,,0,10,,58722,61,,,0,10,,58723,61,,,0,10,,58724,61,,,0,10,,58727,61,,,0,50,,58728,61,,,0,10,,58729,61,,,0,10,,58730,61,,,0,10,,58731,61,,,0,10,,58732,61,,,0,10,,58733,61,,,0,50,,58734,61,,,0,10,,58685,61,,,0,10,,58686,61,,,0,10,,58687,61,,,0,10,,58688,61,,,0,10,,58689,61,,,0,50,,58690,61,,,0,10,,58691,61,,,0,10,,58692,61,,,0,10,,58693,61,,,0,10,,58694,61,,,0,10,,58695,61,,,0,50,,58696,61,,,0,10,,58697,61,,,0,10,,58698,61,,,0,10,,58699,61,,,0,10,,58700,61,,,0,10,,58701,61,,,0,50,,58702,61,,,0,10,,58703,61,,,0,10,,58704,61,,,0,10,,58705,61,,,0,10,,58706,61,,,0,10,,58707,61,,,0,50,,58708,61,,,0,10,,58735,61,,,0,10,,58736,61,,,0,10,,58737,61,,,0,10,,58738,61,,,0,55,,58739,61,,,0,15,,58740,61,,,0,15,,58741,61,,,0,70,,58742,61,,,0,30,,58743,61,,,0,70,,58744,61,,,0,30,,58745,61,,,0,70,,58746,61,,,0,30,,58747,61,,,0,70,,58748,61,,,0,30,,58749,61,,,0,70,,58750,61,,,0,30,,58725,61,,,0,70,,58726,61,,,0
2000,'1383',1016,,60518,77,,,0,85,,60517,77,,,0,45,,60516,77,,,0,85,,60515,77,,,0,85,,60514,77,,,0,85,,60519,77,,,0,45,,60513,77,,,0,85,,60512,77,,,0,85,,60526,77,,,0,85,,60525,77,,,0,46,,60524,77,,,0,84,,60523,77,,,0,85,,60522,77,,,0,85,,60521,77,,,0,45,,60520,77,,,0
2000,'1384',722,,60529,77,,,0,85,,60530,77,,,0,45,,60531,77,,,0,85,,60532,77,,,0,15,,60533,77,,,0,70,,60534,77,,,0,80,,60535,77,,,0,30,,60536,77,,,0,70,,60537,77,,,0,30,,60538,77,,,0,80,,60539,77,,,0,30,,60540,77,,,0,70,,60541,77,,,0,30,,60542,77,,,0,80,,60543,77,,,0,30,,60544,77,,,0,70,,60545,77,,,0,30,,60546,77,,,0,80,,60547,77,,,0,70,,60548,77,,,0,30,,60549,77,,,0,70,,60550,77,,,0,40,,60551,77,,,0,75,,60552,77,,,0,85,,60553,77,,,0,45,,60554,77,,,0,85,,60555,77,,,0,85,,60556,77,,,0,85,,60557,77,,,0,45,,60558,77,,,0
2000,'1385',649,,60569,79,,,0,60,,60570,79,,,0,20,,60571,79,,,0,20,,60572,79,,,0,60,,60573,79,,,0,20,,60574,79,,,0,20,,60575,79,,,0,60,,60576,79,,,0,20,,60577,79,,,0,20,,60578,79,,,0,60,,60579,79,,,0,20,,60580,79,,,0,20,,60581,79,,,0,60,,60582,79,,,0,20,,60583,79,,,0,20,,60584,79,,,0,60,,60585,79,,,0,20,,60586,79,,,0,20,,60587,79,,,0,60,,60588,79,,,0,20,,60589,79,,,0,20,,60590,79,,,0,60,,60591,79,,,0,20,,60592,79,,,0,20,,60593,79,,,0,60,,60594,79,,,0,20,,60595,79,,,0,20,,60596,79,,,0,60,,60597,79,,,0,20,,60598,79,,,0,20,,60599,79,,,0,60,,60600,79,,,0,20,,60601,79,,,0,20,,60602,79,,,0,60,,60603,79,,,0,20,,60604,79,,,0,20,,60605,79,,,0,60,,60606,79,,,0,18,,60560,77,,,0,74,,60561,77,,,0,45,,60562,77,,,0,85,,60563,77,,,0,85,,60564,77,,,0,85,,60565,77,,,0,45,,60566,77,,,0,85,,60567,77,,,0,85,,60568,77,,,0
2000,'1386',649,,60617,79,,,0,60,,60618,79,,,0,20,,60619,79,,,0,20,,60620,79,,,0,60,,60621,79,,,0,20,,60622,79,,,0,20,,60623,79,,,0,60,,60624,79,,,0,20,,60625,79,,,0,20,,60626,79,,,0,60,,60627,79,,,0,20,,60628,79,,,0,20,,60629,79,,,0,60,,60630,79,,,0,20,,60631,79,,,0,20,,60632,79,,,0,60,,60633,79,,,0,20,,60634,79,,,0,20,,60635,79,,,0,60,,60636,79,,,0,20,,60637,79,,,0,20,,60638,79,,,0,60,,60639,79,,,0,20,,60640,79,,,0,20,,60641,79,,,0,60,,60642,79,,,0,20,,60643,79,,,0,20,,60644,79,,,0,60,,60645,79,,,0,20,,60646,79,,,0,20,,60647,79,,,0,60,,60648,79,,,0,20,,60649,79,,,0,20,,60650,79,,,0,60,,60651,79,,,0,20,,60652,79,,,0,20,,60653,79,,,0,60,,60654,79,,,0,18,,60608,77,,,0,74,,60609,77,,,0,45,,60610,77,,,0,85,,60611,77,,,0,85,,60612,77,,,0,85,,60613,77,,,0,45,,60614,77,,,0,85,,60615,77,,,0,85,,60616,77,,,0
2000,'1387',649,,60665,79,,,0,60,,60666,79,,,0,20,,60667,79,,,0,20,,60668,79,,,0,60,,60669,79,,,0,20,,60670,79,,,0,20,,60671,79,,,0,60,,60672,79,,,0,20,,60673,79,,,0,20,,60674,79,,,0,60,,60675,79,,,0,20,,60676,79,,,0,20,,60677,79,,,0,60,,60678,79,,,0,20,,60679,79,,,0,20,,60680,79,,,0,60,,60681,79,,,0,20,,60682,79,,,0,20,,60683,79,,,0,60,,60684,79,,,0,20,,60685,79,,,0,20,,60686,79,,,0,60,,60687,79,,,0,20,,60688,79,,,0,20,,60689,79,,,0,60,,60690,79,,,0,20,,60691,79,,,0,20,,60692,79,,,0,60,,60693,79,,,0,20,,60694,79,,,0,20,,60695,79,,,0,60,,60696,79,,,0,20,,60697,79,,,0,20,,60698,79,,,0,60,,60699,79,,,0,20,,60700,79,,,0,20,,60701,79,,,0,60,,60702,79,,,0,18,,60656,77,,,0,74,,60657,77,,,0,45,,60658,77,,,0,85,,60659,77,,,0,85,,60660,77,,,0,85,,60661,77,,,0,45,,60662,77,,,0,85,,60663,77,,,0,85,,60664,77,,,0
2000,'1388',649,,60713,79,,,0,60,,60714,79,,,0,20,,60715,79,,,0,20,,60716,79,,,0,60,,60717,79,,,0,20,,60718,79,,,0,20,,60719,79,,,0,60,,60720,79,,,0,20,,60721,79,,,0,20,,60722,79,,,0,60,,60723,79,,,0,20,,60724,79,,,0,20,,60725,79,,,0,60,,60726,79,,,0,20,,60727,79,,,0,20,,60728,79,,,0,60,,60729,79,,,0,20,,60730,79,,,0,20,,60731,79,,,0,60,,60732,79,,,0,20,,60733,79,,,0,20,,60734,79,,,0,60,,60735,79,,,0,20,,60736,79,,,0,20,,60737,79,,,0,60,,60738,79,,,0,20,,60739,79,,,0,20,,60740,79,,,0,60,,60741,79,,,0,20,,60742,79,,,0,20,,60743,79,,,0,60,,60744,79,,,0,20,,60745,79,,,0,20,,60746,79,,,0,60,,60747,79,,,0,20,,60748,79,,,0,20,,60749,79,,,0,60,,60750,79,,,0,18,,60704,77,,,0,74,,60705,77,,,0,45,,60706,77,,,0,85,,60707,77,,,0,85,,60708,77,,,0,85,,60709,77,,,0,45,,60710,77,,,0,85,,60711,77,,,0,85,,60712,77,,,0
2000,'1389',649,,60761,79,,,0,60,,60762,79,,,0,20,,60763,79,,,0,20,,60764,79,,,0,60,,60765,79,,,0,20,,60766,79,,,0,20,,60767,79,,,0,60,,60768,79,,,0,20,,60769,79,,,0,20,,60770,79,,,0,60,,60771,79,,,0,20,,60772,79,,,0,20,,60773,79,,,0,60,,60774,79,,,0,20,,60775,79,,,0,20,,60776,79,,,0,60,,60777,79,,,0,20,,60778,79,,,0,20,,60779,79,,,0,60,,60780,79,,,0,20,,60781,79,,,0,20,,60782,79,,,0,60,,60783,79,,,0,20,,60784,79,,,0,20,,60785,79,,,0,60,,60786,79,,,0,20,,60787,79,,,0,20,,60788,79,,,0,60,,60789,79,,,0,20,,60790,79,,,0,20,,60791,79,,,0,60,,60792,79,,,0,20,,60793,79,,,0,20,,60794,79,,,0,60,,60795,79,,,0,20,,60796,79,,,0,20,,60797,79,,,0,60,,60798,79,,,0,18,,60752,77,,,0,74,,60753,77,,,0,45,,60754,77,,,0,85,,60755,77,,,0,85,,60756,77,,,0,85,,60757,77,,,0,45,,60758,77,,,0,85,,60759,77,,,0,85,,60760,77,,,0
