1801,'1383',748,,59688,81,,,0,100,,59687,81,,,0,100,,59686,81,,,0,105,,59685,81,,,0,80,,59684,81,,,0,80,,59683,81,,,0,40,,59682,81,,,0,80,,59681,81,,,0,80,,59680,81,,,0,40,,59679,81,,,0,80,,59678,81,,,0,80,,59677,81,,,0,40,,59676,81,,,0,80,,59675,81,,,0,80,,59674,81,,,0,40,,59673,81,,,0,80,,59672,81,,,0,80,,59671,81,,,0
1801,'1384',623,,59689,81,,,0,30,,59690,81,,,0,70,,59691,81,,,0,30,,59692,81,,,0,70,,59693,81,,,0,30,,59694,81,,,0,70,,59695,81,,,0,30,,59696,81,,,0,70,,59697,81,,,0,30,,59698,81,,,0,60,,59699,81,,,0,20,,59700,81,,,0,20,,59701,81,,,0,60,,59702,81,,,0,20,,59703,81,,,0,20,,59704,81,,,0,60,,59705,81,,,0,20,,59706,81,,,0,20,,59707,81,,,0,60,,59708,81,,,0,20,,59709,81,,,0,20,,59710,81,,,0,60,,59711,81,,,0,20,,59712,81,,,0,20,,59713,81,,,0,60,,59714,81,,,0,20,,59715,81,,,0,20,,59716,81,,,0,60,,59717,81,,,0,20,,59718,81,,,0,20,,59719,81,,,0,60,,59720,81,,,0,20,,59721,81,,,0,20,,59722,81,,,0,75,,59723,81,,,0,25,,59724,81,,,0,70,,59725,81,,,0,30,,59726,81,,,0,70,,59727,81,,,0,30,,59728,81,,,0,70,,59729,81,,,0,30,,59730,81,,,0,70,,59731,81,,,0,30,,59732,81,,,0,70,,59733,81,,,0,30,,59734,81,,,0,70,,59735,81,,,0
1801,'1385',621,,59774,81,,,0,30,,59775,81,,,0,55,,59741,81,,,0,20,,59740,81,,,0,15,,59739,81,,,0,15,,59738,81,,,0,50,,59737,81,,,0,10,,59736,81,,,0,10,,59742,81,,,0,10,,59743,81,,,0,10,,59744,81,,,0,10,,59745,81,,,0,55,,59746,81,,,0,15,,59747,81,,,0,15,,59748,81,,,0,10,,59776,81,,,0,55,,59777,81,,,0,15,,59778,81,,,0,15,,59779,81,,,0,15,,59780,81,,,0,55,,59781,81,,,0,15,,59782,81,,,0,15,,59783,81,,,0,15,,59784,81,,,0,55,,59785,81,,,0,15,,59786,81,,,0,15,,59787,81,,,0,15,,59788,81,,,0,51,,59807,65,,,0,4,,59789,81,,,0,15,,59790,81,,,0,15,,59791,81,,,0,15,,59792,81,,,0,62,,59749,81,,,0,15,,59750,81,,,0,15,,59773,81,,,0,15,,59772,81,,,0,50,,59771,81,,,0,10,,59770,81,,,0,10,,59769,81,,,0,10,,59768,81,,,0,10,,59767,81,,,0,10,,59766,81,,,0,50,,59765,81,,,0,10,,59764,81,,,0,10,,59763,81,,,0,10,,59762,81,,,0,10,,59751,81,,,0,10,,59752,81,,,0,50,,59753,81,,,0,10,,59754,81,,,0,10,,59755,81,,,0,10,,59756,81,,,0,10,,59757,81,,,0,10,,59758,81,,,0,55,,59759,81,,,0,15,,59760,81,,,0,15,,59761,81,,,0,9,,59793,81,,,0,70,,59794,81,,,0,30,,59795,81,,,0,70,,59796,81,,,0,30,,59797,81,,,0,70,,59798,81,,,0,30,,59799,81,,,0,70,,59800,81,,,0,30,,59801,81,,,0,70,,59802,81,,,0,30,,59803,81,,,0,70,,59804,81,,,0,30,,59805,81,,,0,70,,59806,81,,,0
1801,'1386',621,,59846,81,,,0,30,,59847,81,,,0,55,,59812,81,,,0,20,,59811,81,,,0,15,,59810,81,,,0,15,,59809,81,,,0,50,,59808,81,,,0,10,,59813,81,,,0,10,,59814,81,,,0,10,,59815,81,,,0,10,,59816,81,,,0,10,,59817,81,,,0,55,,59818,81,,,0,15,,59819,81,,,0,15,,59820,81,,,0,10,,59848,81,,,0,55,,59849,81,,,0,15,,59850,81,,,0,15,,59851,81,,,0,15,,59852,81,,,0,55,,59853,81,,,0,15,,59854,81,,,0,15,,59855,81,,,0,15,,59856,81,,,0,55,,59857,81,,,0,15,,59858,81,,,0,15,,59859,81,,,0,15,,59860,81,,,0,51,,59879,65,,,0,4,,59861,81,,,0,15,,59862,81,,,0,15,,59863,81,,,0,15,,59864,81,,,0,62,,59821,81,,,0,15,,59822,81,,,0,15,,59845,81,,,0,15,,59844,81,,,0,50,,59843,81,,,0,10,,59842,81,,,0,10,,59841,81,,,0,10,,59840,81,,,0,10,,59839,81,,,0,10,,59838,81,,,0,50,,59837,81,,,0,10,,59836,81,,,0,10,,59835,81,,,0,10,,59834,81,,,0,10,,59823,81,,,0,10,,59824,81,,,0,50,,59825,81,,,0,10,,59826,81,,,0,10,,59827,81,,,0,10,,59828,81,,,0,10,,59829,81,,,0,10,,59830,81,,,0,55,,59831,81,,,0,15,,59832,81,,,0,15,,59833,81,,,0,9,,59865,81,,,0,70,,59866,81,,,0,30,,59867,81,,,0,70,,59868,81,,,0,30,,59869,81,,,0,70,,59870,81,,,0,30,,59871,81,,,0,70,,59872,81,,,0,30,,59873,81,,,0,70,,59874,81,,,0,30,,59875,81,,,0,70,,59876,81,,,0,30,,59877,81,,,0,70,,59878,81,,,0
1801,'1387',621,,59918,81,,,0,30,,59919,81,,,0,55,,59884,81,,,0,20,,59883,81,,,0,15,,59882,81,,,0,15,,59881,81,,,0,50,,59880,81,,,0,10,,59885,81,,,0,10,,59886,81,,,0,10,,59887,81,,,0,10,,59888,81,,,0,10,,59889,81,,,0,55,,59890,81,,,0,15,,59891,81,,,0,15,,59892,81,,,0,10,,59920,81,,,0,55,,59921,81,,,0,15,,59922,81,,,0,15,,59923,81,,,0,15,,59924,81,,,0,55,,59925,81,,,0,15,,59926,81,,,0,15,,59927,81,,,0,15,,59928,81,,,0,55,,59929,81,,,0,15,,59930,81,,,0,15,,59931,81,,,0,15,,59932,81,,,0,51,,59951,65,,,0,4,,59933,81,,,0,15,,59934,81,,,0,15,,59935,81,,,0,15,,59936,81,,,0,62,,59893,81,,,0,15,,59894,81,,,0,15,,59917,81,,,0,15,,59916,81,,,0,50,,59915,81,,,0,10,,59914,81,,,0,10,,59913,81,,,0,10,,59912,81,,,0,10,,59911,81,,,0,10,,59910,81,,,0,50,,59909,81,,,0,10,,59908,81,,,0,10,,59907,81,,,0,10,,59906,81,,,0,10,,59895,81,,,0,10,,59896,81,,,0,50,,59897,81,,,0,10,,59898,81,,,0,10,,59899,81,,,0,10,,59900,81,,,0,10,,59901,81,,,0,10,,59902,81,,,0,55,,59903,81,,,0,15,,59904,81,,,0,15,,59905,81,,,0,9,,59937,81,,,0,70,,59938,81,,,0,30,,59939,81,,,0,70,,59940,81,,,0,30,,59941,81,,,0,70,,59942,81,,,0,30,,59943,81,,,0,70,,59944,81,,,0,30,,59945,81,,,0,70,,59946,81,,,0,30,,59947,81,,,0,70,,59948,81,,,0,30,,59949,81,,,0,70,,59950,81,,,0
1801,'1388',621,,59990,81,,,0,30,,59991,81,,,0,55,,59956,81,,,0,20,,59955,81,,,0,15,,59954,81,,,0,15,,59953,81,,,0,50,,59952,81,,,0,10,,59957,81,,,0,10,,59958,81,,,0,10,,59959,81,,,0,10,,59960,81,,,0,10,,59961,81,,,0,55,,59962,81,,,0,15,,59963,81,,,0,15,,59964,81,,,0,10,,59992,81,,,0,55,,59993,81,,,0,15,,59994,81,,,0,15,,59995,81,,,0,15,,59996,81,,,0,55,,59997,81,,,0,15,,59998,81,,,0,15,,59999,81,,,0,15,,60000,81,,,0,55,,60001,81,,,0,15,,60002,81,,,0,15,,60003,81,,,0,15,,60004,81,,,0,51,,60023,65,,,0,4,,60005,81,,,0,15,,60006,81,,,0,15,,60007,81,,,0,15,,60008,81,,,0,62,,59965,81,,,0,15,,59966,81,,,0,15,,59989,81,,,0,15,,59988,81,,,0,50,,59987,81,,,0,10,,59986,81,,,0,10,,59985,81,,,0,10,,59984,81,,,0,10,,59983,81,,,0,10,,59982,81,,,0,50,,59981,81,,,0,10,,59980,81,,,0,10,,59979,81,,,0,10,,59978,81,,,0,10,,59967,81,,,0,10,,59968,81,,,0,50,,59969,81,,,0,10,,59970,81,,,0,10,,59971,81,,,0,10,,59972,81,,,0,10,,59973,81,,,0,10,,59974,81,,,0,55,,59975,81,,,0,15,,59976,81,,,0,15,,59977,81,,,0,9,,60009,81,,,0,70,,60010,81,,,0,30,,60011,81,,,0,70,,60012,81,,,0,30,,60013,81,,,0,70,,60014,81,,,0,30,,60015,81,,,0,70,,60016,81,,,0,30,,60017,81,,,0,70,,60018,81,,,0,30,,60019,81,,,0,70,,60020,81,,,0,30,,60021,81,,,0,70,,60022,81,,,0
1801,'1389',621,,60062,81,,,0,30,,60063,81,,,0,55,,60028,81,,,0,20,,60027,81,,,0,15,,60026,81,,,0,15,,60025,81,,,0,50,,60024,81,,,0,10,,60029,81,,,0,10,,60030,81,,,0,10,,60031,81,,,0,10,,60032,81,,,0,10,,60033,81,,,0,55,,60034,81,,,0,15,,60035,81,,,0,15,,60036,81,,,0,10,,60064,81,,,0,55,,60065,81,,,0,15,,60066,81,,,0,15,,60067,81,,,0,15,,60068,81,,,0,55,,60069,81,,,0,15,,60070,81,,,0,15,,60071,81,,,0,15,,60072,81,,,0,55,,60073,81,,,0,15,,60074,81,,,0,15,,60075,81,,,0,15,,60076,81,,,0,51,,60095,65,,,0,4,,60077,81,,,0,15,,60078,81,,,0,15,,60079,81,,,0,15,,60080,81,,,0,62,,60037,81,,,0,15,,60038,81,,,0,15,,60061,81,,,0,15,,60060,81,,,0,50,,60059,81,,,0,10,,60058,81,,,0,10,,60057,81,,,0,10,,60056,81,,,0,10,,60055,81,,,0,10,,60054,81,,,0,50,,60053,81,,,0,10,,60052,81,,,0,10,,60051,81,,,0,10,,60050,81,,,0,10,,60039,81,,,0,10,,60040,81,,,0,50,,60041,81,,,0,10,,60042,81,,,0,10,,60043,81,,,0,10,,60044,81,,,0,10,,60045,81,,,0,10,,60046,81,,,0,55,,60047,81,,,0,15,,60048,81,,,0,15,,60049,81,,,0,9,,60081,81,,,0,70,,60082,81,,,0,30,,60083,81,,,0,70,,60084,81,,,0,30,,60085,81,,,0,70,,60086,81,,,0,30,,60087,81,,,0,70,,60088,81,,,0,30,,60089,81,,,0,70,,60090,81,,,0,30,,60091,81,,,0,70,,60092,81,,,0,30,,60093,81,,,0,70,,60094,81,,,0
2800,'1384',756,,61079,34,,,0,150,,61080,34,,,0,110,,61081,34,,,0,110,,61082,34,,,0,110,,61083,34,,,0,110,,61084,34,,,0,110,,61085,34,,,0,150,,61086,34,,,0,110,,61087,34,,,0,110,,61088,34,,,0,110,,61089,34,,,0
2800,'1385',656,,61095,35,,,0,75,,61096,35,,,0,75,,61097,35,,,0,35,,61098,35,,,0,75,,61099,35,,,0,35,,61100,35,,,0,75,,61101,35,,,0,75,,61102,35,,,0,35,,61103,35,,,0,75,,61104,35,,,0,35,,61105,35,,,0,75,,61106,35,,,0,35,,61107,35,,,0,75,,61108,35,,,0,75,,61109,35,,,0,35,,61110,35,,,0,75,,61111,35,,,0,35,,61112,35,,,0,75,,61090,34,,,0,75,,61091,34,,,0,35,,61092,34,,,0,75,,61093,34,,,0,35,,61094,34,,,0
2800,'1386',656,,61118,35,,,0,75,,61119,35,,,0,75,,61120,35,,,0,35,,61121,35,,,0,75,,61122,35,,,0,35,,61123,35,,,0,75,,61124,35,,,0,75,,61125,35,,,0,35,,61126,35,,,0,75,,61127,35,,,0,35,,61128,35,,,0,75,,61129,35,,,0,35,,61130,35,,,0,75,,61131,35,,,0,75,,61132,35,,,0,35,,61133,35,,,0,75,,61134,35,,,0,35,,61135,35,,,0,75,,61113,34,,,0,75,,61114,34,,,0,35,,61115,34,,,0,75,,61116,34,,,0,35,,61117,34,,,0
2800,'1387',656,,61141,35,,,0,75,,61142,35,,,0,75,,61143,35,,,0,35,,61144,35,,,0,75,,61145,35,,,0,35,,61146,35,,,0,75,,61147,35,,,0,75,,61148,35,,,0,35,,61149,35,,,0,75,,61150,35,,,0,35,,61151,35,,,0,75,,61152,35,,,0,35,,61153,35,,,0,75,,61154,35,,,0,75,,61155,35,,,0,35,,61156,35,,,0,75,,61157,35,,,0,35,,61158,35,,,0,75,,61136,34,,,0,75,,61137,34,,,0,35,,61138,34,,,0,75,,61139,34,,,0,35,,61140,34,,,0
2800,'1388',656,,61164,35,,,0,75,,61165,35,,,0,75,,61166,35,,,0,35,,61167,35,,,0,75,,61168,35,,,0,35,,61169,35,,,0,75,,61170,35,,,0,75,,61171,35,,,0,35,,61172,35,,,0,75,,61173,35,,,0,35,,61174,35,,,0,75,,61175,35,,,0,35,,61176,35,,,0,75,,61177,35,,,0,75,,61178,35,,,0,35,,61179,35,,,0,75,,61180,35,,,0,35,,61181,35,,,0,75,,61159,34,,,0,75,,61160,34,,,0,35,,61161,34,,,0,75,,61162,34,,,0,35,,61163,34,,,0
2800,'1389',656,,61187,35,,,0,75,,61188,35,,,0,75,,61189,35,,,0,35,,61190,35,,,0,75,,61191,35,,,0,35,,61192,35,,,0,75,,61193,35,,,0,75,,61194,35,,,0,35,,61195,35,,,0,75,,61196,35,,,0,35,,61197,35,,,0,75,,61198,35,,,0,35,,61199,35,,,0,75,,61200,35,,,0,75,,61201,35,,,0,35,,61202,35,,,0,75,,61203,35,,,0,35,,61204,35,,,0,75,,61182,34,,,0,75,,61183,34,,,0,35,,61184,34,,,0,75,,61185,34,,,0,35,,61186,34,,,0
