2801,'1384',824,,61205,15,,,0,110,,61206,15,,,0,110,,61207,15,,,0,110,,61208,15,,,0,150,,61209,15,,,0,110,,61210,15,,,0,110,,61211,15,,,0,110,,61212,15,,,0,110,,61213,15,,,0,110,,61214,15,,,0
2801,'1385',649,,61215,15,,,0,75,,61216,15,,,0,35,,61217,15,,,0,75,,61218,15,,,0,75,,61219,15,,,0,35,,61220,15,,,0,75,,61221,15,,,0,35,,61222,15,,,0,75,,61223,15,,,0,75,,61224,15,,,0,35,,61225,15,,,0,75,,61226,15,,,0,35,,61227,15,,,0,75,,61228,15,,,0,35,,61229,15,,,0,75,,61230,15,,,0,75,,61231,15,,,0,35,,61232,15,,,0,75,,61233,15,,,0,35,,61234,15,,,0,75,,61235,15,,,0,75,,61236,15,,,0,35,,61237,15,,,0
2801,'1386',649,,61238,15,,,0,75,,61239,15,,,0,35,,61240,15,,,0,75,,61241,15,,,0,75,,61242,15,,,0,35,,61243,15,,,0,75,,61244,15,,,0,35,,61245,15,,,0,75,,61246,15,,,0,75,,61247,15,,,0,35,,61248,15,,,0,75,,61249,15,,,0,35,,61250,15,,,0,75,,61251,15,,,0,35,,61252,15,,,0,75,,61253,15,,,0,75,,61254,15,,,0,35,,61255,15,,,0,75,,61256,15,,,0,35,,61257,15,,,0,75,,61258,15,,,0,75,,61259,15,,,0,35,,61260,15,,,0
2801,'1387',649,,61261,15,,,0,75,,61262,15,,,0,35,,61263,15,,,0,75,,61264,15,,,0,75,,61265,15,,,0,35,,61266,15,,,0,75,,61267,15,,,0,35,,61268,15,,,0,75,,61269,15,,,0,75,,61270,15,,,0,35,,61271,15,,,0,75,,61272,15,,,0,35,,61273,15,,,0,75,,61274,15,,,0,35,,61275,15,,,0,75,,61276,15,,,0,75,,61277,15,,,0,35,,61278,15,,,0,75,,61279,15,,,0,35,,61280,15,,,0,75,,61281,15,,,0,75,,61282,15,,,0,35,,61283,15,,,0
2801,'1388',649,,61284,15,,,0,75,,61285,15,,,0,35,,61286,15,,,0,75,,61287,15,,,0,75,,61288,15,,,0,35,,61289,15,,,0,75,,61290,15,,,0,35,,61291,15,,,0,75,,61292,15,,,0,75,,61293,15,,,0,35,,61294,15,,,0,75,,61295,15,,,0,35,,61296,15,,,0,75,,61297,15,,,0,35,,61298,15,,,0,75,,61299,15,,,0,75,,61300,15,,,0,35,,61301,15,,,0,75,,61302,15,,,0,35,,61303,15,,,0,75,,61304,15,,,0,75,,61305,15,,,0,35,,61306,15,,,0
2801,'1389',649,,61307,15,,,0,75,,61308,15,,,0,35,,61309,15,,,0,75,,61310,15,,,0,75,,61311,15,,,0,35,,61312,15,,,0,75,,61313,15,,,0,35,,61314,15,,,0,75,,61315,15,,,0,75,,61316,15,,,0,35,,61317,15,,,0,75,,61318,15,,,0,35,,61319,15,,,0,75,,61320,15,,,0,35,,61321,15,,,0,75,,61322,15,,,0,75,,61323,15,,,0,35,,61324,15,,,0,75,,61325,15,,,0,35,,61326,15,,,0,75,,61327,15,,,0,75,,61328,15,,,0,35,,61329,15,,,0
722501,'1385',554,,64687,42,0,17,0,160,,64688,42,0,17,0,100,,64689,42,0,17,0,100,,64690,42,0,17,0,100,,64691,42,0,17,0,100,,64692,42,0,17,0,100,,64693,42,0,17,0,100,,64694,42,0,17,0,100,,64695,42,0,17,0,100,,64696,42,0,17,0,100,,64697,42,0,17,0,100,,64698,42,0,17,0,100,,64699,42,0,17,0,100,,64700,42,0,17,0,100,,64701,42,0,17,0,100,,64702,42,0,17,0,100,,64703,42,0,17,0,100,,64704,42,0,17,0
722501,'1386',554,,64705,42,0,17,0,160,,64706,42,0,17,0,100,,64707,42,0,17,0,100,,64708,42,0,17,0,100,,64709,42,0,17,0,100,,64710,42,0,17,0,100,,64711,42,0,17,0,100,,64712,42,0,17,0,100,,64713,42,0,17,0,100,,64714,42,0,17,0,100,,64715,42,0,17,0,100,,64716,42,0,17,0,100,,64717,42,0,17,0,100,,64718,42,0,17,0,100,,64719,42,0,17,0,100,,64720,42,0,17,0,100,,64721,42,0,17,0,100,,64722,42,0,17,0
722501,'1387',554,,64723,42,0,17,0,160,,64724,42,0,17,0,100,,64725,42,0,17,0,100,,64726,42,0,17,0,100,,64727,42,0,17,0,100,,64728,42,0,17,0,100,,64729,42,0,17,0,100,,64730,42,0,17,0,100,,64731,42,0,17,0,100,,64732,42,0,17,0,100,,64733,42,0,17,0,100,,64734,42,0,17,0,100,,64735,42,0,17,0,100,,64736,42,0,17,0,100,,64737,42,0,17,0,100,,64738,42,0,17,0,100,,64739,42,0,17,0,100,,64740,42,0,17,0
722501,'1388',554,,64741,42,0,17,0,160,,64742,42,0,17,0,100,,64743,42,0,17,0,100,,64744,42,0,17,0,100,,64745,42,0,17,0,100,,64746,42,0,17,0,100,,64747,42,0,17,0,100,,64748,42,0,17,0,100,,64749,42,0,17,0,100,,64750,42,0,17,0,100,,64751,42,0,17,0,100,,64752,42,0,17,0,100,,64753,42,0,17,0,100,,64754,42,0,17,0,100,,64755,42,0,17,0,100,,64756,42,0,17,0,100,,64757,42,0,17,0,100,,64758,42,0,17,0
722501,'1389',554,,64759,42,0,17,0,160,,64760,42,0,17,0,100,,64761,42,0,17,0,100,,64762,42,0,17,0,100,,64763,42,0,17,0,100,,64764,42,0,17,0,100,,64765,42,0,17,0,100,,64766,42,0,17,0,100,,64767,42,0,17,0,100,,64768,42,0,17,0,100,,64769,42,0,17,0,100,,64770,42,0,17,0,100,,64771,42,0,17,0,100,,64772,42,0,17,0,100,,64773,42,0,17,0,100,,64774,42,0,17,0,100,,64775,42,0,17,0,100,,64776,42,0,17,0
