1801,'1376',706,,52486,13,,,0,100,,52485,13,,,0,100,,52484,13,,,0,105,,52483,13,,,0,40,,52482,13,,,0,80,,52481,13,,,0,80,,52480,13,,,0,40,,52479,13,,,0,80,,52478,13,,,0,80,,52477,13,,,0,40,,52476,13,,,0,80,,52475,13,,,0,80,,52474,13,,,0,40,,52473,13,,,0,80,,52472,13,,,0,80,,52471,13,,,0,40,,52470,13,,,0,80,,52469,13,,,0
1801,'1377',541,,52487,13,,,0,70,,52488,13,,,0,30,,52489,13,,,0,70,,52490,13,,,0,30,,52491,13,,,0,70,,52492,13,,,0,30,,52493,13,,,0,70,,52494,13,,,0,30,,52495,13,,,0,70,,52496,13,,,0,20,,52497,13,,,0,20,,52498,13,,,0,60,,52499,13,,,0,20,,52500,13,,,0,20,,52501,13,,,0,60,,52502,13,,,0,20,,52503,13,,,0,20,,52504,13,,,0,60,,52505,13,,,0,20,,52506,13,,,0,20,,52507,13,,,0,60,,52508,13,,,0,20,,52509,13,,,0,20,,52510,13,,,0,60,,52511,13,,,0,20,,52512,13,,,0,20,,52513,13,,,0,60,,52514,13,,,0,20,,52515,13,,,0,20,,52516,13,,,0,60,,52517,13,,,0,20,,52518,13,,,0,20,,52519,13,,,0,60,,52520,13,,,0,35,,52521,13,,,0,65,,52522,13,,,0,30,,52523,13,,,0,70,,52524,13,,,0,30,,52525,13,,,0,70,,52526,13,,,0,30,,52527,13,,,0,70,,52528,13,,,0,30,,52529,13,,,0,70,,52530,13,,,0,30,,52531,13,,,0,70,,52532,13,,,0,30,,52533,13,,,0
1801,'1378',539,,52572,13,,,0,70,,52573,13,,,0,15,,52538,13,,,0,15,,52537,13,,,0,15,,52536,13,,,0,55,,52535,13,,,0,10,,52534,13,,,0,10,,52539,13,,,0,10,,52540,13,,,0,10,,52541,13,,,0,10,,52542,13,,,0,50,,52543,13,,,0,15,,52544,13,,,0,15,,52545,13,,,0,15,,52546,13,,,0,55,,52574,13,,,0,15,,52575,13,,,0,15,,52576,13,,,0,15,,52577,13,,,0,55,,52578,13,,,0,15,,52579,13,,,0,15,,52580,13,,,0,15,,52581,13,,,0,55,,52582,13,,,0,15,,52583,13,,,0,15,,52584,13,,,0,15,,52585,13,,,0,55,,52586,13,,,0,15,,52587,13,,,0,15,,52588,13,,,0,15,,52589,13,,,0,55,,52590,13,,,0,17,,52547,13,,,0,15,,52548,13,,,0,15,,52549,13,,,0,55,,52550,13,,,0,10,,52551,13,,,0,10,,52552,13,,,0,10,,52553,13,,,0,10,,52554,13,,,0,50,,52555,13,,,0,10,,52556,13,,,0,10,,52557,13,,,0,10,,52558,13,,,0,10,,52559,13,,,0,10,,52560,13,,,0,50,,52561,13,,,0,10,,52562,13,,,0,10,,52563,13,,,0,10,,52564,13,,,0,10,,52565,13,,,0,10,,52566,13,,,0,50,,52567,13,,,0,10,,52568,13,,,0,15,,52569,13,,,0,15,,52570,13,,,0,15,,52571,13,,,0,54,,52591,13,,,0,30,,52592,13,,,0,70,,52593,13,,,0,30,,52594,13,,,0,70,,52595,13,,,0,30,,52596,13,,,0,70,,52597,13,,,0,30,,52598,13,,,0,70,,52599,13,,,0,30,,52600,13,,,0,70,,52601,13,,,0,30,,52602,13,,,0,70,,52603,13,,,0,30,,52604,13,,,0
1801,'1379',539,,52644,13,,,0,70,,52645,13,,,0,15,,52609,13,,,0,15,,52608,13,,,0,15,,52607,13,,,0,55,,52606,13,,,0,10,,52610,13,,,0,10,,52611,13,,,0,10,,52612,13,,,0,10,,52613,13,,,0,10,,52614,13,,,0,50,,52615,13,,,0,15,,52616,13,,,0,15,,52617,13,,,0,15,,52618,13,,,0,55,,52646,13,,,0,15,,52647,13,,,0,15,,52648,13,,,0,15,,52649,13,,,0,55,,52650,13,,,0,15,,52651,13,,,0,15,,52652,13,,,0,15,,52653,13,,,0,55,,52654,13,,,0,15,,52655,13,,,0,15,,52656,13,,,0,15,,52657,13,,,0,55,,52658,13,,,0,15,,52659,13,,,0,15,,52660,13,,,0,15,,52661,13,,,0,55,,52662,13,,,0,17,,52619,13,,,0,15,,52620,13,,,0,15,,52621,13,,,0,55,,52622,13,,,0,10,,52623,13,,,0,10,,52624,13,,,0,10,,52625,13,,,0,10,,52626,13,,,0,50,,52627,13,,,0,10,,52628,13,,,0,10,,52629,13,,,0,10,,52630,13,,,0,10,,52631,13,,,0,10,,52632,13,,,0,50,,52633,13,,,0,10,,52634,13,,,0,10,,52635,13,,,0,10,,52636,13,,,0,10,,52637,13,,,0,10,,52638,13,,,0,50,,52639,13,,,0,10,,52640,13,,,0,15,,52641,13,,,0,15,,52642,13,,,0,15,,52643,13,,,0,54,,52663,13,,,0,30,,52664,13,,,0,70,,52665,13,,,0,30,,52666,13,,,0,70,,52667,13,,,0,30,,52668,13,,,0,70,,52669,13,,,0,30,,52670,13,,,0,70,,52671,13,,,0,30,,52672,13,,,0,70,,52673,13,,,0,30,,52674,13,,,0,70,,52675,13,,,0,30,,52676,13,,,0
1801,'1380',539,,52716,13,,,0,70,,52717,13,,,0,15,,52681,13,,,0,15,,52680,13,,,0,15,,52679,13,,,0,55,,52678,13,,,0,10,,52682,13,,,0,10,,52683,13,,,0,10,,52684,13,,,0,10,,52685,13,,,0,10,,52686,13,,,0,50,,52687,13,,,0,15,,52688,13,,,0,15,,52689,13,,,0,15,,52690,13,,,0,55,,52718,13,,,0,15,,52719,13,,,0,15,,52720,13,,,0,15,,52721,13,,,0,55,,52722,13,,,0,15,,52723,13,,,0,15,,52724,13,,,0,15,,52725,13,,,0,55,,52726,13,,,0,15,,52727,13,,,0,15,,52728,13,,,0,15,,52729,13,,,0,55,,52730,13,,,0,15,,52731,13,,,0,15,,52732,13,,,0,15,,52733,13,,,0,55,,52734,13,,,0,17,,52691,13,,,0,15,,52692,13,,,0,15,,52693,13,,,0,55,,52694,13,,,0,10,,52695,13,,,0,10,,52696,13,,,0,10,,52697,13,,,0,10,,52698,13,,,0,50,,52699,13,,,0,10,,52700,13,,,0,10,,52701,13,,,0,10,,52702,13,,,0,10,,52703,13,,,0,10,,52704,13,,,0,50,,52705,13,,,0,10,,52706,13,,,0,10,,52707,13,,,0,10,,52708,13,,,0,10,,52709,13,,,0,10,,52710,13,,,0,50,,52711,13,,,0,10,,52712,13,,,0,15,,52713,13,,,0,15,,52714,13,,,0,15,,52715,13,,,0,54,,52735,13,,,0,30,,52736,13,,,0,70,,52737,13,,,0,30,,52738,13,,,0,70,,52739,13,,,0,30,,52740,13,,,0,70,,52741,13,,,0,30,,52742,13,,,0,70,,52743,13,,,0,30,,52744,13,,,0,70,,52745,13,,,0,30,,52746,13,,,0,70,,52747,13,,,0,30,,52748,13,,,0
1801,'1381',539,,52788,13,,,0,70,,52789,13,,,0,15,,52753,13,,,0,15,,52752,13,,,0,15,,52751,13,,,0,55,,52750,13,,,0,10,,52754,13,,,0,10,,52755,13,,,0,10,,52756,13,,,0,10,,52757,13,,,0,10,,52758,13,,,0,50,,52759,13,,,0,15,,52760,13,,,0,15,,52761,13,,,0,15,,52762,13,,,0,55,,52790,13,,,0,15,,52791,13,,,0,15,,52792,13,,,0,15,,52793,13,,,0,55,,52794,13,,,0,15,,52795,13,,,0,15,,52796,13,,,0,15,,52797,13,,,0,55,,52798,13,,,0,15,,52799,13,,,0,15,,52800,13,,,0,15,,52801,13,,,0,55,,52802,13,,,0,15,,52803,13,,,0,15,,52804,13,,,0,15,,52805,13,,,0,55,,52806,13,,,0,17,,52763,13,,,0,15,,52764,13,,,0,15,,52765,13,,,0,55,,52766,13,,,0,10,,52767,13,,,0,10,,52768,13,,,0,10,,52769,13,,,0,10,,52770,13,,,0,50,,52771,13,,,0,10,,52772,13,,,0,10,,52773,13,,,0,10,,52774,13,,,0,10,,52775,13,,,0,10,,52776,13,,,0,50,,52777,13,,,0,10,,52778,13,,,0,10,,52779,13,,,0,10,,52780,13,,,0,10,,52781,13,,,0,10,,52782,13,,,0,50,,52783,13,,,0,10,,52784,13,,,0,15,,52785,13,,,0,15,,52786,13,,,0,15,,52787,13,,,0,54,,52807,13,,,0,30,,52808,13,,,0,70,,52809,13,,,0,30,,52810,13,,,0,70,,52811,13,,,0,30,,52812,13,,,0,70,,52813,13,,,0,30,,52814,13,,,0,70,,52815,13,,,0,30,,52816,13,,,0,70,,52817,13,,,0,30,,52818,13,,,0,70,,52819,13,,,0,30,,52820,13,,,0
1801,'1382',539,,52860,13,,,0,70,,52861,13,,,0,15,,52825,13,,,0,15,,52824,13,,,0,15,,52823,13,,,0,55,,52822,13,,,0,10,,52826,13,,,0,10,,52827,13,,,0,10,,52828,13,,,0,10,,52829,13,,,0,10,,52830,13,,,0,50,,52831,13,,,0,15,,52832,13,,,0,15,,52833,13,,,0,15,,52834,13,,,0,55,,52862,13,,,0,15,,52863,13,,,0,15,,52864,13,,,0,15,,52865,13,,,0,55,,52866,13,,,0,15,,52867,13,,,0,15,,52868,13,,,0,15,,52869,13,,,0,55,,52870,13,,,0,15,,52871,13,,,0,15,,52872,13,,,0,15,,52873,13,,,0,55,,52874,13,,,0,15,,52875,13,,,0,15,,52876,13,,,0,15,,52877,13,,,0,55,,52878,13,,,0,17,,52835,13,,,0,15,,52836,13,,,0,15,,52837,13,,,0,55,,52838,13,,,0,10,,52839,13,,,0,10,,52840,13,,,0,10,,52841,13,,,0,10,,52842,13,,,0,50,,52843,13,,,0,10,,52844,13,,,0,10,,52845,13,,,0,10,,52846,13,,,0,10,,52847,13,,,0,10,,52848,13,,,0,50,,52849,13,,,0,10,,52850,13,,,0,10,,52851,13,,,0,10,,52852,13,,,0,10,,52853,13,,,0,10,,52854,13,,,0,50,,52855,13,,,0,10,,52856,13,,,0,15,,52857,13,,,0,15,,52858,13,,,0,15,,52859,13,,,0,54,,52879,13,,,0,30,,52880,13,,,0,70,,52881,13,,,0,30,,52882,13,,,0,70,,52883,13,,,0,30,,52884,13,,,0,70,,52885,13,,,0,30,,52886,13,,,0,70,,52887,13,,,0,30,,52888,13,,,0,70,,52889,13,,,0,30,,52890,13,,,0,70,,52891,13,,,0,30,,52892,13,,,0
552201,'1378',652,,54797,5,0,9,0,70,,54798,5,0,9,0,30,,54799,5,0,9,0,70,,54800,5,0,9,0,30,,54801,5,0,9,0,70,,54802,5,0,9,0,30,,54803,5,0,9,0,70,,54804,5,0,9,0,30,,54805,5,0,9,0,70,,54806,5,0,9,0,30,,54807,5,0,9,0,70,,54808,5,0,9,0,30,,54809,5,0,9,0,70,,54810,5,0,9,0,30,,54811,5,0,9,0,70,,54812,5,0,9,0,30,,54813,5,0,9,0,70,,54814,5,0,9,0,30,,54815,5,0,9,0,70,,54816,5,0,9,0,30,,54817,5,0,9,0,70,,54818,5,0,9,0,30,,54819,5,0,9,0
552201,'1379',652,,54820,5,0,9,0,70,,54821,5,0,9,0,30,,54822,5,0,9,0,70,,54823,5,0,9,0,30,,54824,5,0,9,0,70,,54825,5,0,9,0,30,,54826,5,0,9,0,70,,54827,5,0,9,0,30,,54828,5,0,9,0,70,,54829,5,0,9,0,30,,54830,5,0,9,0,70,,54831,5,0,9,0,30,,54832,5,0,9,0,70,,54833,5,0,9,0,30,,54834,5,0,9,0,70,,54835,5,0,9,0,30,,54836,5,0,9,0,70,,54837,5,0,9,0,30,,54838,5,0,9,0,70,,54839,5,0,9,0,30,,54840,5,0,9,0,70,,54841,5,0,9,0,30,,54842,5,0,9,0
552201,'1380',652,,54843,5,0,9,0,70,,54844,5,0,9,0,30,,54845,5,0,9,0,70,,54846,5,0,9,0,30,,54847,5,0,9,0,70,,54848,5,0,9,0,30,,54849,5,0,9,0,70,,54850,5,0,9,0,30,,54851,5,0,9,0,70,,54852,5,0,9,0,30,,54853,5,0,9,0,70,,54854,5,0,9,0,30,,54855,5,0,9,0,70,,54856,5,0,9,0,30,,54857,5,0,9,0,70,,54858,5,0,9,0,30,,54859,5,0,9,0,70,,54860,5,0,9,0,30,,54861,5,0,9,0,70,,54862,5,0,9,0,30,,54863,5,0,9,0,70,,54864,5,0,9,0,30,,54865,5,0,9,0
552201,'1381',652,,54866,5,0,9,0,70,,54867,5,0,9,0,30,,54868,5,0,9,0,70,,54869,5,0,9,0,30,,54870,5,0,9,0,70,,54871,5,0,9,0,30,,54872,5,0,9,0,70,,54873,5,0,9,0,30,,54874,5,0,9,0,70,,54875,5,0,9,0,30,,54876,5,0,9,0,70,,54877,5,0,9,0,30,,54878,5,0,9,0,70,,54879,5,0,9,0,30,,54880,5,0,9,0,70,,54881,5,0,9,0,30,,54882,5,0,9,0,70,,54883,5,0,9,0,30,,54884,5,0,9,0,70,,54885,5,0,9,0,30,,54886,5,0,9,0,70,,54887,5,0,9,0,30,,54888,5,0,9,0
552201,'1382',652,,54889,5,0,9,0,70,,54890,5,0,9,0,30,,54891,5,0,9,0,70,,54892,5,0,9,0,30,,54893,5,0,9,0,70,,54894,5,0,9,0,30,,54895,5,0,9,0,70,,54896,5,0,9,0,30,,54897,5,0,9,0,70,,54898,5,0,9,0,30,,54899,5,0,9,0,70,,54900,5,0,9,0,30,,54901,5,0,9,0,70,,54902,5,0,9,0,30,,54903,5,0,9,0,70,,54904,5,0,9,0,30,,54905,5,0,9,0,70,,54906,5,0,9,0,30,,54907,5,0,9,0,70,,54908,5,0,9,0,30,,54909,5,0,9,0,70,,54910,5,0,9,0,30,,54911,5,0,9,0
