70101,'1384',719,,61330,31,0,17,0,130,,61331,31,0,17,0,170,,61332,31,0,17,0,130,,61333,31,0,17,0,170,,61334,31,0,17,0,130,,61335,31,0,17,0,170,,61336,31,0,17,0,130,,61337,31,0,17,0
70101,'1385',719,,61338,31,0,17,0,85,,61339,31,0,17,0,45,,61340,31,0,17,0,85,,61341,31,0,17,0,85,,61342,31,0,17,0,130,,61343,31,0,17,0,170,,61344,31,0,17,0,85,,61345,31,0,17,0,45,,61346,31,0,17,0,85,,61347,31,0,17,0,85,,61348,31,0,17,0,85,,61349,31,0,17,0,45,,61350,31,0,17,0,85,,61351,31,0,17,0
70101,'1386',719,,61352,31,0,17,0,85,,61353,31,0,17,0,45,,61354,31,0,17,0,85,,61355,31,0,17,0,85,,61356,31,0,17,0,130,,61357,31,0,17,0,170,,61358,31,0,17,0,85,,61359,31,0,17,0,45,,61360,31,0,17,0,85,,61361,31,0,17,0,85,,61362,31,0,17,0,85,,61363,31,0,17,0,45,,61364,31,0,17,0,85,,61365,31,0,17,0
70101,'1387',719,,61366,31,0,17,0,85,,61367,31,0,17,0,45,,61368,31,0,17,0,85,,61369,31,0,17,0,85,,61370,31,0,17,0,130,,61371,31,0,17,0,170,,61372,31,0,17,0,85,,61373,31,0,17,0,45,,61374,31,0,17,0,85,,61375,31,0,17,0,85,,61376,31,0,17,0,85,,61377,31,0,17,0,45,,61378,31,0,17,0,85,,61379,31,0,17,0
70101,'1388',719,,61380,31,0,17,0,85,,61381,31,0,17,0,45,,61382,31,0,17,0,85,,61383,31,0,17,0,85,,61384,31,0,17,0,130,,61385,31,0,17,0,170,,61386,31,0,17,0,85,,61387,31,0,17,0,45,,61388,31,0,17,0,85,,61389,31,0,17,0,85,,61390,31,0,17,0,85,,61391,31,0,17,0,45,,61392,31,0,17,0,85,,61393,31,0,17,0
70101,'1389',719,,61394,31,0,17,0,85,,61395,31,0,17,0,45,,61396,31,0,17,0,85,,61397,31,0,17,0,85,,61398,31,0,17,0,130,,61399,31,0,17,0,170,,61400,31,0,17,0,85,,61401,31,0,17,0,45,,61402,31,0,17,0,85,,61403,31,0,17,0,85,,61404,31,0,17,0,85,,61405,31,0,17,0,45,,61406,31,0,17,0,85,,61407,31,0,17,0
70102,'1384',820,,61408,32,0,16,0,130,,61409,32,0,16,0,170,,61410,32,0,16,0,130,,61411,32,0,16,0,170,,61412,32,0,16,0,130,,61413,32,0,16,0,170,,61414,32,0,16,0,130,,61415,32,0,16,0
70102,'1385',735,,61416,32,0,16,0,85,,61417,32,0,16,0,85,,61418,32,0,16,0,45,,61419,32,0,16,0,85,,61420,32,0,16,0,85,,61421,32,0,16,0,130,,61422,32,0,16,0,170,,61423,32,0,16,0,85,,61424,32,0,16,0,45,,61425,32,0,16,0,85,,61426,32,0,16,0,85,,61427,32,0,16,0,85,,61428,32,0,16,0,45,,61429,32,0,16,0
70102,'1386',735,,61430,32,0,16,0,85,,61431,32,0,16,0,85,,61432,32,0,16,0,45,,61433,32,0,16,0,85,,61434,32,0,16,0,85,,61435,32,0,16,0,130,,61436,32,0,16,0,170,,61437,32,0,16,0,85,,61438,32,0,16,0,45,,61439,32,0,16,0,85,,61440,32,0,16,0,85,,61441,32,0,16,0,85,,61442,32,0,16,0,45,,61443,32,0,16,0
70102,'1387',735,,61444,32,0,16,0,85,,61445,32,0,16,0,85,,61446,32,0,16,0,45,,61447,32,0,16,0,85,,61448,32,0,16,0,85,,61449,32,0,16,0,130,,61450,32,0,16,0,170,,61451,32,0,16,0,85,,61452,32,0,16,0,45,,61453,32,0,16,0,85,,61454,32,0,16,0,85,,61455,32,0,16,0,85,,61456,32,0,16,0,45,,61457,32,0,16,0
70102,'1388',735,,61458,32,0,16,0,85,,61459,32,0,16,0,85,,61460,32,0,16,0,45,,61461,32,0,16,0,85,,61462,32,0,16,0,85,,61463,32,0,16,0,130,,61464,32,0,16,0,170,,61465,32,0,16,0,85,,61466,32,0,16,0,45,,61467,32,0,16,0,85,,61468,32,0,16,0,85,,61469,32,0,16,0,85,,61470,32,0,16,0,45,,61471,32,0,16,0
70102,'1389',735,,61472,32,0,16,0,85,,61473,32,0,16,0,85,,61474,32,0,16,0,45,,61475,32,0,16,0,85,,61476,32,0,16,0,85,,61477,32,0,16,0,130,,61478,32,0,16,0,170,,61479,32,0,16,0,85,,61480,32,0,16,0,45,,61481,32,0,16,0,85,,61482,32,0,16,0,85,,61483,32,0,16,0,85,,61484,32,0,16,0,45,,61485,32,0,16,0
