1601,'1383',1007,,57984,2,,,0,30,,57983,2,,,0,85,,57982,2,,,0,30,,57981,2,,,0,70,,57980,2,,,0,30,,57979,2,,,0,70,,57978,2,,,0,30,,57977,2,,,0,70,,57976,2,,,0,30,,57975,2,,,0,70,,57974,2,,,0,30,,57973,2,,,0,70,,57972,2,,,0,30,,57971,2,,,0,70,,57970,2,,,0,18,,57985,2,,,0,12,,57969,2,,,0,70,,57968,2,,,0,30,,57967,2,,,0,70,,57966,2,,,0
1601,'1384',652,,57986,2,,,0,70,,57987,2,,,0,30,,57988,2,,,0,70,,57989,2,,,0,30,,57990,2,,,0,70,,57991,2,,,0,30,,57992,2,,,0,70,,57993,2,,,0,20,,57994,2,,,0,60,,57995,2,,,0,20,,57996,2,,,0,20,,57997,2,,,0,60,,57998,2,,,0,20,,57999,2,,,0,20,,58000,2,,,0,60,,58001,2,,,0,20,,58002,2,,,0,20,,58003,2,,,0,60,,58004,2,,,0,20,,58005,2,,,0,20,,58006,2,,,0,60,,58007,2,,,0,20,,58008,2,,,0,20,,58009,2,,,0,60,,58010,2,,,0,20,,58011,2,,,0,20,,58012,2,,,0,60,,58013,2,,,0,20,,58014,2,,,0,20,,58015,2,,,0,60,,58016,2,,,0,22,,58017,2,,,0,30,,58018,2,,,0,70,,58019,2,,,0,30,,58020,2,,,0,70,,58021,2,,,0,30,,58022,2,,,0,70,,58023,2,,,0,100,,58024,2,,,0
1601,'1385',602,,58025,2,,,0,37,,58026,2,,,0,70,,58027,2,,,0,20,,58028,2,,,0,20,,58029,2,,,0,60,,58030,2,,,0,20,,58031,2,,,0,20,,58032,2,,,0,60,,58033,2,,,0,20,,58034,2,,,0,20,,58035,2,,,0,60,,58036,2,,,0,20,,58037,2,,,0,20,,58038,2,,,0,60,,58039,2,,,0,20,,58040,2,,,0,20,,58041,2,,,0,60,,58042,2,,,0,20,,58043,2,,,0,20,,58044,2,,,0,60,,58045,2,,,0,20,,58046,2,,,0,20,,58047,2,,,0,60,,58048,2,,,0,20,,58049,2,,,0,20,,58050,2,,,0,60,,58051,2,,,0,20,,58052,2,,,0,20,,58053,2,,,0,60,,58054,2,,,0,20,,58055,2,,,0,20,,58056,2,,,0,60,,58057,2,,,0,20,,58058,2,,,0,20,,58059,2,,,0,60,,58060,2,,,0,15,,58061,2,,,0,30,,58062,2,,,0,70,,58063,2,,,0,30,,58064,2,,,0,70,,58065,2,,,0,30,,58066,2,,,0,70,,58067,2,,,0,100,,58068,2,,,0,100,,58069,2,,,0
1601,'1386',602,,58070,2,,,0,37,,58071,2,,,0,70,,58072,2,,,0,20,,58073,2,,,0,20,,58074,2,,,0,60,,58075,2,,,0,20,,58076,2,,,0,20,,58077,2,,,0,60,,58078,2,,,0,20,,58079,2,,,0,20,,58080,2,,,0,60,,58081,2,,,0,20,,58082,2,,,0,20,,58083,2,,,0,60,,58084,2,,,0,20,,58085,2,,,0,20,,58086,2,,,0,60,,58087,2,,,0,20,,58088,2,,,0,20,,58089,2,,,0,60,,58090,2,,,0,20,,58091,2,,,0,20,,58092,2,,,0,60,,58093,2,,,0,20,,58094,2,,,0,20,,58095,2,,,0,60,,58096,2,,,0,20,,58097,2,,,0,20,,58098,2,,,0,60,,58099,2,,,0,20,,58100,2,,,0,20,,58101,2,,,0,60,,58102,2,,,0,20,,58103,2,,,0,20,,58104,2,,,0,60,,58105,2,,,0,15,,58106,2,,,0,30,,58107,2,,,0,70,,58108,2,,,0,30,,58109,2,,,0,70,,58110,2,,,0,30,,58111,2,,,0,70,,58112,2,,,0,100,,58113,2,,,0,100,,58114,2,,,0
1601,'1387',602,,58115,2,,,0,37,,58116,2,,,0,70,,58117,2,,,0,20,,58118,2,,,0,20,,58119,2,,,0,60,,58120,2,,,0,20,,58121,2,,,0,20,,58122,2,,,0,60,,58123,2,,,0,20,,58124,2,,,0,20,,58125,2,,,0,60,,58126,2,,,0,20,,58127,2,,,0,20,,58128,2,,,0,60,,58129,2,,,0,20,,58130,2,,,0,20,,58131,2,,,0,60,,58132,2,,,0,20,,58133,2,,,0,20,,58134,2,,,0,60,,58135,2,,,0,20,,58136,2,,,0,20,,58137,2,,,0,60,,58138,2,,,0,20,,58139,2,,,0,20,,58140,2,,,0,60,,58141,2,,,0,20,,58142,2,,,0,20,,58143,2,,,0,60,,58144,2,,,0,20,,58145,2,,,0,20,,58146,2,,,0,60,,58147,2,,,0,20,,58148,2,,,0,20,,58149,2,,,0,60,,58150,2,,,0,15,,58151,2,,,0,30,,58152,2,,,0,70,,58153,2,,,0,30,,58154,2,,,0,70,,58155,2,,,0,30,,58156,2,,,0,70,,58157,2,,,0,100,,58158,2,,,0,100,,58159,2,,,0
1601,'1388',602,,58160,2,,,0,37,,58161,2,,,0,70,,58162,2,,,0,20,,58163,2,,,0,20,,58164,2,,,0,60,,58165,2,,,0,20,,58166,2,,,0,20,,58167,2,,,0,60,,58168,2,,,0,20,,58169,2,,,0,20,,58170,2,,,0,60,,58171,2,,,0,20,,58172,2,,,0,20,,58173,2,,,0,60,,58174,2,,,0,20,,58175,2,,,0,20,,58176,2,,,0,60,,58177,2,,,0,20,,58178,2,,,0,20,,58179,2,,,0,60,,58180,2,,,0,20,,58181,2,,,0,20,,58182,2,,,0,60,,58183,2,,,0,20,,58184,2,,,0,20,,58185,2,,,0,60,,58186,2,,,0,20,,58187,2,,,0,20,,58188,2,,,0,60,,58189,2,,,0,20,,58190,2,,,0,20,,58191,2,,,0,60,,58192,2,,,0,20,,58193,2,,,0,20,,58194,2,,,0,60,,58195,2,,,0,15,,58196,2,,,0,30,,58197,2,,,0,70,,58198,2,,,0,30,,58199,2,,,0,70,,58200,2,,,0,30,,58201,2,,,0,70,,58202,2,,,0,100,,58203,2,,,0,100,,58204,2,,,0
1601,'1389',602,,58205,2,,,0,37,,58206,2,,,0,70,,58207,2,,,0,20,,58208,2,,,0,20,,58209,2,,,0,60,,58210,2,,,0,20,,58211,2,,,0,20,,58212,2,,,0,60,,58213,2,,,0,20,,58214,2,,,0,20,,58215,2,,,0,60,,58216,2,,,0,20,,58217,2,,,0,20,,58218,2,,,0,60,,58219,2,,,0,20,,58220,2,,,0,20,,58221,2,,,0,60,,58222,2,,,0,20,,58223,2,,,0,20,,58224,2,,,0,60,,58225,2,,,0,20,,58226,2,,,0,20,,58227,2,,,0,60,,58228,2,,,0,20,,58229,2,,,0,20,,58230,2,,,0,60,,58231,2,,,0,20,,58232,2,,,0,20,,58233,2,,,0,60,,58234,2,,,0,20,,58235,2,,,0,20,,58236,2,,,0,60,,58237,2,,,0,20,,58238,2,,,0,20,,58239,2,,,0,60,,58240,2,,,0,15,,58241,2,,,0,30,,58242,2,,,0,70,,58243,2,,,0,30,,58244,2,,,0,70,,58245,2,,,0,30,,58246,2,,,0,70,,58247,2,,,0,100,,58248,2,,,0,100,,58249,2,,,0
1701,'1383',716,,58766,28,,,0,100,,58768,28,,,0,100,,58767,28,,,0,104,,58765,28,,,0,80,,58764,28,,,0,40,,58763,28,,,0,80,,58762,28,,,0,80,,58761,28,,,0,40,,58760,28,,,0,80,,58759,28,,,0,80,,58758,28,,,0,40,,58757,28,,,0,80,,58756,28,,,0,80,,58755,28,,,0,40,,58754,28,,,0,80,,58753,28,,,0,80,,58752,28,,,0,40,,58751,28,,,0
1701,'1384',550,,58794,28,,,0,70,,58795,28,,,0,30,,58796,28,,,0,70,,58797,28,,,0,30,,58798,28,,,0,70,,58799,28,,,0,30,,58800,28,,,0,70,,58769,28,,,0,30,,58770,28,,,0,70,,58771,28,,,0,20,,58772,28,,,0,60,,58773,28,,,0,20,,58774,28,,,0,20,,58775,28,,,0,60,,58776,28,,,0,20,,58777,28,,,0,20,,58778,28,,,0,60,,58779,28,,,0,20,,58780,28,,,0,20,,58781,28,,,0,60,,58782,28,,,0,20,,58783,28,,,0,20,,58784,28,,,0,60,,58785,28,,,0,20,,58786,28,,,0,20,,58787,28,,,0,60,,58788,28,,,0,20,,58789,28,,,0,20,,58790,28,,,0,60,,58791,28,,,0,20,,58801,28,,,0,20,,58792,28,,,0,60,,58793,28,,,0,20,,58802,28,,,0,30,,58803,28,,,0,70,,58804,28,,,0,30,,58805,28,,,0,70,,58806,28,,,0,30,,58807,28,,,0,70,,58808,28,,,0,30,,58809,28,,,0,70,,58810,28,,,0,30,,58811,28,,,0,70,,58812,28,,,0,30,,58813,28,,,0,70,,58814,28,,,0,30,,58815,28,,,0
1701,'1385',550,,58816,28,,,0,70,,58817,28,,,0,15,,58818,28,,,0,15,,58819,28,,,0,55,,58820,28,,,0,15,,58821,28,,,0,10,,58822,28,,,0,10,,58823,28,,,0,10,,58824,28,,,0,50,,58825,28,,,0,10,,58826,28,,,0,10,,58827,28,,,0,10,,58828,28,,,0,10,,58829,28,,,0,10,,58830,28,,,0,50,,58831,28,,,0,10,,58832,28,,,0,10,,58833,28,,,0,10,,58834,28,,,0,10,,58835,28,,,0,10,,58875,28,,,0,50,,58836,28,,,0,10,,58861,28,,,0,10,,58862,28,,,0,10,,58863,28,,,0,10,,58864,28,,,0,10,,58865,28,,,0,50,,58866,28,,,0,10,,58867,28,,,0,10,,58868,28,,,0,10,,58869,28,,,0,10,,58870,28,,,0,10,,58871,28,,,0,50,,58872,28,,,0,10,,58873,28,,,0,10,,58874,28,,,0,10,,58876,28,,,0,10,,58877,28,,,0,10,,58879,28,,,0,50,,58880,28,,,0,10,,58881,28,,,0,10,,58882,28,,,0,10,,58883,28,,,0,10,,58884,28,,,0,10,,58885,28,,,0,50,,58837,28,,,0,10,,58838,28,,,0,10,,58839,28,,,0,10,,58840,28,,,0,10,,58841,28,,,0,10,,58842,28,,,0,50,,58843,28,,,0,10,,58844,28,,,0,10,,58845,28,,,0,10,,58846,28,,,0,10,,58847,28,,,0,10,,58848,28,,,0,50,,58849,28,,,0,10,,58850,28,,,0,10,,58851,28,,,0,10,,58852,28,,,0,10,,58853,28,,,0,10,,58854,28,,,0,50,,58855,28,,,0,10,,58856,28,,,0,10,,58857,28,,,0,10,,58858,28,,,0,10,,58859,28,,,0,10,,58860,28,,,0,50,,58886,28,,,0,10,,58887,28,,,0,10,,58888,28,,,0,15,,58889,28,,,0,15,,58890,28,,,0,55,,58891,28,,,0,15,,58892,28,,,0,30,,58893,28,,,0,70,,58894,28,,,0,30,,58895,28,,,0,70,,58896,28,,,0,30,,58897,28,,,0,70,,58898,28,,,0,30,,58899,28,,,0,70,,58900,28,,,0,30,,58901,28,,,0,70,,58902,28,,,0,30,,58878,28,,,0
1701,'1386',550,,58903,28,,,0,70,,58904,28,,,0,15,,58905,28,,,0,15,,58906,28,,,0,55,,58907,28,,,0,15,,58908,28,,,0,10,,58909,28,,,0,10,,58910,28,,,0,10,,58911,28,,,0,50,,58912,28,,,0,10,,58913,28,,,0,10,,58914,28,,,0,10,,58915,28,,,0,10,,58916,28,,,0,10,,58917,28,,,0,50,,58918,28,,,0,10,,58919,28,,,0,10,,58920,28,,,0,10,,58921,28,,,0,10,,58922,28,,,0,10,,58962,28,,,0,50,,58923,28,,,0,10,,58948,28,,,0,10,,58949,28,,,0,10,,58950,28,,,0,10,,58951,28,,,0,10,,58952,28,,,0,50,,58953,28,,,0,10,,58954,28,,,0,10,,58955,28,,,0,10,,58956,28,,,0,10,,58957,28,,,0,10,,58958,28,,,0,50,,58959,28,,,0,10,,58960,28,,,0,10,,58961,28,,,0,10,,58963,28,,,0,10,,58964,28,,,0,10,,58966,28,,,0,50,,58967,28,,,0,10,,58968,28,,,0,10,,58969,28,,,0,10,,58970,28,,,0,10,,58971,28,,,0,10,,58972,28,,,0,50,,58924,28,,,0,10,,58925,28,,,0,10,,58926,28,,,0,10,,58927,28,,,0,10,,58928,28,,,0,10,,58929,28,,,0,50,,58930,28,,,0,10,,58931,28,,,0,10,,58932,28,,,0,10,,58933,28,,,0,10,,58934,28,,,0,10,,58935,28,,,0,50,,58936,28,,,0,10,,58937,28,,,0,10,,58938,28,,,0,10,,58939,28,,,0,10,,58940,28,,,0,10,,58941,28,,,0,50,,58942,28,,,0,10,,58943,28,,,0,10,,58944,28,,,0,10,,58945,28,,,0,10,,58946,28,,,0,10,,58947,28,,,0,50,,58973,28,,,0,10,,58974,28,,,0,10,,58975,28,,,0,15,,58976,28,,,0,15,,58977,28,,,0,55,,58978,28,,,0,15,,58979,28,,,0,30,,58980,28,,,0,70,,58981,28,,,0,30,,58982,28,,,0,70,,58983,28,,,0,30,,58984,28,,,0,70,,58985,28,,,0,30,,58986,28,,,0,70,,58987,28,,,0,30,,58988,28,,,0,70,,58989,28,,,0,30,,58965,28,,,0
1701,'1387',550,,58990,28,,,0,70,,58991,28,,,0,15,,58992,28,,,0,15,,58993,28,,,0,55,,58994,28,,,0,15,,58995,28,,,0,10,,58996,28,,,0,10,,58997,28,,,0,10,,58998,28,,,0,50,,58999,28,,,0,10,,59000,28,,,0,10,,59001,28,,,0,10,,59002,28,,,0,10,,59003,28,,,0,10,,59004,28,,,0,50,,59005,28,,,0,10,,59006,28,,,0,10,,59007,28,,,0,10,,59008,28,,,0,10,,59009,28,,,0,10,,59049,28,,,0,50,,59010,28,,,0,10,,59035,28,,,0,10,,59036,28,,,0,10,,59037,28,,,0,10,,59038,28,,,0,10,,59039,28,,,0,50,,59040,28,,,0,10,,59041,28,,,0,10,,59042,28,,,0,10,,59043,28,,,0,10,,59044,28,,,0,10,,59045,28,,,0,50,,59046,28,,,0,10,,59047,28,,,0,10,,59048,28,,,0,10,,59050,28,,,0,10,,59051,28,,,0,10,,59053,28,,,0,50,,59054,28,,,0,10,,59055,28,,,0,10,,59056,28,,,0,10,,59057,28,,,0,10,,59058,28,,,0,10,,59059,28,,,0,50,,59011,28,,,0,10,,59012,28,,,0,10,,59013,28,,,0,10,,59014,28,,,0,10,,59015,28,,,0,10,,59016,28,,,0,50,,59017,28,,,0,10,,59018,28,,,0,10,,59019,28,,,0,10,,59020,28,,,0,10,,59021,28,,,0,10,,59022,28,,,0,50,,59023,28,,,0,10,,59024,28,,,0,10,,59025,28,,,0,10,,59026,28,,,0,10,,59027,28,,,0,10,,59028,28,,,0,50,,59029,28,,,0,10,,59030,28,,,0,10,,59031,28,,,0,10,,59032,28,,,0,10,,59033,28,,,0,10,,59034,28,,,0,50,,59060,28,,,0,10,,59061,28,,,0,10,,59062,28,,,0,15,,59063,28,,,0,15,,59064,28,,,0,55,,59065,28,,,0,15,,59066,28,,,0,30,,59067,28,,,0,70,,59068,28,,,0,30,,59069,28,,,0,70,,59070,28,,,0,30,,59071,28,,,0,70,,59072,28,,,0,30,,59073,28,,,0,70,,59074,28,,,0,30,,59075,28,,,0,70,,59076,28,,,0,30,,59052,28,,,0
1701,'1388',550,,59077,28,,,0,70,,59078,28,,,0,15,,59079,28,,,0,15,,59080,28,,,0,55,,59081,28,,,0,15,,59082,28,,,0,10,,59083,28,,,0,10,,59084,28,,,0,10,,59085,28,,,0,50,,59086,28,,,0,10,,59087,28,,,0,10,,59088,28,,,0,10,,59089,28,,,0,10,,59090,28,,,0,10,,59091,28,,,0,50,,59092,28,,,0,10,,59093,28,,,0,10,,59094,28,,,0,10,,59095,28,,,0,10,,59096,28,,,0,10,,59136,28,,,0,50,,59097,28,,,0,10,,59122,28,,,0,10,,59123,28,,,0,10,,59124,28,,,0,10,,59125,28,,,0,10,,59126,28,,,0,50,,59127,28,,,0,10,,59128,28,,,0,10,,59129,28,,,0,10,,59130,28,,,0,10,,59131,28,,,0,10,,59132,28,,,0,50,,59133,28,,,0,10,,59134,28,,,0,10,,59135,28,,,0,10,,59137,28,,,0,10,,59138,28,,,0,10,,59140,28,,,0,50,,59141,28,,,0,10,,59142,28,,,0,10,,59143,28,,,0,10,,59144,28,,,0,10,,59145,28,,,0,10,,59146,28,,,0,50,,59098,28,,,0,10,,59099,28,,,0,10,,59100,28,,,0,10,,59101,28,,,0,10,,59102,28,,,0,10,,59103,28,,,0,50,,59104,28,,,0,10,,59105,28,,,0,10,,59106,28,,,0,10,,59107,28,,,0,10,,59108,28,,,0,10,,59109,28,,,0,50,,59110,28,,,0,10,,59111,28,,,0,10,,59112,28,,,0,10,,59113,28,,,0,10,,59114,28,,,0,10,,59115,28,,,0,50,,59116,28,,,0,10,,59117,28,,,0,10,,59118,28,,,0,10,,59119,28,,,0,10,,59120,28,,,0,10,,59121,28,,,0,50,,59147,28,,,0,10,,59148,28,,,0,10,,59149,28,,,0,15,,59150,28,,,0,15,,59151,28,,,0,55,,59152,28,,,0,15,,59153,28,,,0,30,,59154,28,,,0,70,,59155,28,,,0,30,,59156,28,,,0,70,,59157,28,,,0,30,,59158,28,,,0,70,,59159,28,,,0,30,,59160,28,,,0,70,,59161,28,,,0,30,,59162,28,,,0,70,,59163,28,,,0,30,,59139,28,,,0
1701,'1389',550,,59164,28,,,0,70,,59165,28,,,0,15,,59166,28,,,0,15,,59167,28,,,0,55,,59168,28,,,0,15,,59169,28,,,0,10,,59170,28,,,0,10,,59171,28,,,0,10,,59172,28,,,0,50,,59173,28,,,0,10,,59174,28,,,0,10,,59175,28,,,0,10,,59176,28,,,0,10,,59177,28,,,0,10,,59178,28,,,0,50,,59179,28,,,0,10,,59180,28,,,0,10,,59181,28,,,0,10,,59182,28,,,0,10,,59183,28,,,0,10,,59223,28,,,0,50,,59184,28,,,0,10,,59209,28,,,0,10,,59210,28,,,0,10,,59211,28,,,0,10,,59212,28,,,0,10,,59213,28,,,0,50,,59214,28,,,0,10,,59215,28,,,0,10,,59216,28,,,0,10,,59217,28,,,0,10,,59218,28,,,0,10,,59219,28,,,0,50,,59220,28,,,0,10,,59221,28,,,0,10,,59222,28,,,0,10,,59224,28,,,0,10,,59225,28,,,0,10,,59227,28,,,0,50,,59228,28,,,0,10,,59229,28,,,0,10,,59230,28,,,0,10,,59231,28,,,0,10,,59232,28,,,0,10,,59233,28,,,0,50,,59185,28,,,0,10,,59186,28,,,0,10,,59187,28,,,0,10,,59188,28,,,0,10,,59189,28,,,0,10,,59190,28,,,0,50,,59191,28,,,0,10,,59192,28,,,0,10,,59193,28,,,0,10,,59194,28,,,0,10,,59195,28,,,0,10,,59196,28,,,0,50,,59197,28,,,0,10,,59198,28,,,0,10,,59199,28,,,0,10,,59200,28,,,0,10,,59201,28,,,0,10,,59202,28,,,0,50,,59203,28,,,0,10,,59204,28,,,0,10,,59205,28,,,0,10,,59206,28,,,0,10,,59207,28,,,0,10,,59208,28,,,0,50,,59234,28,,,0,10,,59235,28,,,0,10,,59236,28,,,0,15,,59237,28,,,0,15,,59238,28,,,0,55,,59239,28,,,0,15,,59240,28,,,0,30,,59241,28,,,0,70,,59242,28,,,0,30,,59243,28,,,0,70,,59244,28,,,0,30,,59245,28,,,0,70,,59246,28,,,0,30,,59247,28,,,0,70,,59248,28,,,0,30,,59249,28,,,0,70,,59250,28,,,0,30,,59226,28,,,0
2001,'1383',902,,60813,2,,,0,45,,60812,2,,,0,85,,60811,2,,,0,85,,60810,2,,,0,85,,60809,2,,,0,45,,60808,2,,,0,85,,60807,2,,,0,85,,60806,2,,,0,85,,60805,2,,,0,45,,60804,2,,,0,85,,60803,2,,,0,85,,60802,2,,,0,85,,60801,2,,,0,45,,60800,2,,,0,85,,60799,2,,,0
2001,'1384',602,,60831,2,,,0,45,,60832,2,,,0,85,,60833,2,,,0,85,,60834,2,,,0,85,,60814,2,,,0,30,,60815,2,,,0,70,,60816,2,,,0,30,,60817,2,,,0,80,,60818,2,,,0,30,,60819,2,,,0,70,,60820,2,,,0,30,,60821,2,,,0,80,,60822,2,,,0,30,,60823,2,,,0,70,,60824,2,,,0,30,,60825,2,,,0,80,,60826,2,,,0,70,,60827,2,,,0,30,,60828,2,,,0,70,,60829,2,,,0,40,,60830,2,,,0,70,,60835,2,,,0,45,,60836,2,,,0,85,,60837,2,,,0,85,,60838,2,,,0,85,,60839,2,,,0,45,,60840,2,,,0,85,,60841,2,,,0,85,,60842,2,,,0,85,,60843,2,,,0
2001,'1385',542,,60844,2,,,0,60,,60845,2,,,0,20,,60846,2,,,0,20,,60847,2,,,0,60,,60848,2,,,0,20,,60849,2,,,0,20,,60850,2,,,0,60,,60851,2,,,0,20,,60852,2,,,0,20,,60853,2,,,0,60,,60854,2,,,0,20,,60855,2,,,0,20,,60856,2,,,0,60,,60857,2,,,0,20,,60858,2,,,0,20,,60859,2,,,0,60,,60860,2,,,0,20,,60861,2,,,0,20,,60862,2,,,0,60,,60863,2,,,0,20,,60864,2,,,0,20,,60865,2,,,0,60,,60866,2,,,0,20,,60867,2,,,0,20,,60868,2,,,0,60,,60869,2,,,0,20,,60870,2,,,0,20,,60871,2,,,0,60,,60872,2,,,0,20,,60873,2,,,0,20,,60874,2,,,0,60,,60875,2,,,0,20,,60876,2,,,0,20,,60877,2,,,0,60,,60878,2,,,0,20,,60879,2,,,0,20,,60880,2,,,0,60,,60881,2,,,0,45,,60882,2,,,0,85,,60883,2,,,0,85,,60884,2,,,0,85,,60885,2,,,0,45,,60886,2,,,0,85,,60887,2,,,0,85,,60888,2,,,0,85,,60889,2,,,0,45,,60890,2,,,0
2001,'1386',542,,60891,2,,,0,60,,60892,2,,,0,20,,60893,2,,,0,20,,60894,2,,,0,60,,60895,2,,,0,20,,60896,2,,,0,20,,60897,2,,,0,60,,60898,2,,,0,20,,60899,2,,,0,20,,60900,2,,,0,60,,60901,2,,,0,20,,60902,2,,,0,20,,60903,2,,,0,60,,60904,2,,,0,20,,60905,2,,,0,20,,60906,2,,,0,60,,60907,2,,,0,20,,60908,2,,,0,20,,60909,2,,,0,60,,60910,2,,,0,20,,60911,2,,,0,20,,60912,2,,,0,60,,60913,2,,,0,20,,60914,2,,,0,20,,60915,2,,,0,60,,60916,2,,,0,20,,60917,2,,,0,20,,60918,2,,,0,60,,60919,2,,,0,20,,60920,2,,,0,20,,60921,2,,,0,60,,60922,2,,,0,20,,60923,2,,,0,20,,60924,2,,,0,60,,60925,2,,,0,20,,60926,2,,,0,20,,60927,2,,,0,60,,60928,2,,,0,45,,60929,2,,,0,85,,60930,2,,,0,85,,60931,2,,,0,85,,60932,2,,,0,45,,60933,2,,,0,85,,60934,2,,,0,85,,60935,2,,,0,85,,60936,2,,,0,45,,60937,2,,,0
2001,'1387',542,,60938,2,,,0,60,,60939,2,,,0,20,,60940,2,,,0,20,,60941,2,,,0,60,,60942,2,,,0,20,,60943,2,,,0,20,,60944,2,,,0,60,,60945,2,,,0,20,,60946,2,,,0,20,,60947,2,,,0,60,,60948,2,,,0,20,,60949,2,,,0,20,,60950,2,,,0,60,,60951,2,,,0,20,,60952,2,,,0,20,,60953,2,,,0,60,,60954,2,,,0,20,,60955,2,,,0,20,,60956,2,,,0,60,,60957,2,,,0,20,,60958,2,,,0,20,,60959,2,,,0,60,,60960,2,,,0,20,,60961,2,,,0,20,,60962,2,,,0,60,,60963,2,,,0,20,,60964,2,,,0,20,,60965,2,,,0,60,,60966,2,,,0,20,,60967,2,,,0,20,,60968,2,,,0,60,,60969,2,,,0,20,,60970,2,,,0,20,,60971,2,,,0,60,,60972,2,,,0,20,,60973,2,,,0,20,,60974,2,,,0,60,,60975,2,,,0,45,,60976,2,,,0,85,,60977,2,,,0,85,,60978,2,,,0,85,,60979,2,,,0,45,,60980,2,,,0,85,,60981,2,,,0,85,,60982,2,,,0,85,,60983,2,,,0,45,,60984,2,,,0
2001,'1388',542,,60985,2,,,0,60,,60986,2,,,0,20,,60987,2,,,0,20,,60988,2,,,0,60,,60989,2,,,0,20,,60990,2,,,0,20,,60991,2,,,0,60,,60992,2,,,0,20,,60993,2,,,0,20,,60994,2,,,0,60,,60995,2,,,0,20,,60996,2,,,0,20,,60997,2,,,0,60,,60998,2,,,0,20,,60999,2,,,0,20,,61000,2,,,0,60,,61001,2,,,0,20,,61002,2,,,0,20,,61003,2,,,0,60,,61004,2,,,0,20,,61005,2,,,0,20,,61006,2,,,0,60,,61007,2,,,0,20,,61008,2,,,0,20,,61009,2,,,0,60,,61010,2,,,0,20,,61011,2,,,0,20,,61012,2,,,0,60,,61013,2,,,0,20,,61014,2,,,0,20,,61015,2,,,0,60,,61016,2,,,0,20,,61017,2,,,0,20,,61018,2,,,0,60,,61019,2,,,0,20,,61020,2,,,0,20,,61021,2,,,0,60,,61022,2,,,0,45,,61023,2,,,0,85,,61024,2,,,0,85,,61025,2,,,0,85,,61026,2,,,0,45,,61027,2,,,0,85,,61028,2,,,0,85,,61029,2,,,0,85,,61030,2,,,0,45,,61031,2,,,0
2001,'1389',542,,61032,2,,,0,60,,61033,2,,,0,20,,61034,2,,,0,20,,61035,2,,,0,60,,61036,2,,,0,20,,61037,2,,,0,20,,61038,2,,,0,60,,61039,2,,,0,20,,61040,2,,,0,20,,61041,2,,,0,60,,61042,2,,,0,20,,61043,2,,,0,20,,61044,2,,,0,60,,61045,2,,,0,20,,61046,2,,,0,20,,61047,2,,,0,60,,61048,2,,,0,20,,61049,2,,,0,20,,61050,2,,,0,60,,61051,2,,,0,20,,61052,2,,,0,20,,61053,2,,,0,60,,61054,2,,,0,20,,61055,2,,,0,20,,61056,2,,,0,60,,61057,2,,,0,20,,61058,2,,,0,20,,61059,2,,,0,60,,61060,2,,,0,20,,61061,2,,,0,20,,61062,2,,,0,60,,61063,2,,,0,20,,61064,2,,,0,20,,61065,2,,,0,60,,61066,2,,,0,20,,61067,2,,,0,20,,61068,2,,,0,60,,61069,2,,,0,45,,61070,2,,,0,85,,61071,2,,,0,85,,61072,2,,,0,85,,61073,2,,,0,45,,61074,2,,,0,85,,61075,2,,,0,85,,61076,2,,,0,85,,61077,2,,,0,45,,61078,2,,,0
