1700,'1369',659,,43849,85,,,0,100,,43848,85,,,0,100,,43847,85,,,0,100,,43846,85,,,0,154,,43864,85,,,0,40,,43863,85,,,0,80,,43862,85,,,0,80,,43861,85,,,0,40,,43860,85,,,0,80,,43859,85,,,0,80,,43858,85,,,0,40,,43857,85,,,0,80,,43856,85,,,0,80,,43855,85,,,0,40,,43854,85,,,0,80,,43853,85,,,0,80,,43852,85,,,0,40,,43851,85,,,0,80,,43850,85,,,0
1700,'1370',622,,43865,85,,,0,35,,43866,85,,,0,70,,43867,85,,,0,30,,43868,85,,,0,70,,43869,85,,,0,30,,43870,85,,,0,70,,43871,85,,,0,30,,43872,85,,,0,70,,43873,85,,,0,30,,43874,85,,,0,79,,43883,85,,,0,20,,43884,85,,,0,60,,43885,85,,,0,20,,43886,85,,,0,20,,43887,85,,,0,60,,43888,85,,,0,20,,43889,85,,,0,20,,43890,85,,,0,60,,43891,85,,,0,20,,43892,85,,,0,20,,43893,85,,,0,60,,43894,85,,,0,20,,43895,85,,,0,20,,43896,85,,,0,60,,43897,85,,,0,20,,43898,85,,,0,20,,43899,85,,,0,60,,43900,85,,,0,20,,43901,85,,,0,20,,43902,85,,,0,60,,43903,85,,,0,20,,43904,85,,,0,20,,43905,85,,,0,60,,43906,85,,,0,15,,43907,85,,,0,70,,43908,85,,,0,30,,43909,85,,,0,70,,43910,85,,,0,30,,43911,85,,,0,26,,43875,85,,,0,70,,43876,85,,,0,30,,43877,85,,,0,70,,43878,85,,,0,30,,43879,85,,,0,70,,43880,85,,,0,30,,43881,85,,,0,70,,43882,85,,,0
1700,'1371',620,,43912,85,,,0,29,,43913,48,,,0,60,,43914,85,,,0,15,,43915,85,,,0,15,,43916,85,,,0,15,,43917,85,,,0,55,,43918,85,,,0,10,,43919,85,,,0,10,,43920,85,,,0,10,,43921,85,,,0,10,,43922,85,,,0,10,,43923,85,,,0,50,,43924,85,,,0,10,,43925,85,,,0,10,,43926,85,,,0,10,,43927,85,,,0,10,,43928,85,,,0,10,,43929,85,,,0,50,,43930,85,,,0,10,,43931,85,,,0,10,,43932,85,,,0,10,,43933,85,,,0,10,,43934,85,,,0,10,,43935,85,,,0,50,,43936,85,,,0,10,,43937,85,,,0,10,,43938,85,,,0,10,,43939,85,,,0,10,,43940,85,,,0,10,,43941,85,,,0,50,,43942,85,,,0,10,,43943,85,,,0,10,,43944,85,,,0,10,,43945,85,,,0,10,,43946,85,,,0,10,,43947,85,,,0,50,,43948,85,,,0,10,,43949,85,,,0,10,,43950,85,,,0,10,,43951,85,,,0,10,,43952,85,,,0,10,,43953,85,,,0,50,,43954,85,,,0,10,,43955,85,,,0,10,,43956,85,,,0,10,,43957,85,,,0,10,,43958,85,,,0,10,,43959,85,,,0,50,,43960,85,,,0,10,,43961,85,,,0,10,,43962,85,,,0,10,,43963,85,,,0,10,,43964,85,,,0,10,,43965,85,,,0,50,,43966,85,,,0,10,,43967,85,,,0,10,,43968,85,,,0,10,,43969,85,,,0,10,,43970,85,,,0,10,,43971,85,,,0,50,,43972,85,,,0,10,,43973,85,,,0,10,,43974,85,,,0,10,,43975,85,,,0,10,,43976,85,,,0,10,,43977,85,,,0,50,,43978,85,,,0,10,,43979,85,,,0,10,,43980,85,,,0,10,,43981,85,,,0,10,,43982,85,,,0,10,,43983,85,,,0,50,,43984,85,,,0,15,,43985,85,,,0,15,,43986,85,,,0,15,,43987,85,,,0,70,,43988,85,,,0,30,,43989,85,,,0,70,,43990,85,,,0,30,,43991,85,,,0,70,,43992,85,,,0,30,,43993,85,,,0,70,,43994,85,,,0,30,,43995,85,,,0,70,,43996,85,,,0,30,,43997,85,,,0,70,,43998,85,,,0
1700,'1372',620,,43999,85,,,0,29,,44000,48,,,0,60,,44001,85,,,0,15,,44002,85,,,0,15,,44003,85,,,0,15,,44004,85,,,0,55,,44005,85,,,0,10,,44006,85,,,0,10,,44007,85,,,0,10,,44008,85,,,0,10,,44009,85,,,0,10,,44010,85,,,0,50,,44011,85,,,0,10,,44012,85,,,0,10,,44013,85,,,0,10,,44014,85,,,0,10,,44015,85,,,0,10,,44016,85,,,0,50,,44017,85,,,0,10,,44018,85,,,0,10,,44019,85,,,0,10,,44020,85,,,0,10,,44021,85,,,0,10,,44022,85,,,0,50,,44023,85,,,0,10,,44024,85,,,0,10,,44025,85,,,0,10,,44026,85,,,0,10,,44027,85,,,0,10,,44028,85,,,0,50,,44029,85,,,0,10,,44030,85,,,0,10,,44031,85,,,0,10,,44032,85,,,0,10,,44033,85,,,0,10,,44034,85,,,0,50,,44035,85,,,0,10,,44036,85,,,0,10,,44037,85,,,0,10,,44038,85,,,0,10,,44039,85,,,0,10,,44040,85,,,0,50,,44041,85,,,0,10,,44042,85,,,0,10,,44043,85,,,0,10,,44044,85,,,0,10,,44045,85,,,0,10,,44046,85,,,0,50,,44047,85,,,0,10,,44048,85,,,0,10,,44049,85,,,0,10,,44050,85,,,0,10,,44051,85,,,0,10,,44052,85,,,0,50,,44053,85,,,0,10,,44054,85,,,0,10,,44055,85,,,0,10,,44056,85,,,0,10,,44057,85,,,0,10,,44058,85,,,0,50,,44059,85,,,0,10,,44060,85,,,0,10,,44061,85,,,0,10,,44062,85,,,0,10,,44063,85,,,0,10,,44064,85,,,0,50,,44065,85,,,0,10,,44066,85,,,0,10,,44067,85,,,0,10,,44068,85,,,0,10,,44069,85,,,0,10,,44070,85,,,0,50,,44071,85,,,0,15,,44072,85,,,0,15,,44073,85,,,0,15,,44074,85,,,0,70,,44075,85,,,0,30,,44076,85,,,0,70,,44077,85,,,0,30,,44078,85,,,0,70,,44079,85,,,0,30,,44080,85,,,0,70,,44081,85,,,0,30,,44082,85,,,0,70,,44083,85,,,0,30,,44084,85,,,0,70,,44085,85,,,0
1700,'1373',620,,44086,85,,,0,29,,44087,48,,,0,60,,44088,85,,,0,15,,44089,85,,,0,15,,44090,85,,,0,15,,44091,85,,,0,55,,44092,85,,,0,10,,44093,85,,,0,10,,44094,85,,,0,10,,44095,85,,,0,10,,44096,85,,,0,10,,44097,85,,,0,50,,44098,85,,,0,10,,44099,85,,,0,10,,44100,85,,,0,10,,44101,85,,,0,10,,44102,85,,,0,10,,44103,85,,,0,50,,44104,85,,,0,10,,44105,85,,,0,10,,44106,85,,,0,10,,44107,85,,,0,10,,44108,85,,,0,10,,44109,85,,,0,50,,44110,85,,,0,10,,44111,85,,,0,10,,44112,85,,,0,10,,44113,85,,,0,10,,44114,85,,,0,10,,44115,85,,,0,50,,44116,85,,,0,10,,44117,85,,,0,10,,44118,85,,,0,10,,44119,85,,,0,10,,44120,85,,,0,10,,44121,85,,,0,50,,44122,85,,,0,10,,44123,85,,,0,10,,44124,85,,,0,10,,44125,85,,,0,10,,44126,85,,,0,10,,44127,85,,,0,50,,44128,85,,,0,10,,44129,85,,,0,10,,44130,85,,,0,10,,44131,85,,,0,10,,44132,85,,,0,10,,44133,85,,,0,50,,44134,85,,,0,10,,44135,85,,,0,10,,44136,85,,,0,10,,44137,85,,,0,10,,44138,85,,,0,10,,44139,85,,,0,50,,44140,85,,,0,10,,44141,85,,,0,10,,44142,85,,,0,10,,44143,85,,,0,10,,44144,85,,,0,10,,44145,85,,,0,50,,44146,85,,,0,10,,44147,85,,,0,10,,44148,85,,,0,10,,44149,85,,,0,10,,44150,85,,,0,10,,44151,85,,,0,50,,44152,85,,,0,10,,44153,85,,,0,10,,44154,85,,,0,10,,44155,85,,,0,10,,44156,85,,,0,10,,44157,85,,,0,50,,44158,85,,,0,15,,44159,85,,,0,15,,44160,85,,,0,15,,44161,85,,,0,70,,44162,85,,,0,30,,44163,85,,,0,70,,44164,85,,,0,30,,44165,85,,,0,70,,44166,85,,,0,30,,44167,85,,,0,70,,44168,85,,,0,30,,44169,85,,,0,70,,44170,85,,,0,30,,44171,85,,,0,70,,44172,85,,,0
1700,'1374',620,,44173,85,,,0,29,,44174,48,,,0,60,,44175,85,,,0,15,,44176,85,,,0,15,,44177,85,,,0,15,,44178,85,,,0,55,,44179,85,,,0,10,,44180,85,,,0,10,,44181,85,,,0,10,,44182,85,,,0,10,,44183,85,,,0,10,,44184,85,,,0,50,,44185,85,,,0,10,,44186,85,,,0,10,,44187,85,,,0,10,,44188,85,,,0,10,,44189,85,,,0,10,,44190,85,,,0,50,,44191,85,,,0,10,,44192,85,,,0,10,,44193,85,,,0,10,,44194,85,,,0,10,,44195,85,,,0,10,,44196,85,,,0,50,,44197,85,,,0,10,,44198,85,,,0,10,,44199,85,,,0,10,,44200,85,,,0,10,,44201,85,,,0,10,,44202,85,,,0,50,,44203,85,,,0,10,,44204,85,,,0,10,,44205,85,,,0,10,,44206,85,,,0,10,,44207,85,,,0,10,,44208,85,,,0,50,,44209,85,,,0,10,,44210,85,,,0,10,,44211,85,,,0,10,,44212,85,,,0,10,,44213,85,,,0,10,,44214,85,,,0,50,,44215,85,,,0,10,,44216,85,,,0,10,,44217,85,,,0,10,,44218,85,,,0,10,,44219,85,,,0,10,,44220,85,,,0,50,,44221,85,,,0,10,,44222,85,,,0,10,,44223,85,,,0,10,,44224,85,,,0,10,,44225,85,,,0,10,,44226,85,,,0,50,,44227,85,,,0,10,,44228,85,,,0,10,,44229,85,,,0,10,,44230,85,,,0,10,,44231,85,,,0,10,,44232,85,,,0,50,,44233,85,,,0,10,,44234,85,,,0,10,,44235,85,,,0,10,,44236,85,,,0,10,,44237,85,,,0,10,,44238,85,,,0,50,,44239,85,,,0,10,,44240,85,,,0,10,,44241,85,,,0,10,,44242,85,,,0,10,,44243,85,,,0,10,,44244,85,,,0,50,,44245,85,,,0,15,,44246,85,,,0,15,,44247,85,,,0,15,,44248,85,,,0,70,,44249,85,,,0,30,,44250,85,,,0,70,,44251,85,,,0,30,,44252,85,,,0,70,,44253,85,,,0,30,,44254,85,,,0,70,,44255,85,,,0,30,,44256,85,,,0,70,,44257,85,,,0,30,,44258,85,,,0,70,,44259,85,,,0
1700,'1375',620,,44260,85,,,0,29,,44261,48,,,0,60,,44262,85,,,0,15,,44263,85,,,0,15,,44264,85,,,0,15,,44265,85,,,0,55,,44266,85,,,0,10,,44267,85,,,0,10,,44268,85,,,0,10,,44269,85,,,0,10,,44270,85,,,0,10,,44271,85,,,0,50,,44272,85,,,0,10,,44273,85,,,0,10,,44274,85,,,0,10,,44275,85,,,0,10,,44276,85,,,0,10,,44277,85,,,0,50,,44278,85,,,0,10,,44279,85,,,0,10,,44280,85,,,0,10,,44281,85,,,0,10,,44282,85,,,0,10,,44283,85,,,0,50,,44284,85,,,0,10,,44285,85,,,0,10,,44286,85,,,0,10,,44287,85,,,0,10,,44288,85,,,0,10,,44289,85,,,0,50,,44290,85,,,0,10,,44291,85,,,0,10,,44292,85,,,0,10,,44293,85,,,0,10,,44294,85,,,0,10,,44295,85,,,0,50,,44296,85,,,0,10,,44297,85,,,0,10,,44298,85,,,0,10,,44299,85,,,0,10,,44300,85,,,0,10,,44301,85,,,0,50,,44302,85,,,0,10,,44303,85,,,0,10,,44304,85,,,0,10,,44305,85,,,0,10,,44306,85,,,0,10,,44307,85,,,0,50,,44308,85,,,0,10,,44309,85,,,0,10,,44310,85,,,0,10,,44311,85,,,0,10,,44312,85,,,0,10,,44313,85,,,0,50,,44314,85,,,0,10,,44315,85,,,0,10,,44316,85,,,0,10,,44317,85,,,0,10,,44318,85,,,0,10,,44319,85,,,0,50,,44320,85,,,0,10,,44321,85,,,0,10,,44322,85,,,0,10,,44323,85,,,0,10,,44324,85,,,0,10,,44325,85,,,0,50,,44326,85,,,0,10,,44327,85,,,0,10,,44328,85,,,0,10,,44329,85,,,0,10,,44330,85,,,0,10,,44331,85,,,0,50,,44332,85,,,0,15,,44333,85,,,0,15,,44334,85,,,0,15,,44335,85,,,0,70,,44336,85,,,0,30,,44337,85,,,0,70,,44338,85,,,0,30,,44339,85,,,0,70,,44340,85,,,0,30,,44341,85,,,0,70,,44342,85,,,0,30,,44343,85,,,0,70,,44344,85,,,0,30,,44345,85,,,0,70,,44346,85,,,0
1800,'1369',755,,44864,81,,,0,100,,44863,81,,,0,100,,44862,81,,,0,80,,44861,81,,,0,80,,44860,81,,,0,43,,44859,81,,,0,82,,44858,81,,,0,80,,44857,81,,,0,80,,44856,81,,,0,40,,44855,81,,,0,80,,44854,81,,,0,80,,44853,81,,,0,40,,44852,81,,,0,80,,44851,81,,,0,80,,44850,81,,,0,40,,44849,81,,,0,80,,44848,81,,,0,80,,44847,81,,,0
1800,'1370',614,,44865,81,,,0,45,,44866,81,,,0,70,,44867,81,,,0,30,,44868,81,,,0,70,,44869,81,,,0,30,,44870,81,,,0,70,,44871,81,,,0,30,,44872,81,,,0,70,,44873,81,,,0,30,,44874,81,,,0,60,,44875,81,,,0,20,,44876,81,,,0,20,,44877,81,,,0,60,,44878,81,,,0,20,,44879,81,,,0,20,,44880,81,,,0,60,,44881,81,,,0,20,,44882,81,,,0,20,,44883,81,,,0,60,,44884,81,,,0,20,,44885,81,,,0,20,,44886,81,,,0,60,,44887,81,,,0,20,,44888,81,,,0,20,,44889,81,,,0,60,,44890,81,,,0,20,,44891,81,,,0,20,,44892,81,,,0,60,,44893,81,,,0,20,,44894,81,,,0,20,,44895,81,,,0,60,,44896,81,,,0,20,,44897,81,,,0,20,,44898,81,,,0,70,,44899,81,,,0,30,,44900,81,,,0,70,,44901,81,,,0,30,,44902,81,,,0,70,,44903,81,,,0,30,,44904,81,,,0,70,,44905,81,,,0,30,,44906,81,,,0,70,,44907,81,,,0,30,,44908,81,,,0,70,,44909,81,,,0,30,,44910,81,,,0,70,,44911,81,,,0
1800,'1371',616,,44948,81,,,0,35,,44949,81,,,0,60,,44912,81,,,0,15,,44913,81,,,0,15,,44914,81,,,0,15,,44915,81,,,0,55,,44916,81,,,0,10,,44917,81,,,0,10,,44918,81,,,0,10,,44919,81,,,0,10,,44920,81,,,0,50,,44921,81,,,0,10,,44922,81,,,0,4,,44950,81,,,0,15,,44951,81,,,0,15,,44952,81,,,0,55,,44953,81,,,0,15,,44954,81,,,0,15,,44955,81,,,0,15,,44956,81,,,0,13,,44957,81,,,0,55,,44958,81,,,0,15,,44959,81,,,0,15,,44960,81,,,0,15,,44961,81,,,0,55,,44962,81,,,0,15,,44963,81,,,0,15,,44964,81,,,0,15,,44965,81,,,0,55,,44966,81,,,0,15,,44967,81,,,0,15,,44968,81,,,0,65,,44923,81,,,0,20,,44924,81,,,0,15,,44925,81,,,0,15,,44926,81,,,0,55,,44927,81,,,0,10,,44928,81,,,0,10,,44929,81,,,0,10,,44930,81,,,0,10,,44931,81,,,0,50,,44932,81,,,0,10,,44933,81,,,0,10,,44934,81,,,0,10,,44935,81,,,0,10,,44936,81,,,0,10,,44937,81,,,0,50,,44938,81,,,0,10,,44939,81,,,0,10,,44940,81,,,0,10,,44941,81,,,0,10,,44942,81,,,0,10,,44943,81,,,0,50,,44944,81,,,0,10,,44945,81,,,0,15,,44946,81,,,0,15,,44947,81,,,0,16,,44969,81,,,0,70,,44970,81,,,0,30,,44971,81,,,0,70,,44972,81,,,0,30,,44973,81,,,0,70,,44974,81,,,0,30,,44975,81,,,0,70,,44976,81,,,0,30,,44977,81,,,0,70,,44978,81,,,0,30,,44979,81,,,0,70,,44980,81,,,0,30,,44981,81,,,0,70,,44982,81,,,0
1800,'1372',616,,45019,81,,,0,35,,45020,81,,,0,60,,44983,81,,,0,15,,44984,81,,,0,15,,44985,81,,,0,15,,44986,81,,,0,55,,44987,81,,,0,10,,44988,81,,,0,10,,44989,81,,,0,10,,44990,81,,,0,10,,44991,81,,,0,50,,44992,81,,,0,10,,44993,81,,,0,4,,45021,81,,,0,15,,45022,81,,,0,15,,45023,81,,,0,55,,45024,81,,,0,15,,45025,81,,,0,15,,45026,81,,,0,15,,45027,81,,,0,13,,45028,81,,,0,55,,45029,81,,,0,15,,45030,81,,,0,15,,45031,81,,,0,15,,45032,81,,,0,55,,45033,81,,,0,15,,45034,81,,,0,15,,45035,81,,,0,15,,45036,81,,,0,55,,45037,81,,,0,15,,45038,81,,,0,15,,45039,81,,,0,65,,44994,81,,,0,20,,44995,81,,,0,15,,44996,81,,,0,15,,44997,81,,,0,55,,44998,81,,,0,10,,44999,81,,,0,10,,45000,81,,,0,10,,45001,81,,,0,10,,45002,81,,,0,50,,45003,81,,,0,10,,45004,81,,,0,10,,45005,81,,,0,10,,45006,81,,,0,10,,45007,81,,,0,10,,45008,81,,,0,50,,45009,81,,,0,10,,45010,81,,,0,10,,45011,81,,,0,10,,45012,81,,,0,10,,45013,81,,,0,10,,45014,81,,,0,50,,45015,81,,,0,10,,45016,81,,,0,15,,45017,81,,,0,15,,45018,81,,,0,16,,45040,81,,,0,70,,45041,81,,,0,30,,45042,81,,,0,70,,45043,81,,,0,30,,45044,81,,,0,70,,45045,81,,,0,30,,45046,81,,,0,70,,45047,81,,,0,30,,45048,81,,,0,70,,45049,81,,,0,30,,45050,81,,,0,70,,45051,81,,,0,30,,45052,81,,,0,70,,45053,81,,,0
1800,'1373',616,,45090,81,,,0,35,,45091,81,,,0,60,,45054,81,,,0,15,,45055,81,,,0,15,,45056,81,,,0,15,,45057,81,,,0,55,,45058,81,,,0,10,,45059,81,,,0,10,,45060,81,,,0,10,,45061,81,,,0,10,,45062,81,,,0,50,,45063,81,,,0,10,,45064,81,,,0,4,,45092,81,,,0,15,,45093,81,,,0,15,,45094,81,,,0,55,,45095,81,,,0,15,,45096,81,,,0,15,,45097,81,,,0,15,,45098,81,,,0,13,,45099,81,,,0,55,,45100,81,,,0,15,,45101,81,,,0,15,,45102,81,,,0,15,,45103,81,,,0,55,,45104,81,,,0,15,,45105,81,,,0,15,,45106,81,,,0,15,,45107,81,,,0,55,,45108,81,,,0,15,,45109,81,,,0,15,,45110,81,,,0,65,,45065,81,,,0,20,,45066,81,,,0,15,,45067,81,,,0,15,,45068,81,,,0,55,,45069,81,,,0,10,,45070,81,,,0,10,,45071,81,,,0,10,,45072,81,,,0,10,,45073,81,,,0,50,,45074,81,,,0,10,,45075,81,,,0,10,,45076,81,,,0,10,,45077,81,,,0,10,,45078,81,,,0,10,,45079,81,,,0,50,,45080,81,,,0,10,,45081,81,,,0,10,,45082,81,,,0,10,,45083,81,,,0,10,,45084,81,,,0,10,,45085,81,,,0,50,,45086,81,,,0,10,,45087,81,,,0,15,,45088,81,,,0,15,,45089,81,,,0,16,,45111,81,,,0,70,,45112,81,,,0,30,,45113,81,,,0,70,,45114,81,,,0,30,,45115,81,,,0,70,,45116,81,,,0,30,,45117,81,,,0,70,,45118,81,,,0,30,,45119,81,,,0,70,,45120,81,,,0,30,,45121,81,,,0,70,,45122,81,,,0,30,,45123,81,,,0,70,,45124,81,,,0
1800,'1374',616,,45161,81,,,0,35,,45162,81,,,0,60,,45125,81,,,0,15,,45126,81,,,0,15,,45127,81,,,0,15,,45128,81,,,0,55,,45129,81,,,0,10,,45130,81,,,0,10,,45131,81,,,0,10,,45132,81,,,0,10,,45133,81,,,0,50,,45134,81,,,0,10,,45135,81,,,0,4,,45163,81,,,0,15,,45164,81,,,0,15,,45165,81,,,0,55,,45166,81,,,0,15,,45167,81,,,0,15,,45168,81,,,0,15,,45169,81,,,0,13,,45170,81,,,0,55,,45171,81,,,0,15,,45172,81,,,0,15,,45173,81,,,0,15,,45174,81,,,0,55,,45175,81,,,0,15,,45176,81,,,0,15,,45177,81,,,0,15,,45178,81,,,0,55,,45179,81,,,0,15,,45180,81,,,0,15,,45181,81,,,0,65,,45136,81,,,0,20,,45137,81,,,0,15,,45138,81,,,0,15,,45139,81,,,0,55,,45140,81,,,0,10,,45141,81,,,0,10,,45142,81,,,0,10,,45143,81,,,0,10,,45144,81,,,0,50,,45145,81,,,0,10,,45146,81,,,0,10,,45147,81,,,0,10,,45148,81,,,0,10,,45149,81,,,0,10,,45150,81,,,0,50,,45151,81,,,0,10,,45152,81,,,0,10,,45153,81,,,0,10,,45154,81,,,0,10,,45155,81,,,0,10,,45156,81,,,0,50,,45157,81,,,0,10,,45158,81,,,0,15,,45159,81,,,0,15,,45160,81,,,0,16,,45182,81,,,0,70,,45183,81,,,0,30,,45184,81,,,0,70,,45185,81,,,0,30,,45186,81,,,0,70,,45187,81,,,0,30,,45188,81,,,0,70,,45189,81,,,0,30,,45190,81,,,0,70,,45191,81,,,0,30,,45192,81,,,0,70,,45193,81,,,0,30,,45194,81,,,0,70,,45195,81,,,0
1800,'1375',616,,45232,81,,,0,35,,45233,81,,,0,60,,45196,81,,,0,15,,45197,81,,,0,15,,45198,81,,,0,15,,45199,81,,,0,55,,45200,81,,,0,10,,45201,81,,,0,10,,45202,81,,,0,10,,45203,81,,,0,10,,45204,81,,,0,50,,45205,81,,,0,10,,45206,81,,,0,4,,45234,81,,,0,15,,45235,81,,,0,15,,45236,81,,,0,55,,45237,81,,,0,15,,45238,81,,,0,15,,45239,81,,,0,15,,45240,81,,,0,13,,45241,81,,,0,55,,45242,81,,,0,15,,45243,81,,,0,15,,45244,81,,,0,15,,45245,81,,,0,55,,45246,81,,,0,15,,45247,81,,,0,15,,45248,81,,,0,15,,45249,81,,,0,55,,45250,81,,,0,15,,45251,81,,,0,15,,45252,81,,,0,65,,45207,81,,,0,20,,45208,81,,,0,15,,45209,81,,,0,15,,45210,81,,,0,55,,45211,81,,,0,10,,45212,81,,,0,10,,45213,81,,,0,10,,45214,81,,,0,10,,45215,81,,,0,50,,45216,81,,,0,10,,45217,81,,,0,10,,45218,81,,,0,10,,45219,81,,,0,10,,45220,81,,,0,10,,45221,81,,,0,50,,45222,81,,,0,10,,45223,81,,,0,10,,45224,81,,,0,10,,45225,81,,,0,10,,45226,81,,,0,10,,45227,81,,,0,50,,45228,81,,,0,10,,45229,81,,,0,15,,45230,81,,,0,15,,45231,81,,,0,16,,45253,81,,,0,70,,45254,81,,,0,30,,45255,81,,,0,70,,45256,81,,,0,30,,45257,81,,,0,70,,45258,81,,,0,30,,45259,81,,,0,70,,45260,81,,,0,30,,45261,81,,,0,70,,45262,81,,,0,30,,45263,81,,,0,70,,45264,81,,,0,30,,45265,81,,,0,70,,45266,81,,,0
