1900,'1383',936,,60107,58,,,0,100,,60106,58,,,0,100,,60105,58,,,0,100,,60104,58,,,0,100,,60103,58,,,0,100,,60102,58,,,0,100,,60101,58,,,0,100,,60099,58,,,0,100,,60098,58,,,0,100,,60097,58,,,0,100,,60096,58,,,0,100,,60100,58,,,0
1900,'1384',836,,60108,58,,,0,100,,60109,58,,,0,100,,60110,58,,,0,70,,60111,58,,,0,30,,60112,58,,,0,70,,60113,58,,,0,30,,60114,58,,,0,70,,60115,58,,,0,30,,60116,58,,,0,70,,60117,58,,,0,30,,60118,58,,,0,70,,60119,58,,,0,30,,60120,58,,,0,70,,60121,58,,,0,30,,60122,58,,,0,70,,60123,58,,,0,30,,60124,58,,,0,70,,60125,58,,,0,30,,60126,58,,,0,70,,60127,58,,,0,30,,60128,58,,,0,70,,60129,58,,,0,30,,60130,58,,,0,100,,60131,58,,,0,100,,60132,58,,,0,100,,60133,58,,,0
1900,'1385',636,,60134,58,,,0,70,,60135,58,,,0,30,,60136,58,,,0,70,,60137,58,,,0,30,,60138,58,,,0,70,,60139,58,,,0,30,,60140,58,,,0,70,,60141,58,,,0,30,,60142,58,,,0,70,,60143,58,,,0,30,,60144,58,,,0,70,,60145,58,,,0,30,,60146,58,,,0,70,,60147,58,,,0,30,,60148,58,,,0,70,,60149,58,,,0,30,,60150,58,,,0,70,,60151,58,,,0,30,,60152,58,,,0,70,,60153,58,,,0,30,,60154,58,,,0,70,,60155,58,,,0,30,,60156,58,,,0,70,,60157,58,,,0,30,,60158,58,,,0,70,,60159,58,,,0,30,,60160,58,,,0,70,,60161,58,,,0,30,,60162,58,,,0,70,,60163,58,,,0,30,,60164,58,,,0,70,,60165,58,,,0,100,,60166,58,,,0,100,,60167,58,,,0
1900,'1386',636,,60168,58,,,0,70,,60169,58,,,0,30,,60170,58,,,0,70,,60171,58,,,0,30,,60172,58,,,0,70,,60173,58,,,0,30,,60174,58,,,0,70,,60175,58,,,0,30,,60176,58,,,0,70,,60177,58,,,0,30,,60178,58,,,0,70,,60179,58,,,0,30,,60180,58,,,0,70,,60181,58,,,0,30,,60182,58,,,0,70,,60183,58,,,0,30,,60184,58,,,0,70,,60185,58,,,0,30,,60186,58,,,0,70,,60187,58,,,0,30,,60188,58,,,0,70,,60189,58,,,0,30,,60190,58,,,0,70,,60191,58,,,0,30,,60192,58,,,0,70,,60193,58,,,0,30,,60194,58,,,0,70,,60195,58,,,0,30,,60196,58,,,0,70,,60197,58,,,0,30,,60198,58,,,0,70,,60199,58,,,0,100,,60200,58,,,0,100,,60201,58,,,0
1900,'1387',636,,60202,58,,,0,70,,60203,58,,,0,30,,60204,58,,,0,70,,60205,58,,,0,30,,60206,58,,,0,70,,60207,58,,,0,30,,60208,58,,,0,70,,60209,58,,,0,30,,60210,58,,,0,70,,60211,58,,,0,30,,60212,58,,,0,70,,60213,58,,,0,30,,60214,58,,,0,70,,60215,58,,,0,30,,60216,58,,,0,70,,60217,58,,,0,30,,60218,58,,,0,70,,60219,58,,,0,30,,60220,58,,,0,70,,60221,58,,,0,30,,60222,58,,,0,70,,60223,58,,,0,30,,60224,58,,,0,70,,60225,58,,,0,30,,60226,58,,,0,70,,60227,58,,,0,30,,60228,58,,,0,70,,60229,58,,,0,30,,60230,58,,,0,70,,60231,58,,,0,30,,60232,58,,,0,70,,60233,58,,,0,100,,60234,58,,,0,100,,60235,58,,,0
1900,'1388',636,,60236,58,,,0,70,,60237,58,,,0,30,,60238,58,,,0,70,,60239,58,,,0,30,,60240,58,,,0,70,,60241,58,,,0,30,,60242,58,,,0,70,,60243,58,,,0,30,,60244,58,,,0,70,,60245,58,,,0,30,,60246,58,,,0,70,,60247,58,,,0,30,,60248,58,,,0,70,,60249,58,,,0,30,,60250,58,,,0,70,,60251,58,,,0,30,,60252,58,,,0,70,,60253,58,,,0,30,,60254,58,,,0,70,,60255,58,,,0,30,,60256,58,,,0,70,,60257,58,,,0,30,,60258,58,,,0,70,,60259,58,,,0,30,,60260,58,,,0,70,,60261,58,,,0,30,,60262,58,,,0,70,,60263,58,,,0,30,,60264,58,,,0,70,,60265,58,,,0,30,,60266,58,,,0,70,,60267,58,,,0,100,,60268,58,,,0,100,,60269,58,,,0
1900,'1389',636,,60270,58,,,0,70,,60271,58,,,0,30,,60272,58,,,0,70,,60273,58,,,0,30,,60274,58,,,0,70,,60275,58,,,0,30,,60276,58,,,0,70,,60277,58,,,0,30,,60278,58,,,0,70,,60279,58,,,0,30,,60280,58,,,0,70,,60281,58,,,0,30,,60282,58,,,0,70,,60283,58,,,0,30,,60284,58,,,0,70,,60285,58,,,0,30,,60286,58,,,0,70,,60287,58,,,0,30,,60288,58,,,0,70,,60289,58,,,0,30,,60290,58,,,0,70,,60291,58,,,0,30,,60292,58,,,0,70,,60293,58,,,0,30,,60294,58,,,0,70,,60295,58,,,0,30,,60296,58,,,0,70,,60297,58,,,0,30,,60298,58,,,0,70,,60299,58,,,0,30,,60300,58,,,0,70,,60301,58,,,0,100,,60302,58,,,0,100,,60303,58,,,0
552201,'1385',659,,62021,9,0,9,0,70,,62020,9,0,9,0,30,,62019,9,0,9,0,70,,62018,9,0,9,0,30,,62017,9,0,9,0,70,,62016,9,0,9,0,30,,62015,9,0,9,0,70,,61999,9,0,9,0,30,,62000,9,0,9,0,70,,62001,9,0,9,0,30,,62002,9,0,9,0,70,,62003,9,0,9,0,30,,62004,9,0,9,0,70,,62005,9,0,9,0,30,,62006,9,0,9,0,70,,62007,9,0,9,0,30,,62008,9,0,9,0,70,,62009,9,0,9,0,30,,62010,9,0,9,0,70,,62011,9,0,9,0,30,,62012,9,0,9,0,70,,62013,9,0,9,0,30,,62014,9,0,9,0
552201,'1386',659,,62044,9,0,9,0,70,,62043,9,0,9,0,30,,62042,9,0,9,0,70,,62041,9,0,9,0,30,,62040,9,0,9,0,70,,62039,9,0,9,0,30,,62038,9,0,9,0,70,,62022,9,0,9,0,30,,62023,9,0,9,0,70,,62024,9,0,9,0,30,,62025,9,0,9,0,70,,62026,9,0,9,0,30,,62027,9,0,9,0,70,,62028,9,0,9,0,30,,62029,9,0,9,0,70,,62030,9,0,9,0,30,,62031,9,0,9,0,70,,62032,9,0,9,0,30,,62033,9,0,9,0,70,,62034,9,0,9,0,30,,62035,9,0,9,0,70,,62036,9,0,9,0,30,,62037,9,0,9,0
552201,'1387',659,,62067,9,0,9,0,70,,62066,9,0,9,0,30,,62065,9,0,9,0,70,,62064,9,0,9,0,30,,62063,9,0,9,0,70,,62062,9,0,9,0,30,,62061,9,0,9,0,70,,62045,9,0,9,0,30,,62046,9,0,9,0,70,,62047,9,0,9,0,30,,62048,9,0,9,0,70,,62049,9,0,9,0,30,,62050,9,0,9,0,70,,62051,9,0,9,0,30,,62052,9,0,9,0,70,,62053,9,0,9,0,30,,62054,9,0,9,0,70,,62055,9,0,9,0,30,,62056,9,0,9,0,70,,62057,9,0,9,0,30,,62058,9,0,9,0,70,,62059,9,0,9,0,30,,62060,9,0,9,0
552201,'1388',659,,62090,9,0,9,0,70,,62089,9,0,9,0,30,,62088,9,0,9,0,70,,62087,9,0,9,0,30,,62086,9,0,9,0,70,,62085,9,0,9,0,30,,62084,9,0,9,0,70,,62068,9,0,9,0,30,,62069,9,0,9,0,70,,62070,9,0,9,0,30,,62071,9,0,9,0,70,,62072,9,0,9,0,30,,62073,9,0,9,0,70,,62074,9,0,9,0,30,,62075,9,0,9,0,70,,62076,9,0,9,0,30,,62077,9,0,9,0,70,,62078,9,0,9,0,30,,62079,9,0,9,0,70,,62080,9,0,9,0,30,,62081,9,0,9,0,70,,62082,9,0,9,0,30,,62083,9,0,9,0
552201,'1389',659,,62113,9,0,9,0,70,,62112,9,0,9,0,30,,62111,9,0,9,0,70,,62110,9,0,9,0,30,,62109,9,0,9,0,70,,62108,9,0,9,0,30,,62107,9,0,9,0,70,,62091,9,0,9,0,30,,62092,9,0,9,0,70,,62093,9,0,9,0,30,,62094,9,0,9,0,70,,62095,9,0,9,0,30,,62096,9,0,9,0,70,,62097,9,0,9,0,30,,62098,9,0,9,0,70,,62099,9,0,9,0,30,,62100,9,0,9,0,70,,62101,9,0,9,0,30,,62102,9,0,9,0,70,,62103,9,0,9,0,30,,62104,9,0,9,0,70,,62105,9,0,9,0,30,,62106,9,0,9,0
