1700,'1383',659,,58253,88,,,0,100,,58252,88,,,0,100,,58251,88,,,0,100,,58250,88,,,0,154,,58254,88,,,0,40,,58255,88,,,0,80,,58256,88,,,0,80,,58257,88,,,0,40,,58258,88,,,0,80,,58259,88,,,0,80,,58260,88,,,0,40,,58261,88,,,0,80,,58262,88,,,0,80,,58263,88,,,0,40,,58264,88,,,0,80,,58265,88,,,0,80,,58266,88,,,0,40,,58267,88,,,0,80,,58268,88,,,0
1700,'1384',623,,58269,88,,,0,35,,58270,88,,,0,70,,58271,88,,,0,30,,58272,88,,,0,70,,58273,88,,,0,30,,58274,88,,,0,70,,58275,88,,,0,30,,58276,88,,,0,70,,58277,88,,,0,30,,58278,88,,,0,79,,58287,88,,,0,20,,58288,88,,,0,60,,58289,88,,,0,20,,58290,88,,,0,20,,58291,88,,,0,60,,58292,88,,,0,20,,58293,88,,,0,20,,58294,88,,,0,60,,58295,88,,,0,20,,58296,88,,,0,20,,58297,88,,,0,60,,58298,88,,,0,20,,58299,88,,,0,20,,58300,88,,,0,60,,58301,88,,,0,20,,58302,88,,,0,20,,58303,88,,,0,60,,58304,88,,,0,20,,58305,88,,,0,20,,58306,88,,,0,60,,58307,88,,,0,20,,58308,88,,,0,20,,58309,88,,,0,60,,58310,88,,,0,15,,58311,88,,,0,70,,58312,88,,,0,30,,58313,88,,,0,70,,58314,88,,,0,30,,58315,88,,,0,26,,58279,88,,,0,70,,58280,88,,,0,30,,58281,88,,,0,70,,58282,88,,,0,30,,58283,88,,,0,70,,58284,88,,,0,30,,58285,88,,,0,70,,58286,88,,,0
1700,'1385',621,,58316,88,,,0,29,,58317,49,,,0,60,,58335,88,,,0,15,,58334,88,,,0,15,,58333,88,,,0,15,,58332,88,,,0,55,,58331,88,,,0,10,,58330,88,,,0,10,,58329,88,,,0,10,,58328,88,,,0,10,,58327,88,,,0,50,,58326,88,,,0,10,,58325,88,,,0,10,,58324,88,,,0,10,,58323,88,,,0,10,,58318,88,,,0,10,,58319,88,,,0,50,,58320,88,,,0,10,,58321,88,,,0,10,,58322,88,,,0,10,,58336,88,,,0,10,,58361,88,,,0,10,,58362,88,,,0,50,,58363,88,,,0,10,,58364,88,,,0,10,,58365,88,,,0,10,,58366,88,,,0,10,,58367,88,,,0,10,,58368,88,,,0,50,,58369,88,,,0,10,,58370,88,,,0,10,,58371,88,,,0,10,,58372,88,,,0,10,,58373,88,,,0,10,,58374,88,,,0,50,,58375,88,,,0,10,,58376,88,,,0,10,,58379,88,,,0,10,,58380,88,,,0,10,,58381,88,,,0,10,,58382,88,,,0,50,,58383,88,,,0,10,,58384,88,,,0,10,,58385,88,,,0,10,,58386,88,,,0,10,,58337,88,,,0,10,,58338,88,,,0,50,,58339,88,,,0,10,,58340,88,,,0,10,,58341,88,,,0,10,,58342,88,,,0,10,,58343,88,,,0,10,,58344,88,,,0,50,,58345,88,,,0,10,,58346,88,,,0,10,,58347,88,,,0,10,,58348,88,,,0,10,,58349,88,,,0,10,,58350,88,,,0,50,,58351,88,,,0,10,,58352,88,,,0,10,,58353,88,,,0,10,,58354,88,,,0,10,,58355,88,,,0,10,,58356,88,,,0,50,,58357,88,,,0,10,,58358,88,,,0,10,,58359,88,,,0,10,,58360,88,,,0,10,,58387,88,,,0,10,,58388,88,,,0,50,,58389,88,,,0,10,,58390,88,,,0,15,,58391,88,,,0,15,,58392,88,,,0,15,,58393,88,,,0,70,,58394,88,,,0,30,,58395,88,,,0,70,,58396,88,,,0,30,,58397,88,,,0,70,,58398,88,,,0,30,,58399,88,,,0,70,,58400,88,,,0,30,,58401,88,,,0,70,,58402,88,,,0,30,,58377,88,,,0,70,,58378,88,,,0
1700,'1386',621,,58403,88,,,0,29,,58404,49,,,0,60,,58422,88,,,0,15,,58421,88,,,0,15,,58420,88,,,0,15,,58419,88,,,0,55,,58418,88,,,0,10,,58417,88,,,0,10,,58416,88,,,0,10,,58415,88,,,0,10,,58414,88,,,0,50,,58413,88,,,0,10,,58412,88,,,0,10,,58411,88,,,0,10,,58410,88,,,0,10,,58405,88,,,0,10,,58406,88,,,0,50,,58407,88,,,0,10,,58408,88,,,0,10,,58409,88,,,0,10,,58423,88,,,0,10,,58448,88,,,0,10,,58449,88,,,0,50,,58450,88,,,0,10,,58451,88,,,0,10,,58452,88,,,0,10,,58453,88,,,0,10,,58454,88,,,0,10,,58455,88,,,0,50,,58456,88,,,0,10,,58457,88,,,0,10,,58458,88,,,0,10,,58459,88,,,0,10,,58460,88,,,0,10,,58461,88,,,0,50,,58462,88,,,0,10,,58463,88,,,0,10,,58466,88,,,0,10,,58467,88,,,0,10,,58468,88,,,0,10,,58469,88,,,0,50,,58470,88,,,0,10,,58471,88,,,0,10,,58472,88,,,0,10,,58473,88,,,0,10,,58424,88,,,0,10,,58425,88,,,0,50,,58426,88,,,0,10,,58427,88,,,0,10,,58428,88,,,0,10,,58429,88,,,0,10,,58430,88,,,0,10,,58431,88,,,0,50,,58432,88,,,0,10,,58433,88,,,0,10,,58434,88,,,0,10,,58435,88,,,0,10,,58436,88,,,0,10,,58437,88,,,0,50,,58438,88,,,0,10,,58439,88,,,0,10,,58440,88,,,0,10,,58441,88,,,0,10,,58442,88,,,0,10,,58443,88,,,0,50,,58444,88,,,0,10,,58445,88,,,0,10,,58446,88,,,0,10,,58447,88,,,0,10,,58474,88,,,0,10,,58475,88,,,0,50,,58476,88,,,0,10,,58477,88,,,0,15,,58478,88,,,0,15,,58479,88,,,0,15,,58480,88,,,0,70,,58481,88,,,0,30,,58482,88,,,0,70,,58483,88,,,0,30,,58484,88,,,0,70,,58485,88,,,0,30,,58486,88,,,0,70,,58487,88,,,0,30,,58488,88,,,0,70,,58489,88,,,0,30,,58464,88,,,0,70,,58465,88,,,0
1700,'1387',621,,58490,88,,,0,29,,58491,49,,,0,60,,58509,88,,,0,15,,58508,88,,,0,15,,58507,88,,,0,15,,58506,88,,,0,55,,58505,88,,,0,10,,58504,88,,,0,10,,58503,88,,,0,10,,58502,88,,,0,10,,58501,88,,,0,50,,58500,88,,,0,10,,58499,88,,,0,10,,58498,88,,,0,10,,58497,88,,,0,10,,58492,88,,,0,10,,58493,88,,,0,50,,58494,88,,,0,10,,58495,88,,,0,10,,58496,88,,,0,10,,58510,88,,,0,10,,58535,88,,,0,10,,58536,88,,,0,50,,58537,88,,,0,10,,58538,88,,,0,10,,58539,88,,,0,10,,58540,88,,,0,10,,58541,88,,,0,10,,58542,88,,,0,50,,58543,88,,,0,10,,58544,88,,,0,10,,58545,88,,,0,10,,58546,88,,,0,10,,58547,88,,,0,10,,58548,88,,,0,50,,58549,88,,,0,10,,58550,88,,,0,10,,58553,88,,,0,10,,58554,88,,,0,10,,58555,88,,,0,10,,58556,88,,,0,50,,58557,88,,,0,10,,58558,88,,,0,10,,58559,88,,,0,10,,58560,88,,,0,10,,58511,88,,,0,10,,58512,88,,,0,50,,58513,88,,,0,10,,58514,88,,,0,10,,58515,88,,,0,10,,58516,88,,,0,10,,58517,88,,,0,10,,58518,88,,,0,50,,58519,88,,,0,10,,58520,88,,,0,10,,58521,88,,,0,10,,58522,88,,,0,10,,58523,88,,,0,10,,58524,88,,,0,50,,58525,88,,,0,10,,58526,88,,,0,10,,58527,88,,,0,10,,58528,88,,,0,10,,58529,88,,,0,10,,58530,88,,,0,50,,58531,88,,,0,10,,58532,88,,,0,10,,58533,88,,,0,10,,58534,88,,,0,10,,58561,88,,,0,10,,58562,88,,,0,50,,58563,88,,,0,10,,58564,88,,,0,15,,58565,88,,,0,15,,58566,88,,,0,15,,58567,88,,,0,70,,58568,88,,,0,30,,58569,88,,,0,70,,58570,88,,,0,30,,58571,88,,,0,70,,58572,88,,,0,30,,58573,88,,,0,70,,58574,88,,,0,30,,58575,88,,,0,70,,58576,88,,,0,30,,58551,88,,,0,70,,58552,88,,,0
1700,'1388',621,,58577,88,,,0,29,,58578,49,,,0,60,,58596,88,,,0,15,,58595,88,,,0,15,,58594,88,,,0,15,,58593,88,,,0,55,,58592,88,,,0,10,,58591,88,,,0,10,,58590,88,,,0,10,,58589,88,,,0,10,,58588,88,,,0,50,,58587,88,,,0,10,,58586,88,,,0,10,,58585,88,,,0,10,,58584,88,,,0,10,,58579,88,,,0,10,,58580,88,,,0,50,,58581,88,,,0,10,,58582,88,,,0,10,,58583,88,,,0,10,,58597,88,,,0,10,,58622,88,,,0,10,,58623,88,,,0,50,,58624,88,,,0,10,,58625,88,,,0,10,,58626,88,,,0,10,,58627,88,,,0,10,,58628,88,,,0,10,,58629,88,,,0,50,,58630,88,,,0,10,,58631,88,,,0,10,,58632,88,,,0,10,,58633,88,,,0,10,,58634,88,,,0,10,,58635,88,,,0,50,,58636,88,,,0,10,,58637,88,,,0,10,,58640,88,,,0,10,,58641,88,,,0,10,,58642,88,,,0,10,,58643,88,,,0,50,,58644,88,,,0,10,,58645,88,,,0,10,,58646,88,,,0,10,,58647,88,,,0,10,,58598,88,,,0,10,,58599,88,,,0,50,,58600,88,,,0,10,,58601,88,,,0,10,,58602,88,,,0,10,,58603,88,,,0,10,,58604,88,,,0,10,,58605,88,,,0,50,,58606,88,,,0,10,,58607,88,,,0,10,,58608,88,,,0,10,,58609,88,,,0,10,,58610,88,,,0,10,,58611,88,,,0,50,,58612,88,,,0,10,,58613,88,,,0,10,,58614,88,,,0,10,,58615,88,,,0,10,,58616,88,,,0,10,,58617,88,,,0,50,,58618,88,,,0,10,,58619,88,,,0,10,,58620,88,,,0,10,,58621,88,,,0,10,,58648,88,,,0,10,,58649,88,,,0,50,,58650,88,,,0,10,,58651,88,,,0,15,,58652,88,,,0,15,,58653,88,,,0,15,,58654,88,,,0,70,,58655,88,,,0,30,,58656,88,,,0,70,,58657,88,,,0,30,,58658,88,,,0,70,,58659,88,,,0,30,,58660,88,,,0,70,,58661,88,,,0,30,,58662,88,,,0,70,,58663,88,,,0,30,,58638,88,,,0,70,,58639,88,,,0
1700,'1389',621,,58664,88,,,0,29,,58665,49,,,0,60,,58683,88,,,0,15,,58682,88,,,0,15,,58681,88,,,0,15,,58680,88,,,0,55,,58679,88,,,0,10,,58678,88,,,0,10,,58677,88,,,0,10,,58676,88,,,0,10,,58675,88,,,0,50,,58674,88,,,0,10,,58673,88,,,0,10,,58672,88,,,0,10,,58671,88,,,0,10,,58666,88,,,0,10,,58667,88,,,0,50,,58668,88,,,0,10,,58669,88,,,0,10,,58670,88,,,0,10,,58684,88,,,0,10,,58709,88,,,0,10,,58710,88,,,0,50,,58711,88,,,0,10,,58712,88,,,0,10,,58713,88,,,0,10,,58714,88,,,0,10,,58715,88,,,0,10,,58716,88,,,0,50,,58717,88,,,0,10,,58718,88,,,0,10,,58719,88,,,0,10,,58720,88,,,0,10,,58721,88,,,0,10,,58722,88,,,0,50,,58723,88,,,0,10,,58724,88,,,0,10,,58727,88,,,0,10,,58728,88,,,0,10,,58729,88,,,0,10,,58730,88,,,0,50,,58731,88,,,0,10,,58732,88,,,0,10,,58733,88,,,0,10,,58734,88,,,0,10,,58685,88,,,0,10,,58686,88,,,0,50,,58687,88,,,0,10,,58688,88,,,0,10,,58689,88,,,0,10,,58690,88,,,0,10,,58691,88,,,0,10,,58692,88,,,0,50,,58693,88,,,0,10,,58694,88,,,0,10,,58695,88,,,0,10,,58696,88,,,0,10,,58697,88,,,0,10,,58698,88,,,0,50,,58699,88,,,0,10,,58700,88,,,0,10,,58701,88,,,0,10,,58702,88,,,0,10,,58703,88,,,0,10,,58704,88,,,0,50,,58705,88,,,0,10,,58706,88,,,0,10,,58707,88,,,0,10,,58708,88,,,0,10,,58735,88,,,0,10,,58736,88,,,0,50,,58737,88,,,0,10,,58738,88,,,0,15,,58739,88,,,0,15,,58740,88,,,0,15,,58741,88,,,0,70,,58742,88,,,0,30,,58743,88,,,0,70,,58744,88,,,0,30,,58745,88,,,0,70,,58746,88,,,0,30,,58747,88,,,0,70,,58748,88,,,0,30,,58749,88,,,0,70,,58750,88,,,0,30,,58725,88,,,0,70,,58726,88,,,0
1800,'1383',755,,59268,82,,,0,100,,59267,82,,,0,100,,59266,82,,,0,80,,59265,82,,,0,80,,59264,82,,,0,43,,59263,82,,,0,82,,59262,82,,,0,80,,59261,82,,,0,80,,59260,82,,,0,40,,59259,82,,,0,80,,59258,82,,,0,80,,59257,82,,,0,40,,59256,82,,,0,80,,59255,82,,,0,80,,59254,82,,,0,40,,59253,82,,,0,80,,59252,82,,,0,80,,59251,82,,,0
1800,'1384',614,,59269,82,,,0,45,,59270,82,,,0,70,,59271,82,,,0,30,,59272,82,,,0,70,,59273,82,,,0,30,,59274,82,,,0,70,,59275,82,,,0,30,,59276,82,,,0,70,,59277,82,,,0,30,,59278,82,,,0,60,,59279,82,,,0,20,,59280,82,,,0,20,,59281,82,,,0,60,,59282,82,,,0,20,,59283,82,,,0,20,,59284,82,,,0,60,,59285,82,,,0,20,,59286,82,,,0,20,,59287,82,,,0,60,,59288,82,,,0,20,,59289,82,,,0,20,,59290,82,,,0,60,,59291,82,,,0,20,,59292,82,,,0,20,,59293,82,,,0,60,,59294,82,,,0,20,,59295,82,,,0,20,,59296,82,,,0,60,,59297,82,,,0,20,,59298,82,,,0,20,,59299,82,,,0,60,,59300,82,,,0,20,,59301,82,,,0,20,,59302,82,,,0,70,,59303,82,,,0,30,,59304,82,,,0,70,,59305,82,,,0,30,,59306,82,,,0,70,,59307,82,,,0,30,,59308,82,,,0,70,,59309,82,,,0,30,,59310,82,,,0,70,,59311,82,,,0,30,,59312,82,,,0,70,,59313,82,,,0,30,,59314,82,,,0,70,,59315,82,,,0
1800,'1385',617,,59352,82,,,0,35,,59353,82,,,0,59,,59316,82,,,0,15,,59317,82,,,0,15,,59318,82,,,0,15,,59319,82,,,0,55,,59320,82,,,0,10,,59321,82,,,0,10,,59322,82,,,0,10,,59323,82,,,0,10,,59324,82,,,0,50,,59325,82,,,0,10,,59326,82,,,0,5,,59354,82,,,0,15,,59355,82,,,0,15,,59356,82,,,0,55,,59357,82,,,0,15,,59358,82,,,0,15,,59359,82,,,0,15,,59360,82,,,0,13,,59361,82,,,0,55,,59362,82,,,0,15,,59363,82,,,0,15,,59364,82,,,0,15,,59365,82,,,0,55,,59366,82,,,0,15,,59367,82,,,0,15,,59368,82,,,0,15,,59369,82,,,0,55,,59370,82,,,0,15,,59371,82,,,0,15,,59372,82,,,0,64,,59327,82,,,0,20,,59328,82,,,0,15,,59329,82,,,0,15,,59330,82,,,0,55,,59331,82,,,0,10,,59332,82,,,0,10,,59333,82,,,0,10,,59334,82,,,0,10,,59335,82,,,0,50,,59336,82,,,0,10,,59337,82,,,0,10,,59338,82,,,0,10,,59339,82,,,0,10,,59340,82,,,0,10,,59341,82,,,0,50,,59342,82,,,0,10,,59343,82,,,0,10,,59344,82,,,0,10,,59345,82,,,0,10,,59346,82,,,0,10,,59347,82,,,0,50,,59348,82,,,0,10,,59349,82,,,0,15,,59350,82,,,0,15,,59351,82,,,0,57,,59373,82,,,0,30,,59374,82,,,0,70,,59375,82,,,0,30,,59376,82,,,0,70,,59377,82,,,0,30,,59378,82,,,0,70,,59379,82,,,0,30,,59380,82,,,0,70,,59381,82,,,0,30,,59382,82,,,0,70,,59383,82,,,0,30,,59384,82,,,0,70,,59385,82,,,0,30,,59386,82,,,0
1800,'1386',617,,59423,82,,,0,35,,59424,82,,,0,59,,59387,82,,,0,15,,59388,82,,,0,15,,59389,82,,,0,15,,59390,82,,,0,55,,59391,82,,,0,10,,59392,82,,,0,10,,59393,82,,,0,10,,59394,82,,,0,10,,59395,82,,,0,50,,59396,82,,,0,10,,59397,82,,,0,5,,59425,82,,,0,15,,59426,82,,,0,15,,59427,82,,,0,55,,59428,82,,,0,15,,59429,82,,,0,15,,59430,82,,,0,15,,59431,82,,,0,13,,59432,82,,,0,55,,59433,82,,,0,15,,59434,82,,,0,15,,59435,82,,,0,15,,59436,82,,,0,55,,59437,82,,,0,15,,59438,82,,,0,15,,59439,82,,,0,15,,59440,82,,,0,55,,59441,82,,,0,15,,59442,82,,,0,15,,59443,82,,,0,64,,59398,82,,,0,20,,59399,82,,,0,15,,59400,82,,,0,15,,59401,82,,,0,55,,59402,82,,,0,10,,59403,82,,,0,10,,59404,82,,,0,10,,59405,82,,,0,10,,59406,82,,,0,50,,59407,82,,,0,10,,59408,82,,,0,10,,59409,82,,,0,10,,59410,82,,,0,10,,59411,82,,,0,10,,59412,82,,,0,50,,59413,82,,,0,10,,59414,82,,,0,10,,59415,82,,,0,10,,59416,82,,,0,10,,59417,82,,,0,10,,59418,82,,,0,50,,59419,82,,,0,10,,59420,82,,,0,15,,59421,82,,,0,15,,59422,82,,,0,57,,59444,82,,,0,30,,59445,82,,,0,70,,59446,82,,,0,30,,59447,82,,,0,70,,59448,82,,,0,30,,59449,82,,,0,70,,59450,82,,,0,30,,59451,82,,,0,70,,59452,82,,,0,30,,59453,82,,,0,70,,59454,82,,,0,30,,59455,82,,,0,70,,59456,82,,,0,30,,59457,82,,,0
1800,'1387',617,,59494,82,,,0,35,,59495,82,,,0,59,,59458,82,,,0,15,,59459,82,,,0,15,,59460,82,,,0,15,,59461,82,,,0,55,,59462,82,,,0,10,,59463,82,,,0,10,,59464,82,,,0,10,,59465,82,,,0,10,,59466,82,,,0,50,,59467,82,,,0,10,,59468,82,,,0,5,,59496,82,,,0,15,,59497,82,,,0,15,,59498,82,,,0,55,,59499,82,,,0,15,,59500,82,,,0,15,,59501,82,,,0,15,,59502,82,,,0,13,,59503,82,,,0,55,,59504,82,,,0,15,,59505,82,,,0,15,,59506,82,,,0,15,,59507,82,,,0,55,,59508,82,,,0,15,,59509,82,,,0,15,,59510,82,,,0,15,,59511,82,,,0,55,,59512,82,,,0,15,,59513,82,,,0,15,,59514,82,,,0,64,,59469,82,,,0,20,,59470,82,,,0,15,,59471,82,,,0,15,,59472,82,,,0,55,,59473,82,,,0,10,,59474,82,,,0,10,,59475,82,,,0,10,,59476,82,,,0,10,,59477,82,,,0,50,,59478,82,,,0,10,,59479,82,,,0,10,,59480,82,,,0,10,,59481,82,,,0,10,,59482,82,,,0,10,,59483,82,,,0,50,,59484,82,,,0,10,,59485,82,,,0,10,,59486,82,,,0,10,,59487,82,,,0,10,,59488,82,,,0,10,,59489,82,,,0,50,,59490,82,,,0,10,,59491,82,,,0,15,,59492,82,,,0,15,,59493,82,,,0,57,,59515,82,,,0,30,,59516,82,,,0,70,,59517,82,,,0,30,,59518,82,,,0,70,,59519,82,,,0,30,,59520,82,,,0,70,,59521,82,,,0,30,,59522,82,,,0,70,,59523,82,,,0,30,,59524,82,,,0,70,,59525,82,,,0,30,,59526,82,,,0,70,,59527,82,,,0,30,,59528,82,,,0
1800,'1388',617,,59565,82,,,0,35,,59566,82,,,0,59,,59529,82,,,0,15,,59530,82,,,0,15,,59531,82,,,0,15,,59532,82,,,0,55,,59533,82,,,0,10,,59534,82,,,0,10,,59535,82,,,0,10,,59536,82,,,0,10,,59537,82,,,0,50,,59538,82,,,0,10,,59539,82,,,0,5,,59567,82,,,0,15,,59568,82,,,0,15,,59569,82,,,0,55,,59570,82,,,0,15,,59571,82,,,0,15,,59572,82,,,0,15,,59573,82,,,0,13,,59574,82,,,0,55,,59575,82,,,0,15,,59576,82,,,0,15,,59577,82,,,0,15,,59578,82,,,0,55,,59579,82,,,0,15,,59580,82,,,0,15,,59581,82,,,0,15,,59582,82,,,0,55,,59583,82,,,0,15,,59584,82,,,0,15,,59585,82,,,0,64,,59540,82,,,0,20,,59541,82,,,0,15,,59542,82,,,0,15,,59543,82,,,0,55,,59544,82,,,0,10,,59545,82,,,0,10,,59546,82,,,0,10,,59547,82,,,0,10,,59548,82,,,0,50,,59549,82,,,0,10,,59550,82,,,0,10,,59551,82,,,0,10,,59552,82,,,0,10,,59553,82,,,0,10,,59554,82,,,0,50,,59555,82,,,0,10,,59556,82,,,0,10,,59557,82,,,0,10,,59558,82,,,0,10,,59559,82,,,0,10,,59560,82,,,0,50,,59561,82,,,0,10,,59562,82,,,0,15,,59563,82,,,0,15,,59564,82,,,0,57,,59586,82,,,0,30,,59587,82,,,0,70,,59588,82,,,0,30,,59589,82,,,0,70,,59590,82,,,0,30,,59591,82,,,0,70,,59592,82,,,0,30,,59593,82,,,0,70,,59594,82,,,0,30,,59595,82,,,0,70,,59596,82,,,0,30,,59597,82,,,0,70,,59598,82,,,0,30,,59599,82,,,0
1800,'1389',617,,59636,82,,,0,35,,59637,82,,,0,59,,59600,82,,,0,15,,59601,82,,,0,15,,59602,82,,,0,15,,59603,82,,,0,55,,59604,82,,,0,10,,59605,82,,,0,10,,59606,82,,,0,10,,59607,82,,,0,10,,59608,82,,,0,50,,59609,82,,,0,10,,59610,82,,,0,5,,59638,82,,,0,15,,59639,82,,,0,15,,59640,82,,,0,55,,59641,82,,,0,15,,59642,82,,,0,15,,59643,82,,,0,15,,59644,82,,,0,13,,59645,82,,,0,55,,59646,82,,,0,15,,59647,82,,,0,15,,59648,82,,,0,15,,59649,82,,,0,55,,59650,82,,,0,15,,59651,82,,,0,15,,59652,82,,,0,15,,59653,82,,,0,55,,59654,82,,,0,15,,59655,82,,,0,15,,59656,82,,,0,64,,59611,82,,,0,20,,59612,82,,,0,15,,59613,82,,,0,15,,59614,82,,,0,55,,59615,82,,,0,10,,59616,82,,,0,10,,59617,82,,,0,10,,59618,82,,,0,10,,59619,82,,,0,50,,59620,82,,,0,10,,59621,82,,,0,10,,59622,82,,,0,10,,59623,82,,,0,10,,59624,82,,,0,10,,59625,82,,,0,50,,59626,82,,,0,10,,59627,82,,,0,10,,59628,82,,,0,10,,59629,82,,,0,10,,59630,82,,,0,10,,59631,82,,,0,50,,59632,82,,,0,10,,59633,82,,,0,15,,59634,82,,,0,15,,59635,82,,,0,57,,59657,82,,,0,30,,59658,82,,,0,70,,59659,82,,,0,30,,59660,82,,,0,70,,59661,82,,,0,30,,59662,82,,,0,70,,59663,82,,,0,30,,59664,82,,,0,70,,59665,82,,,0,30,,59666,82,,,0,70,,59667,82,,,0,30,,59668,82,,,0,70,,59669,82,,,0,30,,59670,82,,,0
1900,'1383',954,,60107,91,,,0,100,,60106,91,,,0,100,,60105,91,,,0,100,,60104,91,,,0,100,,60103,91,,,0,100,,60102,91,,,0,100,,60101,91,,,0,100,,60099,91,,,0,100,,60098,91,,,0,100,,60097,91,,,0,100,,60096,91,,,0,100,,60100,91,,,0
1900,'1384',854,,60108,91,,,0,100,,60109,91,,,0,100,,60110,91,,,0,70,,60111,91,,,0,30,,60112,91,,,0,70,,60113,91,,,0,30,,60114,91,,,0,70,,60115,91,,,0,30,,60116,91,,,0,70,,60117,91,,,0,30,,60118,91,,,0,70,,60119,91,,,0,30,,60120,91,,,0,70,,60121,91,,,0,30,,60122,91,,,0,70,,60123,91,,,0,30,,60124,91,,,0,70,,60125,91,,,0,30,,60126,91,,,0,70,,60127,91,,,0,30,,60128,91,,,0,70,,60129,91,,,0,30,,60130,91,,,0,100,,60131,91,,,0,100,,60132,91,,,0,100,,60133,91,,,0
1900,'1385',654,,60134,91,,,0,70,,60135,91,,,0,30,,60136,91,,,0,70,,60137,91,,,0,30,,60138,91,,,0,70,,60139,91,,,0,30,,60140,91,,,0,70,,60141,91,,,0,30,,60142,91,,,0,70,,60143,91,,,0,30,,60144,91,,,0,70,,60145,91,,,0,30,,60146,91,,,0,70,,60147,91,,,0,30,,60148,91,,,0,70,,60149,91,,,0,30,,60150,91,,,0,70,,60151,91,,,0,30,,60152,91,,,0,70,,60153,91,,,0,30,,60154,91,,,0,70,,60155,91,,,0,30,,60156,91,,,0,70,,60157,91,,,0,30,,60158,91,,,0,70,,60159,91,,,0,30,,60160,91,,,0,70,,60161,91,,,0,30,,60162,91,,,0,70,,60163,91,,,0,30,,60164,91,,,0,70,,60165,91,,,0,100,,60166,91,,,0,100,,60167,91,,,0
1900,'1386',654,,60168,91,,,0,70,,60169,91,,,0,30,,60170,91,,,0,70,,60171,91,,,0,30,,60172,91,,,0,70,,60173,91,,,0,30,,60174,91,,,0,70,,60175,91,,,0,30,,60176,91,,,0,70,,60177,91,,,0,30,,60178,91,,,0,70,,60179,91,,,0,30,,60180,91,,,0,70,,60181,91,,,0,30,,60182,91,,,0,70,,60183,91,,,0,30,,60184,91,,,0,70,,60185,91,,,0,30,,60186,91,,,0,70,,60187,91,,,0,30,,60188,91,,,0,70,,60189,91,,,0,30,,60190,91,,,0,70,,60191,91,,,0,30,,60192,91,,,0,70,,60193,91,,,0,30,,60194,91,,,0,70,,60195,91,,,0,30,,60196,91,,,0,70,,60197,91,,,0,30,,60198,91,,,0,70,,60199,91,,,0,100,,60200,91,,,0,100,,60201,91,,,0
1900,'1387',654,,60202,91,,,0,70,,60203,91,,,0,30,,60204,91,,,0,70,,60205,91,,,0,30,,60206,91,,,0,70,,60207,91,,,0,30,,60208,91,,,0,70,,60209,91,,,0,30,,60210,91,,,0,70,,60211,91,,,0,30,,60212,91,,,0,70,,60213,91,,,0,30,,60214,91,,,0,70,,60215,91,,,0,30,,60216,91,,,0,70,,60217,91,,,0,30,,60218,91,,,0,70,,60219,91,,,0,30,,60220,91,,,0,70,,60221,91,,,0,30,,60222,91,,,0,70,,60223,91,,,0,30,,60224,91,,,0,70,,60225,91,,,0,30,,60226,91,,,0,70,,60227,91,,,0,30,,60228,91,,,0,70,,60229,91,,,0,30,,60230,91,,,0,70,,60231,91,,,0,30,,60232,91,,,0,70,,60233,91,,,0,100,,60234,91,,,0,100,,60235,91,,,0
1900,'1388',654,,60236,91,,,0,70,,60237,91,,,0,30,,60238,91,,,0,70,,60239,91,,,0,30,,60240,91,,,0,70,,60241,91,,,0,30,,60242,91,,,0,70,,60243,91,,,0,30,,60244,91,,,0,70,,60245,91,,,0,30,,60246,91,,,0,70,,60247,91,,,0,30,,60248,91,,,0,70,,60249,91,,,0,30,,60250,91,,,0,70,,60251,91,,,0,30,,60252,91,,,0,70,,60253,91,,,0,30,,60254,91,,,0,70,,60255,91,,,0,30,,60256,91,,,0,70,,60257,91,,,0,30,,60258,91,,,0,70,,60259,91,,,0,30,,60260,91,,,0,70,,60261,91,,,0,30,,60262,91,,,0,70,,60263,91,,,0,30,,60264,91,,,0,70,,60265,91,,,0,30,,60266,91,,,0,70,,60267,91,,,0,100,,60268,91,,,0,100,,60269,91,,,0
1900,'1389',654,,60270,91,,,0,70,,60271,91,,,0,30,,60272,91,,,0,70,,60273,91,,,0,30,,60274,91,,,0,70,,60275,91,,,0,30,,60276,91,,,0,70,,60277,91,,,0,30,,60278,91,,,0,70,,60279,91,,,0,30,,60280,91,,,0,70,,60281,91,,,0,30,,60282,91,,,0,70,,60283,91,,,0,30,,60284,91,,,0,70,,60285,91,,,0,30,,60286,91,,,0,70,,60287,91,,,0,30,,60288,91,,,0,70,,60289,91,,,0,30,,60290,91,,,0,70,,60291,91,,,0,30,,60292,91,,,0,70,,60293,91,,,0,30,,60294,91,,,0,70,,60295,91,,,0,30,,60296,91,,,0,70,,60297,91,,,0,30,,60298,91,,,0,70,,60299,91,,,0,30,,60300,91,,,0,70,,60301,91,,,0,100,,60302,91,,,0,100,,60303,91,,,0
