70101,'1384',700,,61330,1,0,17,0,130,,61331,1,0,17,0,170,,61332,1,0,17,0,130,,61333,1,0,17,0,170,,61334,1,0,17,0,130,,61335,1,0,17,0,170,,61336,1,0,17,0,130,,61337,1,0,17,0
70101,'1385',700,,61338,1,0,17,0,45,,61339,1,0,17,0,85,,61340,1,0,17,0,85,,61341,1,0,17,0,85,,61342,1,0,17,0,130,,61343,1,0,17,0,170,,61344,1,0,17,0,45,,61345,1,0,17,0,85,,61346,1,0,17,0,85,,61347,1,0,17,0,85,,61348,1,0,17,0,45,,61349,1,0,17,0,85,,61350,1,0,17,0,85,,61351,1,0,17,0
70101,'1386',700,,61352,1,0,17,0,45,,61353,1,0,17,0,85,,61354,1,0,17,0,85,,61355,1,0,17,0,85,,61356,1,0,17,0,130,,61357,1,0,17,0,170,,61358,1,0,17,0,45,,61359,1,0,17,0,85,,61360,1,0,17,0,85,,61361,1,0,17,0,85,,61362,1,0,17,0,45,,61363,1,0,17,0,85,,61364,1,0,17,0,85,,61365,1,0,17,0
70101,'1387',700,,61366,1,0,17,0,45,,61367,1,0,17,0,85,,61368,1,0,17,0,85,,61369,1,0,17,0,85,,61370,1,0,17,0,130,,61371,1,0,17,0,170,,61372,1,0,17,0,45,,61373,1,0,17,0,85,,61374,1,0,17,0,85,,61375,1,0,17,0,85,,61376,1,0,17,0,45,,61377,1,0,17,0,85,,61378,1,0,17,0,85,,61379,1,0,17,0
70101,'1388',700,,61380,1,0,17,0,45,,61381,1,0,17,0,85,,61382,1,0,17,0,85,,61383,1,0,17,0,85,,61384,1,0,17,0,130,,61385,1,0,17,0,170,,61386,1,0,17,0,45,,61387,1,0,17,0,85,,61388,1,0,17,0,85,,61389,1,0,17,0,85,,61390,1,0,17,0,45,,61391,1,0,17,0,85,,61392,1,0,17,0,85,,61393,1,0,17,0
70101,'1389',700,,61394,1,0,17,0,45,,61395,1,0,17,0,85,,61396,1,0,17,0,85,,61397,1,0,17,0,85,,61398,1,0,17,0,130,,61399,1,0,17,0,170,,61400,1,0,17,0,45,,61401,1,0,17,0,85,,61402,1,0,17,0,85,,61403,1,0,17,0,85,,61404,1,0,17,0,45,,61405,1,0,17,0,85,,61406,1,0,17,0,85,,61407,1,0,17,0
70102,'1384',830,,61408,48,4,,0,170,,61409,48,4,,0,130,,61410,48,4,,0,170,,61411,48,4,,0,130,,61412,48,4,,0,170,,61413,48,4,,0,130,,61414,48,4,,0,170,,61415,48,4,,0
70102,'1385',745,,61416,48,4,,0,85,,61417,48,4,,0,85,,61418,48,4,,0,85,,61419,48,4,,0,45,,61420,48,4,,0,85,,61421,48,4,,0,170,,61422,48,4,,0,130,,61423,48,4,,0,85,,61424,48,4,,0,85,,61425,48,4,,0,45,,61426,48,4,,0,85,,61427,48,4,,0,85,,61428,48,4,,0,85,,61429,48,4,,0
70102,'1386',745,,61430,48,4,,0,85,,61431,48,4,,0,85,,61432,48,4,,0,85,,61433,48,4,,0,45,,61434,48,4,,0,85,,61435,48,4,,0,170,,61436,48,4,,0,130,,61437,48,4,,0,85,,61438,48,4,,0,85,,61439,48,4,,0,45,,61440,48,4,,0,85,,61441,48,4,,0,85,,61442,48,4,,0,85,,61443,48,4,,0
70102,'1387',745,,61444,48,4,,0,85,,61445,48,4,,0,85,,61446,48,4,,0,85,,61447,48,4,,0,45,,61448,48,4,,0,85,,61449,48,4,,0,170,,61450,48,4,,0,130,,61451,48,4,,0,85,,61452,48,4,,0,85,,61453,48,4,,0,45,,61454,48,4,,0,85,,61455,48,4,,0,85,,61456,48,4,,0,85,,61457,48,4,,0
70102,'1388',745,,61458,48,4,,0,85,,61459,48,4,,0,85,,61460,48,4,,0,85,,61461,48,4,,0,45,,61462,48,4,,0,85,,61463,48,4,,0,170,,61464,48,4,,0,130,,61465,48,4,,0,85,,61466,48,4,,0,85,,61467,48,4,,0,45,,61468,48,4,,0,85,,61469,48,4,,0,85,,61470,48,4,,0,85,,61471,48,4,,0
70102,'1389',745,,61472,48,4,,0,85,,61473,48,4,,0,85,,61474,48,4,,0,85,,61475,48,4,,0,45,,61476,48,4,,0,85,,61477,48,4,,0,170,,61478,48,4,,0,130,,61479,48,4,,0,85,,61480,48,4,,0,85,,61481,48,4,,0,45,,61482,48,4,,0,85,,61483,48,4,,0,85,,61484,48,4,,0,85,,61485,48,4,,0
