1800,'1383',750,,59268,71,,,0,100,,59267,71,,,0,100,,59266,71,,,0,80,,59265,71,,,0,80,,59264,71,,,0,45,,59263,71,,,0,80,,59262,71,,,0,80,,59261,71,,,0,40,,59260,71,,,0,80,,59259,71,,,0,80,,59258,71,,,0,40,,59257,71,,,0,80,,59256,71,,,0,80,,59255,71,,,0,40,,59254,71,,,0,80,,59253,71,,,0,80,,59252,71,,,0,40,,59251,71,,,0
1800,'1384',609,,59269,71,,,0,45,,59270,71,,,0,70,,59271,71,,,0,30,,59272,71,,,0,70,,59273,71,,,0,30,,59274,71,,,0,70,,59275,71,,,0,30,,59276,71,,,0,70,,59277,71,,,0,30,,59278,71,,,0,60,,59279,71,,,0,20,,59280,71,,,0,20,,59281,71,,,0,60,,59282,71,,,0,20,,59283,71,,,0,20,,59284,71,,,0,60,,59285,71,,,0,20,,59286,71,,,0,20,,59287,71,,,0,60,,59288,71,,,0,20,,59289,71,,,0,20,,59290,71,,,0,60,,59291,71,,,0,20,,59292,71,,,0,20,,59293,71,,,0,60,,59294,71,,,0,20,,59295,71,,,0,20,,59296,71,,,0,60,,59297,71,,,0,20,,59298,71,,,0,20,,59299,71,,,0,60,,59300,71,,,0,20,,59301,71,,,0,20,,59302,71,,,0,70,,59303,71,,,0,30,,59304,71,,,0,70,,59305,71,,,0,30,,59306,71,,,0,70,,59307,71,,,0,30,,59308,71,,,0,70,,59309,71,,,0,30,,59310,71,,,0,70,,59311,71,,,0,30,,59312,71,,,0,70,,59313,71,,,0,30,,59314,71,,,0,70,,59315,71,,,0
1800,'1385',610,,59352,71,,,0,35,,59353,71,,,0,58,,59316,71,,,0,15,,59317,71,,,0,15,,59318,71,,,0,15,,59319,71,,,0,55,,59320,71,,,0,10,,59321,71,,,0,10,,59322,71,,,0,10,,59323,71,,,0,10,,59324,71,,,0,10,,59325,71,,,0,50,,59326,71,,,0,6,,59354,71,,,0,15,,59355,71,,,0,15,,59356,71,,,0,15,,59357,71,,,0,55,,59358,71,,,0,15,,59359,71,,,0,15,,59360,71,,,0,13,,59361,71,,,0,55,,59362,71,,,0,15,,59363,71,,,0,15,,59364,71,,,0,15,,59365,71,,,0,55,,59366,71,,,0,15,,59367,71,,,0,15,,59368,71,,,0,15,,59369,71,,,0,55,,59370,71,,,0,15,,59371,71,,,0,15,,59372,71,,,0,63,,59327,71,,,0,20,,59328,71,,,0,15,,59329,71,,,0,15,,59330,71,,,0,55,,59331,71,,,0,10,,59332,71,,,0,10,,59333,71,,,0,10,,59334,71,,,0,10,,59335,71,,,0,10,,59336,71,,,0,50,,59337,71,,,0,10,,59338,71,,,0,10,,59339,71,,,0,10,,59340,71,,,0,10,,59341,71,,,0,10,,59342,71,,,0,50,,59343,71,,,0,10,,59344,71,,,0,10,,59345,71,,,0,10,,59346,71,,,0,10,,59347,71,,,0,10,,59348,71,,,0,50,,59349,71,,,0,15,,59350,71,,,0,15,,59351,71,,,0,18,,59373,71,,,0,70,,59374,71,,,0,30,,59375,71,,,0,70,,59376,71,,,0,30,,59377,71,,,0,70,,59378,71,,,0,30,,59379,71,,,0,70,,59380,71,,,0,30,,59381,71,,,0,70,,59382,71,,,0,30,,59383,71,,,0,70,,59384,71,,,0,30,,59385,71,,,0,70,,59386,71,,,0
1800,'1386',610,,59423,71,,,0,35,,59424,71,,,0,58,,59387,71,,,0,15,,59388,71,,,0,15,,59389,71,,,0,15,,59390,71,,,0,55,,59391,71,,,0,10,,59392,71,,,0,10,,59393,71,,,0,10,,59394,71,,,0,10,,59395,71,,,0,10,,59396,71,,,0,50,,59397,71,,,0,6,,59425,71,,,0,15,,59426,71,,,0,15,,59427,71,,,0,15,,59428,71,,,0,55,,59429,71,,,0,15,,59430,71,,,0,15,,59431,71,,,0,13,,59432,71,,,0,55,,59433,71,,,0,15,,59434,71,,,0,15,,59435,71,,,0,15,,59436,71,,,0,55,,59437,71,,,0,15,,59438,71,,,0,15,,59439,71,,,0,15,,59440,71,,,0,55,,59441,71,,,0,15,,59442,71,,,0,15,,59443,71,,,0,63,,59398,71,,,0,20,,59399,71,,,0,15,,59400,71,,,0,15,,59401,71,,,0,55,,59402,71,,,0,10,,59403,71,,,0,10,,59404,71,,,0,10,,59405,71,,,0,10,,59406,71,,,0,10,,59407,71,,,0,50,,59408,71,,,0,10,,59409,71,,,0,10,,59410,71,,,0,10,,59411,71,,,0,10,,59412,71,,,0,10,,59413,71,,,0,50,,59414,71,,,0,10,,59415,71,,,0,10,,59416,71,,,0,10,,59417,71,,,0,10,,59418,71,,,0,10,,59419,71,,,0,50,,59420,71,,,0,15,,59421,71,,,0,15,,59422,71,,,0,18,,59444,71,,,0,70,,59445,71,,,0,30,,59446,71,,,0,70,,59447,71,,,0,30,,59448,71,,,0,70,,59449,71,,,0,30,,59450,71,,,0,70,,59451,71,,,0,30,,59452,71,,,0,70,,59453,71,,,0,30,,59454,71,,,0,70,,59455,71,,,0,30,,59456,71,,,0,70,,59457,71,,,0
1800,'1387',610,,59494,71,,,0,35,,59495,71,,,0,58,,59458,71,,,0,15,,59459,71,,,0,15,,59460,71,,,0,15,,59461,71,,,0,55,,59462,71,,,0,10,,59463,71,,,0,10,,59464,71,,,0,10,,59465,71,,,0,10,,59466,71,,,0,10,,59467,71,,,0,50,,59468,71,,,0,6,,59496,71,,,0,15,,59497,71,,,0,15,,59498,71,,,0,15,,59499,71,,,0,55,,59500,71,,,0,15,,59501,71,,,0,15,,59502,71,,,0,13,,59503,71,,,0,55,,59504,71,,,0,15,,59505,71,,,0,15,,59506,71,,,0,15,,59507,71,,,0,55,,59508,71,,,0,15,,59509,71,,,0,15,,59510,71,,,0,15,,59511,71,,,0,55,,59512,71,,,0,15,,59513,71,,,0,15,,59514,71,,,0,63,,59469,71,,,0,20,,59470,71,,,0,15,,59471,71,,,0,15,,59472,71,,,0,55,,59473,71,,,0,10,,59474,71,,,0,10,,59475,71,,,0,10,,59476,71,,,0,10,,59477,71,,,0,10,,59478,71,,,0,50,,59479,71,,,0,10,,59480,71,,,0,10,,59481,71,,,0,10,,59482,71,,,0,10,,59483,71,,,0,10,,59484,71,,,0,50,,59485,71,,,0,10,,59486,71,,,0,10,,59487,71,,,0,10,,59488,71,,,0,10,,59489,71,,,0,10,,59490,71,,,0,50,,59491,71,,,0,15,,59492,71,,,0,15,,59493,71,,,0,18,,59515,71,,,0,70,,59516,71,,,0,30,,59517,71,,,0,70,,59518,71,,,0,30,,59519,71,,,0,70,,59520,71,,,0,30,,59521,71,,,0,70,,59522,71,,,0,30,,59523,71,,,0,70,,59524,71,,,0,30,,59525,71,,,0,70,,59526,71,,,0,30,,59527,71,,,0,70,,59528,71,,,0
1800,'1388',610,,59565,71,,,0,35,,59566,71,,,0,58,,59529,71,,,0,15,,59530,71,,,0,15,,59531,71,,,0,15,,59532,71,,,0,55,,59533,71,,,0,10,,59534,71,,,0,10,,59535,71,,,0,10,,59536,71,,,0,10,,59537,71,,,0,10,,59538,71,,,0,50,,59539,71,,,0,6,,59567,71,,,0,15,,59568,71,,,0,15,,59569,71,,,0,15,,59570,71,,,0,55,,59571,71,,,0,15,,59572,71,,,0,15,,59573,71,,,0,13,,59574,71,,,0,55,,59575,71,,,0,15,,59576,71,,,0,15,,59577,71,,,0,15,,59578,71,,,0,55,,59579,71,,,0,15,,59580,71,,,0,15,,59581,71,,,0,15,,59582,71,,,0,55,,59583,71,,,0,15,,59584,71,,,0,15,,59585,71,,,0,63,,59540,71,,,0,20,,59541,71,,,0,15,,59542,71,,,0,15,,59543,71,,,0,55,,59544,71,,,0,10,,59545,71,,,0,10,,59546,71,,,0,10,,59547,71,,,0,10,,59548,71,,,0,10,,59549,71,,,0,50,,59550,71,,,0,10,,59551,71,,,0,10,,59552,71,,,0,10,,59553,71,,,0,10,,59554,71,,,0,10,,59555,71,,,0,50,,59556,71,,,0,10,,59557,71,,,0,10,,59558,71,,,0,10,,59559,71,,,0,10,,59560,71,,,0,10,,59561,71,,,0,50,,59562,71,,,0,15,,59563,71,,,0,15,,59564,71,,,0,18,,59586,71,,,0,70,,59587,71,,,0,30,,59588,71,,,0,70,,59589,71,,,0,30,,59590,71,,,0,70,,59591,71,,,0,30,,59592,71,,,0,70,,59593,71,,,0,30,,59594,71,,,0,70,,59595,71,,,0,30,,59596,71,,,0,70,,59597,71,,,0,30,,59598,71,,,0,70,,59599,71,,,0
1800,'1389',610,,59636,71,,,0,35,,59637,71,,,0,58,,59600,71,,,0,15,,59601,71,,,0,15,,59602,71,,,0,15,,59603,71,,,0,55,,59604,71,,,0,10,,59605,71,,,0,10,,59606,71,,,0,10,,59607,71,,,0,10,,59608,71,,,0,10,,59609,71,,,0,50,,59610,71,,,0,6,,59638,71,,,0,15,,59639,71,,,0,15,,59640,71,,,0,15,,59641,71,,,0,55,,59642,71,,,0,15,,59643,71,,,0,15,,59644,71,,,0,13,,59645,71,,,0,55,,59646,71,,,0,15,,59647,71,,,0,15,,59648,71,,,0,15,,59649,71,,,0,55,,59650,71,,,0,15,,59651,71,,,0,15,,59652,71,,,0,15,,59653,71,,,0,55,,59654,71,,,0,15,,59655,71,,,0,15,,59656,71,,,0,63,,59611,71,,,0,20,,59612,71,,,0,15,,59613,71,,,0,15,,59614,71,,,0,55,,59615,71,,,0,10,,59616,71,,,0,10,,59617,71,,,0,10,,59618,71,,,0,10,,59619,71,,,0,10,,59620,71,,,0,50,,59621,71,,,0,10,,59622,71,,,0,10,,59623,71,,,0,10,,59624,71,,,0,10,,59625,71,,,0,10,,59626,71,,,0,50,,59627,71,,,0,10,,59628,71,,,0,10,,59629,71,,,0,10,,59630,71,,,0,10,,59631,71,,,0,10,,59632,71,,,0,50,,59633,71,,,0,15,,59634,71,,,0,15,,59635,71,,,0,18,,59657,71,,,0,70,,59658,71,,,0,30,,59659,71,,,0,70,,59660,71,,,0,30,,59661,71,,,0,70,,59662,71,,,0,30,,59663,71,,,0,70,,59664,71,,,0,30,,59665,71,,,0,70,,59666,71,,,0,30,,59667,71,,,0,70,,59668,71,,,0,30,,59669,71,,,0,70,,59670,71,,,0
1900,'1383',949,,60107,82,,,0,100,,60106,82,,,0,100,,60105,82,,,0,100,,60104,82,,,0,100,,60103,82,,,0,100,,60102,82,,,0,100,,60101,82,,,0,100,,60099,82,,,0,100,,60098,82,,,0,100,,60097,82,,,0,100,,60096,82,,,0,100,,60100,82,,,0
1900,'1384',849,,60108,82,,,0,100,,60109,82,,,0,100,,60110,82,,,0,70,,60111,82,,,0,30,,60112,82,,,0,70,,60113,82,,,0,30,,60114,82,,,0,70,,60115,82,,,0,30,,60116,82,,,0,70,,60117,82,,,0,30,,60118,82,,,0,70,,60119,82,,,0,30,,60120,82,,,0,70,,60121,82,,,0,30,,60122,82,,,0,70,,60123,82,,,0,30,,60124,82,,,0,70,,60125,82,,,0,30,,60126,82,,,0,70,,60127,82,,,0,30,,60128,82,,,0,70,,60129,82,,,0,30,,60130,82,,,0,100,,60131,82,,,0,100,,60132,82,,,0,100,,60133,82,,,0
1900,'1385',649,,60134,82,,,0,70,,60135,82,,,0,30,,60136,82,,,0,70,,60137,82,,,0,30,,60138,82,,,0,70,,60139,82,,,0,30,,60140,82,,,0,70,,60141,82,,,0,30,,60142,82,,,0,70,,60143,82,,,0,30,,60144,82,,,0,70,,60145,82,,,0,30,,60146,82,,,0,70,,60147,82,,,0,30,,60148,82,,,0,70,,60149,82,,,0,30,,60150,82,,,0,70,,60151,82,,,0,30,,60152,82,,,0,70,,60153,82,,,0,30,,60154,82,,,0,70,,60155,82,,,0,30,,60156,82,,,0,70,,60157,82,,,0,30,,60158,82,,,0,70,,60159,82,,,0,30,,60160,82,,,0,70,,60161,82,,,0,30,,60162,82,,,0,70,,60163,82,,,0,30,,60164,82,,,0,70,,60165,82,,,0,100,,60166,82,,,0,100,,60167,82,,,0
1900,'1386',649,,60168,82,,,0,70,,60169,82,,,0,30,,60170,82,,,0,70,,60171,82,,,0,30,,60172,82,,,0,70,,60173,82,,,0,30,,60174,82,,,0,70,,60175,82,,,0,30,,60176,82,,,0,70,,60177,82,,,0,30,,60178,82,,,0,70,,60179,82,,,0,30,,60180,82,,,0,70,,60181,82,,,0,30,,60182,82,,,0,70,,60183,82,,,0,30,,60184,82,,,0,70,,60185,82,,,0,30,,60186,82,,,0,70,,60187,82,,,0,30,,60188,82,,,0,70,,60189,82,,,0,30,,60190,82,,,0,70,,60191,82,,,0,30,,60192,82,,,0,70,,60193,82,,,0,30,,60194,82,,,0,70,,60195,82,,,0,30,,60196,82,,,0,70,,60197,82,,,0,30,,60198,82,,,0,70,,60199,82,,,0,100,,60200,82,,,0,100,,60201,82,,,0
1900,'1387',649,,60202,82,,,0,70,,60203,82,,,0,30,,60204,82,,,0,70,,60205,82,,,0,30,,60206,82,,,0,70,,60207,82,,,0,30,,60208,82,,,0,70,,60209,82,,,0,30,,60210,82,,,0,70,,60211,82,,,0,30,,60212,82,,,0,70,,60213,82,,,0,30,,60214,82,,,0,70,,60215,82,,,0,30,,60216,82,,,0,70,,60217,82,,,0,30,,60218,82,,,0,70,,60219,82,,,0,30,,60220,82,,,0,70,,60221,82,,,0,30,,60222,82,,,0,70,,60223,82,,,0,30,,60224,82,,,0,70,,60225,82,,,0,30,,60226,82,,,0,70,,60227,82,,,0,30,,60228,82,,,0,70,,60229,82,,,0,30,,60230,82,,,0,70,,60231,82,,,0,30,,60232,82,,,0,70,,60233,82,,,0,100,,60234,82,,,0,100,,60235,82,,,0
1900,'1388',649,,60236,82,,,0,70,,60237,82,,,0,30,,60238,82,,,0,70,,60239,82,,,0,30,,60240,82,,,0,70,,60241,82,,,0,30,,60242,82,,,0,70,,60243,82,,,0,30,,60244,82,,,0,70,,60245,82,,,0,30,,60246,82,,,0,70,,60247,82,,,0,30,,60248,82,,,0,70,,60249,82,,,0,30,,60250,82,,,0,70,,60251,82,,,0,30,,60252,82,,,0,70,,60253,82,,,0,30,,60254,82,,,0,70,,60255,82,,,0,30,,60256,82,,,0,70,,60257,82,,,0,30,,60258,82,,,0,70,,60259,82,,,0,30,,60260,82,,,0,70,,60261,82,,,0,30,,60262,82,,,0,70,,60263,82,,,0,30,,60264,82,,,0,70,,60265,82,,,0,30,,60266,82,,,0,70,,60267,82,,,0,100,,60268,82,,,0,100,,60269,82,,,0
1900,'1389',649,,60270,82,,,0,70,,60271,82,,,0,30,,60272,82,,,0,70,,60273,82,,,0,30,,60274,82,,,0,70,,60275,82,,,0,30,,60276,82,,,0,70,,60277,82,,,0,30,,60278,82,,,0,70,,60279,82,,,0,30,,60280,82,,,0,70,,60281,82,,,0,30,,60282,82,,,0,70,,60283,82,,,0,30,,60284,82,,,0,70,,60285,82,,,0,30,,60286,82,,,0,70,,60287,82,,,0,30,,60288,82,,,0,70,,60289,82,,,0,30,,60290,82,,,0,70,,60291,82,,,0,30,,60292,82,,,0,70,,60293,82,,,0,30,,60294,82,,,0,70,,60295,82,,,0,30,,60296,82,,,0,70,,60297,82,,,0,30,,60298,82,,,0,70,,60299,82,,,0,30,,60300,82,,,0,70,,60301,82,,,0,100,,60302,82,,,0,100,,60303,82,,,0
