1800,'1376',742,,52066,61,,,0,100,,52065,61,,,0,100,,52064,61,,,0,80,,52063,61,,,0,80,,52062,61,,,0,45,,52061,61,,,0,80,,52060,61,,,0,80,,52059,61,,,0,40,,52058,61,,,0,80,,52057,61,,,0,80,,52056,61,,,0,40,,52055,61,,,0,80,,52054,61,,,0,80,,52053,61,,,0,40,,52052,61,,,0,80,,52051,61,,,0,80,,52050,61,,,0,40,,52049,61,,,0
1800,'1377',601,,52067,61,,,0,45,,52068,61,,,0,70,,52069,61,,,0,30,,52070,61,,,0,70,,52071,61,,,0,30,,52072,61,,,0,70,,52073,61,,,0,30,,52074,61,,,0,70,,52075,61,,,0,30,,52076,61,,,0,60,,52077,61,,,0,20,,52078,61,,,0,20,,52079,61,,,0,60,,52080,61,,,0,20,,52081,61,,,0,20,,52082,61,,,0,60,,52083,61,,,0,20,,52084,61,,,0,20,,52085,61,,,0,60,,52086,61,,,0,20,,52087,61,,,0,20,,52088,61,,,0,60,,52089,61,,,0,20,,52090,61,,,0,20,,52091,61,,,0,60,,52092,61,,,0,20,,52093,61,,,0,20,,52094,61,,,0,60,,52095,61,,,0,20,,52096,61,,,0,20,,52097,61,,,0,60,,52098,61,,,0,20,,52099,61,,,0,20,,52100,61,,,0,70,,52101,61,,,0,30,,52102,61,,,0,70,,52103,61,,,0,30,,52104,61,,,0,70,,52105,61,,,0,30,,52106,61,,,0,70,,52107,61,,,0,30,,52108,61,,,0,70,,52109,61,,,0,30,,52110,61,,,0,70,,52111,61,,,0,30,,52112,61,,,0,70,,52113,61,,,0
1800,'1378',602,,52150,61,,,0,35,,52151,61,,,0,17,,52114,61,,,0,55,,52115,61,,,0,15,,52116,61,,,0,15,,52117,61,,,0,15,,52118,61,,,0,50,,52119,61,,,0,10,,52120,61,,,0,10,,52121,61,,,0,10,,52122,61,,,0,10,,52123,61,,,0,10,,52124,61,,,0,47,,52152,61,,,0,15,,52153,61,,,0,15,,52154,61,,,0,15,,52155,61,,,0,55,,52156,61,,,0,15,,52157,61,,,0,15,,52158,61,,,0,13,,52159,61,,,0,15,,52160,61,,,0,55,,52161,61,,,0,15,,52162,61,,,0,15,,52163,61,,,0,15,,52164,61,,,0,55,,52165,61,,,0,15,,52166,61,,,0,15,,52167,61,,,0,15,,52168,61,,,0,55,,52169,61,,,0,15,,52170,61,,,0,22,,52125,61,,,0,60,,52126,61,,,0,15,,52127,61,,,0,15,,52128,61,,,0,15,,52129,61,,,0,50,,52130,61,,,0,10,,52131,61,,,0,10,,52132,61,,,0,10,,52133,61,,,0,10,,52134,61,,,0,10,,52135,61,,,0,50,,52136,61,,,0,10,,52137,61,,,0,10,,52138,61,,,0,10,,52139,61,,,0,10,,52140,61,,,0,10,,52141,61,,,0,50,,52142,61,,,0,10,,52143,61,,,0,10,,52144,61,,,0,10,,52145,61,,,0,10,,52146,61,,,0,10,,52147,61,,,0,55,,52148,61,,,0,15,,52149,61,,,0,19,,52171,61,,,0,70,,52172,61,,,0,30,,52173,61,,,0,70,,52174,61,,,0,30,,52175,61,,,0,70,,52176,61,,,0,30,,52177,61,,,0,70,,52178,61,,,0,30,,52179,61,,,0,70,,52180,61,,,0,30,,52181,61,,,0,70,,52182,61,,,0,30,,52183,61,,,0,70,,52184,61,,,0
1800,'1379',602,,52221,61,,,0,35,,52222,61,,,0,17,,52185,61,,,0,55,,52186,61,,,0,15,,52187,61,,,0,15,,52188,61,,,0,15,,52189,61,,,0,50,,52190,61,,,0,10,,52191,61,,,0,10,,52192,61,,,0,10,,52193,61,,,0,10,,52194,61,,,0,10,,52195,61,,,0,47,,52223,61,,,0,15,,52224,61,,,0,15,,52225,61,,,0,15,,52226,61,,,0,55,,52227,61,,,0,15,,52228,61,,,0,15,,52229,61,,,0,13,,52230,61,,,0,15,,52231,61,,,0,55,,52232,61,,,0,15,,52233,61,,,0,15,,52234,61,,,0,15,,52235,61,,,0,55,,52236,61,,,0,15,,52237,61,,,0,15,,52238,61,,,0,15,,52239,61,,,0,55,,52240,61,,,0,15,,52241,61,,,0,22,,52196,61,,,0,60,,52197,61,,,0,15,,52198,61,,,0,15,,52199,61,,,0,15,,52200,61,,,0,50,,52201,61,,,0,10,,52202,61,,,0,10,,52203,61,,,0,10,,52204,61,,,0,10,,52205,61,,,0,10,,52206,61,,,0,50,,52207,61,,,0,10,,52208,61,,,0,10,,52209,61,,,0,10,,52210,61,,,0,10,,52211,61,,,0,10,,52212,61,,,0,50,,52213,61,,,0,10,,52214,61,,,0,10,,52215,61,,,0,10,,52216,61,,,0,10,,52217,61,,,0,10,,52218,61,,,0,55,,52219,61,,,0,15,,52220,61,,,0,19,,52242,61,,,0,70,,52243,61,,,0,30,,52244,61,,,0,70,,52245,61,,,0,30,,52246,61,,,0,70,,52247,61,,,0,30,,52248,61,,,0,70,,52249,61,,,0,30,,52250,61,,,0,70,,52251,61,,,0,30,,52252,61,,,0,70,,52253,61,,,0,30,,52254,61,,,0,70,,52255,61,,,0
1800,'1380',602,,52292,61,,,0,35,,52293,61,,,0,17,,52256,61,,,0,55,,52257,61,,,0,15,,52258,61,,,0,15,,52259,61,,,0,15,,52260,61,,,0,50,,52261,61,,,0,10,,52262,61,,,0,10,,52263,61,,,0,10,,52264,61,,,0,10,,52265,61,,,0,10,,52266,61,,,0,47,,52294,61,,,0,15,,52295,61,,,0,15,,52296,61,,,0,15,,52297,61,,,0,55,,52298,61,,,0,15,,52299,61,,,0,15,,52300,61,,,0,13,,52301,61,,,0,15,,52302,61,,,0,55,,52303,61,,,0,15,,52304,61,,,0,15,,52305,61,,,0,15,,52306,61,,,0,55,,52307,61,,,0,15,,52308,61,,,0,15,,52309,61,,,0,15,,52310,61,,,0,55,,52311,61,,,0,15,,52312,61,,,0,22,,52267,61,,,0,60,,52268,61,,,0,15,,52269,61,,,0,15,,52270,61,,,0,15,,52271,61,,,0,50,,52272,61,,,0,10,,52273,61,,,0,10,,52274,61,,,0,10,,52275,61,,,0,10,,52276,61,,,0,10,,52277,61,,,0,50,,52278,61,,,0,10,,52279,61,,,0,10,,52280,61,,,0,10,,52281,61,,,0,10,,52282,61,,,0,10,,52283,61,,,0,50,,52284,61,,,0,10,,52285,61,,,0,10,,52286,61,,,0,10,,52287,61,,,0,10,,52288,61,,,0,10,,52289,61,,,0,55,,52290,61,,,0,15,,52291,61,,,0,19,,52313,61,,,0,70,,52314,61,,,0,30,,52315,61,,,0,70,,52316,61,,,0,30,,52317,61,,,0,70,,52318,61,,,0,30,,52319,61,,,0,70,,52320,61,,,0,30,,52321,61,,,0,70,,52322,61,,,0,30,,52323,61,,,0,70,,52324,61,,,0,30,,52325,61,,,0,70,,52326,61,,,0
1800,'1381',602,,52363,61,,,0,35,,52364,61,,,0,17,,52327,61,,,0,55,,52328,61,,,0,15,,52329,61,,,0,15,,52330,61,,,0,15,,52331,61,,,0,50,,52332,61,,,0,10,,52333,61,,,0,10,,52334,61,,,0,10,,52335,61,,,0,10,,52336,61,,,0,10,,52337,61,,,0,47,,52365,61,,,0,15,,52366,61,,,0,15,,52367,61,,,0,15,,52368,61,,,0,55,,52369,61,,,0,15,,52370,61,,,0,15,,52371,61,,,0,13,,52372,61,,,0,15,,52373,61,,,0,55,,52374,61,,,0,15,,52375,61,,,0,15,,52376,61,,,0,15,,52377,61,,,0,55,,52378,61,,,0,15,,52379,61,,,0,15,,52380,61,,,0,15,,52381,61,,,0,55,,52382,61,,,0,15,,52383,61,,,0,22,,52338,61,,,0,60,,52339,61,,,0,15,,52340,61,,,0,15,,52341,61,,,0,15,,52342,61,,,0,50,,52343,61,,,0,10,,52344,61,,,0,10,,52345,61,,,0,10,,52346,61,,,0,10,,52347,61,,,0,10,,52348,61,,,0,50,,52349,61,,,0,10,,52350,61,,,0,10,,52351,61,,,0,10,,52352,61,,,0,10,,52353,61,,,0,10,,52354,61,,,0,50,,52355,61,,,0,10,,52356,61,,,0,10,,52357,61,,,0,10,,52358,61,,,0,10,,52359,61,,,0,10,,52360,61,,,0,55,,52361,61,,,0,15,,52362,61,,,0,19,,52384,61,,,0,70,,52385,61,,,0,30,,52386,61,,,0,70,,52387,61,,,0,30,,52388,61,,,0,70,,52389,61,,,0,30,,52390,61,,,0,70,,52391,61,,,0,30,,52392,61,,,0,70,,52393,61,,,0,30,,52394,61,,,0,70,,52395,61,,,0,30,,52396,61,,,0,70,,52397,61,,,0
1800,'1382',602,,52434,61,,,0,35,,52435,61,,,0,17,,52398,61,,,0,55,,52399,61,,,0,15,,52400,61,,,0,15,,52401,61,,,0,15,,52402,61,,,0,50,,52403,61,,,0,10,,52404,61,,,0,10,,52405,61,,,0,10,,52406,61,,,0,10,,52407,61,,,0,10,,52408,61,,,0,47,,52436,61,,,0,15,,52437,61,,,0,15,,52438,61,,,0,15,,52439,61,,,0,55,,52440,61,,,0,15,,52441,61,,,0,15,,52442,61,,,0,13,,52443,61,,,0,15,,52444,61,,,0,55,,52445,61,,,0,15,,52446,61,,,0,15,,52447,61,,,0,15,,52448,61,,,0,55,,52449,61,,,0,15,,52450,61,,,0,15,,52451,61,,,0,15,,52452,61,,,0,55,,52453,61,,,0,15,,52454,61,,,0,22,,52409,61,,,0,60,,52410,61,,,0,15,,52411,61,,,0,15,,52412,61,,,0,15,,52413,61,,,0,50,,52414,61,,,0,10,,52415,61,,,0,10,,52416,61,,,0,10,,52417,61,,,0,10,,52418,61,,,0,10,,52419,61,,,0,50,,52420,61,,,0,10,,52421,61,,,0,10,,52422,61,,,0,10,,52423,61,,,0,10,,52424,61,,,0,10,,52425,61,,,0,50,,52426,61,,,0,10,,52427,61,,,0,10,,52428,61,,,0,10,,52429,61,,,0,10,,52430,61,,,0,10,,52431,61,,,0,55,,52432,61,,,0,15,,52433,61,,,0,19,,52455,61,,,0,70,,52456,61,,,0,30,,52457,61,,,0,70,,52458,61,,,0,30,,52459,61,,,0,70,,52460,61,,,0,30,,52461,61,,,0,70,,52462,61,,,0,30,,52463,61,,,0,70,,52464,61,,,0,30,,52465,61,,,0,70,,52466,61,,,0,30,,52467,61,,,0,70,,52468,61,,,0
1900,'1376',934,,52905,54,,,0,100,,52904,54,,,0,100,,52903,54,,,0,100,,52902,54,,,0,100,,52901,54,,,0,100,,52900,54,,,0,100,,52899,54,,,0,100,,52898,54,,,0,100,,52897,54,,,0,100,,52896,54,,,0,100,,52895,54,,,0,100,,52894,54,,,0
1900,'1377',834,,52906,54,,,0,100,,52907,54,,,0,100,,52908,54,,,0,70,,52909,54,,,0,30,,52910,54,,,0,70,,52911,54,,,0,30,,52912,54,,,0,70,,52913,54,,,0,30,,52914,54,,,0,70,,52915,54,,,0,30,,52916,54,,,0,70,,52917,54,,,0,30,,52918,54,,,0,70,,52919,54,,,0,30,,52920,54,,,0,70,,52921,54,,,0,30,,52922,54,,,0,70,,52923,54,,,0,30,,52924,54,,,0,70,,52925,54,,,0,30,,52926,54,,,0,70,,52927,54,,,0,30,,52928,54,,,0,100,,52929,54,,,0,100,,52930,54,,,0,100,,52931,54,,,0
1900,'1378',634,,52932,54,,,0,70,,52933,54,,,0,30,,52934,54,,,0,70,,52935,54,,,0,30,,52936,54,,,0,70,,52937,54,,,0,30,,52938,54,,,0,70,,52939,54,,,0,30,,52940,54,,,0,70,,52941,54,,,0,30,,52942,54,,,0,70,,52943,54,,,0,30,,52944,54,,,0,70,,52945,54,,,0,30,,52946,54,,,0,70,,52947,54,,,0,30,,52948,54,,,0,70,,52949,54,,,0,30,,52950,54,,,0,70,,52951,54,,,0,30,,52952,54,,,0,70,,52953,54,,,0,30,,52954,54,,,0,70,,52955,54,,,0,30,,52956,54,,,0,70,,52957,54,,,0,30,,52958,54,,,0,70,,52959,54,,,0,30,,52960,54,,,0,70,,52961,54,,,0,30,,52962,54,,,0,70,,52963,54,,,0,100,,52964,54,,,0,100,,52965,54,,,0
1900,'1379',634,,52966,54,,,0,70,,52967,54,,,0,30,,52968,54,,,0,70,,52969,54,,,0,30,,52970,54,,,0,70,,52971,54,,,0,30,,52972,54,,,0,70,,52973,54,,,0,30,,52974,54,,,0,70,,52975,54,,,0,30,,52976,54,,,0,70,,52977,54,,,0,30,,52978,54,,,0,70,,52979,54,,,0,30,,52980,54,,,0,70,,52981,54,,,0,30,,52982,54,,,0,70,,52983,54,,,0,30,,52984,54,,,0,70,,52985,54,,,0,30,,52986,54,,,0,70,,52987,54,,,0,30,,52988,54,,,0,70,,52989,54,,,0,30,,52990,54,,,0,70,,52991,54,,,0,30,,52992,54,,,0,70,,52993,54,,,0,30,,52994,54,,,0,70,,52995,54,,,0,30,,52996,54,,,0,70,,52997,54,,,0,100,,52998,54,,,0,100,,52999,54,,,0
1900,'1380',634,,53000,54,,,0,70,,53001,54,,,0,30,,53002,54,,,0,70,,53003,54,,,0,30,,53004,54,,,0,70,,53005,54,,,0,30,,53006,54,,,0,70,,53007,54,,,0,30,,53008,54,,,0,70,,53009,54,,,0,30,,53010,54,,,0,70,,53011,54,,,0,30,,53012,54,,,0,70,,53013,54,,,0,30,,53014,54,,,0,70,,53015,54,,,0,30,,53016,54,,,0,70,,53017,54,,,0,30,,53018,54,,,0,70,,53019,54,,,0,30,,53020,54,,,0,70,,53021,54,,,0,30,,53022,54,,,0,70,,53023,54,,,0,30,,53024,54,,,0,70,,53025,54,,,0,30,,53026,54,,,0,70,,53027,54,,,0,30,,53028,54,,,0,70,,53029,54,,,0,30,,53030,54,,,0,70,,53031,54,,,0,100,,53032,54,,,0,100,,53033,54,,,0
1900,'1381',634,,53034,54,,,0,70,,53035,54,,,0,30,,53036,54,,,0,70,,53037,54,,,0,30,,53038,54,,,0,70,,53039,54,,,0,30,,53040,54,,,0,70,,53041,54,,,0,30,,53042,54,,,0,70,,53043,54,,,0,30,,53044,54,,,0,70,,53045,54,,,0,30,,53046,54,,,0,70,,53047,54,,,0,30,,53048,54,,,0,70,,53049,54,,,0,30,,53050,54,,,0,70,,53051,54,,,0,30,,53052,54,,,0,70,,53053,54,,,0,30,,53054,54,,,0,70,,53055,54,,,0,30,,53056,54,,,0,70,,53057,54,,,0,30,,53058,54,,,0,70,,53059,54,,,0,30,,53060,54,,,0,70,,53061,54,,,0,30,,53062,54,,,0,70,,53063,54,,,0,30,,53064,54,,,0,70,,53065,54,,,0,100,,53066,54,,,0,100,,53067,54,,,0
1900,'1382',634,,53068,54,,,0,70,,53069,54,,,0,30,,53070,54,,,0,70,,53071,54,,,0,30,,53072,54,,,0,70,,53073,54,,,0,30,,53074,54,,,0,70,,53075,54,,,0,30,,53076,54,,,0,70,,53077,54,,,0,30,,53078,54,,,0,70,,53079,54,,,0,30,,53080,54,,,0,70,,53081,54,,,0,30,,53082,54,,,0,70,,53083,54,,,0,30,,53084,54,,,0,70,,53085,54,,,0,30,,53086,54,,,0,70,,53087,54,,,0,30,,53088,54,,,0,70,,53089,54,,,0,30,,53090,54,,,0,70,,53091,54,,,0,30,,53092,54,,,0,70,,53093,54,,,0,30,,53094,54,,,0,70,,53095,54,,,0,30,,53096,54,,,0,70,,53097,54,,,0,30,,53098,54,,,0,70,,53099,54,,,0,100,,53100,54,,,0,100,,53101,54,,,0
