1700,'1383',626,,58253,41,,,0,100,,58252,41,,,0,100,,58251,41,,,0,100,,58250,41,,,0,111,,58254,41,,,0,80,,58255,41,,,0,40,,58256,41,,,0,80,,58257,41,,,0,80,,58258,41,,,0,40,,58259,41,,,0,80,,58260,41,,,0,80,,58261,41,,,0,40,,58262,41,,,0,80,,58263,41,,,0,80,,58264,41,,,0,40,,58265,41,,,0,80,,58266,41,,,0,80,,58267,41,,,0,40,,58268,41,,,0
1700,'1384',546,,58269,41,,,0,74,,58270,41,,,0,30,,58271,41,,,0,70,,58272,41,,,0,30,,58273,41,,,0,70,,58274,41,,,0,30,,58275,41,,,0,70,,58276,41,,,0,30,,58277,41,,,0,70,,58278,41,,,0,37,,58287,41,,,0,60,,58288,41,,,0,20,,58289,41,,,0,20,,58290,41,,,0,60,,58291,41,,,0,20,,58292,41,,,0,20,,58293,41,,,0,60,,58294,41,,,0,20,,58295,41,,,0,20,,58296,41,,,0,60,,58297,41,,,0,20,,58298,41,,,0,20,,58299,41,,,0,60,,58300,41,,,0,20,,58301,41,,,0,20,,58302,41,,,0,60,,58303,41,,,0,20,,58304,41,,,0,20,,58305,41,,,0,60,,58306,41,,,0,20,,58307,41,,,0,20,,58308,41,,,0,60,,58309,41,,,0,20,,58310,41,,,0,15,,58311,41,,,0,70,,58312,41,,,0,30,,58313,41,,,0,70,,58314,41,,,0,30,,58315,41,,,0,68,,58279,41,,,0,30,,58280,41,,,0,70,,58281,41,,,0,30,,58282,41,,,0,70,,58283,41,,,0,30,,58284,41,,,0,70,,58285,41,,,0,30,,58286,41,,,0
1700,'1385',548,,58316,41,,,0,68,,58317,2,,,0,17,,58335,41,,,0,15,,58334,41,,,0,55,,58333,41,,,0,15,,58332,41,,,0,15,,58331,41,,,0,10,,58330,41,,,0,10,,58329,41,,,0,50,,58328,41,,,0,10,,58327,41,,,0,10,,58326,41,,,0,10,,58325,41,,,0,10,,58324,41,,,0,10,,58323,41,,,0,50,,58318,41,,,0,10,,58319,41,,,0,10,,58320,41,,,0,10,,58321,41,,,0,10,,58322,41,,,0,10,,58336,41,,,0,50,,58361,41,,,0,10,,58362,41,,,0,10,,58363,41,,,0,10,,58364,41,,,0,10,,58365,41,,,0,10,,58366,41,,,0,50,,58367,41,,,0,10,,58368,41,,,0,10,,58369,41,,,0,10,,58370,41,,,0,10,,58371,41,,,0,10,,58372,41,,,0,50,,58373,41,,,0,10,,58374,41,,,0,10,,58375,41,,,0,10,,58376,41,,,0,10,,58379,41,,,0,10,,58380,41,,,0,50,,58381,41,,,0,10,,58382,41,,,0,10,,58383,41,,,0,10,,58384,41,,,0,10,,58385,41,,,0,10,,58386,41,,,0,50,,58337,41,,,0,10,,58338,41,,,0,10,,58339,41,,,0,10,,58340,41,,,0,10,,58341,41,,,0,10,,58342,41,,,0,50,,58343,41,,,0,10,,58344,41,,,0,10,,58345,41,,,0,10,,58346,41,,,0,10,,58347,41,,,0,10,,58348,41,,,0,50,,58349,41,,,0,10,,58350,41,,,0,10,,58351,41,,,0,10,,58352,41,,,0,10,,58353,41,,,0,10,,58354,41,,,0,50,,58355,41,,,0,10,,58356,41,,,0,10,,58357,41,,,0,10,,58358,41,,,0,10,,58359,41,,,0,10,,58360,41,,,0,50,,58387,41,,,0,10,,58388,41,,,0,10,,58389,41,,,0,10,,58390,41,,,0,15,,58391,41,,,0,55,,58392,41,,,0,15,,58393,41,,,0,30,,58394,41,,,0,70,,58395,41,,,0,30,,58396,41,,,0,70,,58397,41,,,0,30,,58398,41,,,0,70,,58399,41,,,0,30,,58400,41,,,0,70,,58401,41,,,0,30,,58402,41,,,0,70,,58377,41,,,0,30,,58378,41,,,0
1700,'1386',548,,58403,41,,,0,68,,58404,2,,,0,17,,58422,41,,,0,15,,58421,41,,,0,55,,58420,41,,,0,15,,58419,41,,,0,15,,58418,41,,,0,10,,58417,41,,,0,10,,58416,41,,,0,50,,58415,41,,,0,10,,58414,41,,,0,10,,58413,41,,,0,10,,58412,41,,,0,10,,58411,41,,,0,10,,58410,41,,,0,50,,58405,41,,,0,10,,58406,41,,,0,10,,58407,41,,,0,10,,58408,41,,,0,10,,58409,41,,,0,10,,58423,41,,,0,50,,58448,41,,,0,10,,58449,41,,,0,10,,58450,41,,,0,10,,58451,41,,,0,10,,58452,41,,,0,10,,58453,41,,,0,50,,58454,41,,,0,10,,58455,41,,,0,10,,58456,41,,,0,10,,58457,41,,,0,10,,58458,41,,,0,10,,58459,41,,,0,50,,58460,41,,,0,10,,58461,41,,,0,10,,58462,41,,,0,10,,58463,41,,,0,10,,58466,41,,,0,10,,58467,41,,,0,50,,58468,41,,,0,10,,58469,41,,,0,10,,58470,41,,,0,10,,58471,41,,,0,10,,58472,41,,,0,10,,58473,41,,,0,50,,58424,41,,,0,10,,58425,41,,,0,10,,58426,41,,,0,10,,58427,41,,,0,10,,58428,41,,,0,10,,58429,41,,,0,50,,58430,41,,,0,10,,58431,41,,,0,10,,58432,41,,,0,10,,58433,41,,,0,10,,58434,41,,,0,10,,58435,41,,,0,50,,58436,41,,,0,10,,58437,41,,,0,10,,58438,41,,,0,10,,58439,41,,,0,10,,58440,41,,,0,10,,58441,41,,,0,50,,58442,41,,,0,10,,58443,41,,,0,10,,58444,41,,,0,10,,58445,41,,,0,10,,58446,41,,,0,10,,58447,41,,,0,50,,58474,41,,,0,10,,58475,41,,,0,10,,58476,41,,,0,10,,58477,41,,,0,15,,58478,41,,,0,55,,58479,41,,,0,15,,58480,41,,,0,30,,58481,41,,,0,70,,58482,41,,,0,30,,58483,41,,,0,70,,58484,41,,,0,30,,58485,41,,,0,70,,58486,41,,,0,30,,58487,41,,,0,70,,58488,41,,,0,30,,58489,41,,,0,70,,58464,41,,,0,30,,58465,41,,,0
1700,'1387',548,,58490,41,,,0,68,,58491,2,,,0,17,,58509,41,,,0,15,,58508,41,,,0,55,,58507,41,,,0,15,,58506,41,,,0,15,,58505,41,,,0,10,,58504,41,,,0,10,,58503,41,,,0,50,,58502,41,,,0,10,,58501,41,,,0,10,,58500,41,,,0,10,,58499,41,,,0,10,,58498,41,,,0,10,,58497,41,,,0,50,,58492,41,,,0,10,,58493,41,,,0,10,,58494,41,,,0,10,,58495,41,,,0,10,,58496,41,,,0,10,,58510,41,,,0,50,,58535,41,,,0,10,,58536,41,,,0,10,,58537,41,,,0,10,,58538,41,,,0,10,,58539,41,,,0,10,,58540,41,,,0,50,,58541,41,,,0,10,,58542,41,,,0,10,,58543,41,,,0,10,,58544,41,,,0,10,,58545,41,,,0,10,,58546,41,,,0,50,,58547,41,,,0,10,,58548,41,,,0,10,,58549,41,,,0,10,,58550,41,,,0,10,,58553,41,,,0,10,,58554,41,,,0,50,,58555,41,,,0,10,,58556,41,,,0,10,,58557,41,,,0,10,,58558,41,,,0,10,,58559,41,,,0,10,,58560,41,,,0,50,,58511,41,,,0,10,,58512,41,,,0,10,,58513,41,,,0,10,,58514,41,,,0,10,,58515,41,,,0,10,,58516,41,,,0,50,,58517,41,,,0,10,,58518,41,,,0,10,,58519,41,,,0,10,,58520,41,,,0,10,,58521,41,,,0,10,,58522,41,,,0,50,,58523,41,,,0,10,,58524,41,,,0,10,,58525,41,,,0,10,,58526,41,,,0,10,,58527,41,,,0,10,,58528,41,,,0,50,,58529,41,,,0,10,,58530,41,,,0,10,,58531,41,,,0,10,,58532,41,,,0,10,,58533,41,,,0,10,,58534,41,,,0,50,,58561,41,,,0,10,,58562,41,,,0,10,,58563,41,,,0,10,,58564,41,,,0,15,,58565,41,,,0,55,,58566,41,,,0,15,,58567,41,,,0,30,,58568,41,,,0,70,,58569,41,,,0,30,,58570,41,,,0,70,,58571,41,,,0,30,,58572,41,,,0,70,,58573,41,,,0,30,,58574,41,,,0,70,,58575,41,,,0,30,,58576,41,,,0,70,,58551,41,,,0,30,,58552,41,,,0
1700,'1388',548,,58577,41,,,0,68,,58578,2,,,0,17,,58596,41,,,0,15,,58595,41,,,0,55,,58594,41,,,0,15,,58593,41,,,0,15,,58592,41,,,0,10,,58591,41,,,0,10,,58590,41,,,0,50,,58589,41,,,0,10,,58588,41,,,0,10,,58587,41,,,0,10,,58586,41,,,0,10,,58585,41,,,0,10,,58584,41,,,0,50,,58579,41,,,0,10,,58580,41,,,0,10,,58581,41,,,0,10,,58582,41,,,0,10,,58583,41,,,0,10,,58597,41,,,0,50,,58622,41,,,0,10,,58623,41,,,0,10,,58624,41,,,0,10,,58625,41,,,0,10,,58626,41,,,0,10,,58627,41,,,0,50,,58628,41,,,0,10,,58629,41,,,0,10,,58630,41,,,0,10,,58631,41,,,0,10,,58632,41,,,0,10,,58633,41,,,0,50,,58634,41,,,0,10,,58635,41,,,0,10,,58636,41,,,0,10,,58637,41,,,0,10,,58640,41,,,0,10,,58641,41,,,0,50,,58642,41,,,0,10,,58643,41,,,0,10,,58644,41,,,0,10,,58645,41,,,0,10,,58646,41,,,0,10,,58647,41,,,0,50,,58598,41,,,0,10,,58599,41,,,0,10,,58600,41,,,0,10,,58601,41,,,0,10,,58602,41,,,0,10,,58603,41,,,0,50,,58604,41,,,0,10,,58605,41,,,0,10,,58606,41,,,0,10,,58607,41,,,0,10,,58608,41,,,0,10,,58609,41,,,0,50,,58610,41,,,0,10,,58611,41,,,0,10,,58612,41,,,0,10,,58613,41,,,0,10,,58614,41,,,0,10,,58615,41,,,0,50,,58616,41,,,0,10,,58617,41,,,0,10,,58618,41,,,0,10,,58619,41,,,0,10,,58620,41,,,0,10,,58621,41,,,0,50,,58648,41,,,0,10,,58649,41,,,0,10,,58650,41,,,0,10,,58651,41,,,0,15,,58652,41,,,0,55,,58653,41,,,0,15,,58654,41,,,0,30,,58655,41,,,0,70,,58656,41,,,0,30,,58657,41,,,0,70,,58658,41,,,0,30,,58659,41,,,0,70,,58660,41,,,0,30,,58661,41,,,0,70,,58662,41,,,0,30,,58663,41,,,0,70,,58638,41,,,0,30,,58639,41,,,0
1700,'1389',548,,58664,41,,,0,68,,58665,2,,,0,17,,58683,41,,,0,15,,58682,41,,,0,55,,58681,41,,,0,15,,58680,41,,,0,15,,58679,41,,,0,10,,58678,41,,,0,10,,58677,41,,,0,50,,58676,41,,,0,10,,58675,41,,,0,10,,58674,41,,,0,10,,58673,41,,,0,10,,58672,41,,,0,10,,58671,41,,,0,50,,58666,41,,,0,10,,58667,41,,,0,10,,58668,41,,,0,10,,58669,41,,,0,10,,58670,41,,,0,10,,58684,41,,,0,50,,58709,41,,,0,10,,58710,41,,,0,10,,58711,41,,,0,10,,58712,41,,,0,10,,58713,41,,,0,10,,58714,41,,,0,50,,58715,41,,,0,10,,58716,41,,,0,10,,58717,41,,,0,10,,58718,41,,,0,10,,58719,41,,,0,10,,58720,41,,,0,50,,58721,41,,,0,10,,58722,41,,,0,10,,58723,41,,,0,10,,58724,41,,,0,10,,58727,41,,,0,10,,58728,41,,,0,50,,58729,41,,,0,10,,58730,41,,,0,10,,58731,41,,,0,10,,58732,41,,,0,10,,58733,41,,,0,10,,58734,41,,,0,50,,58685,41,,,0,10,,58686,41,,,0,10,,58687,41,,,0,10,,58688,41,,,0,10,,58689,41,,,0,10,,58690,41,,,0,50,,58691,41,,,0,10,,58692,41,,,0,10,,58693,41,,,0,10,,58694,41,,,0,10,,58695,41,,,0,10,,58696,41,,,0,50,,58697,41,,,0,10,,58698,41,,,0,10,,58699,41,,,0,10,,58700,41,,,0,10,,58701,41,,,0,10,,58702,41,,,0,50,,58703,41,,,0,10,,58704,41,,,0,10,,58705,41,,,0,10,,58706,41,,,0,10,,58707,41,,,0,10,,58708,41,,,0,50,,58735,41,,,0,10,,58736,41,,,0,10,,58737,41,,,0,10,,58738,41,,,0,15,,58739,41,,,0,55,,58740,41,,,0,15,,58741,41,,,0,30,,58742,41,,,0,70,,58743,41,,,0,30,,58744,41,,,0,70,,58745,41,,,0,30,,58746,41,,,0,70,,58747,41,,,0,30,,58748,41,,,0,70,,58749,41,,,0,30,,58750,41,,,0,70,,58725,41,,,0,30,,58726,41,,,0
552200,'1385',646,,61884,7,0,9,0,70,,61885,7,0,9,0,30,,61886,7,0,9,0,70,,61887,7,0,9,0,30,,61888,7,0,9,0,70,,61889,7,0,9,0,30,,61890,7,0,9,0,70,,61891,7,0,9,0,30,,61892,7,0,9,0,70,,61893,7,0,9,0,30,,61894,7,0,9,0,70,,61895,7,0,9,0,30,,61896,7,0,9,0,70,,61897,7,0,9,0,30,,61898,7,0,9,0,70,,61899,7,0,9,0,30,,61900,7,0,9,0,70,,61901,7,0,9,0,30,,61902,7,0,9,0,70,,61903,7,0,9,0,30,,61904,7,0,9,0,70,,61905,7,0,9,0,30,,61906,7,0,9,0
552200,'1386',646,,61907,7,0,9,0,70,,61908,7,0,9,0,30,,61909,7,0,9,0,70,,61910,7,0,9,0,30,,61911,7,0,9,0,70,,61912,7,0,9,0,30,,61913,7,0,9,0,70,,61914,7,0,9,0,30,,61915,7,0,9,0,70,,61916,7,0,9,0,30,,61917,7,0,9,0,70,,61918,7,0,9,0,30,,61919,7,0,9,0,70,,61920,7,0,9,0,30,,61921,7,0,9,0,70,,61922,7,0,9,0,30,,61923,7,0,9,0,70,,61924,7,0,9,0,30,,61925,7,0,9,0,70,,61926,7,0,9,0,30,,61927,7,0,9,0,70,,61928,7,0,9,0,30,,61929,7,0,9,0
552200,'1387',646,,61930,7,0,9,0,70,,61931,7,0,9,0,30,,61932,7,0,9,0,70,,61933,7,0,9,0,30,,61934,7,0,9,0,70,,61935,7,0,9,0,30,,61936,7,0,9,0,70,,61937,7,0,9,0,30,,61938,7,0,9,0,70,,61939,7,0,9,0,30,,61940,7,0,9,0,70,,61941,7,0,9,0,30,,61942,7,0,9,0,70,,61943,7,0,9,0,30,,61944,7,0,9,0,70,,61945,7,0,9,0,30,,61946,7,0,9,0,70,,61947,7,0,9,0,30,,61948,7,0,9,0,70,,61949,7,0,9,0,30,,61950,7,0,9,0,70,,61951,7,0,9,0,30,,61952,7,0,9,0
552200,'1388',646,,61953,7,0,9,0,70,,61954,7,0,9,0,30,,61955,7,0,9,0,70,,61956,7,0,9,0,30,,61957,7,0,9,0,70,,61958,7,0,9,0,30,,61959,7,0,9,0,70,,61960,7,0,9,0,30,,61961,7,0,9,0,70,,61962,7,0,9,0,30,,61963,7,0,9,0,70,,61964,7,0,9,0,30,,61965,7,0,9,0,70,,61966,7,0,9,0,30,,61967,7,0,9,0,70,,61968,7,0,9,0,30,,61969,7,0,9,0,70,,61970,7,0,9,0,30,,61971,7,0,9,0,70,,61972,7,0,9,0,30,,61973,7,0,9,0,70,,61974,7,0,9,0,30,,61975,7,0,9,0
552200,'1389',646,,61976,7,0,9,0,70,,61977,7,0,9,0,30,,61978,7,0,9,0,70,,61979,7,0,9,0,30,,61980,7,0,9,0,70,,61981,7,0,9,0,30,,61982,7,0,9,0,70,,61983,7,0,9,0,30,,61984,7,0,9,0,70,,61985,7,0,9,0,30,,61986,7,0,9,0,70,,61987,7,0,9,0,30,,61988,7,0,9,0,70,,61989,7,0,9,0,30,,61990,7,0,9,0,70,,61991,7,0,9,0,30,,61992,7,0,9,0,70,,61993,7,0,9,0,30,,61994,7,0,9,0,70,,61995,7,0,9,0,30,,61996,7,0,9,0,70,,61997,7,0,9,0,30,,61998,7,0,9,0
