1700,'1383',613,,58253,20,,,0,100,,58252,20,,,0,100,,58251,20,,,0,100,,58250,20,,,0,106,,58254,20,,,0,40,,58255,20,,,0,80,,58256,20,,,0,80,,58257,20,,,0,40,,58258,20,,,0,80,,58259,20,,,0,80,,58260,20,,,0,40,,58261,20,,,0,80,,58262,20,,,0,80,,58263,20,,,0,40,,58264,20,,,0,80,,58265,20,,,0,80,,58266,20,,,0,40,,58267,20,,,0,80,,58268,20,,,0
1700,'1384',531,,58269,20,,,0,72,,58270,20,,,0,30,,58271,20,,,0,70,,58272,20,,,0,30,,58273,20,,,0,70,,58274,20,,,0,30,,58275,20,,,0,70,,58276,20,,,0,30,,58277,20,,,0,70,,58278,20,,,0,36,,58287,20,,,0,20,,58288,20,,,0,60,,58289,20,,,0,20,,58290,20,,,0,20,,58291,20,,,0,60,,58292,20,,,0,20,,58293,20,,,0,20,,58294,20,,,0,60,,58295,20,,,0,20,,58296,20,,,0,20,,58297,20,,,0,60,,58298,20,,,0,20,,58299,20,,,0,20,,58300,20,,,0,60,,58301,20,,,0,20,,58302,20,,,0,20,,58303,20,,,0,60,,58304,20,,,0,20,,58305,20,,,0,20,,58306,20,,,0,60,,58307,20,,,0,20,,58308,20,,,0,20,,58309,20,,,0,60,,58310,20,,,0,15,,58311,20,,,0,70,,58312,20,,,0,30,,58313,20,,,0,70,,58314,20,,,0,30,,58315,20,,,0,69,,58279,20,,,0,30,,58280,20,,,0,70,,58281,20,,,0,30,,58282,20,,,0,70,,58283,20,,,0,30,,58284,20,,,0,70,,58285,20,,,0,30,,58286,20,,,0
1700,'1385',537,,58316,20,,,0,82,,58335,20,,,0,15,,58334,20,,,0,15,,58333,20,,,0,55,,58332,20,,,0,15,,58331,20,,,0,10,,58330,20,,,0,10,,58329,20,,,0,10,,58328,20,,,0,10,,58327,20,,,0,50,,58326,20,,,0,10,,58325,20,,,0,10,,58324,20,,,0,10,,58323,20,,,0,10,,58318,20,,,0,10,,58319,20,,,0,50,,58320,20,,,0,10,,58321,20,,,0,10,,58322,20,,,0,10,,58336,20,,,0,10,,58361,20,,,0,10,,58362,20,,,0,50,,58363,20,,,0,10,,58364,20,,,0,10,,58365,20,,,0,10,,58366,20,,,0,10,,58367,20,,,0,10,,58368,20,,,0,50,,58369,20,,,0,10,,58370,20,,,0,10,,58371,20,,,0,10,,58372,20,,,0,10,,58373,20,,,0,10,,58374,20,,,0,50,,58375,20,,,0,10,,58376,20,,,0,10,,58379,20,,,0,10,,58380,20,,,0,10,,58381,20,,,0,10,,58382,20,,,0,50,,58383,20,,,0,10,,58384,20,,,0,10,,58385,20,,,0,10,,58386,20,,,0,10,,58337,20,,,0,10,,58338,20,,,0,50,,58339,20,,,0,10,,58340,20,,,0,10,,58341,20,,,0,10,,58342,20,,,0,10,,58343,20,,,0,10,,58344,20,,,0,50,,58345,20,,,0,10,,58346,20,,,0,10,,58347,20,,,0,10,,58348,20,,,0,10,,58349,20,,,0,10,,58350,20,,,0,50,,58351,20,,,0,10,,58352,20,,,0,10,,58353,20,,,0,10,,58354,20,,,0,10,,58355,20,,,0,10,,58356,20,,,0,50,,58357,20,,,0,10,,58358,20,,,0,10,,58359,20,,,0,10,,58360,20,,,0,10,,58387,20,,,0,10,,58388,20,,,0,50,,58389,20,,,0,10,,58390,20,,,0,15,,58391,20,,,0,15,,58392,20,,,0,55,,58393,20,,,0,30,,58394,20,,,0,70,,58395,20,,,0,30,,58396,20,,,0,70,,58397,20,,,0,30,,58398,20,,,0,70,,58399,20,,,0,30,,58400,20,,,0,70,,58401,20,,,0,30,,58402,20,,,0,70,,58377,20,,,0,30,,58378,20,,,0
1700,'1386',537,,58403,20,,,0,82,,58422,20,,,0,15,,58421,20,,,0,15,,58420,20,,,0,55,,58419,20,,,0,15,,58418,20,,,0,10,,58417,20,,,0,10,,58416,20,,,0,10,,58415,20,,,0,10,,58414,20,,,0,50,,58413,20,,,0,10,,58412,20,,,0,10,,58411,20,,,0,10,,58410,20,,,0,10,,58405,20,,,0,10,,58406,20,,,0,50,,58407,20,,,0,10,,58408,20,,,0,10,,58409,20,,,0,10,,58423,20,,,0,10,,58448,20,,,0,10,,58449,20,,,0,50,,58450,20,,,0,10,,58451,20,,,0,10,,58452,20,,,0,10,,58453,20,,,0,10,,58454,20,,,0,10,,58455,20,,,0,50,,58456,20,,,0,10,,58457,20,,,0,10,,58458,20,,,0,10,,58459,20,,,0,10,,58460,20,,,0,10,,58461,20,,,0,50,,58462,20,,,0,10,,58463,20,,,0,10,,58466,20,,,0,10,,58467,20,,,0,10,,58468,20,,,0,10,,58469,20,,,0,50,,58470,20,,,0,10,,58471,20,,,0,10,,58472,20,,,0,10,,58473,20,,,0,10,,58424,20,,,0,10,,58425,20,,,0,50,,58426,20,,,0,10,,58427,20,,,0,10,,58428,20,,,0,10,,58429,20,,,0,10,,58430,20,,,0,10,,58431,20,,,0,50,,58432,20,,,0,10,,58433,20,,,0,10,,58434,20,,,0,10,,58435,20,,,0,10,,58436,20,,,0,10,,58437,20,,,0,50,,58438,20,,,0,10,,58439,20,,,0,10,,58440,20,,,0,10,,58441,20,,,0,10,,58442,20,,,0,10,,58443,20,,,0,50,,58444,20,,,0,10,,58445,20,,,0,10,,58446,20,,,0,10,,58447,20,,,0,10,,58474,20,,,0,10,,58475,20,,,0,50,,58476,20,,,0,10,,58477,20,,,0,15,,58478,20,,,0,15,,58479,20,,,0,55,,58480,20,,,0,30,,58481,20,,,0,70,,58482,20,,,0,30,,58483,20,,,0,70,,58484,20,,,0,30,,58485,20,,,0,70,,58486,20,,,0,30,,58487,20,,,0,70,,58488,20,,,0,30,,58489,20,,,0,70,,58464,20,,,0,30,,58465,20,,,0
1700,'1387',537,,58490,20,,,0,82,,58509,20,,,0,15,,58508,20,,,0,15,,58507,20,,,0,55,,58506,20,,,0,15,,58505,20,,,0,10,,58504,20,,,0,10,,58503,20,,,0,10,,58502,20,,,0,10,,58501,20,,,0,50,,58500,20,,,0,10,,58499,20,,,0,10,,58498,20,,,0,10,,58497,20,,,0,10,,58492,20,,,0,10,,58493,20,,,0,50,,58494,20,,,0,10,,58495,20,,,0,10,,58496,20,,,0,10,,58510,20,,,0,10,,58535,20,,,0,10,,58536,20,,,0,50,,58537,20,,,0,10,,58538,20,,,0,10,,58539,20,,,0,10,,58540,20,,,0,10,,58541,20,,,0,10,,58542,20,,,0,50,,58543,20,,,0,10,,58544,20,,,0,10,,58545,20,,,0,10,,58546,20,,,0,10,,58547,20,,,0,10,,58548,20,,,0,50,,58549,20,,,0,10,,58550,20,,,0,10,,58553,20,,,0,10,,58554,20,,,0,10,,58555,20,,,0,10,,58556,20,,,0,50,,58557,20,,,0,10,,58558,20,,,0,10,,58559,20,,,0,10,,58560,20,,,0,10,,58511,20,,,0,10,,58512,20,,,0,50,,58513,20,,,0,10,,58514,20,,,0,10,,58515,20,,,0,10,,58516,20,,,0,10,,58517,20,,,0,10,,58518,20,,,0,50,,58519,20,,,0,10,,58520,20,,,0,10,,58521,20,,,0,10,,58522,20,,,0,10,,58523,20,,,0,10,,58524,20,,,0,50,,58525,20,,,0,10,,58526,20,,,0,10,,58527,20,,,0,10,,58528,20,,,0,10,,58529,20,,,0,10,,58530,20,,,0,50,,58531,20,,,0,10,,58532,20,,,0,10,,58533,20,,,0,10,,58534,20,,,0,10,,58561,20,,,0,10,,58562,20,,,0,50,,58563,20,,,0,10,,58564,20,,,0,15,,58565,20,,,0,15,,58566,20,,,0,55,,58567,20,,,0,30,,58568,20,,,0,70,,58569,20,,,0,30,,58570,20,,,0,70,,58571,20,,,0,30,,58572,20,,,0,70,,58573,20,,,0,30,,58574,20,,,0,70,,58575,20,,,0,30,,58576,20,,,0,70,,58551,20,,,0,30,,58552,20,,,0
1700,'1388',537,,58577,20,,,0,82,,58596,20,,,0,15,,58595,20,,,0,15,,58594,20,,,0,55,,58593,20,,,0,15,,58592,20,,,0,10,,58591,20,,,0,10,,58590,20,,,0,10,,58589,20,,,0,10,,58588,20,,,0,50,,58587,20,,,0,10,,58586,20,,,0,10,,58585,20,,,0,10,,58584,20,,,0,10,,58579,20,,,0,10,,58580,20,,,0,50,,58581,20,,,0,10,,58582,20,,,0,10,,58583,20,,,0,10,,58597,20,,,0,10,,58622,20,,,0,10,,58623,20,,,0,50,,58624,20,,,0,10,,58625,20,,,0,10,,58626,20,,,0,10,,58627,20,,,0,10,,58628,20,,,0,10,,58629,20,,,0,50,,58630,20,,,0,10,,58631,20,,,0,10,,58632,20,,,0,10,,58633,20,,,0,10,,58634,20,,,0,10,,58635,20,,,0,50,,58636,20,,,0,10,,58637,20,,,0,10,,58640,20,,,0,10,,58641,20,,,0,10,,58642,20,,,0,10,,58643,20,,,0,50,,58644,20,,,0,10,,58645,20,,,0,10,,58646,20,,,0,10,,58647,20,,,0,10,,58598,20,,,0,10,,58599,20,,,0,50,,58600,20,,,0,10,,58601,20,,,0,10,,58602,20,,,0,10,,58603,20,,,0,10,,58604,20,,,0,10,,58605,20,,,0,50,,58606,20,,,0,10,,58607,20,,,0,10,,58608,20,,,0,10,,58609,20,,,0,10,,58610,20,,,0,10,,58611,20,,,0,50,,58612,20,,,0,10,,58613,20,,,0,10,,58614,20,,,0,10,,58615,20,,,0,10,,58616,20,,,0,10,,58617,20,,,0,50,,58618,20,,,0,10,,58619,20,,,0,10,,58620,20,,,0,10,,58621,20,,,0,10,,58648,20,,,0,10,,58649,20,,,0,50,,58650,20,,,0,10,,58651,20,,,0,15,,58652,20,,,0,15,,58653,20,,,0,55,,58654,20,,,0,30,,58655,20,,,0,70,,58656,20,,,0,30,,58657,20,,,0,70,,58658,20,,,0,30,,58659,20,,,0,70,,58660,20,,,0,30,,58661,20,,,0,70,,58662,20,,,0,30,,58663,20,,,0,70,,58638,20,,,0,30,,58639,20,,,0
1700,'1389',537,,58664,20,,,0,82,,58683,20,,,0,15,,58682,20,,,0,15,,58681,20,,,0,55,,58680,20,,,0,15,,58679,20,,,0,10,,58678,20,,,0,10,,58677,20,,,0,10,,58676,20,,,0,10,,58675,20,,,0,50,,58674,20,,,0,10,,58673,20,,,0,10,,58672,20,,,0,10,,58671,20,,,0,10,,58666,20,,,0,10,,58667,20,,,0,50,,58668,20,,,0,10,,58669,20,,,0,10,,58670,20,,,0,10,,58684,20,,,0,10,,58709,20,,,0,10,,58710,20,,,0,50,,58711,20,,,0,10,,58712,20,,,0,10,,58713,20,,,0,10,,58714,20,,,0,10,,58715,20,,,0,10,,58716,20,,,0,50,,58717,20,,,0,10,,58718,20,,,0,10,,58719,20,,,0,10,,58720,20,,,0,10,,58721,20,,,0,10,,58722,20,,,0,50,,58723,20,,,0,10,,58724,20,,,0,10,,58727,20,,,0,10,,58728,20,,,0,10,,58729,20,,,0,10,,58730,20,,,0,50,,58731,20,,,0,10,,58732,20,,,0,10,,58733,20,,,0,10,,58734,20,,,0,10,,58685,20,,,0,10,,58686,20,,,0,50,,58687,20,,,0,10,,58688,20,,,0,10,,58689,20,,,0,10,,58690,20,,,0,10,,58691,20,,,0,10,,58692,20,,,0,50,,58693,20,,,0,10,,58694,20,,,0,10,,58695,20,,,0,10,,58696,20,,,0,10,,58697,20,,,0,10,,58698,20,,,0,50,,58699,20,,,0,10,,58700,20,,,0,10,,58701,20,,,0,10,,58702,20,,,0,10,,58703,20,,,0,10,,58704,20,,,0,50,,58705,20,,,0,10,,58706,20,,,0,10,,58707,20,,,0,10,,58708,20,,,0,10,,58735,20,,,0,10,,58736,20,,,0,50,,58737,20,,,0,10,,58738,20,,,0,15,,58739,20,,,0,15,,58740,20,,,0,55,,58741,20,,,0,30,,58742,20,,,0,70,,58743,20,,,0,30,,58744,20,,,0,70,,58745,20,,,0,30,,58746,20,,,0,70,,58747,20,,,0,30,,58748,20,,,0,70,,58749,20,,,0,30,,58750,20,,,0,70,,58725,20,,,0,30,,58726,20,,,0
2000,'1383',937,,60518,15,,,0,85,,60517,15,,,0,85,,60516,15,,,0,45,,60515,15,,,0,85,,60514,15,,,0,85,,60519,15,,,0,85,,60513,15,,,0,45,,60512,15,,,0,85,,60526,15,,,0,85,,60525,15,,,0,86,,60524,15,,,0,44,,60523,15,,,0,85,,60522,15,,,0,85,,60521,15,,,0,85,,60520,15,,,0
2000,'1384',638,,60529,15,,,0,85,,60530,15,,,0,85,,60531,15,,,0,45,,60532,15,,,0,55,,60533,15,,,0,30,,60534,15,,,0,80,,60535,15,,,0,30,,60536,15,,,0,70,,60537,15,,,0,30,,60538,15,,,0,80,,60539,15,,,0,30,,60540,15,,,0,70,,60541,15,,,0,30,,60542,15,,,0,80,,60543,15,,,0,70,,60544,15,,,0,30,,60545,15,,,0,70,,60546,15,,,0,40,,60547,15,,,0,70,,60548,15,,,0,30,,60549,15,,,0,70,,60550,15,,,0,40,,60551,15,,,0,75,,60552,15,,,0,85,,60553,15,,,0,85,,60554,15,,,0,45,,60555,15,,,0,85,,60556,15,,,0,85,,60557,15,,,0,85,,60558,15,,,0
2000,'1385',606,,60569,17,,,0,20,,60570,17,,,0,20,,60571,17,,,0,60,,60572,17,,,0,20,,60573,17,,,0,20,,60574,17,,,0,60,,60575,17,,,0,20,,60576,17,,,0,20,,60577,17,,,0,60,,60578,17,,,0,20,,60579,17,,,0,20,,60580,17,,,0,60,,60581,17,,,0,20,,60582,17,,,0,20,,60583,17,,,0,60,,60584,17,,,0,20,,60585,17,,,0,20,,60586,17,,,0,60,,60587,17,,,0,20,,60588,17,,,0,20,,60589,17,,,0,60,,60590,17,,,0,20,,60591,17,,,0,20,,60592,17,,,0,60,,60593,17,,,0,20,,60594,17,,,0,20,,60595,17,,,0,60,,60596,17,,,0,20,,60597,17,,,0,20,,60598,17,,,0,60,,60599,17,,,0,20,,60600,17,,,0,20,,60601,17,,,0,60,,60602,17,,,0,20,,60603,17,,,0,20,,60604,17,,,0,60,,60605,17,,,0,20,,60606,17,,,0,16,,60560,15,,,0,80,,60561,15,,,0,85,,60562,15,,,0,45,,60563,15,,,0,85,,60564,15,,,0,85,,60565,15,,,0,85,,60566,15,,,0,45,,60567,15,,,0,85,,60568,15,,,0
2000,'1386',606,,60617,17,,,0,20,,60618,17,,,0,20,,60619,17,,,0,60,,60620,17,,,0,20,,60621,17,,,0,20,,60622,17,,,0,60,,60623,17,,,0,20,,60624,17,,,0,20,,60625,17,,,0,60,,60626,17,,,0,20,,60627,17,,,0,20,,60628,17,,,0,60,,60629,17,,,0,20,,60630,17,,,0,20,,60631,17,,,0,60,,60632,17,,,0,20,,60633,17,,,0,20,,60634,17,,,0,60,,60635,17,,,0,20,,60636,17,,,0,20,,60637,17,,,0,60,,60638,17,,,0,20,,60639,17,,,0,20,,60640,17,,,0,60,,60641,17,,,0,20,,60642,17,,,0,20,,60643,17,,,0,60,,60644,17,,,0,20,,60645,17,,,0,20,,60646,17,,,0,60,,60647,17,,,0,20,,60648,17,,,0,20,,60649,17,,,0,60,,60650,17,,,0,20,,60651,17,,,0,20,,60652,17,,,0,60,,60653,17,,,0,20,,60654,17,,,0,16,,60608,15,,,0,80,,60609,15,,,0,85,,60610,15,,,0,45,,60611,15,,,0,85,,60612,15,,,0,85,,60613,15,,,0,85,,60614,15,,,0,45,,60615,15,,,0,85,,60616,15,,,0
2000,'1387',606,,60665,17,,,0,20,,60666,17,,,0,20,,60667,17,,,0,60,,60668,17,,,0,20,,60669,17,,,0,20,,60670,17,,,0,60,,60671,17,,,0,20,,60672,17,,,0,20,,60673,17,,,0,60,,60674,17,,,0,20,,60675,17,,,0,20,,60676,17,,,0,60,,60677,17,,,0,20,,60678,17,,,0,20,,60679,17,,,0,60,,60680,17,,,0,20,,60681,17,,,0,20,,60682,17,,,0,60,,60683,17,,,0,20,,60684,17,,,0,20,,60685,17,,,0,60,,60686,17,,,0,20,,60687,17,,,0,20,,60688,17,,,0,60,,60689,17,,,0,20,,60690,17,,,0,20,,60691,17,,,0,60,,60692,17,,,0,20,,60693,17,,,0,20,,60694,17,,,0,60,,60695,17,,,0,20,,60696,17,,,0,20,,60697,17,,,0,60,,60698,17,,,0,20,,60699,17,,,0,20,,60700,17,,,0,60,,60701,17,,,0,20,,60702,17,,,0,16,,60656,15,,,0,80,,60657,15,,,0,85,,60658,15,,,0,45,,60659,15,,,0,85,,60660,15,,,0,85,,60661,15,,,0,85,,60662,15,,,0,45,,60663,15,,,0,85,,60664,15,,,0
2000,'1388',606,,60713,17,,,0,20,,60714,17,,,0,20,,60715,17,,,0,60,,60716,17,,,0,20,,60717,17,,,0,20,,60718,17,,,0,60,,60719,17,,,0,20,,60720,17,,,0,20,,60721,17,,,0,60,,60722,17,,,0,20,,60723,17,,,0,20,,60724,17,,,0,60,,60725,17,,,0,20,,60726,17,,,0,20,,60727,17,,,0,60,,60728,17,,,0,20,,60729,17,,,0,20,,60730,17,,,0,60,,60731,17,,,0,20,,60732,17,,,0,20,,60733,17,,,0,60,,60734,17,,,0,20,,60735,17,,,0,20,,60736,17,,,0,60,,60737,17,,,0,20,,60738,17,,,0,20,,60739,17,,,0,60,,60740,17,,,0,20,,60741,17,,,0,20,,60742,17,,,0,60,,60743,17,,,0,20,,60744,17,,,0,20,,60745,17,,,0,60,,60746,17,,,0,20,,60747,17,,,0,20,,60748,17,,,0,60,,60749,17,,,0,20,,60750,17,,,0,16,,60704,15,,,0,80,,60705,15,,,0,85,,60706,15,,,0,45,,60707,15,,,0,85,,60708,15,,,0,85,,60709,15,,,0,85,,60710,15,,,0,45,,60711,15,,,0,85,,60712,15,,,0
2000,'1389',606,,60761,17,,,0,20,,60762,17,,,0,20,,60763,17,,,0,60,,60764,17,,,0,20,,60765,17,,,0,20,,60766,17,,,0,60,,60767,17,,,0,20,,60768,17,,,0,20,,60769,17,,,0,60,,60770,17,,,0,20,,60771,17,,,0,20,,60772,17,,,0,60,,60773,17,,,0,20,,60774,17,,,0,20,,60775,17,,,0,60,,60776,17,,,0,20,,60777,17,,,0,20,,60778,17,,,0,60,,60779,17,,,0,20,,60780,17,,,0,20,,60781,17,,,0,60,,60782,17,,,0,20,,60783,17,,,0,20,,60784,17,,,0,60,,60785,17,,,0,20,,60786,17,,,0,20,,60787,17,,,0,60,,60788,17,,,0,20,,60789,17,,,0,20,,60790,17,,,0,60,,60791,17,,,0,20,,60792,17,,,0,20,,60793,17,,,0,60,,60794,17,,,0,20,,60795,17,,,0,20,,60796,17,,,0,60,,60797,17,,,0,20,,60798,17,,,0,16,,60752,15,,,0,80,,60753,15,,,0,85,,60754,15,,,0,45,,60755,15,,,0,85,,60756,15,,,0,85,,60757,15,,,0,85,,60758,15,,,0,45,,60759,15,,,0,85,,60760,15,,,0
552200,'1385',632,,61884,2,0,9,0,70,,61885,2,0,9,0,30,,61886,2,0,9,0,70,,61887,2,0,9,0,30,,61888,2,0,9,0,70,,61889,2,0,9,0,30,,61890,2,0,9,0,70,,61891,2,0,9,0,30,,61892,2,0,9,0,70,,61893,2,0,9,0,30,,61894,2,0,9,0,70,,61895,2,0,9,0,30,,61896,2,0,9,0,70,,61897,2,0,9,0,30,,61898,2,0,9,0,70,,61899,2,0,9,0,30,,61900,2,0,9,0,70,,61901,2,0,9,0,30,,61902,2,0,9,0,70,,61903,2,0,9,0,30,,61904,2,0,9,0,70,,61905,2,0,9,0,30,,61906,2,0,9,0
552200,'1386',632,,61907,2,0,9,0,70,,61908,2,0,9,0,30,,61909,2,0,9,0,70,,61910,2,0,9,0,30,,61911,2,0,9,0,70,,61912,2,0,9,0,30,,61913,2,0,9,0,70,,61914,2,0,9,0,30,,61915,2,0,9,0,70,,61916,2,0,9,0,30,,61917,2,0,9,0,70,,61918,2,0,9,0,30,,61919,2,0,9,0,70,,61920,2,0,9,0,30,,61921,2,0,9,0,70,,61922,2,0,9,0,30,,61923,2,0,9,0,70,,61924,2,0,9,0,30,,61925,2,0,9,0,70,,61926,2,0,9,0,30,,61927,2,0,9,0,70,,61928,2,0,9,0,30,,61929,2,0,9,0
552200,'1387',632,,61930,2,0,9,0,70,,61931,2,0,9,0,30,,61932,2,0,9,0,70,,61933,2,0,9,0,30,,61934,2,0,9,0,70,,61935,2,0,9,0,30,,61936,2,0,9,0,70,,61937,2,0,9,0,30,,61938,2,0,9,0,70,,61939,2,0,9,0,30,,61940,2,0,9,0,70,,61941,2,0,9,0,30,,61942,2,0,9,0,70,,61943,2,0,9,0,30,,61944,2,0,9,0,70,,61945,2,0,9,0,30,,61946,2,0,9,0,70,,61947,2,0,9,0,30,,61948,2,0,9,0,70,,61949,2,0,9,0,30,,61950,2,0,9,0,70,,61951,2,0,9,0,30,,61952,2,0,9,0
552200,'1388',632,,61953,2,0,9,0,70,,61954,2,0,9,0,30,,61955,2,0,9,0,70,,61956,2,0,9,0,30,,61957,2,0,9,0,70,,61958,2,0,9,0,30,,61959,2,0,9,0,70,,61960,2,0,9,0,30,,61961,2,0,9,0,70,,61962,2,0,9,0,30,,61963,2,0,9,0,70,,61964,2,0,9,0,30,,61965,2,0,9,0,70,,61966,2,0,9,0,30,,61967,2,0,9,0,70,,61968,2,0,9,0,30,,61969,2,0,9,0,70,,61970,2,0,9,0,30,,61971,2,0,9,0,70,,61972,2,0,9,0,30,,61973,2,0,9,0,70,,61974,2,0,9,0,30,,61975,2,0,9,0
552200,'1389',632,,61976,2,0,9,0,70,,61977,2,0,9,0,30,,61978,2,0,9,0,70,,61979,2,0,9,0,30,,61980,2,0,9,0,70,,61981,2,0,9,0,30,,61982,2,0,9,0,70,,61983,2,0,9,0,30,,61984,2,0,9,0,70,,61985,2,0,9,0,30,,61986,2,0,9,0,70,,61987,2,0,9,0,30,,61988,2,0,9,0,70,,61989,2,0,9,0,30,,61990,2,0,9,0,70,,61991,2,0,9,0,30,,61992,2,0,9,0,70,,61993,2,0,9,0,30,,61994,2,0,9,0,70,,61995,2,0,9,0,30,,61996,2,0,9,0,70,,61997,2,0,9,0,30,,61998,2,0,9,0
