1700,'1369',600,,43849,1,,,0,100,,43848,1,,,0,100,,43847,1,,,0,100,,43846,1,,,0,100,,43864,1,,,0,40,,43863,1,,,0,80,,43862,1,,,0,80,,43861,1,,,0,40,,43860,1,,,0,80,,43859,1,,,0,80,,43858,1,,,0,40,,43857,1,,,0,80,,43856,1,,,0,80,,43855,1,,,0,40,,43854,1,,,0,80,,43853,1,,,0,80,,43852,1,,,0,40,,43851,1,,,0,80,,43850,1,,,0
1700,'1370',520,,43865,1,,,0,25,,43866,1,,,0,70,,43867,1,,,0,30,,43868,1,,,0,70,,43869,1,,,0,30,,43870,1,,,0,70,,43871,1,,,0,30,,43872,1,,,0,70,,43873,1,,,0,30,,43874,1,,,0,75,,43883,1,,,0,20,,43884,1,,,0,60,,43885,1,,,0,20,,43886,1,,,0,20,,43887,1,,,0,60,,43888,1,,,0,20,,43889,1,,,0,20,,43890,1,,,0,60,,43891,1,,,0,20,,43892,1,,,0,20,,43893,1,,,0,60,,43894,1,,,0,20,,43895,1,,,0,20,,43896,1,,,0,60,,43897,1,,,0,20,,43898,1,,,0,20,,43899,1,,,0,60,,43900,1,,,0,20,,43901,1,,,0,20,,43902,1,,,0,60,,43903,1,,,0,20,,43904,1,,,0,20,,43905,1,,,0,60,,43906,1,,,0,15,,43907,1,,,0,30,,43908,1,,,0,70,,43909,1,,,0,30,,43910,1,,,0,70,,43911,1,,,0,30,,43875,1,,,0,70,,43876,1,,,0,30,,43877,1,,,0,70,,43878,1,,,0,30,,43879,1,,,0,70,,43880,1,,,0,30,,43881,1,,,0,70,,43882,1,,,0
1700,'1371',520,,43912,1,,,0,80,,43914,1,,,0,15,,43915,1,,,0,15,,43916,1,,,0,15,,43917,1,,,0,55,,43918,1,,,0,10,,43919,1,,,0,10,,43920,1,,,0,10,,43921,1,,,0,10,,43922,1,,,0,10,,43923,1,,,0,50,,43924,1,,,0,10,,43925,1,,,0,10,,43926,1,,,0,10,,43927,1,,,0,10,,43928,1,,,0,10,,43929,1,,,0,50,,43930,1,,,0,10,,43931,1,,,0,10,,43932,1,,,0,10,,43933,1,,,0,10,,43934,1,,,0,10,,43935,1,,,0,50,,43936,1,,,0,10,,43937,1,,,0,10,,43938,1,,,0,10,,43939,1,,,0,10,,43940,1,,,0,10,,43941,1,,,0,50,,43942,1,,,0,10,,43943,1,,,0,10,,43944,1,,,0,10,,43945,1,,,0,10,,43946,1,,,0,10,,43947,1,,,0,50,,43948,1,,,0,10,,43949,1,,,0,10,,43950,1,,,0,10,,43951,1,,,0,10,,43952,1,,,0,10,,43953,1,,,0,50,,43954,1,,,0,10,,43955,1,,,0,10,,43956,1,,,0,10,,43957,1,,,0,10,,43958,1,,,0,10,,43959,1,,,0,50,,43960,1,,,0,10,,43961,1,,,0,10,,43962,1,,,0,10,,43963,1,,,0,10,,43964,1,,,0,10,,43965,1,,,0,50,,43966,1,,,0,10,,43967,1,,,0,10,,43968,1,,,0,10,,43969,1,,,0,10,,43970,1,,,0,10,,43971,1,,,0,50,,43972,1,,,0,10,,43973,1,,,0,10,,43974,1,,,0,10,,43975,1,,,0,10,,43976,1,,,0,10,,43977,1,,,0,50,,43978,1,,,0,10,,43979,1,,,0,10,,43980,1,,,0,10,,43981,1,,,0,10,,43982,1,,,0,10,,43983,1,,,0,50,,43984,1,,,0,15,,43985,1,,,0,15,,43986,1,,,0,15,,43987,1,,,0,70,,43988,1,,,0,30,,43989,1,,,0,70,,43990,1,,,0,30,,43991,1,,,0,70,,43992,1,,,0,30,,43993,1,,,0,70,,43994,1,,,0,30,,43995,1,,,0,70,,43996,1,,,0,30,,43997,1,,,0,70,,43998,1,,,0
1700,'1372',520,,43999,1,,,0,80,,44001,1,,,0,15,,44002,1,,,0,15,,44003,1,,,0,15,,44004,1,,,0,55,,44005,1,,,0,10,,44006,1,,,0,10,,44007,1,,,0,10,,44008,1,,,0,10,,44009,1,,,0,10,,44010,1,,,0,50,,44011,1,,,0,10,,44012,1,,,0,10,,44013,1,,,0,10,,44014,1,,,0,10,,44015,1,,,0,10,,44016,1,,,0,50,,44017,1,,,0,10,,44018,1,,,0,10,,44019,1,,,0,10,,44020,1,,,0,10,,44021,1,,,0,10,,44022,1,,,0,50,,44023,1,,,0,10,,44024,1,,,0,10,,44025,1,,,0,10,,44026,1,,,0,10,,44027,1,,,0,10,,44028,1,,,0,50,,44029,1,,,0,10,,44030,1,,,0,10,,44031,1,,,0,10,,44032,1,,,0,10,,44033,1,,,0,10,,44034,1,,,0,50,,44035,1,,,0,10,,44036,1,,,0,10,,44037,1,,,0,10,,44038,1,,,0,10,,44039,1,,,0,10,,44040,1,,,0,50,,44041,1,,,0,10,,44042,1,,,0,10,,44043,1,,,0,10,,44044,1,,,0,10,,44045,1,,,0,10,,44046,1,,,0,50,,44047,1,,,0,10,,44048,1,,,0,10,,44049,1,,,0,10,,44050,1,,,0,10,,44051,1,,,0,10,,44052,1,,,0,50,,44053,1,,,0,10,,44054,1,,,0,10,,44055,1,,,0,10,,44056,1,,,0,10,,44057,1,,,0,10,,44058,1,,,0,50,,44059,1,,,0,10,,44060,1,,,0,10,,44061,1,,,0,10,,44062,1,,,0,10,,44063,1,,,0,10,,44064,1,,,0,50,,44065,1,,,0,10,,44066,1,,,0,10,,44067,1,,,0,10,,44068,1,,,0,10,,44069,1,,,0,10,,44070,1,,,0,50,,44071,1,,,0,15,,44072,1,,,0,15,,44073,1,,,0,15,,44074,1,,,0,70,,44075,1,,,0,30,,44076,1,,,0,70,,44077,1,,,0,30,,44078,1,,,0,70,,44079,1,,,0,30,,44080,1,,,0,70,,44081,1,,,0,30,,44082,1,,,0,70,,44083,1,,,0,30,,44084,1,,,0,70,,44085,1,,,0
1700,'1373',520,,44086,1,,,0,80,,44088,1,,,0,15,,44089,1,,,0,15,,44090,1,,,0,15,,44091,1,,,0,55,,44092,1,,,0,10,,44093,1,,,0,10,,44094,1,,,0,10,,44095,1,,,0,10,,44096,1,,,0,10,,44097,1,,,0,50,,44098,1,,,0,10,,44099,1,,,0,10,,44100,1,,,0,10,,44101,1,,,0,10,,44102,1,,,0,10,,44103,1,,,0,50,,44104,1,,,0,10,,44105,1,,,0,10,,44106,1,,,0,10,,44107,1,,,0,10,,44108,1,,,0,10,,44109,1,,,0,50,,44110,1,,,0,10,,44111,1,,,0,10,,44112,1,,,0,10,,44113,1,,,0,10,,44114,1,,,0,10,,44115,1,,,0,50,,44116,1,,,0,10,,44117,1,,,0,10,,44118,1,,,0,10,,44119,1,,,0,10,,44120,1,,,0,10,,44121,1,,,0,50,,44122,1,,,0,10,,44123,1,,,0,10,,44124,1,,,0,10,,44125,1,,,0,10,,44126,1,,,0,10,,44127,1,,,0,50,,44128,1,,,0,10,,44129,1,,,0,10,,44130,1,,,0,10,,44131,1,,,0,10,,44132,1,,,0,10,,44133,1,,,0,50,,44134,1,,,0,10,,44135,1,,,0,10,,44136,1,,,0,10,,44137,1,,,0,10,,44138,1,,,0,10,,44139,1,,,0,50,,44140,1,,,0,10,,44141,1,,,0,10,,44142,1,,,0,10,,44143,1,,,0,10,,44144,1,,,0,10,,44145,1,,,0,50,,44146,1,,,0,10,,44147,1,,,0,10,,44148,1,,,0,10,,44149,1,,,0,10,,44150,1,,,0,10,,44151,1,,,0,50,,44152,1,,,0,10,,44153,1,,,0,10,,44154,1,,,0,10,,44155,1,,,0,10,,44156,1,,,0,10,,44157,1,,,0,50,,44158,1,,,0,15,,44159,1,,,0,15,,44160,1,,,0,15,,44161,1,,,0,70,,44162,1,,,0,30,,44163,1,,,0,70,,44164,1,,,0,30,,44165,1,,,0,70,,44166,1,,,0,30,,44167,1,,,0,70,,44168,1,,,0,30,,44169,1,,,0,70,,44170,1,,,0,30,,44171,1,,,0,70,,44172,1,,,0
1700,'1374',520,,44173,1,,,0,80,,44175,1,,,0,15,,44176,1,,,0,15,,44177,1,,,0,15,,44178,1,,,0,55,,44179,1,,,0,10,,44180,1,,,0,10,,44181,1,,,0,10,,44182,1,,,0,10,,44183,1,,,0,10,,44184,1,,,0,50,,44185,1,,,0,10,,44186,1,,,0,10,,44187,1,,,0,10,,44188,1,,,0,10,,44189,1,,,0,10,,44190,1,,,0,50,,44191,1,,,0,10,,44192,1,,,0,10,,44193,1,,,0,10,,44194,1,,,0,10,,44195,1,,,0,10,,44196,1,,,0,50,,44197,1,,,0,10,,44198,1,,,0,10,,44199,1,,,0,10,,44200,1,,,0,10,,44201,1,,,0,10,,44202,1,,,0,50,,44203,1,,,0,10,,44204,1,,,0,10,,44205,1,,,0,10,,44206,1,,,0,10,,44207,1,,,0,10,,44208,1,,,0,50,,44209,1,,,0,10,,44210,1,,,0,10,,44211,1,,,0,10,,44212,1,,,0,10,,44213,1,,,0,10,,44214,1,,,0,50,,44215,1,,,0,10,,44216,1,,,0,10,,44217,1,,,0,10,,44218,1,,,0,10,,44219,1,,,0,10,,44220,1,,,0,50,,44221,1,,,0,10,,44222,1,,,0,10,,44223,1,,,0,10,,44224,1,,,0,10,,44225,1,,,0,10,,44226,1,,,0,50,,44227,1,,,0,10,,44228,1,,,0,10,,44229,1,,,0,10,,44230,1,,,0,10,,44231,1,,,0,10,,44232,1,,,0,50,,44233,1,,,0,10,,44234,1,,,0,10,,44235,1,,,0,10,,44236,1,,,0,10,,44237,1,,,0,10,,44238,1,,,0,50,,44239,1,,,0,10,,44240,1,,,0,10,,44241,1,,,0,10,,44242,1,,,0,10,,44243,1,,,0,10,,44244,1,,,0,50,,44245,1,,,0,15,,44246,1,,,0,15,,44247,1,,,0,15,,44248,1,,,0,70,,44249,1,,,0,30,,44250,1,,,0,70,,44251,1,,,0,30,,44252,1,,,0,70,,44253,1,,,0,30,,44254,1,,,0,70,,44255,1,,,0,30,,44256,1,,,0,70,,44257,1,,,0,30,,44258,1,,,0,70,,44259,1,,,0
1700,'1375',520,,44260,1,,,0,80,,44262,1,,,0,15,,44263,1,,,0,15,,44264,1,,,0,15,,44265,1,,,0,55,,44266,1,,,0,10,,44267,1,,,0,10,,44268,1,,,0,10,,44269,1,,,0,10,,44270,1,,,0,10,,44271,1,,,0,50,,44272,1,,,0,10,,44273,1,,,0,10,,44274,1,,,0,10,,44275,1,,,0,10,,44276,1,,,0,10,,44277,1,,,0,50,,44278,1,,,0,10,,44279,1,,,0,10,,44280,1,,,0,10,,44281,1,,,0,10,,44282,1,,,0,10,,44283,1,,,0,50,,44284,1,,,0,10,,44285,1,,,0,10,,44286,1,,,0,10,,44287,1,,,0,10,,44288,1,,,0,10,,44289,1,,,0,50,,44290,1,,,0,10,,44291,1,,,0,10,,44292,1,,,0,10,,44293,1,,,0,10,,44294,1,,,0,10,,44295,1,,,0,50,,44296,1,,,0,10,,44297,1,,,0,10,,44298,1,,,0,10,,44299,1,,,0,10,,44300,1,,,0,10,,44301,1,,,0,50,,44302,1,,,0,10,,44303,1,,,0,10,,44304,1,,,0,10,,44305,1,,,0,10,,44306,1,,,0,10,,44307,1,,,0,50,,44308,1,,,0,10,,44309,1,,,0,10,,44310,1,,,0,10,,44311,1,,,0,10,,44312,1,,,0,10,,44313,1,,,0,50,,44314,1,,,0,10,,44315,1,,,0,10,,44316,1,,,0,10,,44317,1,,,0,10,,44318,1,,,0,10,,44319,1,,,0,50,,44320,1,,,0,10,,44321,1,,,0,10,,44322,1,,,0,10,,44323,1,,,0,10,,44324,1,,,0,10,,44325,1,,,0,50,,44326,1,,,0,10,,44327,1,,,0,10,,44328,1,,,0,10,,44329,1,,,0,10,,44330,1,,,0,10,,44331,1,,,0,50,,44332,1,,,0,15,,44333,1,,,0,15,,44334,1,,,0,15,,44335,1,,,0,70,,44336,1,,,0,30,,44337,1,,,0,70,,44338,1,,,0,30,,44339,1,,,0,70,,44340,1,,,0,30,,44341,1,,,0,70,,44342,1,,,0,30,,44343,1,,,0,70,,44344,1,,,0,30,,44345,1,,,0,70,,44346,1,,,0
1701,'1369',800,,44364,81,4,,0,100,,44363,81,4,,0,100,,44362,81,4,,0,116,,44361,81,4,,0,40,,44360,81,4,,0,80,,44359,81,4,,0,80,,44358,81,4,,0,40,,44357,81,4,,0,80,,44356,81,4,,0,80,,44355,81,4,,0,40,,44354,81,4,,0,80,,44353,81,4,,0,80,,44352,81,4,,0,40,,44351,81,4,,0,80,,44350,81,4,,0,80,,44349,81,4,,0,40,,44348,81,4,,0,80,,44347,81,4,,0
1701,'1370',644,,44390,81,4,,0,70,,44391,81,4,,0,30,,44392,81,4,,0,70,,44393,81,4,,0,30,,44394,81,4,,0,70,,44395,81,4,,0,30,,44396,81,4,,0,72,,44365,81,4,,0,30,,44366,81,4,,0,70,,44367,81,4,,0,20,,44368,81,4,,0,20,,44369,81,4,,0,60,,44370,81,4,,0,20,,44371,81,4,,0,20,,44372,81,4,,0,60,,44373,81,4,,0,20,,44374,81,4,,0,20,,44375,81,4,,0,60,,44376,81,4,,0,20,,44377,81,4,,0,20,,44378,81,4,,0,60,,44379,81,4,,0,20,,44380,81,4,,0,20,,44381,81,4,,0,60,,44382,81,4,,0,20,,44383,81,4,,0,20,,44384,81,4,,0,60,,44385,81,4,,0,20,,44386,81,4,,0,20,,44387,81,4,,0,58,,44397,81,4,,0,22,,44388,81,4,,0,20,,44389,81,4,,0,58,,44398,81,4,,0,30,,44399,81,4,,0,70,,44400,81,4,,0,30,,44401,81,4,,0,70,,44402,81,4,,0,30,,44403,81,4,,0,70,,44404,81,4,,0,30,,44405,81,4,,0,70,,44406,81,4,,0,30,,44407,81,4,,0,70,,44408,81,4,,0,30,,44409,81,4,,0,70,,44410,81,4,,0,30,,44411,81,4,,0
1701,'1371',644,,44412,81,4,,0,70,,44413,81,4,,0,15,,44414,81,4,,0,15,,44415,81,4,,0,15,,44416,81,4,,0,55,,44417,81,4,,0,10,,44418,81,4,,0,10,,44419,81,4,,0,10,,44420,81,4,,0,10,,44421,81,4,,0,50,,44422,81,4,,0,10,,44423,81,4,,0,10,,44424,81,4,,0,10,,44425,81,4,,0,10,,44426,81,4,,0,10,,44427,81,4,,0,50,,44428,81,4,,0,10,,44429,81,4,,0,10,,44430,81,4,,0,10,,44431,81,4,,0,10,,44432,81,4,,0,10,,44433,81,4,,0,50,,44434,81,4,,0,10,,44435,81,4,,0,10,,44436,81,4,,0,10,,44437,81,4,,0,10,,44438,81,4,,0,10,,44439,81,4,,0,50,,44440,81,4,,0,10,,44441,81,4,,0,10,,44442,81,4,,0,10,,44443,81,4,,0,10,,44444,81,4,,0,10,,44445,81,4,,0,50,,44446,81,4,,0,10,,44447,81,4,,0,10,,44448,81,4,,0,10,,44449,81,4,,0,10,,44450,81,4,,0,10,,44451,81,4,,0,50,,44452,81,4,,0,10,,44453,81,4,,0,10,,44454,81,4,,0,10,,44455,81,4,,0,10,,44456,81,4,,0,10,,44457,81,4,,0,50,,44458,81,4,,0,10,,44459,81,4,,0,10,,44460,81,4,,0,10,,44461,81,4,,0,10,,44462,81,4,,0,10,,44463,81,4,,0,50,,44464,81,4,,0,10,,44465,81,4,,0,10,,44466,81,4,,0,10,,44467,81,4,,0,10,,44468,81,4,,0,10,,44469,81,4,,0,50,,44470,81,4,,0,10,,44471,81,4,,0,10,,44472,81,4,,0,10,,44473,81,4,,0,10,,44474,81,4,,0,10,,44475,81,4,,0,50,,44476,81,4,,0,10,,44477,81,4,,0,10,,44478,81,4,,0,10,,44479,81,4,,0,10,,44480,81,4,,0,10,,44481,81,4,,0,50,,44482,81,4,,0,10,,44483,81,4,,0,15,,44484,81,4,,0,15,,44485,81,4,,0,15,,44486,81,4,,0,55,,44487,81,4,,0,30,,44488,81,4,,0,70,,44489,81,4,,0,30,,44490,81,4,,0,70,,44491,81,4,,0,30,,44492,81,4,,0,70,,44493,81,4,,0,30,,44494,81,4,,0,70,,44495,81,4,,0,30,,44496,81,4,,0,70,,44497,81,4,,0,30,,44498,81,4,,0
1701,'1372',644,,44499,81,4,,0,70,,44500,81,4,,0,15,,44501,81,4,,0,15,,44502,81,4,,0,15,,44503,81,4,,0,55,,44504,81,4,,0,10,,44505,81,4,,0,10,,44506,81,4,,0,10,,44507,81,4,,0,10,,44508,81,4,,0,50,,44509,81,4,,0,10,,44510,81,4,,0,10,,44511,81,4,,0,10,,44512,81,4,,0,10,,44513,81,4,,0,10,,44514,81,4,,0,50,,44515,81,4,,0,10,,44516,81,4,,0,10,,44517,81,4,,0,10,,44518,81,4,,0,10,,44519,81,4,,0,10,,44520,81,4,,0,50,,44521,81,4,,0,10,,44522,81,4,,0,10,,44523,81,4,,0,10,,44524,81,4,,0,10,,44525,81,4,,0,10,,44526,81,4,,0,50,,44527,81,4,,0,10,,44528,81,4,,0,10,,44529,81,4,,0,10,,44530,81,4,,0,10,,44531,81,4,,0,10,,44532,81,4,,0,50,,44533,81,4,,0,10,,44534,81,4,,0,10,,44535,81,4,,0,10,,44536,81,4,,0,10,,44537,81,4,,0,10,,44538,81,4,,0,50,,44539,81,4,,0,10,,44540,81,4,,0,10,,44541,81,4,,0,10,,44542,81,4,,0,10,,44543,81,4,,0,10,,44544,81,4,,0,50,,44545,81,4,,0,10,,44546,81,4,,0,10,,44547,81,4,,0,10,,44548,81,4,,0,10,,44549,81,4,,0,10,,44550,81,4,,0,50,,44551,81,4,,0,10,,44552,81,4,,0,10,,44553,81,4,,0,10,,44554,81,4,,0,10,,44555,81,4,,0,10,,44556,81,4,,0,50,,44557,81,4,,0,10,,44558,81,4,,0,10,,44559,81,4,,0,10,,44560,81,4,,0,10,,44561,81,4,,0,10,,44562,81,4,,0,50,,44563,81,4,,0,10,,44564,81,4,,0,10,,44565,81,4,,0,10,,44566,81,4,,0,10,,44567,81,4,,0,10,,44568,81,4,,0,50,,44569,81,4,,0,10,,44570,81,4,,0,15,,44571,81,4,,0,15,,44572,81,4,,0,15,,44573,81,4,,0,55,,44574,81,4,,0,30,,44575,81,4,,0,70,,44576,81,4,,0,30,,44577,81,4,,0,70,,44578,81,4,,0,30,,44579,81,4,,0,70,,44580,81,4,,0,30,,44581,81,4,,0,70,,44582,81,4,,0,30,,44583,81,4,,0,70,,44584,81,4,,0,30,,44585,81,4,,0
1701,'1373',644,,44586,81,4,,0,70,,44587,81,4,,0,15,,44588,81,4,,0,15,,44589,81,4,,0,15,,44590,81,4,,0,55,,44591,81,4,,0,10,,44592,81,4,,0,10,,44593,81,4,,0,10,,44594,81,4,,0,10,,44595,81,4,,0,50,,44596,81,4,,0,10,,44597,81,4,,0,10,,44598,81,4,,0,10,,44599,81,4,,0,10,,44600,81,4,,0,10,,44601,81,4,,0,50,,44602,81,4,,0,10,,44603,81,4,,0,10,,44604,81,4,,0,10,,44605,81,4,,0,10,,44606,81,4,,0,10,,44607,81,4,,0,50,,44608,81,4,,0,10,,44609,81,4,,0,10,,44610,81,4,,0,10,,44611,81,4,,0,10,,44612,81,4,,0,10,,44613,81,4,,0,50,,44614,81,4,,0,10,,44615,81,4,,0,10,,44616,81,4,,0,10,,44617,81,4,,0,10,,44618,81,4,,0,10,,44619,81,4,,0,50,,44620,81,4,,0,10,,44621,81,4,,0,10,,44622,81,4,,0,10,,44623,81,4,,0,10,,44624,81,4,,0,10,,44625,81,4,,0,50,,44626,81,4,,0,10,,44627,81,4,,0,10,,44628,81,4,,0,10,,44629,81,4,,0,10,,44630,81,4,,0,10,,44631,81,4,,0,50,,44632,81,4,,0,10,,44633,81,4,,0,10,,44634,81,4,,0,10,,44635,81,4,,0,10,,44636,81,4,,0,10,,44637,81,4,,0,50,,44638,81,4,,0,10,,44639,81,4,,0,10,,44640,81,4,,0,10,,44641,81,4,,0,10,,44642,81,4,,0,10,,44643,81,4,,0,50,,44644,81,4,,0,10,,44645,81,4,,0,10,,44646,81,4,,0,10,,44647,81,4,,0,10,,44648,81,4,,0,10,,44649,81,4,,0,50,,44650,81,4,,0,10,,44651,81,4,,0,10,,44652,81,4,,0,10,,44653,81,4,,0,10,,44654,81,4,,0,10,,44655,81,4,,0,50,,44656,81,4,,0,10,,44657,81,4,,0,15,,44658,81,4,,0,15,,44659,81,4,,0,15,,44660,81,4,,0,55,,44661,81,4,,0,30,,44662,81,4,,0,70,,44663,81,4,,0,30,,44664,81,4,,0,70,,44665,81,4,,0,30,,44666,81,4,,0,70,,44667,81,4,,0,30,,44668,81,4,,0,70,,44669,81,4,,0,30,,44670,81,4,,0,70,,44671,81,4,,0,30,,44672,81,4,,0
1701,'1374',644,,44673,81,4,,0,70,,44674,81,4,,0,15,,44675,81,4,,0,15,,44676,81,4,,0,15,,44677,81,4,,0,55,,44678,81,4,,0,10,,44679,81,4,,0,10,,44680,81,4,,0,10,,44681,81,4,,0,10,,44682,81,4,,0,50,,44683,81,4,,0,10,,44684,81,4,,0,10,,44685,81,4,,0,10,,44686,81,4,,0,10,,44687,81,4,,0,10,,44688,81,4,,0,50,,44689,81,4,,0,10,,44690,81,4,,0,10,,44691,81,4,,0,10,,44692,81,4,,0,10,,44693,81,4,,0,10,,44694,81,4,,0,50,,44695,81,4,,0,10,,44696,81,4,,0,10,,44697,81,4,,0,10,,44698,81,4,,0,10,,44699,81,4,,0,10,,44700,81,4,,0,50,,44701,81,4,,0,10,,44702,81,4,,0,10,,44703,81,4,,0,10,,44704,81,4,,0,10,,44705,81,4,,0,10,,44706,81,4,,0,50,,44707,81,4,,0,10,,44708,81,4,,0,10,,44709,81,4,,0,10,,44710,81,4,,0,10,,44711,81,4,,0,10,,44712,81,4,,0,50,,44713,81,4,,0,10,,44714,81,4,,0,10,,44715,81,4,,0,10,,44716,81,4,,0,10,,44717,81,4,,0,10,,44718,81,4,,0,50,,44719,81,4,,0,10,,44720,81,4,,0,10,,44721,81,4,,0,10,,44722,81,4,,0,10,,44723,81,4,,0,10,,44724,81,4,,0,50,,44725,81,4,,0,10,,44726,81,4,,0,10,,44727,81,4,,0,10,,44728,81,4,,0,10,,44729,81,4,,0,10,,44730,81,4,,0,50,,44731,81,4,,0,10,,44732,81,4,,0,10,,44733,81,4,,0,10,,44734,81,4,,0,10,,44735,81,4,,0,10,,44736,81,4,,0,50,,44737,81,4,,0,10,,44738,81,4,,0,10,,44739,81,4,,0,10,,44740,81,4,,0,10,,44741,81,4,,0,10,,44742,81,4,,0,50,,44743,81,4,,0,10,,44744,81,4,,0,15,,44745,81,4,,0,15,,44746,81,4,,0,15,,44747,81,4,,0,55,,44748,81,4,,0,30,,44749,81,4,,0,70,,44750,81,4,,0,30,,44751,81,4,,0,70,,44752,81,4,,0,30,,44753,81,4,,0,70,,44754,81,4,,0,30,,44755,81,4,,0,70,,44756,81,4,,0,30,,44757,81,4,,0,70,,44758,81,4,,0,30,,44759,81,4,,0
1701,'1375',644,,44760,81,4,,0,70,,44761,81,4,,0,15,,44762,81,4,,0,15,,44763,81,4,,0,15,,44764,81,4,,0,55,,44765,81,4,,0,10,,44766,81,4,,0,10,,44767,81,4,,0,10,,44768,81,4,,0,10,,44769,81,4,,0,50,,44770,81,4,,0,10,,44771,81,4,,0,10,,44772,81,4,,0,10,,44773,81,4,,0,10,,44774,81,4,,0,10,,44775,81,4,,0,50,,44776,81,4,,0,10,,44777,81,4,,0,10,,44778,81,4,,0,10,,44779,81,4,,0,10,,44780,81,4,,0,10,,44781,81,4,,0,50,,44782,81,4,,0,10,,44783,81,4,,0,10,,44784,81,4,,0,10,,44785,81,4,,0,10,,44786,81,4,,0,10,,44787,81,4,,0,50,,44788,81,4,,0,10,,44789,81,4,,0,10,,44790,81,4,,0,10,,44791,81,4,,0,10,,44792,81,4,,0,10,,44793,81,4,,0,50,,44794,81,4,,0,10,,44795,81,4,,0,10,,44796,81,4,,0,10,,44797,81,4,,0,10,,44798,81,4,,0,10,,44799,81,4,,0,50,,44800,81,4,,0,10,,44801,81,4,,0,10,,44802,81,4,,0,10,,44803,81,4,,0,10,,44804,81,4,,0,10,,44805,81,4,,0,50,,44806,81,4,,0,10,,44807,81,4,,0,10,,44808,81,4,,0,10,,44809,81,4,,0,10,,44810,81,4,,0,10,,44811,81,4,,0,50,,44812,81,4,,0,10,,44813,81,4,,0,10,,44814,81,4,,0,10,,44815,81,4,,0,10,,44816,81,4,,0,10,,44817,81,4,,0,50,,44818,81,4,,0,10,,44819,81,4,,0,10,,44820,81,4,,0,10,,44821,81,4,,0,10,,44822,81,4,,0,10,,44823,81,4,,0,50,,44824,81,4,,0,10,,44825,81,4,,0,10,,44826,81,4,,0,10,,44827,81,4,,0,10,,44828,81,4,,0,10,,44829,81,4,,0,50,,44830,81,4,,0,10,,44831,81,4,,0,15,,44832,81,4,,0,15,,44833,81,4,,0,15,,44834,81,4,,0,55,,44835,81,4,,0,30,,44836,81,4,,0,70,,44837,81,4,,0,30,,44838,81,4,,0,70,,44839,81,4,,0,30,,44840,81,4,,0,70,,44841,81,4,,0,30,,44842,81,4,,0,70,,44843,81,4,,0,30,,44844,81,4,,0,70,,44845,81,4,,0,30,,44846,81,4,,0
