1701,'1383',737,,58766,54,,,0,100,,58768,54,,,0,100,,58767,54,,,0,109,,58765,54,,,0,80,,58764,54,,,0,80,,58763,54,,,0,40,,58762,54,,,0,80,,58761,54,,,0,80,,58760,54,,,0,40,,58759,54,,,0,80,,58758,54,,,0,80,,58757,54,,,0,40,,58756,54,,,0,80,,58755,54,,,0,80,,58754,54,,,0,40,,58753,54,,,0,80,,58752,54,,,0,80,,58751,54,,,0
1701,'1384',616,,58794,54,,,0,30,,58795,54,,,0,70,,58796,54,,,0,30,,58797,54,,,0,70,,58798,54,,,0,30,,58799,54,,,0,70,,58800,54,,,0,30,,58769,54,,,0,70,,58770,54,,,0,30,,58771,54,,,0,60,,58772,54,,,0,20,,58773,54,,,0,20,,58774,54,,,0,60,,58775,54,,,0,20,,58776,54,,,0,20,,58777,54,,,0,60,,58778,54,,,0,20,,58779,54,,,0,20,,58780,54,,,0,60,,58781,54,,,0,20,,58782,54,,,0,20,,58783,54,,,0,60,,58784,54,,,0,20,,58785,54,,,0,20,,58786,54,,,0,60,,58787,54,,,0,20,,58788,54,,,0,20,,58789,54,,,0,60,,58790,54,,,0,20,,58791,54,,,0,20,,58801,54,,,0,60,,58792,54,,,0,20,,58793,54,,,0,20,,58802,54,,,0,70,,58803,54,,,0,30,,58804,54,,,0,70,,58805,54,,,0,30,,58806,54,,,0,70,,58807,54,,,0,30,,58808,54,,,0,70,,58809,54,,,0,30,,58810,54,,,0,70,,58811,54,,,0,30,,58812,54,,,0,70,,58813,54,,,0,30,,58814,54,,,0,70,,58815,54,,,0
1701,'1385',614,,58816,54,,,0,30,,58817,54,,,0,15,,58818,54,,,0,55,,58819,54,,,0,15,,58820,54,,,0,15,,58821,54,,,0,10,,58822,54,,,0,50,,58823,54,,,0,10,,58824,54,,,0,10,,58825,54,,,0,10,,58826,54,,,0,10,,58827,54,,,0,10,,58828,54,,,0,50,,58829,54,,,0,10,,58830,54,,,0,10,,58831,54,,,0,10,,58832,54,,,0,10,,58833,54,,,0,10,,58834,54,,,0,50,,58835,54,,,0,10,,58875,54,,,0,10,,58836,54,,,0,10,,58861,54,,,0,10,,58862,54,,,0,10,,58863,54,,,0,50,,58864,54,,,0,10,,58865,54,,,0,10,,58866,54,,,0,10,,58867,54,,,0,10,,58868,54,,,0,10,,58869,54,,,0,50,,58870,54,,,0,10,,58871,54,,,0,10,,58872,54,,,0,10,,58873,54,,,0,10,,58874,54,,,0,10,,58876,54,,,0,50,,58877,54,,,0,10,,58879,54,,,0,10,,58880,54,,,0,10,,58881,54,,,0,10,,58882,54,,,0,10,,58883,54,,,0,50,,58884,54,,,0,10,,58885,54,,,0,10,,58837,54,,,0,10,,58838,54,,,0,10,,58839,54,,,0,10,,58840,54,,,0,50,,58841,54,,,0,10,,58842,54,,,0,10,,58843,54,,,0,10,,58844,54,,,0,10,,58845,54,,,0,10,,58846,54,,,0,50,,58847,54,,,0,10,,58848,54,,,0,10,,58849,54,,,0,10,,58850,54,,,0,10,,58851,54,,,0,10,,58852,54,,,0,50,,58853,54,,,0,10,,58854,54,,,0,10,,58855,54,,,0,10,,58856,54,,,0,10,,58857,54,,,0,10,,58858,54,,,0,50,,58859,54,,,0,10,,58860,54,,,0,10,,58886,54,,,0,10,,58887,54,,,0,10,,58888,54,,,0,15,,58889,54,,,0,55,,58890,54,,,0,15,,58891,54,,,0,15,,58892,54,,,0,70,,58893,54,,,0,30,,58894,54,,,0,70,,58895,54,,,0,30,,58896,54,,,0,70,,58897,54,,,0,30,,58898,54,,,0,70,,58899,54,,,0,30,,58900,54,,,0,70,,58901,54,,,0,30,,58902,54,,,0,70,,58878,54,,,0
1701,'1386',614,,58903,54,,,0,30,,58904,54,,,0,15,,58905,54,,,0,55,,58906,54,,,0,15,,58907,54,,,0,15,,58908,54,,,0,10,,58909,54,,,0,50,,58910,54,,,0,10,,58911,54,,,0,10,,58912,54,,,0,10,,58913,54,,,0,10,,58914,54,,,0,10,,58915,54,,,0,50,,58916,54,,,0,10,,58917,54,,,0,10,,58918,54,,,0,10,,58919,54,,,0,10,,58920,54,,,0,10,,58921,54,,,0,50,,58922,54,,,0,10,,58962,54,,,0,10,,58923,54,,,0,10,,58948,54,,,0,10,,58949,54,,,0,10,,58950,54,,,0,50,,58951,54,,,0,10,,58952,54,,,0,10,,58953,54,,,0,10,,58954,54,,,0,10,,58955,54,,,0,10,,58956,54,,,0,50,,58957,54,,,0,10,,58958,54,,,0,10,,58959,54,,,0,10,,58960,54,,,0,10,,58961,54,,,0,10,,58963,54,,,0,50,,58964,54,,,0,10,,58966,54,,,0,10,,58967,54,,,0,10,,58968,54,,,0,10,,58969,54,,,0,10,,58970,54,,,0,50,,58971,54,,,0,10,,58972,54,,,0,10,,58924,54,,,0,10,,58925,54,,,0,10,,58926,54,,,0,10,,58927,54,,,0,50,,58928,54,,,0,10,,58929,54,,,0,10,,58930,54,,,0,10,,58931,54,,,0,10,,58932,54,,,0,10,,58933,54,,,0,50,,58934,54,,,0,10,,58935,54,,,0,10,,58936,54,,,0,10,,58937,54,,,0,10,,58938,54,,,0,10,,58939,54,,,0,50,,58940,54,,,0,10,,58941,54,,,0,10,,58942,54,,,0,10,,58943,54,,,0,10,,58944,54,,,0,10,,58945,54,,,0,50,,58946,54,,,0,10,,58947,54,,,0,10,,58973,54,,,0,10,,58974,54,,,0,10,,58975,54,,,0,15,,58976,54,,,0,55,,58977,54,,,0,15,,58978,54,,,0,15,,58979,54,,,0,70,,58980,54,,,0,30,,58981,54,,,0,70,,58982,54,,,0,30,,58983,54,,,0,70,,58984,54,,,0,30,,58985,54,,,0,70,,58986,54,,,0,30,,58987,54,,,0,70,,58988,54,,,0,30,,58989,54,,,0,70,,58965,54,,,0
1701,'1387',614,,58990,54,,,0,30,,58991,54,,,0,15,,58992,54,,,0,55,,58993,54,,,0,15,,58994,54,,,0,15,,58995,54,,,0,10,,58996,54,,,0,50,,58997,54,,,0,10,,58998,54,,,0,10,,58999,54,,,0,10,,59000,54,,,0,10,,59001,54,,,0,10,,59002,54,,,0,50,,59003,54,,,0,10,,59004,54,,,0,10,,59005,54,,,0,10,,59006,54,,,0,10,,59007,54,,,0,10,,59008,54,,,0,50,,59009,54,,,0,10,,59049,54,,,0,10,,59010,54,,,0,10,,59035,54,,,0,10,,59036,54,,,0,10,,59037,54,,,0,50,,59038,54,,,0,10,,59039,54,,,0,10,,59040,54,,,0,10,,59041,54,,,0,10,,59042,54,,,0,10,,59043,54,,,0,50,,59044,54,,,0,10,,59045,54,,,0,10,,59046,54,,,0,10,,59047,54,,,0,10,,59048,54,,,0,10,,59050,54,,,0,50,,59051,54,,,0,10,,59053,54,,,0,10,,59054,54,,,0,10,,59055,54,,,0,10,,59056,54,,,0,10,,59057,54,,,0,50,,59058,54,,,0,10,,59059,54,,,0,10,,59011,54,,,0,10,,59012,54,,,0,10,,59013,54,,,0,10,,59014,54,,,0,50,,59015,54,,,0,10,,59016,54,,,0,10,,59017,54,,,0,10,,59018,54,,,0,10,,59019,54,,,0,10,,59020,54,,,0,50,,59021,54,,,0,10,,59022,54,,,0,10,,59023,54,,,0,10,,59024,54,,,0,10,,59025,54,,,0,10,,59026,54,,,0,50,,59027,54,,,0,10,,59028,54,,,0,10,,59029,54,,,0,10,,59030,54,,,0,10,,59031,54,,,0,10,,59032,54,,,0,50,,59033,54,,,0,10,,59034,54,,,0,10,,59060,54,,,0,10,,59061,54,,,0,10,,59062,54,,,0,15,,59063,54,,,0,55,,59064,54,,,0,15,,59065,54,,,0,15,,59066,54,,,0,70,,59067,54,,,0,30,,59068,54,,,0,70,,59069,54,,,0,30,,59070,54,,,0,70,,59071,54,,,0,30,,59072,54,,,0,70,,59073,54,,,0,30,,59074,54,,,0,70,,59075,54,,,0,30,,59076,54,,,0,70,,59052,54,,,0
1701,'1388',614,,59077,54,,,0,30,,59078,54,,,0,15,,59079,54,,,0,55,,59080,54,,,0,15,,59081,54,,,0,15,,59082,54,,,0,10,,59083,54,,,0,50,,59084,54,,,0,10,,59085,54,,,0,10,,59086,54,,,0,10,,59087,54,,,0,10,,59088,54,,,0,10,,59089,54,,,0,50,,59090,54,,,0,10,,59091,54,,,0,10,,59092,54,,,0,10,,59093,54,,,0,10,,59094,54,,,0,10,,59095,54,,,0,50,,59096,54,,,0,10,,59136,54,,,0,10,,59097,54,,,0,10,,59122,54,,,0,10,,59123,54,,,0,10,,59124,54,,,0,50,,59125,54,,,0,10,,59126,54,,,0,10,,59127,54,,,0,10,,59128,54,,,0,10,,59129,54,,,0,10,,59130,54,,,0,50,,59131,54,,,0,10,,59132,54,,,0,10,,59133,54,,,0,10,,59134,54,,,0,10,,59135,54,,,0,10,,59137,54,,,0,50,,59138,54,,,0,10,,59140,54,,,0,10,,59141,54,,,0,10,,59142,54,,,0,10,,59143,54,,,0,10,,59144,54,,,0,50,,59145,54,,,0,10,,59146,54,,,0,10,,59098,54,,,0,10,,59099,54,,,0,10,,59100,54,,,0,10,,59101,54,,,0,50,,59102,54,,,0,10,,59103,54,,,0,10,,59104,54,,,0,10,,59105,54,,,0,10,,59106,54,,,0,10,,59107,54,,,0,50,,59108,54,,,0,10,,59109,54,,,0,10,,59110,54,,,0,10,,59111,54,,,0,10,,59112,54,,,0,10,,59113,54,,,0,50,,59114,54,,,0,10,,59115,54,,,0,10,,59116,54,,,0,10,,59117,54,,,0,10,,59118,54,,,0,10,,59119,54,,,0,50,,59120,54,,,0,10,,59121,54,,,0,10,,59147,54,,,0,10,,59148,54,,,0,10,,59149,54,,,0,15,,59150,54,,,0,55,,59151,54,,,0,15,,59152,54,,,0,15,,59153,54,,,0,70,,59154,54,,,0,30,,59155,54,,,0,70,,59156,54,,,0,30,,59157,54,,,0,70,,59158,54,,,0,30,,59159,54,,,0,70,,59160,54,,,0,30,,59161,54,,,0,70,,59162,54,,,0,30,,59163,54,,,0,70,,59139,54,,,0
1701,'1389',614,,59164,54,,,0,30,,59165,54,,,0,15,,59166,54,,,0,55,,59167,54,,,0,15,,59168,54,,,0,15,,59169,54,,,0,10,,59170,54,,,0,50,,59171,54,,,0,10,,59172,54,,,0,10,,59173,54,,,0,10,,59174,54,,,0,10,,59175,54,,,0,10,,59176,54,,,0,50,,59177,54,,,0,10,,59178,54,,,0,10,,59179,54,,,0,10,,59180,54,,,0,10,,59181,54,,,0,10,,59182,54,,,0,50,,59183,54,,,0,10,,59223,54,,,0,10,,59184,54,,,0,10,,59209,54,,,0,10,,59210,54,,,0,10,,59211,54,,,0,50,,59212,54,,,0,10,,59213,54,,,0,10,,59214,54,,,0,10,,59215,54,,,0,10,,59216,54,,,0,10,,59217,54,,,0,50,,59218,54,,,0,10,,59219,54,,,0,10,,59220,54,,,0,10,,59221,54,,,0,10,,59222,54,,,0,10,,59224,54,,,0,50,,59225,54,,,0,10,,59227,54,,,0,10,,59228,54,,,0,10,,59229,54,,,0,10,,59230,54,,,0,10,,59231,54,,,0,50,,59232,54,,,0,10,,59233,54,,,0,10,,59185,54,,,0,10,,59186,54,,,0,10,,59187,54,,,0,10,,59188,54,,,0,50,,59189,54,,,0,10,,59190,54,,,0,10,,59191,54,,,0,10,,59192,54,,,0,10,,59193,54,,,0,10,,59194,54,,,0,50,,59195,54,,,0,10,,59196,54,,,0,10,,59197,54,,,0,10,,59198,54,,,0,10,,59199,54,,,0,10,,59200,54,,,0,50,,59201,54,,,0,10,,59202,54,,,0,10,,59203,54,,,0,10,,59204,54,,,0,10,,59205,54,,,0,10,,59206,54,,,0,50,,59207,54,,,0,10,,59208,54,,,0,10,,59234,54,,,0,10,,59235,54,,,0,10,,59236,54,,,0,15,,59237,54,,,0,55,,59238,54,,,0,15,,59239,54,,,0,15,,59240,54,,,0,70,,59241,54,,,0,30,,59242,54,,,0,70,,59243,54,,,0,30,,59244,54,,,0,70,,59245,54,,,0,30,,59246,54,,,0,70,,59247,54,,,0,30,,59248,54,,,0,70,,59249,54,,,0,30,,59250,54,,,0,70,,59226,54,,,0
1901,'1383',940,,60309,56,,,0,100,,60310,56,,,0,100,,60311,56,,,0,100,,60312,56,,,0,100,,60313,56,,,0,100,,60315,56,,,0,100,,60314,56,,,0,100,,60308,56,,,0,100,,60307,56,,,0,100,,60306,56,,,0,100,,60305,56,,,0,100,,60304,56,,,0
1901,'1384',840,,60316,56,,,0,100,,60317,56,,,0,100,,60318,56,,,0,70,,60319,56,,,0,30,,60320,56,,,0,70,,60321,56,,,0,30,,60322,56,,,0,70,,60323,56,,,0,30,,60324,56,,,0,70,,60325,56,,,0,30,,60326,56,,,0,70,,60327,56,,,0,30,,60328,56,,,0,70,,60329,56,,,0,30,,60330,56,,,0,70,,60331,56,,,0,30,,60332,56,,,0,70,,60333,56,,,0,30,,60334,56,,,0,70,,60335,56,,,0,30,,60336,56,,,0,70,,60337,56,,,0,30,,60338,56,,,0,100,,60339,56,,,0,100,,60340,56,,,0,100,,60341,56,,,0
1901,'1385',640,,60342,56,,,0,70,,60343,56,,,0,30,,60344,56,,,0,70,,60345,56,,,0,30,,60346,56,,,0,70,,60347,56,,,0,30,,60348,56,,,0,70,,60349,56,,,0,30,,60350,56,,,0,70,,60351,56,,,0,30,,60352,56,,,0,70,,60353,56,,,0,30,,60354,56,,,0,70,,60355,56,,,0,30,,60356,56,,,0,70,,60357,56,,,0,30,,60358,56,,,0,70,,60359,56,,,0,30,,60360,56,,,0,70,,60361,56,,,0,30,,60362,56,,,0,70,,60363,56,,,0,30,,60364,56,,,0,70,,60365,56,,,0,30,,60366,56,,,0,70,,60367,56,,,0,30,,60368,56,,,0,70,,60369,56,,,0,30,,60370,56,,,0,70,,60371,56,,,0,30,,60372,56,,,0,70,,60373,56,,,0,100,,60374,56,,,0,100,,60375,56,,,0
1901,'1386',640,,60376,56,,,0,70,,60377,56,,,0,30,,60378,56,,,0,70,,60379,56,,,0,30,,60380,56,,,0,70,,60381,56,,,0,30,,60382,56,,,0,70,,60383,56,,,0,30,,60384,56,,,0,70,,60385,56,,,0,30,,60386,56,,,0,70,,60387,56,,,0,30,,60388,56,,,0,70,,60389,56,,,0,30,,60390,56,,,0,70,,60391,56,,,0,30,,60392,56,,,0,70,,60393,56,,,0,30,,60394,56,,,0,70,,60395,56,,,0,30,,60396,56,,,0,70,,60397,56,,,0,30,,60398,56,,,0,70,,60399,56,,,0,30,,60400,56,,,0,70,,60401,56,,,0,30,,60402,56,,,0,70,,60403,56,,,0,30,,60404,56,,,0,70,,60405,56,,,0,30,,60406,56,,,0,70,,60407,56,,,0,100,,60408,56,,,0,100,,60409,56,,,0
1901,'1387',640,,60410,56,,,0,70,,60411,56,,,0,30,,60412,56,,,0,70,,60413,56,,,0,30,,60414,56,,,0,70,,60415,56,,,0,30,,60416,56,,,0,70,,60417,56,,,0,30,,60418,56,,,0,70,,60419,56,,,0,30,,60420,56,,,0,70,,60421,56,,,0,30,,60422,56,,,0,70,,60423,56,,,0,30,,60424,56,,,0,70,,60425,56,,,0,30,,60426,56,,,0,70,,60427,56,,,0,30,,60428,56,,,0,70,,60429,56,,,0,30,,60430,56,,,0,70,,60431,56,,,0,30,,60432,56,,,0,70,,60433,56,,,0,30,,60434,56,,,0,70,,60435,56,,,0,30,,60436,56,,,0,70,,60437,56,,,0,30,,60438,56,,,0,70,,60439,56,,,0,30,,60440,56,,,0,70,,60441,56,,,0,100,,60442,56,,,0,100,,60443,56,,,0
1901,'1388',640,,60444,56,,,0,70,,60445,56,,,0,30,,60446,56,,,0,70,,60447,56,,,0,30,,60448,56,,,0,70,,60449,56,,,0,30,,60450,56,,,0,70,,60451,56,,,0,30,,60452,56,,,0,70,,60453,56,,,0,30,,60454,56,,,0,70,,60455,56,,,0,30,,60456,56,,,0,70,,60457,56,,,0,30,,60458,56,,,0,70,,60459,56,,,0,30,,60460,56,,,0,70,,60461,56,,,0,30,,60462,56,,,0,70,,60463,56,,,0,30,,60464,56,,,0,70,,60465,56,,,0,30,,60466,56,,,0,70,,60467,56,,,0,30,,60468,56,,,0,70,,60469,56,,,0,30,,60470,56,,,0,70,,60471,56,,,0,30,,60472,56,,,0,70,,60473,56,,,0,30,,60474,56,,,0,70,,60475,56,,,0,100,,60476,56,,,0,100,,60477,56,,,0
1901,'1389',640,,60478,56,,,0,70,,60479,56,,,0,30,,60480,56,,,0,70,,60481,56,,,0,30,,60482,56,,,0,70,,60483,56,,,0,30,,60484,56,,,0,70,,60485,56,,,0,30,,60486,56,,,0,70,,60487,56,,,0,30,,60488,56,,,0,70,,60489,56,,,0,30,,60490,56,,,0,70,,60491,56,,,0,30,,60492,56,,,0,70,,60493,56,,,0,30,,60494,56,,,0,70,,60495,56,,,0,30,,60496,56,,,0,70,,60497,56,,,0,30,,60498,56,,,0,70,,60499,56,,,0,30,,60500,56,,,0,70,,60501,56,,,0,30,,60502,56,,,0,70,,60503,56,,,0,30,,60504,56,,,0,70,,60505,56,,,0,30,,60506,56,,,0,70,,60507,56,,,0,30,,60508,56,,,0,70,,60509,56,,,0,100,,60510,56,,,0,100,,60511,56,,,0
552201,'1385',715,,62021,19,0,9,0,30,,62020,19,0,9,0,70,,62019,19,0,9,0,30,,62018,19,0,9,0,70,,62017,19,0,9,0,30,,62016,19,0,9,0,70,,62015,19,0,9,0,30,,61999,19,0,9,0,70,,62000,19,0,9,0,30,,62001,19,0,9,0,70,,62002,19,0,9,0,30,,62003,19,0,9,0,70,,62004,19,0,9,0,30,,62005,19,0,9,0,70,,62006,19,0,9,0,30,,62007,19,0,9,0,70,,62008,19,0,9,0,30,,62009,19,0,9,0,70,,62010,19,0,9,0,30,,62011,19,0,9,0,70,,62012,19,0,9,0,30,,62013,19,0,9,0,70,,62014,19,0,9,0
552201,'1386',715,,62044,19,0,9,0,30,,62043,19,0,9,0,70,,62042,19,0,9,0,30,,62041,19,0,9,0,70,,62040,19,0,9,0,30,,62039,19,0,9,0,70,,62038,19,0,9,0,30,,62022,19,0,9,0,70,,62023,19,0,9,0,30,,62024,19,0,9,0,70,,62025,19,0,9,0,30,,62026,19,0,9,0,70,,62027,19,0,9,0,30,,62028,19,0,9,0,70,,62029,19,0,9,0,30,,62030,19,0,9,0,70,,62031,19,0,9,0,30,,62032,19,0,9,0,70,,62033,19,0,9,0,30,,62034,19,0,9,0,70,,62035,19,0,9,0,30,,62036,19,0,9,0,70,,62037,19,0,9,0
552201,'1387',715,,62067,19,0,9,0,30,,62066,19,0,9,0,70,,62065,19,0,9,0,30,,62064,19,0,9,0,70,,62063,19,0,9,0,30,,62062,19,0,9,0,70,,62061,19,0,9,0,30,,62045,19,0,9,0,70,,62046,19,0,9,0,30,,62047,19,0,9,0,70,,62048,19,0,9,0,30,,62049,19,0,9,0,70,,62050,19,0,9,0,30,,62051,19,0,9,0,70,,62052,19,0,9,0,30,,62053,19,0,9,0,70,,62054,19,0,9,0,30,,62055,19,0,9,0,70,,62056,19,0,9,0,30,,62057,19,0,9,0,70,,62058,19,0,9,0,30,,62059,19,0,9,0,70,,62060,19,0,9,0
552201,'1388',715,,62090,19,0,9,0,30,,62089,19,0,9,0,70,,62088,19,0,9,0,30,,62087,19,0,9,0,70,,62086,19,0,9,0,30,,62085,19,0,9,0,70,,62084,19,0,9,0,30,,62068,19,0,9,0,70,,62069,19,0,9,0,30,,62070,19,0,9,0,70,,62071,19,0,9,0,30,,62072,19,0,9,0,70,,62073,19,0,9,0,30,,62074,19,0,9,0,70,,62075,19,0,9,0,30,,62076,19,0,9,0,70,,62077,19,0,9,0,30,,62078,19,0,9,0,70,,62079,19,0,9,0,30,,62080,19,0,9,0,70,,62081,19,0,9,0,30,,62082,19,0,9,0,70,,62083,19,0,9,0
552201,'1389',715,,62113,19,0,9,0,30,,62112,19,0,9,0,70,,62111,19,0,9,0,30,,62110,19,0,9,0,70,,62109,19,0,9,0,30,,62108,19,0,9,0,70,,62107,19,0,9,0,30,,62091,19,0,9,0,70,,62092,19,0,9,0,30,,62093,19,0,9,0,70,,62094,19,0,9,0,30,,62095,19,0,9,0,70,,62096,19,0,9,0,30,,62097,19,0,9,0,70,,62098,19,0,9,0,30,,62099,19,0,9,0,70,,62100,19,0,9,0,30,,62101,19,0,9,0,70,,62102,19,0,9,0,30,,62103,19,0,9,0,70,,62104,19,0,9,0,30,,62105,19,0,9,0,70,,62106,19,0,9,0
