1701,'1369',757,,44364,75,,,0,100,,44363,75,,,0,100,,44362,75,,,0,156,,44361,75,,,0,40,,44360,75,,,0,79,,44359,75,,,0,80,,44358,75,,,0,40,,44357,75,,,0,80,,44356,75,,,0,80,,44355,75,,,0,40,,44354,75,,,0,80,,44353,75,,,0,80,,44352,75,,,0,40,,44351,75,,,0,80,,44350,75,,,0,80,,44349,75,,,0,40,,44348,75,,,0,80,,44347,75,,,0
1701,'1370',640,,44390,75,,,0,70,,44391,75,,,0,30,,44392,75,,,0,70,,44393,75,,,0,30,,44394,75,,,0,70,,44395,75,,,0,30,,44396,75,,,0,72,,44365,75,,,0,30,,44366,75,,,0,70,,44367,75,,,0,20,,44368,75,,,0,20,,44369,75,,,0,60,,44370,75,,,0,20,,44371,75,,,0,20,,44372,75,,,0,60,,44373,75,,,0,20,,44374,75,,,0,20,,44375,75,,,0,60,,44376,75,,,0,20,,44377,75,,,0,20,,44378,75,,,0,60,,44379,75,,,0,20,,44380,75,,,0,20,,44381,75,,,0,60,,44382,75,,,0,20,,44383,75,,,0,20,,44384,75,,,0,60,,44385,75,,,0,20,,44386,75,,,0,20,,44387,75,,,0,58,,44397,75,,,0,22,,44388,75,,,0,20,,44389,75,,,0,58,,44398,75,,,0,30,,44399,75,,,0,70,,44400,75,,,0,30,,44401,75,,,0,70,,44402,75,,,0,30,,44403,75,,,0,70,,44404,75,,,0,30,,44405,75,,,0,70,,44406,75,,,0,30,,44407,75,,,0,70,,44408,75,,,0,30,,44409,75,,,0,70,,44410,75,,,0,30,,44411,75,,,0
1701,'1371',639,,44412,75,,,0,70,,44413,75,,,0,15,,44414,75,,,0,15,,44415,75,,,0,15,,44416,75,,,0,55,,44417,75,,,0,10,,44418,75,,,0,10,,44419,75,,,0,10,,44420,75,,,0,10,,44421,75,,,0,10,,44422,75,,,0,50,,44423,75,,,0,10,,44424,75,,,0,10,,44425,75,,,0,10,,44426,75,,,0,10,,44427,75,,,0,10,,44428,75,,,0,50,,44429,75,,,0,10,,44430,75,,,0,10,,44431,75,,,0,10,,44432,75,,,0,10,,44433,75,,,0,10,,44434,75,,,0,50,,44435,75,,,0,10,,44436,75,,,0,10,,44437,75,,,0,10,,44438,75,,,0,10,,44439,75,,,0,10,,44440,75,,,0,50,,44441,75,,,0,10,,44442,75,,,0,10,,44443,75,,,0,10,,44444,75,,,0,10,,44445,75,,,0,10,,44446,75,,,0,50,,44447,75,,,0,10,,44448,75,,,0,10,,44449,75,,,0,10,,44450,75,,,0,10,,44451,75,,,0,10,,44452,75,,,0,50,,44453,75,,,0,10,,44454,75,,,0,10,,44455,75,,,0,10,,44456,75,,,0,10,,44457,75,,,0,10,,44458,75,,,0,50,,44459,75,,,0,10,,44460,75,,,0,10,,44461,75,,,0,10,,44462,75,,,0,10,,44463,75,,,0,10,,44464,75,,,0,50,,44465,75,,,0,10,,44466,75,,,0,10,,44467,75,,,0,10,,44468,75,,,0,10,,44469,75,,,0,10,,44470,75,,,0,50,,44471,75,,,0,10,,44472,75,,,0,10,,44473,75,,,0,10,,44474,75,,,0,10,,44475,75,,,0,10,,44476,75,,,0,50,,44477,75,,,0,10,,44478,75,,,0,10,,44479,75,,,0,10,,44480,75,,,0,10,,44481,75,,,0,10,,44482,75,,,0,50,,44483,75,,,0,15,,44484,75,,,0,15,,44485,75,,,0,15,,44486,75,,,0,55,,44487,75,,,0,30,,44488,75,,,0,70,,44489,75,,,0,30,,44490,75,,,0,70,,44491,75,,,0,30,,44492,75,,,0,70,,44493,75,,,0,30,,44494,75,,,0,70,,44495,75,,,0,30,,44496,75,,,0,70,,44497,75,,,0,30,,44498,75,,,0
1701,'1372',639,,44499,75,,,0,70,,44500,75,,,0,15,,44501,75,,,0,15,,44502,75,,,0,15,,44503,75,,,0,55,,44504,75,,,0,10,,44505,75,,,0,10,,44506,75,,,0,10,,44507,75,,,0,10,,44508,75,,,0,10,,44509,75,,,0,50,,44510,75,,,0,10,,44511,75,,,0,10,,44512,75,,,0,10,,44513,75,,,0,10,,44514,75,,,0,10,,44515,75,,,0,50,,44516,75,,,0,10,,44517,75,,,0,10,,44518,75,,,0,10,,44519,75,,,0,10,,44520,75,,,0,10,,44521,75,,,0,50,,44522,75,,,0,10,,44523,75,,,0,10,,44524,75,,,0,10,,44525,75,,,0,10,,44526,75,,,0,10,,44527,75,,,0,50,,44528,75,,,0,10,,44529,75,,,0,10,,44530,75,,,0,10,,44531,75,,,0,10,,44532,75,,,0,10,,44533,75,,,0,50,,44534,75,,,0,10,,44535,75,,,0,10,,44536,75,,,0,10,,44537,75,,,0,10,,44538,75,,,0,10,,44539,75,,,0,50,,44540,75,,,0,10,,44541,75,,,0,10,,44542,75,,,0,10,,44543,75,,,0,10,,44544,75,,,0,10,,44545,75,,,0,50,,44546,75,,,0,10,,44547,75,,,0,10,,44548,75,,,0,10,,44549,75,,,0,10,,44550,75,,,0,10,,44551,75,,,0,50,,44552,75,,,0,10,,44553,75,,,0,10,,44554,75,,,0,10,,44555,75,,,0,10,,44556,75,,,0,10,,44557,75,,,0,50,,44558,75,,,0,10,,44559,75,,,0,10,,44560,75,,,0,10,,44561,75,,,0,10,,44562,75,,,0,10,,44563,75,,,0,50,,44564,75,,,0,10,,44565,75,,,0,10,,44566,75,,,0,10,,44567,75,,,0,10,,44568,75,,,0,10,,44569,75,,,0,50,,44570,75,,,0,15,,44571,75,,,0,15,,44572,75,,,0,15,,44573,75,,,0,55,,44574,75,,,0,30,,44575,75,,,0,70,,44576,75,,,0,30,,44577,75,,,0,70,,44578,75,,,0,30,,44579,75,,,0,70,,44580,75,,,0,30,,44581,75,,,0,70,,44582,75,,,0,30,,44583,75,,,0,70,,44584,75,,,0,30,,44585,75,,,0
1701,'1373',639,,44586,75,,,0,70,,44587,75,,,0,15,,44588,75,,,0,15,,44589,75,,,0,15,,44590,75,,,0,55,,44591,75,,,0,10,,44592,75,,,0,10,,44593,75,,,0,10,,44594,75,,,0,10,,44595,75,,,0,10,,44596,75,,,0,50,,44597,75,,,0,10,,44598,75,,,0,10,,44599,75,,,0,10,,44600,75,,,0,10,,44601,75,,,0,10,,44602,75,,,0,50,,44603,75,,,0,10,,44604,75,,,0,10,,44605,75,,,0,10,,44606,75,,,0,10,,44607,75,,,0,10,,44608,75,,,0,50,,44609,75,,,0,10,,44610,75,,,0,10,,44611,75,,,0,10,,44612,75,,,0,10,,44613,75,,,0,10,,44614,75,,,0,50,,44615,75,,,0,10,,44616,75,,,0,10,,44617,75,,,0,10,,44618,75,,,0,10,,44619,75,,,0,10,,44620,75,,,0,50,,44621,75,,,0,10,,44622,75,,,0,10,,44623,75,,,0,10,,44624,75,,,0,10,,44625,75,,,0,10,,44626,75,,,0,50,,44627,75,,,0,10,,44628,75,,,0,10,,44629,75,,,0,10,,44630,75,,,0,10,,44631,75,,,0,10,,44632,75,,,0,50,,44633,75,,,0,10,,44634,75,,,0,10,,44635,75,,,0,10,,44636,75,,,0,10,,44637,75,,,0,10,,44638,75,,,0,50,,44639,75,,,0,10,,44640,75,,,0,10,,44641,75,,,0,10,,44642,75,,,0,10,,44643,75,,,0,10,,44644,75,,,0,50,,44645,75,,,0,10,,44646,75,,,0,10,,44647,75,,,0,10,,44648,75,,,0,10,,44649,75,,,0,10,,44650,75,,,0,50,,44651,75,,,0,10,,44652,75,,,0,10,,44653,75,,,0,10,,44654,75,,,0,10,,44655,75,,,0,10,,44656,75,,,0,50,,44657,75,,,0,15,,44658,75,,,0,15,,44659,75,,,0,15,,44660,75,,,0,55,,44661,75,,,0,30,,44662,75,,,0,70,,44663,75,,,0,30,,44664,75,,,0,70,,44665,75,,,0,30,,44666,75,,,0,70,,44667,75,,,0,30,,44668,75,,,0,70,,44669,75,,,0,30,,44670,75,,,0,70,,44671,75,,,0,30,,44672,75,,,0
1701,'1374',639,,44673,75,,,0,70,,44674,75,,,0,15,,44675,75,,,0,15,,44676,75,,,0,15,,44677,75,,,0,55,,44678,75,,,0,10,,44679,75,,,0,10,,44680,75,,,0,10,,44681,75,,,0,10,,44682,75,,,0,10,,44683,75,,,0,50,,44684,75,,,0,10,,44685,75,,,0,10,,44686,75,,,0,10,,44687,75,,,0,10,,44688,75,,,0,10,,44689,75,,,0,50,,44690,75,,,0,10,,44691,75,,,0,10,,44692,75,,,0,10,,44693,75,,,0,10,,44694,75,,,0,10,,44695,75,,,0,50,,44696,75,,,0,10,,44697,75,,,0,10,,44698,75,,,0,10,,44699,75,,,0,10,,44700,75,,,0,10,,44701,75,,,0,50,,44702,75,,,0,10,,44703,75,,,0,10,,44704,75,,,0,10,,44705,75,,,0,10,,44706,75,,,0,10,,44707,75,,,0,50,,44708,75,,,0,10,,44709,75,,,0,10,,44710,75,,,0,10,,44711,75,,,0,10,,44712,75,,,0,10,,44713,75,,,0,50,,44714,75,,,0,10,,44715,75,,,0,10,,44716,75,,,0,10,,44717,75,,,0,10,,44718,75,,,0,10,,44719,75,,,0,50,,44720,75,,,0,10,,44721,75,,,0,10,,44722,75,,,0,10,,44723,75,,,0,10,,44724,75,,,0,10,,44725,75,,,0,50,,44726,75,,,0,10,,44727,75,,,0,10,,44728,75,,,0,10,,44729,75,,,0,10,,44730,75,,,0,10,,44731,75,,,0,50,,44732,75,,,0,10,,44733,75,,,0,10,,44734,75,,,0,10,,44735,75,,,0,10,,44736,75,,,0,10,,44737,75,,,0,50,,44738,75,,,0,10,,44739,75,,,0,10,,44740,75,,,0,10,,44741,75,,,0,10,,44742,75,,,0,10,,44743,75,,,0,50,,44744,75,,,0,15,,44745,75,,,0,15,,44746,75,,,0,15,,44747,75,,,0,55,,44748,75,,,0,30,,44749,75,,,0,70,,44750,75,,,0,30,,44751,75,,,0,70,,44752,75,,,0,30,,44753,75,,,0,70,,44754,75,,,0,30,,44755,75,,,0,70,,44756,75,,,0,30,,44757,75,,,0,70,,44758,75,,,0,30,,44759,75,,,0
1701,'1375',639,,44760,75,,,0,70,,44761,75,,,0,15,,44762,75,,,0,15,,44763,75,,,0,15,,44764,75,,,0,55,,44765,75,,,0,10,,44766,75,,,0,10,,44767,75,,,0,10,,44768,75,,,0,10,,44769,75,,,0,10,,44770,75,,,0,50,,44771,75,,,0,10,,44772,75,,,0,10,,44773,75,,,0,10,,44774,75,,,0,10,,44775,75,,,0,10,,44776,75,,,0,50,,44777,75,,,0,10,,44778,75,,,0,10,,44779,75,,,0,10,,44780,75,,,0,10,,44781,75,,,0,10,,44782,75,,,0,50,,44783,75,,,0,10,,44784,75,,,0,10,,44785,75,,,0,10,,44786,75,,,0,10,,44787,75,,,0,10,,44788,75,,,0,50,,44789,75,,,0,10,,44790,75,,,0,10,,44791,75,,,0,10,,44792,75,,,0,10,,44793,75,,,0,10,,44794,75,,,0,50,,44795,75,,,0,10,,44796,75,,,0,10,,44797,75,,,0,10,,44798,75,,,0,10,,44799,75,,,0,10,,44800,75,,,0,50,,44801,75,,,0,10,,44802,75,,,0,10,,44803,75,,,0,10,,44804,75,,,0,10,,44805,75,,,0,10,,44806,75,,,0,50,,44807,75,,,0,10,,44808,75,,,0,10,,44809,75,,,0,10,,44810,75,,,0,10,,44811,75,,,0,10,,44812,75,,,0,50,,44813,75,,,0,10,,44814,75,,,0,10,,44815,75,,,0,10,,44816,75,,,0,10,,44817,75,,,0,10,,44818,75,,,0,50,,44819,75,,,0,10,,44820,75,,,0,10,,44821,75,,,0,10,,44822,75,,,0,10,,44823,75,,,0,10,,44824,75,,,0,50,,44825,75,,,0,10,,44826,75,,,0,10,,44827,75,,,0,10,,44828,75,,,0,10,,44829,75,,,0,10,,44830,75,,,0,50,,44831,75,,,0,15,,44832,75,,,0,15,,44833,75,,,0,15,,44834,75,,,0,55,,44835,75,,,0,30,,44836,75,,,0,70,,44837,75,,,0,30,,44838,75,,,0,70,,44839,75,,,0,30,,44840,75,,,0,70,,44841,75,,,0,30,,44842,75,,,0,70,,44843,75,,,0,30,,44844,75,,,0,70,,44845,75,,,0,30,,44846,75,,,0
722502,'1371',536,,50373,6,0,16,0,100,,50374,6,0,16,0,100,,50375,6,0,16,0,100,,50376,6,0,16,0,100,,50377,6,0,16,0,100,,50378,6,0,16,0,100,,50379,6,0,16,0,100,,50380,6,0,16,0,100,,50381,6,0,16,0,100,,50382,6,0,16,0,100,,50383,6,0,16,0,100,,50384,6,0,16,0,100,,50385,6,0,16,0,100,,50386,6,0,16,0,100,,50387,6,0,16,0,100,,50388,6,0,16,0,100,,50389,6,0,16,0,100,,50390,6,0,16,0
722502,'1372',536,,50391,6,0,16,0,100,,50392,6,0,16,0,100,,50393,6,0,16,0,100,,50394,6,0,16,0,100,,50395,6,0,16,0,100,,50396,6,0,16,0,100,,50397,6,0,16,0,100,,50398,6,0,16,0,100,,50399,6,0,16,0,100,,50400,6,0,16,0,100,,50401,6,0,16,0,100,,50402,6,0,16,0,100,,50403,6,0,16,0,100,,50404,6,0,16,0,100,,50405,6,0,16,0,100,,50406,6,0,16,0,100,,50407,6,0,16,0,100,,50408,6,0,16,0
722502,'1373',536,,50409,6,0,16,0,100,,50410,6,0,16,0,100,,50411,6,0,16,0,100,,50412,6,0,16,0,100,,50413,6,0,16,0,100,,50414,6,0,16,0,100,,50415,6,0,16,0,100,,50416,6,0,16,0,100,,50417,6,0,16,0,100,,50418,6,0,16,0,100,,50419,6,0,16,0,100,,50420,6,0,16,0,100,,50421,6,0,16,0,100,,50422,6,0,16,0,100,,50423,6,0,16,0,100,,50424,6,0,16,0,100,,50425,6,0,16,0,100,,50426,6,0,16,0
722502,'1374',536,,50427,6,0,16,0,100,,50428,6,0,16,0,100,,50429,6,0,16,0,100,,50430,6,0,16,0,100,,50431,6,0,16,0,100,,50432,6,0,16,0,100,,50433,6,0,16,0,100,,50434,6,0,16,0,100,,50435,6,0,16,0,100,,50436,6,0,16,0,100,,50437,6,0,16,0,100,,50438,6,0,16,0,100,,50439,6,0,16,0,100,,50440,6,0,16,0,100,,50441,6,0,16,0,100,,50442,6,0,16,0,100,,50443,6,0,16,0,100,,50444,6,0,16,0
722502,'1375',536,,50445,6,0,16,0,100,,50446,6,0,16,0,100,,50447,6,0,16,0,100,,50448,6,0,16,0,100,,50449,6,0,16,0,100,,50450,6,0,16,0,100,,50451,6,0,16,0,100,,50452,6,0,16,0,100,,50453,6,0,16,0,100,,50454,6,0,16,0,100,,50455,6,0,16,0,100,,50456,6,0,16,0,100,,50457,6,0,16,0,100,,50458,6,0,16,0,100,,50459,6,0,16,0,100,,50460,6,0,16,0,100,,50461,6,0,16,0,100,,50462,6,0,16,0
