1701,'1376',730,,51566,43,,,0,100,,51565,43,,,0,100,,51564,43,,,0,108,,51563,43,,,0,80,,51562,43,,,0,40,,51561,43,,,0,80,,51560,43,,,0,80,,51559,43,,,0,40,,51558,43,,,0,80,,51557,43,,,0,80,,51556,43,,,0,40,,51555,43,,,0,80,,51554,43,,,0,80,,51553,43,,,0,40,,51552,43,,,0,80,,51551,43,,,0,80,,51550,43,,,0,40,,51549,43,,,0
1701,'1377',608,,51592,43,,,0,30,,51593,43,,,0,70,,51594,43,,,0,30,,51595,43,,,0,70,,51596,43,,,0,30,,51597,43,,,0,70,,51598,43,,,0,30,,51567,43,,,0,70,,51568,43,,,0,30,,51569,43,,,0,20,,51570,43,,,0,60,,51571,43,,,0,20,,51572,43,,,0,20,,51573,43,,,0,60,,51574,43,,,0,20,,51575,43,,,0,20,,51576,43,,,0,60,,51577,43,,,0,20,,51578,43,,,0,20,,51579,43,,,0,60,,51580,43,,,0,20,,51581,43,,,0,20,,51582,43,,,0,60,,51583,43,,,0,20,,51584,43,,,0,20,,51585,43,,,0,60,,51586,43,,,0,20,,51587,43,,,0,20,,51588,43,,,0,60,,51589,43,,,0,20,,51599,43,,,0,20,,51590,43,,,0,60,,51591,43,,,0,20,,51600,43,,,0,70,,51601,43,,,0,30,,51602,43,,,0,70,,51603,43,,,0,30,,51604,43,,,0,70,,51605,43,,,0,30,,51606,43,,,0,70,,51607,43,,,0,30,,51608,43,,,0,70,,51609,43,,,0,30,,51610,43,,,0,70,,51611,43,,,0,30,,51612,43,,,0,70,,51613,43,,,0
1701,'1378',605,,51614,43,,,0,30,,51615,43,,,0,15,,51616,43,,,0,55,,51617,43,,,0,15,,51618,43,,,0,15,,51619,43,,,0,10,,51620,43,,,0,10,,51621,43,,,0,50,,51622,43,,,0,10,,51623,43,,,0,10,,51624,43,,,0,10,,51625,43,,,0,10,,51626,43,,,0,10,,51627,43,,,0,50,,51628,43,,,0,10,,51629,43,,,0,10,,51630,43,,,0,10,,51631,43,,,0,10,,51632,43,,,0,10,,51633,43,,,0,50,,51634,43,,,0,10,,51635,43,,,0,10,,51636,43,,,0,10,,51637,43,,,0,10,,51638,43,,,0,10,,51639,43,,,0,50,,51640,43,,,0,10,,51641,43,,,0,10,,51642,43,,,0,10,,51643,43,,,0,10,,51644,43,,,0,10,,51645,43,,,0,50,,51646,43,,,0,10,,51647,43,,,0,10,,51648,43,,,0,10,,51649,43,,,0,10,,51650,43,,,0,10,,51651,43,,,0,50,,51652,43,,,0,10,,51653,43,,,0,10,,51654,43,,,0,10,,51655,43,,,0,10,,51656,43,,,0,10,,51657,43,,,0,50,,51658,43,,,0,10,,51659,43,,,0,10,,51660,43,,,0,10,,51661,43,,,0,10,,51662,43,,,0,10,,51663,43,,,0,50,,51664,43,,,0,10,,51665,43,,,0,10,,51666,43,,,0,10,,51667,43,,,0,10,,51668,43,,,0,10,,51669,43,,,0,50,,51670,43,,,0,10,,51671,43,,,0,10,,51672,43,,,0,10,,51673,43,,,0,10,,51674,43,,,0,10,,51675,43,,,0,50,,51676,43,,,0,10,,51677,43,,,0,10,,51678,43,,,0,10,,51679,43,,,0,10,,51680,43,,,0,10,,51681,43,,,0,50,,51682,43,,,0,10,,51683,43,,,0,10,,51684,43,,,0,10,,51685,43,,,0,15,,51686,43,,,0,55,,51687,43,,,0,15,,51688,43,,,0,15,,51689,43,,,0,70,,51690,43,,,0,30,,51691,43,,,0,70,,51692,43,,,0,30,,51693,43,,,0,70,,51694,43,,,0,30,,51695,43,,,0,70,,51696,43,,,0,30,,51697,43,,,0,70,,51698,43,,,0,30,,51699,43,,,0,70,,51700,43,,,0
1701,'1379',605,,51701,43,,,0,30,,51702,43,,,0,15,,51703,43,,,0,55,,51704,43,,,0,15,,51705,43,,,0,15,,51706,43,,,0,10,,51707,43,,,0,10,,51708,43,,,0,50,,51709,43,,,0,10,,51710,43,,,0,10,,51711,43,,,0,10,,51712,43,,,0,10,,51713,43,,,0,10,,51714,43,,,0,50,,51715,43,,,0,10,,51716,43,,,0,10,,51717,43,,,0,10,,51718,43,,,0,10,,51719,43,,,0,10,,51720,43,,,0,50,,51721,43,,,0,10,,51722,43,,,0,10,,51723,43,,,0,10,,51724,43,,,0,10,,51725,43,,,0,10,,51726,43,,,0,50,,51727,43,,,0,10,,51728,43,,,0,10,,51729,43,,,0,10,,51730,43,,,0,10,,51731,43,,,0,10,,51732,43,,,0,50,,51733,43,,,0,10,,51734,43,,,0,10,,51735,43,,,0,10,,51736,43,,,0,10,,51737,43,,,0,10,,51738,43,,,0,50,,51739,43,,,0,10,,51740,43,,,0,10,,51741,43,,,0,10,,51742,43,,,0,10,,51743,43,,,0,10,,51744,43,,,0,50,,51745,43,,,0,10,,51746,43,,,0,10,,51747,43,,,0,10,,51748,43,,,0,10,,51749,43,,,0,10,,51750,43,,,0,50,,51751,43,,,0,10,,51752,43,,,0,10,,51753,43,,,0,10,,51754,43,,,0,10,,51755,43,,,0,10,,51756,43,,,0,50,,51757,43,,,0,10,,51758,43,,,0,10,,51759,43,,,0,10,,51760,43,,,0,10,,51761,43,,,0,10,,51762,43,,,0,50,,51763,43,,,0,10,,51764,43,,,0,10,,51765,43,,,0,10,,51766,43,,,0,10,,51767,43,,,0,10,,51768,43,,,0,50,,51769,43,,,0,10,,51770,43,,,0,10,,51771,43,,,0,10,,51772,43,,,0,15,,51773,43,,,0,55,,51774,43,,,0,15,,51775,43,,,0,15,,51776,43,,,0,70,,51777,43,,,0,30,,51778,43,,,0,70,,51779,43,,,0,30,,51780,43,,,0,70,,51781,43,,,0,30,,51782,43,,,0,70,,51783,43,,,0,30,,51784,43,,,0,70,,51785,43,,,0,30,,51786,43,,,0,70,,51787,43,,,0
1701,'1380',605,,51788,43,,,0,30,,51789,43,,,0,15,,51790,43,,,0,55,,51791,43,,,0,15,,51792,43,,,0,15,,51793,43,,,0,10,,51794,43,,,0,10,,51795,43,,,0,50,,51796,43,,,0,10,,51797,43,,,0,10,,51798,43,,,0,10,,51799,43,,,0,10,,51800,43,,,0,10,,51801,43,,,0,50,,51802,43,,,0,10,,51803,43,,,0,10,,51804,43,,,0,10,,51805,43,,,0,10,,51806,43,,,0,10,,51807,43,,,0,50,,51808,43,,,0,10,,51809,43,,,0,10,,51810,43,,,0,10,,51811,43,,,0,10,,51812,43,,,0,10,,51813,43,,,0,50,,51814,43,,,0,10,,51815,43,,,0,10,,51816,43,,,0,10,,51817,43,,,0,10,,51818,43,,,0,10,,51819,43,,,0,50,,51820,43,,,0,10,,51821,43,,,0,10,,51822,43,,,0,10,,51823,43,,,0,10,,51824,43,,,0,10,,51825,43,,,0,50,,51826,43,,,0,10,,51827,43,,,0,10,,51828,43,,,0,10,,51829,43,,,0,10,,51830,43,,,0,10,,51831,43,,,0,50,,51832,43,,,0,10,,51833,43,,,0,10,,51834,43,,,0,10,,51835,43,,,0,10,,51836,43,,,0,10,,51837,43,,,0,50,,51838,43,,,0,10,,51839,43,,,0,10,,51840,43,,,0,10,,51841,43,,,0,10,,51842,43,,,0,10,,51843,43,,,0,50,,51844,43,,,0,10,,51845,43,,,0,10,,51846,43,,,0,10,,51847,43,,,0,10,,51848,43,,,0,10,,51849,43,,,0,50,,51850,43,,,0,10,,51851,43,,,0,10,,51852,43,,,0,10,,51853,43,,,0,10,,51854,43,,,0,10,,51855,43,,,0,50,,51856,43,,,0,10,,51857,43,,,0,10,,51858,43,,,0,10,,51859,43,,,0,15,,51860,43,,,0,55,,51861,43,,,0,15,,51862,43,,,0,15,,51863,43,,,0,70,,51864,43,,,0,30,,51865,43,,,0,70,,51866,43,,,0,30,,51867,43,,,0,70,,51868,43,,,0,30,,51869,43,,,0,70,,51870,43,,,0,30,,51871,43,,,0,70,,51872,43,,,0,30,,51873,43,,,0,70,,51874,43,,,0
1701,'1381',605,,51875,43,,,0,30,,51876,43,,,0,15,,51877,43,,,0,55,,51878,43,,,0,15,,51879,43,,,0,15,,51880,43,,,0,10,,51881,43,,,0,10,,51882,43,,,0,50,,51883,43,,,0,10,,51884,43,,,0,10,,51885,43,,,0,10,,51886,43,,,0,10,,51887,43,,,0,10,,51888,43,,,0,50,,51889,43,,,0,10,,51890,43,,,0,10,,51891,43,,,0,10,,51892,43,,,0,10,,51893,43,,,0,10,,51894,43,,,0,50,,51895,43,,,0,10,,51896,43,,,0,10,,51897,43,,,0,10,,51898,43,,,0,10,,51899,43,,,0,10,,51900,43,,,0,50,,51901,43,,,0,10,,51902,43,,,0,10,,51903,43,,,0,10,,51904,43,,,0,10,,51905,43,,,0,10,,51906,43,,,0,50,,51907,43,,,0,10,,51908,43,,,0,10,,51909,43,,,0,10,,51910,43,,,0,10,,51911,43,,,0,10,,51912,43,,,0,50,,51913,43,,,0,10,,51914,43,,,0,10,,51915,43,,,0,10,,51916,43,,,0,10,,51917,43,,,0,10,,51918,43,,,0,50,,51919,43,,,0,10,,51920,43,,,0,10,,51921,43,,,0,10,,51922,43,,,0,10,,51923,43,,,0,10,,51924,43,,,0,50,,51925,43,,,0,10,,51926,43,,,0,10,,51927,43,,,0,10,,51928,43,,,0,10,,51929,43,,,0,10,,51930,43,,,0,50,,51931,43,,,0,10,,51932,43,,,0,10,,51933,43,,,0,10,,51934,43,,,0,10,,51935,43,,,0,10,,51936,43,,,0,50,,51937,43,,,0,10,,51938,43,,,0,10,,51939,43,,,0,10,,51940,43,,,0,10,,51941,43,,,0,10,,51942,43,,,0,50,,51943,43,,,0,10,,51944,43,,,0,10,,51945,43,,,0,10,,51946,43,,,0,15,,51947,43,,,0,55,,51948,43,,,0,15,,51949,43,,,0,15,,51950,43,,,0,70,,51951,43,,,0,30,,51952,43,,,0,70,,51953,43,,,0,30,,51954,43,,,0,70,,51955,43,,,0,30,,51956,43,,,0,70,,51957,43,,,0,30,,51958,43,,,0,70,,51959,43,,,0,30,,51960,43,,,0,70,,51961,43,,,0
1701,'1382',605,,51962,43,,,0,30,,51963,43,,,0,15,,51964,43,,,0,55,,51965,43,,,0,15,,51966,43,,,0,15,,51967,43,,,0,10,,51968,43,,,0,10,,51969,43,,,0,50,,51970,43,,,0,10,,51971,43,,,0,10,,51972,43,,,0,10,,51973,43,,,0,10,,51974,43,,,0,10,,51975,43,,,0,50,,51976,43,,,0,10,,51977,43,,,0,10,,51978,43,,,0,10,,51979,43,,,0,10,,51980,43,,,0,10,,51981,43,,,0,50,,51982,43,,,0,10,,51983,43,,,0,10,,51984,43,,,0,10,,51985,43,,,0,10,,51986,43,,,0,10,,51987,43,,,0,50,,51988,43,,,0,10,,51989,43,,,0,10,,51990,43,,,0,10,,51991,43,,,0,10,,51992,43,,,0,10,,51993,43,,,0,50,,51994,43,,,0,10,,51995,43,,,0,10,,51996,43,,,0,10,,51997,43,,,0,10,,51998,43,,,0,10,,51999,43,,,0,50,,52000,43,,,0,10,,52001,43,,,0,10,,52002,43,,,0,10,,52003,43,,,0,10,,52004,43,,,0,10,,52005,43,,,0,50,,52006,43,,,0,10,,52007,43,,,0,10,,52008,43,,,0,10,,52009,43,,,0,10,,52010,43,,,0,10,,52011,43,,,0,50,,52012,43,,,0,10,,52013,43,,,0,10,,52014,43,,,0,10,,52015,43,,,0,10,,52016,43,,,0,10,,52017,43,,,0,50,,52018,43,,,0,10,,52019,43,,,0,10,,52020,43,,,0,10,,52021,43,,,0,10,,52022,43,,,0,10,,52023,43,,,0,50,,52024,43,,,0,10,,52025,43,,,0,10,,52026,43,,,0,10,,52027,43,,,0,10,,52028,43,,,0,10,,52029,43,,,0,50,,52030,43,,,0,10,,52031,43,,,0,10,,52032,43,,,0,10,,52033,43,,,0,15,,52034,43,,,0,55,,52035,43,,,0,15,,52036,43,,,0,15,,52037,43,,,0,70,,52038,43,,,0,30,,52039,43,,,0,70,,52040,43,,,0,30,,52041,43,,,0,70,,52042,43,,,0,30,,52043,43,,,0,70,,52044,43,,,0,30,,52045,43,,,0,70,,52046,43,,,0,30,,52047,43,,,0,70,,52048,43,,,0
721404,'1376',913,,57026,16,0,14,0,110,,57025,16,0,14,0,110,,57024,16,0,14,0,110,,57023,16,0,14,0,110,,57022,16,0,14,0,150,,57021,16,0,14,0,110,,57020,16,0,14,0,110,,57019,16,0,14,0
721404,'1377',813,,57027,16,0,14,0,110,,57028,16,0,14,0,110,,57029,16,0,14,0,110,,57030,16,0,14,0,110,,57031,16,0,14,0,148,,57032,16,0,14,0,45,,57033,16,0,14,0,85,,57034,16,0,14,0,85,,57035,16,0,14,0,85,,57036,16,0,14,0,45,,57037,16,0,14,0,85,,57038,16,0,14,0,85,,57039,16,0,14,0
721404,'1378',633,,57040,16,0,14,0,97,,57041,16,0,14,0,85,,57042,16,0,14,0,85,,57043,16,0,14,0,45,,57044,16,0,14,0,85,,57045,16,0,14,0,85,,57046,16,0,14,0,85,,57047,16,0,14,0,45,,57048,16,0,14,0,85,,57049,16,0,14,0,85,,57050,16,0,14,0,85,,57051,16,0,14,0,45,,57052,16,0,14,0,85,,57053,16,0,14,0,85,,57054,16,0,14,0,85,,57055,16,0,14,0,45,,57056,16,0,14,0,85,,57057,16,0,14,0,85,,57058,16,0,14,0,85,,57059,16,0,14,0
721404,'1379',633,,57060,16,0,14,0,97,,57061,16,0,14,0,85,,57062,16,0,14,0,85,,57063,16,0,14,0,45,,57064,16,0,14,0,85,,57065,16,0,14,0,85,,57066,16,0,14,0,85,,57067,16,0,14,0,45,,57068,16,0,14,0,85,,57069,16,0,14,0,85,,57070,16,0,14,0,85,,57071,16,0,14,0,45,,57072,16,0,14,0,85,,57073,16,0,14,0,85,,57074,16,0,14,0,85,,57075,16,0,14,0,45,,57076,16,0,14,0,85,,57077,16,0,14,0,85,,57078,16,0,14,0,85,,57079,16,0,14,0
721404,'1380',633,,57080,16,0,14,0,97,,57081,16,0,14,0,85,,57082,16,0,14,0,85,,57083,16,0,14,0,45,,57084,16,0,14,0,85,,57085,16,0,14,0,85,,57086,16,0,14,0,85,,57087,16,0,14,0,45,,57088,16,0,14,0,85,,57089,16,0,14,0,85,,57090,16,0,14,0,85,,57091,16,0,14,0,45,,57092,16,0,14,0,85,,57093,16,0,14,0,85,,57094,16,0,14,0,85,,57095,16,0,14,0,45,,57096,16,0,14,0,85,,57097,16,0,14,0,85,,57098,16,0,14,0,85,,57099,16,0,14,0
721404,'1381',633,,57100,16,0,14,0,97,,57101,16,0,14,0,85,,57102,16,0,14,0,85,,57103,16,0,14,0,45,,57104,16,0,14,0,85,,57105,16,0,14,0,85,,57106,16,0,14,0,85,,57107,16,0,14,0,45,,57108,16,0,14,0,85,,57109,16,0,14,0,85,,57110,16,0,14,0,85,,57111,16,0,14,0,45,,57112,16,0,14,0,85,,57113,16,0,14,0,85,,57114,16,0,14,0,85,,57115,16,0,14,0,45,,57116,16,0,14,0,85,,57117,16,0,14,0,85,,57118,16,0,14,0,85,,57119,16,0,14,0
721404,'1382',633,,57120,16,0,14,0,97,,57121,16,0,14,0,85,,57122,16,0,14,0,85,,57123,16,0,14,0,45,,57124,16,0,14,0,85,,57125,16,0,14,0,85,,57126,16,0,14,0,85,,57127,16,0,14,0,45,,57128,16,0,14,0,85,,57129,16,0,14,0,85,,57130,16,0,14,0,85,,57131,16,0,14,0,45,,57132,16,0,14,0,85,,57133,16,0,14,0,85,,57134,16,0,14,0,85,,57135,16,0,14,0,45,,57136,16,0,14,0,85,,57137,16,0,14,0,85,,57138,16,0,14,0,85,,57139,16,0,14,0
