1701,'1369',731,,44364,44,,,0,100,,44363,44,,,0,100,,44362,44,,,0,107,,44361,44,,,0,80,,44360,44,,,0,40,,44359,44,,,0,80,,44358,44,,,0,80,,44357,44,,,0,40,,44356,44,,,0,80,,44355,44,,,0,80,,44354,44,,,0,40,,44353,44,,,0,80,,44352,44,,,0,80,,44351,44,,,0,40,,44350,44,,,0,80,,44349,44,,,0,80,,44348,44,,,0,40,,44347,44,,,0
1701,'1370',608,,44390,44,,,0,30,,44391,44,,,0,70,,44392,44,,,0,30,,44393,44,,,0,70,,44394,44,,,0,30,,44395,44,,,0,70,,44396,44,,,0,30,,44365,44,,,0,70,,44366,44,,,0,30,,44367,44,,,0,20,,44368,44,,,0,60,,44369,44,,,0,20,,44370,44,,,0,20,,44371,44,,,0,60,,44372,44,,,0,20,,44373,44,,,0,20,,44374,44,,,0,60,,44375,44,,,0,20,,44376,44,,,0,20,,44377,44,,,0,60,,44378,44,,,0,20,,44379,44,,,0,20,,44380,44,,,0,60,,44381,44,,,0,20,,44382,44,,,0,20,,44383,44,,,0,60,,44384,44,,,0,20,,44385,44,,,0,20,,44386,44,,,0,60,,44387,44,,,0,20,,44397,44,,,0,20,,44388,44,,,0,60,,44389,44,,,0,20,,44398,44,,,0,70,,44399,44,,,0,30,,44400,44,,,0,70,,44401,44,,,0,30,,44402,44,,,0,70,,44403,44,,,0,30,,44404,44,,,0,70,,44405,44,,,0,30,,44406,44,,,0,70,,44407,44,,,0,30,,44408,44,,,0,70,,44409,44,,,0,30,,44410,44,,,0,70,,44411,44,,,0
1701,'1371',605,,44412,44,,,0,30,,44413,44,,,0,15,,44414,44,,,0,55,,44415,44,,,0,15,,44416,44,,,0,15,,44417,44,,,0,10,,44418,44,,,0,10,,44419,44,,,0,50,,44420,44,,,0,10,,44421,44,,,0,10,,44422,44,,,0,10,,44423,44,,,0,10,,44424,44,,,0,10,,44425,44,,,0,50,,44426,44,,,0,10,,44427,44,,,0,10,,44428,44,,,0,10,,44429,44,,,0,10,,44430,44,,,0,10,,44431,44,,,0,50,,44432,44,,,0,10,,44433,44,,,0,10,,44434,44,,,0,10,,44435,44,,,0,10,,44436,44,,,0,10,,44437,44,,,0,50,,44438,44,,,0,10,,44439,44,,,0,10,,44440,44,,,0,10,,44441,44,,,0,10,,44442,44,,,0,10,,44443,44,,,0,50,,44444,44,,,0,10,,44445,44,,,0,10,,44446,44,,,0,10,,44447,44,,,0,10,,44448,44,,,0,10,,44449,44,,,0,50,,44450,44,,,0,10,,44451,44,,,0,10,,44452,44,,,0,10,,44453,44,,,0,10,,44454,44,,,0,10,,44455,44,,,0,50,,44456,44,,,0,10,,44457,44,,,0,10,,44458,44,,,0,10,,44459,44,,,0,10,,44460,44,,,0,10,,44461,44,,,0,50,,44462,44,,,0,10,,44463,44,,,0,10,,44464,44,,,0,10,,44465,44,,,0,10,,44466,44,,,0,10,,44467,44,,,0,50,,44468,44,,,0,10,,44469,44,,,0,10,,44470,44,,,0,10,,44471,44,,,0,10,,44472,44,,,0,10,,44473,44,,,0,50,,44474,44,,,0,10,,44475,44,,,0,10,,44476,44,,,0,10,,44477,44,,,0,10,,44478,44,,,0,10,,44479,44,,,0,50,,44480,44,,,0,10,,44481,44,,,0,10,,44482,44,,,0,10,,44483,44,,,0,15,,44484,44,,,0,55,,44485,44,,,0,15,,44486,44,,,0,15,,44487,44,,,0,70,,44488,44,,,0,30,,44489,44,,,0,70,,44490,44,,,0,30,,44491,44,,,0,70,,44492,44,,,0,30,,44493,44,,,0,70,,44494,44,,,0,30,,44495,44,,,0,70,,44496,44,,,0,30,,44497,44,,,0,70,,44498,44,,,0
1701,'1372',605,,44499,44,,,0,30,,44500,44,,,0,15,,44501,44,,,0,55,,44502,44,,,0,15,,44503,44,,,0,15,,44504,44,,,0,10,,44505,44,,,0,10,,44506,44,,,0,50,,44507,44,,,0,10,,44508,44,,,0,10,,44509,44,,,0,10,,44510,44,,,0,10,,44511,44,,,0,10,,44512,44,,,0,50,,44513,44,,,0,10,,44514,44,,,0,10,,44515,44,,,0,10,,44516,44,,,0,10,,44517,44,,,0,10,,44518,44,,,0,50,,44519,44,,,0,10,,44520,44,,,0,10,,44521,44,,,0,10,,44522,44,,,0,10,,44523,44,,,0,10,,44524,44,,,0,50,,44525,44,,,0,10,,44526,44,,,0,10,,44527,44,,,0,10,,44528,44,,,0,10,,44529,44,,,0,10,,44530,44,,,0,50,,44531,44,,,0,10,,44532,44,,,0,10,,44533,44,,,0,10,,44534,44,,,0,10,,44535,44,,,0,10,,44536,44,,,0,50,,44537,44,,,0,10,,44538,44,,,0,10,,44539,44,,,0,10,,44540,44,,,0,10,,44541,44,,,0,10,,44542,44,,,0,50,,44543,44,,,0,10,,44544,44,,,0,10,,44545,44,,,0,10,,44546,44,,,0,10,,44547,44,,,0,10,,44548,44,,,0,50,,44549,44,,,0,10,,44550,44,,,0,10,,44551,44,,,0,10,,44552,44,,,0,10,,44553,44,,,0,10,,44554,44,,,0,50,,44555,44,,,0,10,,44556,44,,,0,10,,44557,44,,,0,10,,44558,44,,,0,10,,44559,44,,,0,10,,44560,44,,,0,50,,44561,44,,,0,10,,44562,44,,,0,10,,44563,44,,,0,10,,44564,44,,,0,10,,44565,44,,,0,10,,44566,44,,,0,50,,44567,44,,,0,10,,44568,44,,,0,10,,44569,44,,,0,10,,44570,44,,,0,15,,44571,44,,,0,55,,44572,44,,,0,15,,44573,44,,,0,15,,44574,44,,,0,70,,44575,44,,,0,30,,44576,44,,,0,70,,44577,44,,,0,30,,44578,44,,,0,70,,44579,44,,,0,30,,44580,44,,,0,70,,44581,44,,,0,30,,44582,44,,,0,70,,44583,44,,,0,30,,44584,44,,,0,70,,44585,44,,,0
1701,'1373',605,,44586,44,,,0,30,,44587,44,,,0,15,,44588,44,,,0,55,,44589,44,,,0,15,,44590,44,,,0,15,,44591,44,,,0,10,,44592,44,,,0,10,,44593,44,,,0,50,,44594,44,,,0,10,,44595,44,,,0,10,,44596,44,,,0,10,,44597,44,,,0,10,,44598,44,,,0,10,,44599,44,,,0,50,,44600,44,,,0,10,,44601,44,,,0,10,,44602,44,,,0,10,,44603,44,,,0,10,,44604,44,,,0,10,,44605,44,,,0,50,,44606,44,,,0,10,,44607,44,,,0,10,,44608,44,,,0,10,,44609,44,,,0,10,,44610,44,,,0,10,,44611,44,,,0,50,,44612,44,,,0,10,,44613,44,,,0,10,,44614,44,,,0,10,,44615,44,,,0,10,,44616,44,,,0,10,,44617,44,,,0,50,,44618,44,,,0,10,,44619,44,,,0,10,,44620,44,,,0,10,,44621,44,,,0,10,,44622,44,,,0,10,,44623,44,,,0,50,,44624,44,,,0,10,,44625,44,,,0,10,,44626,44,,,0,10,,44627,44,,,0,10,,44628,44,,,0,10,,44629,44,,,0,50,,44630,44,,,0,10,,44631,44,,,0,10,,44632,44,,,0,10,,44633,44,,,0,10,,44634,44,,,0,10,,44635,44,,,0,50,,44636,44,,,0,10,,44637,44,,,0,10,,44638,44,,,0,10,,44639,44,,,0,10,,44640,44,,,0,10,,44641,44,,,0,50,,44642,44,,,0,10,,44643,44,,,0,10,,44644,44,,,0,10,,44645,44,,,0,10,,44646,44,,,0,10,,44647,44,,,0,50,,44648,44,,,0,10,,44649,44,,,0,10,,44650,44,,,0,10,,44651,44,,,0,10,,44652,44,,,0,10,,44653,44,,,0,50,,44654,44,,,0,10,,44655,44,,,0,10,,44656,44,,,0,10,,44657,44,,,0,15,,44658,44,,,0,55,,44659,44,,,0,15,,44660,44,,,0,15,,44661,44,,,0,70,,44662,44,,,0,30,,44663,44,,,0,70,,44664,44,,,0,30,,44665,44,,,0,70,,44666,44,,,0,30,,44667,44,,,0,70,,44668,44,,,0,30,,44669,44,,,0,70,,44670,44,,,0,30,,44671,44,,,0,70,,44672,44,,,0
1701,'1374',605,,44673,44,,,0,30,,44674,44,,,0,15,,44675,44,,,0,55,,44676,44,,,0,15,,44677,44,,,0,15,,44678,44,,,0,10,,44679,44,,,0,10,,44680,44,,,0,50,,44681,44,,,0,10,,44682,44,,,0,10,,44683,44,,,0,10,,44684,44,,,0,10,,44685,44,,,0,10,,44686,44,,,0,50,,44687,44,,,0,10,,44688,44,,,0,10,,44689,44,,,0,10,,44690,44,,,0,10,,44691,44,,,0,10,,44692,44,,,0,50,,44693,44,,,0,10,,44694,44,,,0,10,,44695,44,,,0,10,,44696,44,,,0,10,,44697,44,,,0,10,,44698,44,,,0,50,,44699,44,,,0,10,,44700,44,,,0,10,,44701,44,,,0,10,,44702,44,,,0,10,,44703,44,,,0,10,,44704,44,,,0,50,,44705,44,,,0,10,,44706,44,,,0,10,,44707,44,,,0,10,,44708,44,,,0,10,,44709,44,,,0,10,,44710,44,,,0,50,,44711,44,,,0,10,,44712,44,,,0,10,,44713,44,,,0,10,,44714,44,,,0,10,,44715,44,,,0,10,,44716,44,,,0,50,,44717,44,,,0,10,,44718,44,,,0,10,,44719,44,,,0,10,,44720,44,,,0,10,,44721,44,,,0,10,,44722,44,,,0,50,,44723,44,,,0,10,,44724,44,,,0,10,,44725,44,,,0,10,,44726,44,,,0,10,,44727,44,,,0,10,,44728,44,,,0,50,,44729,44,,,0,10,,44730,44,,,0,10,,44731,44,,,0,10,,44732,44,,,0,10,,44733,44,,,0,10,,44734,44,,,0,50,,44735,44,,,0,10,,44736,44,,,0,10,,44737,44,,,0,10,,44738,44,,,0,10,,44739,44,,,0,10,,44740,44,,,0,50,,44741,44,,,0,10,,44742,44,,,0,10,,44743,44,,,0,10,,44744,44,,,0,15,,44745,44,,,0,55,,44746,44,,,0,15,,44747,44,,,0,15,,44748,44,,,0,70,,44749,44,,,0,30,,44750,44,,,0,70,,44751,44,,,0,30,,44752,44,,,0,70,,44753,44,,,0,30,,44754,44,,,0,70,,44755,44,,,0,30,,44756,44,,,0,70,,44757,44,,,0,30,,44758,44,,,0,70,,44759,44,,,0
1701,'1375',605,,44760,44,,,0,30,,44761,44,,,0,15,,44762,44,,,0,55,,44763,44,,,0,15,,44764,44,,,0,15,,44765,44,,,0,10,,44766,44,,,0,10,,44767,44,,,0,50,,44768,44,,,0,10,,44769,44,,,0,10,,44770,44,,,0,10,,44771,44,,,0,10,,44772,44,,,0,10,,44773,44,,,0,50,,44774,44,,,0,10,,44775,44,,,0,10,,44776,44,,,0,10,,44777,44,,,0,10,,44778,44,,,0,10,,44779,44,,,0,50,,44780,44,,,0,10,,44781,44,,,0,10,,44782,44,,,0,10,,44783,44,,,0,10,,44784,44,,,0,10,,44785,44,,,0,50,,44786,44,,,0,10,,44787,44,,,0,10,,44788,44,,,0,10,,44789,44,,,0,10,,44790,44,,,0,10,,44791,44,,,0,50,,44792,44,,,0,10,,44793,44,,,0,10,,44794,44,,,0,10,,44795,44,,,0,10,,44796,44,,,0,10,,44797,44,,,0,50,,44798,44,,,0,10,,44799,44,,,0,10,,44800,44,,,0,10,,44801,44,,,0,10,,44802,44,,,0,10,,44803,44,,,0,50,,44804,44,,,0,10,,44805,44,,,0,10,,44806,44,,,0,10,,44807,44,,,0,10,,44808,44,,,0,10,,44809,44,,,0,50,,44810,44,,,0,10,,44811,44,,,0,10,,44812,44,,,0,10,,44813,44,,,0,10,,44814,44,,,0,10,,44815,44,,,0,50,,44816,44,,,0,10,,44817,44,,,0,10,,44818,44,,,0,10,,44819,44,,,0,10,,44820,44,,,0,10,,44821,44,,,0,50,,44822,44,,,0,10,,44823,44,,,0,10,,44824,44,,,0,10,,44825,44,,,0,10,,44826,44,,,0,10,,44827,44,,,0,50,,44828,44,,,0,10,,44829,44,,,0,10,,44830,44,,,0,10,,44831,44,,,0,15,,44832,44,,,0,55,,44833,44,,,0,15,,44834,44,,,0,15,,44835,44,,,0,70,,44836,44,,,0,30,,44837,44,,,0,70,,44838,44,,,0,30,,44839,44,,,0,70,,44840,44,,,0,30,,44841,44,,,0,70,,44842,44,,,0,30,,44843,44,,,0,70,,44844,44,,,0,30,,44845,44,,,0,70,,44846,44,,,0
721404,'1369',913,,49824,17,0,14,0,110,,49823,17,0,14,0,110,,49822,17,0,14,0,110,,49821,17,0,14,0,110,,49820,17,0,14,0,150,,49819,17,0,14,0,110,,49818,17,0,14,0,110,,49817,17,0,14,0
721404,'1370',813,,49825,17,0,14,0,110,,49826,17,0,14,0,110,,49827,17,0,14,0,110,,49828,17,0,14,0,110,,49829,17,0,14,0,149,,49830,17,0,14,0,45,,49831,17,0,14,0,85,,49832,17,0,14,0,85,,49833,17,0,14,0,85,,49834,17,0,14,0,45,,49835,17,0,14,0,85,,49836,17,0,14,0,85,,49837,17,0,14,0
721404,'1371',634,,49838,17,0,14,0,97,,49839,17,0,14,0,85,,49840,17,0,14,0,85,,49841,17,0,14,0,45,,49842,17,0,14,0,85,,49843,17,0,14,0,85,,49844,17,0,14,0,85,,49845,17,0,14,0,45,,49846,17,0,14,0,85,,49847,17,0,14,0,85,,49848,17,0,14,0,85,,49849,17,0,14,0,45,,49850,17,0,14,0,85,,49851,17,0,14,0,85,,49852,17,0,14,0,85,,49853,17,0,14,0,45,,49854,17,0,14,0,85,,49855,17,0,14,0,85,,49856,17,0,14,0,85,,49857,17,0,14,0
721404,'1372',634,,49858,17,0,14,0,97,,49859,17,0,14,0,85,,49860,17,0,14,0,85,,49861,17,0,14,0,45,,49862,17,0,14,0,85,,49863,17,0,14,0,85,,49864,17,0,14,0,85,,49865,17,0,14,0,45,,49866,17,0,14,0,85,,49867,17,0,14,0,85,,49868,17,0,14,0,85,,49869,17,0,14,0,45,,49870,17,0,14,0,85,,49871,17,0,14,0,85,,49872,17,0,14,0,85,,49873,17,0,14,0,45,,49874,17,0,14,0,85,,49875,17,0,14,0,85,,49876,17,0,14,0,85,,49877,17,0,14,0
721404,'1373',634,,49878,17,0,14,0,97,,49879,17,0,14,0,85,,49880,17,0,14,0,85,,49881,17,0,14,0,45,,49882,17,0,14,0,85,,49883,17,0,14,0,85,,49884,17,0,14,0,85,,49885,17,0,14,0,45,,49886,17,0,14,0,85,,49887,17,0,14,0,85,,49888,17,0,14,0,85,,49889,17,0,14,0,45,,49890,17,0,14,0,85,,49891,17,0,14,0,85,,49892,17,0,14,0,85,,49893,17,0,14,0,45,,49894,17,0,14,0,85,,49895,17,0,14,0,85,,49896,17,0,14,0,85,,49897,17,0,14,0
721404,'1374',634,,49898,17,0,14,0,97,,49899,17,0,14,0,85,,49900,17,0,14,0,85,,49901,17,0,14,0,45,,49902,17,0,14,0,85,,49903,17,0,14,0,85,,49904,17,0,14,0,85,,49905,17,0,14,0,45,,49906,17,0,14,0,85,,49907,17,0,14,0,85,,49908,17,0,14,0,85,,49909,17,0,14,0,45,,49910,17,0,14,0,85,,49911,17,0,14,0,85,,49912,17,0,14,0,85,,49913,17,0,14,0,45,,49914,17,0,14,0,85,,49915,17,0,14,0,85,,49916,17,0,14,0,85,,49917,17,0,14,0
721404,'1375',634,,49918,17,0,14,0,97,,49919,17,0,14,0,85,,49920,17,0,14,0,85,,49921,17,0,14,0,45,,49922,17,0,14,0,85,,49923,17,0,14,0,85,,49924,17,0,14,0,85,,49925,17,0,14,0,45,,49926,17,0,14,0,85,,49927,17,0,14,0,85,,49928,17,0,14,0,85,,49929,17,0,14,0,45,,49930,17,0,14,0,85,,49931,17,0,14,0,85,,49932,17,0,14,0,85,,49933,17,0,14,0,45,,49934,17,0,14,0,85,,49935,17,0,14,0,85,,49936,17,0,14,0,85,,49937,17,0,14,0
