1800,'1376',749,,52066,70,,,0,100,,52065,70,,,0,100,,52064,70,,,0,80,,52063,70,,,0,80,,52062,70,,,0,45,,52061,70,,,0,80,,52060,70,,,0,80,,52059,70,,,0,40,,52058,70,,,0,80,,52057,70,,,0,80,,52056,70,,,0,40,,52055,70,,,0,80,,52054,70,,,0,80,,52053,70,,,0,40,,52052,70,,,0,80,,52051,70,,,0,80,,52050,70,,,0,40,,52049,70,,,0
1800,'1377',608,,52067,70,,,0,45,,52068,70,,,0,70,,52069,70,,,0,30,,52070,70,,,0,70,,52071,70,,,0,30,,52072,70,,,0,70,,52073,70,,,0,30,,52074,70,,,0,70,,52075,70,,,0,30,,52076,70,,,0,60,,52077,70,,,0,20,,52078,70,,,0,20,,52079,70,,,0,60,,52080,70,,,0,20,,52081,70,,,0,20,,52082,70,,,0,60,,52083,70,,,0,20,,52084,70,,,0,20,,52085,70,,,0,60,,52086,70,,,0,20,,52087,70,,,0,20,,52088,70,,,0,60,,52089,70,,,0,20,,52090,70,,,0,20,,52091,70,,,0,60,,52092,70,,,0,20,,52093,70,,,0,20,,52094,70,,,0,60,,52095,70,,,0,20,,52096,70,,,0,20,,52097,70,,,0,60,,52098,70,,,0,20,,52099,70,,,0,20,,52100,70,,,0,70,,52101,70,,,0,30,,52102,70,,,0,70,,52103,70,,,0,30,,52104,70,,,0,70,,52105,70,,,0,30,,52106,70,,,0,70,,52107,70,,,0,30,,52108,70,,,0,70,,52109,70,,,0,30,,52110,70,,,0,70,,52111,70,,,0,30,,52112,70,,,0,70,,52113,70,,,0
1800,'1378',609,,52150,70,,,0,35,,52151,70,,,0,57,,52114,70,,,0,15,,52115,70,,,0,15,,52116,70,,,0,15,,52117,70,,,0,55,,52118,70,,,0,10,,52119,70,,,0,10,,52120,70,,,0,10,,52121,70,,,0,10,,52122,70,,,0,10,,52123,70,,,0,50,,52124,70,,,0,7,,52152,70,,,0,15,,52153,70,,,0,15,,52154,70,,,0,15,,52155,70,,,0,55,,52156,70,,,0,15,,52157,70,,,0,15,,52158,70,,,0,13,,52159,70,,,0,55,,52160,70,,,0,15,,52161,70,,,0,15,,52162,70,,,0,15,,52163,70,,,0,55,,52164,70,,,0,15,,52165,70,,,0,15,,52166,70,,,0,15,,52167,70,,,0,55,,52168,70,,,0,15,,52169,70,,,0,15,,52170,70,,,0,22,,52125,70,,,0,60,,52126,70,,,0,15,,52127,70,,,0,15,,52128,70,,,0,55,,52129,70,,,0,10,,52130,70,,,0,10,,52131,70,,,0,10,,52132,70,,,0,10,,52133,70,,,0,10,,52134,70,,,0,50,,52135,70,,,0,10,,52136,70,,,0,10,,52137,70,,,0,10,,52138,70,,,0,10,,52139,70,,,0,10,,52140,70,,,0,50,,52141,70,,,0,10,,52142,70,,,0,10,,52143,70,,,0,10,,52144,70,,,0,10,,52145,70,,,0,10,,52146,70,,,0,50,,52147,70,,,0,15,,52148,70,,,0,15,,52149,70,,,0,19,,52171,70,,,0,70,,52172,70,,,0,30,,52173,70,,,0,70,,52174,70,,,0,30,,52175,70,,,0,70,,52176,70,,,0,30,,52177,70,,,0,70,,52178,70,,,0,30,,52179,70,,,0,70,,52180,70,,,0,30,,52181,70,,,0,70,,52182,70,,,0,30,,52183,70,,,0,70,,52184,70,,,0
1800,'1379',609,,52221,70,,,0,35,,52222,70,,,0,57,,52185,70,,,0,15,,52186,70,,,0,15,,52187,70,,,0,15,,52188,70,,,0,55,,52189,70,,,0,10,,52190,70,,,0,10,,52191,70,,,0,10,,52192,70,,,0,10,,52193,70,,,0,10,,52194,70,,,0,50,,52195,70,,,0,7,,52223,70,,,0,15,,52224,70,,,0,15,,52225,70,,,0,15,,52226,70,,,0,55,,52227,70,,,0,15,,52228,70,,,0,15,,52229,70,,,0,13,,52230,70,,,0,55,,52231,70,,,0,15,,52232,70,,,0,15,,52233,70,,,0,15,,52234,70,,,0,55,,52235,70,,,0,15,,52236,70,,,0,15,,52237,70,,,0,15,,52238,70,,,0,55,,52239,70,,,0,15,,52240,70,,,0,15,,52241,70,,,0,22,,52196,70,,,0,60,,52197,70,,,0,15,,52198,70,,,0,15,,52199,70,,,0,55,,52200,70,,,0,10,,52201,70,,,0,10,,52202,70,,,0,10,,52203,70,,,0,10,,52204,70,,,0,10,,52205,70,,,0,50,,52206,70,,,0,10,,52207,70,,,0,10,,52208,70,,,0,10,,52209,70,,,0,10,,52210,70,,,0,10,,52211,70,,,0,50,,52212,70,,,0,10,,52213,70,,,0,10,,52214,70,,,0,10,,52215,70,,,0,10,,52216,70,,,0,10,,52217,70,,,0,50,,52218,70,,,0,15,,52219,70,,,0,15,,52220,70,,,0,19,,52242,70,,,0,70,,52243,70,,,0,30,,52244,70,,,0,70,,52245,70,,,0,30,,52246,70,,,0,70,,52247,70,,,0,30,,52248,70,,,0,70,,52249,70,,,0,30,,52250,70,,,0,70,,52251,70,,,0,30,,52252,70,,,0,70,,52253,70,,,0,30,,52254,70,,,0,70,,52255,70,,,0
1800,'1380',609,,52292,70,,,0,35,,52293,70,,,0,57,,52256,70,,,0,15,,52257,70,,,0,15,,52258,70,,,0,15,,52259,70,,,0,55,,52260,70,,,0,10,,52261,70,,,0,10,,52262,70,,,0,10,,52263,70,,,0,10,,52264,70,,,0,10,,52265,70,,,0,50,,52266,70,,,0,7,,52294,70,,,0,15,,52295,70,,,0,15,,52296,70,,,0,15,,52297,70,,,0,55,,52298,70,,,0,15,,52299,70,,,0,15,,52300,70,,,0,13,,52301,70,,,0,55,,52302,70,,,0,15,,52303,70,,,0,15,,52304,70,,,0,15,,52305,70,,,0,55,,52306,70,,,0,15,,52307,70,,,0,15,,52308,70,,,0,15,,52309,70,,,0,55,,52310,70,,,0,15,,52311,70,,,0,15,,52312,70,,,0,22,,52267,70,,,0,60,,52268,70,,,0,15,,52269,70,,,0,15,,52270,70,,,0,55,,52271,70,,,0,10,,52272,70,,,0,10,,52273,70,,,0,10,,52274,70,,,0,10,,52275,70,,,0,10,,52276,70,,,0,50,,52277,70,,,0,10,,52278,70,,,0,10,,52279,70,,,0,10,,52280,70,,,0,10,,52281,70,,,0,10,,52282,70,,,0,50,,52283,70,,,0,10,,52284,70,,,0,10,,52285,70,,,0,10,,52286,70,,,0,10,,52287,70,,,0,10,,52288,70,,,0,50,,52289,70,,,0,15,,52290,70,,,0,15,,52291,70,,,0,19,,52313,70,,,0,70,,52314,70,,,0,30,,52315,70,,,0,70,,52316,70,,,0,30,,52317,70,,,0,70,,52318,70,,,0,30,,52319,70,,,0,70,,52320,70,,,0,30,,52321,70,,,0,70,,52322,70,,,0,30,,52323,70,,,0,70,,52324,70,,,0,30,,52325,70,,,0,70,,52326,70,,,0
1800,'1381',609,,52363,70,,,0,35,,52364,70,,,0,57,,52327,70,,,0,15,,52328,70,,,0,15,,52329,70,,,0,15,,52330,70,,,0,55,,52331,70,,,0,10,,52332,70,,,0,10,,52333,70,,,0,10,,52334,70,,,0,10,,52335,70,,,0,10,,52336,70,,,0,50,,52337,70,,,0,7,,52365,70,,,0,15,,52366,70,,,0,15,,52367,70,,,0,15,,52368,70,,,0,55,,52369,70,,,0,15,,52370,70,,,0,15,,52371,70,,,0,13,,52372,70,,,0,55,,52373,70,,,0,15,,52374,70,,,0,15,,52375,70,,,0,15,,52376,70,,,0,55,,52377,70,,,0,15,,52378,70,,,0,15,,52379,70,,,0,15,,52380,70,,,0,55,,52381,70,,,0,15,,52382,70,,,0,15,,52383,70,,,0,22,,52338,70,,,0,60,,52339,70,,,0,15,,52340,70,,,0,15,,52341,70,,,0,55,,52342,70,,,0,10,,52343,70,,,0,10,,52344,70,,,0,10,,52345,70,,,0,10,,52346,70,,,0,10,,52347,70,,,0,50,,52348,70,,,0,10,,52349,70,,,0,10,,52350,70,,,0,10,,52351,70,,,0,10,,52352,70,,,0,10,,52353,70,,,0,50,,52354,70,,,0,10,,52355,70,,,0,10,,52356,70,,,0,10,,52357,70,,,0,10,,52358,70,,,0,10,,52359,70,,,0,50,,52360,70,,,0,15,,52361,70,,,0,15,,52362,70,,,0,19,,52384,70,,,0,70,,52385,70,,,0,30,,52386,70,,,0,70,,52387,70,,,0,30,,52388,70,,,0,70,,52389,70,,,0,30,,52390,70,,,0,70,,52391,70,,,0,30,,52392,70,,,0,70,,52393,70,,,0,30,,52394,70,,,0,70,,52395,70,,,0,30,,52396,70,,,0,70,,52397,70,,,0
1800,'1382',609,,52434,70,,,0,35,,52435,70,,,0,57,,52398,70,,,0,15,,52399,70,,,0,15,,52400,70,,,0,15,,52401,70,,,0,55,,52402,70,,,0,10,,52403,70,,,0,10,,52404,70,,,0,10,,52405,70,,,0,10,,52406,70,,,0,10,,52407,70,,,0,50,,52408,70,,,0,7,,52436,70,,,0,15,,52437,70,,,0,15,,52438,70,,,0,15,,52439,70,,,0,55,,52440,70,,,0,15,,52441,70,,,0,15,,52442,70,,,0,13,,52443,70,,,0,55,,52444,70,,,0,15,,52445,70,,,0,15,,52446,70,,,0,15,,52447,70,,,0,55,,52448,70,,,0,15,,52449,70,,,0,15,,52450,70,,,0,15,,52451,70,,,0,55,,52452,70,,,0,15,,52453,70,,,0,15,,52454,70,,,0,22,,52409,70,,,0,60,,52410,70,,,0,15,,52411,70,,,0,15,,52412,70,,,0,55,,52413,70,,,0,10,,52414,70,,,0,10,,52415,70,,,0,10,,52416,70,,,0,10,,52417,70,,,0,10,,52418,70,,,0,50,,52419,70,,,0,10,,52420,70,,,0,10,,52421,70,,,0,10,,52422,70,,,0,10,,52423,70,,,0,10,,52424,70,,,0,50,,52425,70,,,0,10,,52426,70,,,0,10,,52427,70,,,0,10,,52428,70,,,0,10,,52429,70,,,0,10,,52430,70,,,0,50,,52431,70,,,0,15,,52432,70,,,0,15,,52433,70,,,0,19,,52455,70,,,0,70,,52456,70,,,0,30,,52457,70,,,0,70,,52458,70,,,0,30,,52459,70,,,0,70,,52460,70,,,0,30,,52461,70,,,0,70,,52462,70,,,0,30,,52463,70,,,0,70,,52464,70,,,0,30,,52465,70,,,0,70,,52466,70,,,0,30,,52467,70,,,0,70,,52468,70,,,0
1900,'1376',948,,52905,81,,,0,100,,52904,81,,,0,100,,52903,81,,,0,100,,52902,81,,,0,100,,52901,81,,,0,100,,52900,81,,,0,100,,52899,81,,,0,100,,52898,81,,,0,100,,52897,81,,,0,100,,52896,81,,,0,100,,52895,81,,,0,100,,52894,81,,,0
1900,'1377',848,,52906,81,,,0,100,,52907,81,,,0,100,,52908,81,,,0,70,,52909,81,,,0,30,,52910,81,,,0,70,,52911,81,,,0,30,,52912,81,,,0,70,,52913,81,,,0,30,,52914,81,,,0,70,,52915,81,,,0,30,,52916,81,,,0,70,,52917,81,,,0,30,,52918,81,,,0,70,,52919,81,,,0,30,,52920,81,,,0,70,,52921,81,,,0,30,,52922,81,,,0,70,,52923,81,,,0,30,,52924,81,,,0,70,,52925,81,,,0,30,,52926,81,,,0,70,,52927,81,,,0,30,,52928,81,,,0,100,,52929,81,,,0,100,,52930,81,,,0,100,,52931,81,,,0
1900,'1378',648,,52932,81,,,0,70,,52933,81,,,0,30,,52934,81,,,0,70,,52935,81,,,0,30,,52936,81,,,0,70,,52937,81,,,0,30,,52938,81,,,0,70,,52939,81,,,0,30,,52940,81,,,0,70,,52941,81,,,0,30,,52942,81,,,0,70,,52943,81,,,0,30,,52944,81,,,0,70,,52945,81,,,0,30,,52946,81,,,0,70,,52947,81,,,0,30,,52948,81,,,0,70,,52949,81,,,0,30,,52950,81,,,0,70,,52951,81,,,0,30,,52952,81,,,0,70,,52953,81,,,0,30,,52954,81,,,0,70,,52955,81,,,0,30,,52956,81,,,0,70,,52957,81,,,0,30,,52958,81,,,0,70,,52959,81,,,0,30,,52960,81,,,0,70,,52961,81,,,0,30,,52962,81,,,0,70,,52963,81,,,0,100,,52964,81,,,0,100,,52965,81,,,0
1900,'1379',648,,52966,81,,,0,70,,52967,81,,,0,30,,52968,81,,,0,70,,52969,81,,,0,30,,52970,81,,,0,70,,52971,81,,,0,30,,52972,81,,,0,70,,52973,81,,,0,30,,52974,81,,,0,70,,52975,81,,,0,30,,52976,81,,,0,70,,52977,81,,,0,30,,52978,81,,,0,70,,52979,81,,,0,30,,52980,81,,,0,70,,52981,81,,,0,30,,52982,81,,,0,70,,52983,81,,,0,30,,52984,81,,,0,70,,52985,81,,,0,30,,52986,81,,,0,70,,52987,81,,,0,30,,52988,81,,,0,70,,52989,81,,,0,30,,52990,81,,,0,70,,52991,81,,,0,30,,52992,81,,,0,70,,52993,81,,,0,30,,52994,81,,,0,70,,52995,81,,,0,30,,52996,81,,,0,70,,52997,81,,,0,100,,52998,81,,,0,100,,52999,81,,,0
1900,'1380',648,,53000,81,,,0,70,,53001,81,,,0,30,,53002,81,,,0,70,,53003,81,,,0,30,,53004,81,,,0,70,,53005,81,,,0,30,,53006,81,,,0,70,,53007,81,,,0,30,,53008,81,,,0,70,,53009,81,,,0,30,,53010,81,,,0,70,,53011,81,,,0,30,,53012,81,,,0,70,,53013,81,,,0,30,,53014,81,,,0,70,,53015,81,,,0,30,,53016,81,,,0,70,,53017,81,,,0,30,,53018,81,,,0,70,,53019,81,,,0,30,,53020,81,,,0,70,,53021,81,,,0,30,,53022,81,,,0,70,,53023,81,,,0,30,,53024,81,,,0,70,,53025,81,,,0,30,,53026,81,,,0,70,,53027,81,,,0,30,,53028,81,,,0,70,,53029,81,,,0,30,,53030,81,,,0,70,,53031,81,,,0,100,,53032,81,,,0,100,,53033,81,,,0
1900,'1381',648,,53034,81,,,0,70,,53035,81,,,0,30,,53036,81,,,0,70,,53037,81,,,0,30,,53038,81,,,0,70,,53039,81,,,0,30,,53040,81,,,0,70,,53041,81,,,0,30,,53042,81,,,0,70,,53043,81,,,0,30,,53044,81,,,0,70,,53045,81,,,0,30,,53046,81,,,0,70,,53047,81,,,0,30,,53048,81,,,0,70,,53049,81,,,0,30,,53050,81,,,0,70,,53051,81,,,0,30,,53052,81,,,0,70,,53053,81,,,0,30,,53054,81,,,0,70,,53055,81,,,0,30,,53056,81,,,0,70,,53057,81,,,0,30,,53058,81,,,0,70,,53059,81,,,0,30,,53060,81,,,0,70,,53061,81,,,0,30,,53062,81,,,0,70,,53063,81,,,0,30,,53064,81,,,0,70,,53065,81,,,0,100,,53066,81,,,0,100,,53067,81,,,0
1900,'1382',648,,53068,81,,,0,70,,53069,81,,,0,30,,53070,81,,,0,70,,53071,81,,,0,30,,53072,81,,,0,70,,53073,81,,,0,30,,53074,81,,,0,70,,53075,81,,,0,30,,53076,81,,,0,70,,53077,81,,,0,30,,53078,81,,,0,70,,53079,81,,,0,30,,53080,81,,,0,70,,53081,81,,,0,30,,53082,81,,,0,70,,53083,81,,,0,30,,53084,81,,,0,70,,53085,81,,,0,30,,53086,81,,,0,70,,53087,81,,,0,30,,53088,81,,,0,70,,53089,81,,,0,30,,53090,81,,,0,70,,53091,81,,,0,30,,53092,81,,,0,70,,53093,81,,,0,30,,53094,81,,,0,70,,53095,81,,,0,30,,53096,81,,,0,70,,53097,81,,,0,30,,53098,81,,,0,70,,53099,81,,,0,100,,53100,81,,,0,100,,53101,81,,,0
552200,'1378',703,,54682,18,0,9,0,30,,54683,18,0,9,0,70,,54684,18,0,9,0,30,,54685,18,0,9,0,70,,54686,18,0,9,0,30,,54687,18,0,9,0,70,,54688,18,0,9,0,30,,54689,18,0,9,0,70,,54690,18,0,9,0,30,,54691,18,0,9,0,70,,54692,18,0,9,0,30,,54693,18,0,9,0,70,,54694,18,0,9,0,30,,54695,18,0,9,0,70,,54696,18,0,9,0,30,,54697,18,0,9,0,70,,54698,18,0,9,0,30,,54699,18,0,9,0,70,,54700,18,0,9,0,30,,54701,18,0,9,0,70,,54702,18,0,9,0,30,,54703,18,0,9,0,70,,54704,18,0,9,0
552200,'1379',703,,54705,18,0,9,0,30,,54706,18,0,9,0,70,,54707,18,0,9,0,30,,54708,18,0,9,0,70,,54709,18,0,9,0,30,,54710,18,0,9,0,70,,54711,18,0,9,0,30,,54712,18,0,9,0,70,,54713,18,0,9,0,30,,54714,18,0,9,0,70,,54715,18,0,9,0,30,,54716,18,0,9,0,70,,54717,18,0,9,0,30,,54718,18,0,9,0,70,,54719,18,0,9,0,30,,54720,18,0,9,0,70,,54721,18,0,9,0,30,,54722,18,0,9,0,70,,54723,18,0,9,0,30,,54724,18,0,9,0,70,,54725,18,0,9,0,30,,54726,18,0,9,0,70,,54727,18,0,9,0
552200,'1380',703,,54728,18,0,9,0,30,,54729,18,0,9,0,70,,54730,18,0,9,0,30,,54731,18,0,9,0,70,,54732,18,0,9,0,30,,54733,18,0,9,0,70,,54734,18,0,9,0,30,,54735,18,0,9,0,70,,54736,18,0,9,0,30,,54737,18,0,9,0,70,,54738,18,0,9,0,30,,54739,18,0,9,0,70,,54740,18,0,9,0,30,,54741,18,0,9,0,70,,54742,18,0,9,0,30,,54743,18,0,9,0,70,,54744,18,0,9,0,30,,54745,18,0,9,0,70,,54746,18,0,9,0,30,,54747,18,0,9,0,70,,54748,18,0,9,0,30,,54749,18,0,9,0,70,,54750,18,0,9,0
552200,'1381',703,,54751,18,0,9,0,30,,54752,18,0,9,0,70,,54753,18,0,9,0,30,,54754,18,0,9,0,70,,54755,18,0,9,0,30,,54756,18,0,9,0,70,,54757,18,0,9,0,30,,54758,18,0,9,0,70,,54759,18,0,9,0,30,,54760,18,0,9,0,70,,54761,18,0,9,0,30,,54762,18,0,9,0,70,,54763,18,0,9,0,30,,54764,18,0,9,0,70,,54765,18,0,9,0,30,,54766,18,0,9,0,70,,54767,18,0,9,0,30,,54768,18,0,9,0,70,,54769,18,0,9,0,30,,54770,18,0,9,0,70,,54771,18,0,9,0,30,,54772,18,0,9,0,70,,54773,18,0,9,0
552200,'1382',703,,54774,18,0,9,0,30,,54775,18,0,9,0,70,,54776,18,0,9,0,30,,54777,18,0,9,0,70,,54778,18,0,9,0,30,,54779,18,0,9,0,70,,54780,18,0,9,0,30,,54781,18,0,9,0,70,,54782,18,0,9,0,30,,54783,18,0,9,0,70,,54784,18,0,9,0,30,,54785,18,0,9,0,70,,54786,18,0,9,0,30,,54787,18,0,9,0,70,,54788,18,0,9,0,30,,54789,18,0,9,0,70,,54790,18,0,9,0,30,,54791,18,0,9,0,70,,54792,18,0,9,0,30,,54793,18,0,9,0,70,,54794,18,0,9,0,30,,54795,18,0,9,0,70,,54796,18,0,9,0
