1600,'1383',1052,,57705,25,,,0,70,,57704,25,,,0,85,,57703,25,,,0,30,,57702,25,,,0,70,,57701,25,,,0,30,,57700,25,,,0,70,,57699,25,,,0,30,,57698,25,,,0,70,,57697,25,,,0,30,,57696,25,,,0,70,,57695,25,,,0,30,,57694,25,,,0,70,,57693,25,,,0,20,,57692,25,,,0,10,,57691,25,,,0,70,,57690,25,,,0,20,,57689,25,,,0,10,,57688,25,,,0,70,,57687,25,,,0,30,,57686,25,,,0,70,,57685,25,,,0
1600,'1384',739,,57706,25,,,0,70,,57707,25,,,0,30,,57708,25,,,0,70,,57709,25,,,0,30,,57710,25,,,0,70,,57711,25,,,0,30,,57712,25,,,0,70,,57713,25,,,0,20,,57714,25,,,0,20,,57715,25,,,0,60,,57716,25,,,0,20,,57717,25,,,0,20,,57718,25,,,0,60,,57719,25,,,0,20,,57720,25,,,0,20,,57721,25,,,0,60,,57722,25,,,0,20,,57723,25,,,0,20,,57724,25,,,0,60,,57725,25,,,0,20,,57726,25,,,0,20,,57727,25,,,0,60,,57728,25,,,0,20,,57729,25,,,0,20,,57730,25,,,0,60,,57731,25,,,0,20,,57732,25,,,0,20,,57733,25,,,0,60,,57734,25,,,0,20,,57735,25,,,0,5,,57736,25,,,0,15,,57737,25,,,0,60,,57738,25,,,0,30,,57739,25,,,0,70,,57740,25,,,0,30,,57741,25,,,0,70,,57742,25,,,0,30,,57743,25,,,0,70,,57744,25,,,0,100,,57745,25,,,0
1600,'1385',649,,57759,25,,,0,74,,57746,25,,,0,31,,57760,25,,,0,60,,57761,25,,,0,20,,57762,25,,,0,20,,57763,25,,,0,60,,57764,25,,,0,20,,57765,25,,,0,20,,57766,25,,,0,60,,57747,25,,,0,20,,57748,25,,,0,20,,57749,25,,,0,60,,57750,25,,,0,20,,57751,25,,,0,20,,57752,25,,,0,60,,57753,25,,,0,20,,57754,25,,,0,20,,57755,25,,,0,60,,57756,25,,,0,20,,57757,25,,,0,20,,57758,25,,,0,60,,57779,25,,,0,20,,57780,25,,,0,20,,57781,25,,,0,60,,57782,25,,,0,20,,57783,25,,,0,20,,57767,25,,,0,60,,57768,25,,,0,20,,57769,25,,,0,20,,57770,25,,,0,60,,57771,25,,,0,20,,57772,25,,,0,20,,57773,25,,,0,60,,57774,25,,,0,20,,57775,25,,,0,20,,57776,25,,,0,55,,57777,25,,,0,30,,57778,25,,,0,70,,57784,25,,,0,30,,57785,25,,,0,70,,57786,25,,,0,30,,57787,25,,,0,70,,57788,25,,,0,100,,57789,25,,,0
1600,'1386',649,,57803,25,,,0,74,,57790,25,,,0,31,,57804,25,,,0,60,,57805,25,,,0,20,,57806,25,,,0,20,,57807,25,,,0,60,,57808,25,,,0,20,,57809,25,,,0,20,,57810,25,,,0,60,,57791,25,,,0,20,,57792,25,,,0,20,,57793,25,,,0,60,,57794,25,,,0,20,,57795,25,,,0,20,,57796,25,,,0,60,,57797,25,,,0,20,,57798,25,,,0,20,,57799,25,,,0,60,,57800,25,,,0,20,,57801,25,,,0,20,,57802,25,,,0,60,,57823,25,,,0,20,,57824,25,,,0,20,,57825,25,,,0,60,,57826,25,,,0,20,,57827,25,,,0,20,,57811,25,,,0,60,,57812,25,,,0,20,,57813,25,,,0,20,,57814,25,,,0,60,,57815,25,,,0,20,,57816,25,,,0,20,,57817,25,,,0,60,,57818,25,,,0,20,,57819,25,,,0,20,,57820,25,,,0,55,,57821,25,,,0,30,,57822,25,,,0,70,,57828,25,,,0,30,,57829,25,,,0,70,,57830,25,,,0,30,,57831,25,,,0,70,,57832,25,,,0,100,,57833,25,,,0
1600,'1387',649,,57847,25,,,0,74,,57834,25,,,0,31,,57848,25,,,0,60,,57849,25,,,0,20,,57850,25,,,0,20,,57851,25,,,0,60,,57852,25,,,0,20,,57853,25,,,0,20,,57854,25,,,0,60,,57835,25,,,0,20,,57836,25,,,0,20,,57837,25,,,0,60,,57838,25,,,0,20,,57839,25,,,0,20,,57840,25,,,0,60,,57841,25,,,0,20,,57842,25,,,0,20,,57843,25,,,0,60,,57844,25,,,0,20,,57845,25,,,0,20,,57846,25,,,0,60,,57867,25,,,0,20,,57868,25,,,0,20,,57869,25,,,0,60,,57870,25,,,0,20,,57871,25,,,0,20,,57855,25,,,0,60,,57856,25,,,0,20,,57857,25,,,0,20,,57858,25,,,0,60,,57859,25,,,0,20,,57860,25,,,0,20,,57861,25,,,0,60,,57862,25,,,0,20,,57863,25,,,0,20,,57864,25,,,0,55,,57865,25,,,0,30,,57866,25,,,0,70,,57872,25,,,0,30,,57873,25,,,0,70,,57874,25,,,0,30,,57875,25,,,0,70,,57876,25,,,0,100,,57877,25,,,0
1600,'1388',649,,57891,25,,,0,74,,57878,25,,,0,31,,57892,25,,,0,60,,57893,25,,,0,20,,57894,25,,,0,20,,57895,25,,,0,60,,57896,25,,,0,20,,57897,25,,,0,20,,57898,25,,,0,60,,57879,25,,,0,20,,57880,25,,,0,20,,57881,25,,,0,60,,57882,25,,,0,20,,57883,25,,,0,20,,57884,25,,,0,60,,57885,25,,,0,20,,57886,25,,,0,20,,57887,25,,,0,60,,57888,25,,,0,20,,57889,25,,,0,20,,57890,25,,,0,60,,57911,25,,,0,20,,57912,25,,,0,20,,57913,25,,,0,60,,57914,25,,,0,20,,57915,25,,,0,20,,57899,25,,,0,60,,57900,25,,,0,20,,57901,25,,,0,20,,57902,25,,,0,60,,57903,25,,,0,20,,57904,25,,,0,20,,57905,25,,,0,60,,57906,25,,,0,20,,57907,25,,,0,20,,57908,25,,,0,55,,57909,25,,,0,30,,57910,25,,,0,70,,57916,25,,,0,30,,57917,25,,,0,70,,57918,25,,,0,30,,57919,25,,,0,70,,57920,25,,,0,100,,57921,25,,,0
1600,'1389',649,,57935,25,,,0,74,,57922,25,,,0,31,,57936,25,,,0,60,,57937,25,,,0,20,,57938,25,,,0,20,,57939,25,,,0,60,,57940,25,,,0,20,,57941,25,,,0,20,,57942,25,,,0,60,,57923,25,,,0,20,,57924,25,,,0,20,,57925,25,,,0,60,,57926,25,,,0,20,,57927,25,,,0,20,,57928,25,,,0,60,,57929,25,,,0,20,,57930,25,,,0,20,,57931,25,,,0,60,,57932,25,,,0,20,,57933,25,,,0,20,,57934,25,,,0,60,,57955,25,,,0,20,,57956,25,,,0,20,,57957,25,,,0,60,,57958,25,,,0,20,,57959,25,,,0,20,,57943,25,,,0,60,,57944,25,,,0,20,,57945,25,,,0,20,,57946,25,,,0,60,,57947,25,,,0,20,,57948,25,,,0,20,,57949,25,,,0,60,,57950,25,,,0,20,,57951,25,,,0,20,,57952,25,,,0,55,,57953,25,,,0,30,,57954,25,,,0,70,,57960,25,,,0,30,,57961,25,,,0,70,,57962,25,,,0,30,,57963,25,,,0,70,,57964,25,,,0,100,,57965,25,,,0
1700,'1383',640,,58253,62,,,0,100,,58252,62,,,0,100,,58251,62,,,0,100,,58250,62,,,0,114,,58254,62,,,0,80,,58255,62,,,0,80,,58256,62,,,0,40,,58257,62,,,0,80,,58258,62,,,0,80,,58259,62,,,0,40,,58260,62,,,0,80,,58261,62,,,0,80,,58262,62,,,0,40,,58263,62,,,0,80,,58264,62,,,0,80,,58265,62,,,0,40,,58266,62,,,0,80,,58267,62,,,0,80,,58268,62,,,0
1700,'1384',601,,58269,62,,,0,34,,58270,62,,,0,70,,58271,62,,,0,30,,58272,62,,,0,70,,58273,62,,,0,30,,58274,62,,,0,70,,58275,62,,,0,30,,58276,62,,,0,70,,58277,62,,,0,30,,58278,62,,,0,78,,58287,62,,,0,20,,58288,62,,,0,20,,58289,62,,,0,60,,58290,62,,,0,20,,58291,62,,,0,20,,58292,62,,,0,60,,58293,62,,,0,20,,58294,62,,,0,20,,58295,62,,,0,60,,58296,62,,,0,20,,58297,62,,,0,20,,58298,62,,,0,60,,58299,62,,,0,20,,58300,62,,,0,20,,58301,62,,,0,60,,58302,62,,,0,20,,58303,62,,,0,20,,58304,62,,,0,60,,58305,62,,,0,20,,58306,62,,,0,20,,58307,62,,,0,60,,58308,62,,,0,20,,58309,62,,,0,20,,58310,62,,,0,55,,58311,62,,,0,30,,58312,62,,,0,70,,58313,62,,,0,30,,58314,62,,,0,70,,58315,62,,,0,27,,58279,62,,,0,70,,58280,62,,,0,30,,58281,62,,,0,70,,58282,62,,,0,30,,58283,62,,,0,70,,58284,62,,,0,30,,58285,62,,,0,70,,58286,62,,,0
1700,'1385',602,,58316,62,,,0,28,,58317,23,,,0,18,,58335,62,,,0,55,,58334,62,,,0,15,,58333,62,,,0,15,,58332,62,,,0,15,,58331,62,,,0,10,,58330,62,,,0,50,,58329,62,,,0,10,,58328,62,,,0,10,,58327,62,,,0,10,,58326,62,,,0,10,,58325,62,,,0,10,,58324,62,,,0,50,,58323,62,,,0,10,,58318,62,,,0,10,,58319,62,,,0,10,,58320,62,,,0,10,,58321,62,,,0,10,,58322,62,,,0,50,,58336,62,,,0,10,,58361,62,,,0,10,,58362,62,,,0,10,,58363,62,,,0,10,,58364,62,,,0,10,,58365,62,,,0,50,,58366,62,,,0,10,,58367,62,,,0,10,,58368,62,,,0,10,,58369,62,,,0,10,,58370,62,,,0,10,,58371,62,,,0,50,,58372,62,,,0,10,,58373,62,,,0,10,,58374,62,,,0,10,,58375,62,,,0,10,,58376,62,,,0,10,,58379,62,,,0,50,,58380,62,,,0,10,,58381,62,,,0,10,,58382,62,,,0,10,,58383,62,,,0,10,,58384,62,,,0,10,,58385,62,,,0,50,,58386,62,,,0,10,,58337,62,,,0,10,,58338,62,,,0,10,,58339,62,,,0,10,,58340,62,,,0,10,,58341,62,,,0,50,,58342,62,,,0,10,,58343,62,,,0,10,,58344,62,,,0,10,,58345,62,,,0,10,,58346,62,,,0,10,,58347,62,,,0,50,,58348,62,,,0,10,,58349,62,,,0,10,,58350,62,,,0,10,,58351,62,,,0,10,,58352,62,,,0,10,,58353,62,,,0,50,,58354,62,,,0,10,,58355,62,,,0,10,,58356,62,,,0,10,,58357,62,,,0,10,,58358,62,,,0,10,,58359,62,,,0,50,,58360,62,,,0,10,,58387,62,,,0,10,,58388,62,,,0,10,,58389,62,,,0,10,,58390,62,,,0,55,,58391,62,,,0,15,,58392,62,,,0,15,,58393,62,,,0,70,,58394,62,,,0,30,,58395,62,,,0,70,,58396,62,,,0,30,,58397,62,,,0,70,,58398,62,,,0,30,,58399,62,,,0,70,,58400,62,,,0,30,,58401,62,,,0,70,,58402,62,,,0,30,,58377,62,,,0,70,,58378,62,,,0
1700,'1386',602,,58403,62,,,0,28,,58404,23,,,0,18,,58422,62,,,0,55,,58421,62,,,0,15,,58420,62,,,0,15,,58419,62,,,0,15,,58418,62,,,0,10,,58417,62,,,0,50,,58416,62,,,0,10,,58415,62,,,0,10,,58414,62,,,0,10,,58413,62,,,0,10,,58412,62,,,0,10,,58411,62,,,0,50,,58410,62,,,0,10,,58405,62,,,0,10,,58406,62,,,0,10,,58407,62,,,0,10,,58408,62,,,0,10,,58409,62,,,0,50,,58423,62,,,0,10,,58448,62,,,0,10,,58449,62,,,0,10,,58450,62,,,0,10,,58451,62,,,0,10,,58452,62,,,0,50,,58453,62,,,0,10,,58454,62,,,0,10,,58455,62,,,0,10,,58456,62,,,0,10,,58457,62,,,0,10,,58458,62,,,0,50,,58459,62,,,0,10,,58460,62,,,0,10,,58461,62,,,0,10,,58462,62,,,0,10,,58463,62,,,0,10,,58466,62,,,0,50,,58467,62,,,0,10,,58468,62,,,0,10,,58469,62,,,0,10,,58470,62,,,0,10,,58471,62,,,0,10,,58472,62,,,0,50,,58473,62,,,0,10,,58424,62,,,0,10,,58425,62,,,0,10,,58426,62,,,0,10,,58427,62,,,0,10,,58428,62,,,0,50,,58429,62,,,0,10,,58430,62,,,0,10,,58431,62,,,0,10,,58432,62,,,0,10,,58433,62,,,0,10,,58434,62,,,0,50,,58435,62,,,0,10,,58436,62,,,0,10,,58437,62,,,0,10,,58438,62,,,0,10,,58439,62,,,0,10,,58440,62,,,0,50,,58441,62,,,0,10,,58442,62,,,0,10,,58443,62,,,0,10,,58444,62,,,0,10,,58445,62,,,0,10,,58446,62,,,0,50,,58447,62,,,0,10,,58474,62,,,0,10,,58475,62,,,0,10,,58476,62,,,0,10,,58477,62,,,0,55,,58478,62,,,0,15,,58479,62,,,0,15,,58480,62,,,0,70,,58481,62,,,0,30,,58482,62,,,0,70,,58483,62,,,0,30,,58484,62,,,0,70,,58485,62,,,0,30,,58486,62,,,0,70,,58487,62,,,0,30,,58488,62,,,0,70,,58489,62,,,0,30,,58464,62,,,0,70,,58465,62,,,0
1700,'1387',602,,58490,62,,,0,28,,58491,23,,,0,18,,58509,62,,,0,55,,58508,62,,,0,15,,58507,62,,,0,15,,58506,62,,,0,15,,58505,62,,,0,10,,58504,62,,,0,50,,58503,62,,,0,10,,58502,62,,,0,10,,58501,62,,,0,10,,58500,62,,,0,10,,58499,62,,,0,10,,58498,62,,,0,50,,58497,62,,,0,10,,58492,62,,,0,10,,58493,62,,,0,10,,58494,62,,,0,10,,58495,62,,,0,10,,58496,62,,,0,50,,58510,62,,,0,10,,58535,62,,,0,10,,58536,62,,,0,10,,58537,62,,,0,10,,58538,62,,,0,10,,58539,62,,,0,50,,58540,62,,,0,10,,58541,62,,,0,10,,58542,62,,,0,10,,58543,62,,,0,10,,58544,62,,,0,10,,58545,62,,,0,50,,58546,62,,,0,10,,58547,62,,,0,10,,58548,62,,,0,10,,58549,62,,,0,10,,58550,62,,,0,10,,58553,62,,,0,50,,58554,62,,,0,10,,58555,62,,,0,10,,58556,62,,,0,10,,58557,62,,,0,10,,58558,62,,,0,10,,58559,62,,,0,50,,58560,62,,,0,10,,58511,62,,,0,10,,58512,62,,,0,10,,58513,62,,,0,10,,58514,62,,,0,10,,58515,62,,,0,50,,58516,62,,,0,10,,58517,62,,,0,10,,58518,62,,,0,10,,58519,62,,,0,10,,58520,62,,,0,10,,58521,62,,,0,50,,58522,62,,,0,10,,58523,62,,,0,10,,58524,62,,,0,10,,58525,62,,,0,10,,58526,62,,,0,10,,58527,62,,,0,50,,58528,62,,,0,10,,58529,62,,,0,10,,58530,62,,,0,10,,58531,62,,,0,10,,58532,62,,,0,10,,58533,62,,,0,50,,58534,62,,,0,10,,58561,62,,,0,10,,58562,62,,,0,10,,58563,62,,,0,10,,58564,62,,,0,55,,58565,62,,,0,15,,58566,62,,,0,15,,58567,62,,,0,70,,58568,62,,,0,30,,58569,62,,,0,70,,58570,62,,,0,30,,58571,62,,,0,70,,58572,62,,,0,30,,58573,62,,,0,70,,58574,62,,,0,30,,58575,62,,,0,70,,58576,62,,,0,30,,58551,62,,,0,70,,58552,62,,,0
1700,'1388',602,,58577,62,,,0,28,,58578,23,,,0,18,,58596,62,,,0,55,,58595,62,,,0,15,,58594,62,,,0,15,,58593,62,,,0,15,,58592,62,,,0,10,,58591,62,,,0,50,,58590,62,,,0,10,,58589,62,,,0,10,,58588,62,,,0,10,,58587,62,,,0,10,,58586,62,,,0,10,,58585,62,,,0,50,,58584,62,,,0,10,,58579,62,,,0,10,,58580,62,,,0,10,,58581,62,,,0,10,,58582,62,,,0,10,,58583,62,,,0,50,,58597,62,,,0,10,,58622,62,,,0,10,,58623,62,,,0,10,,58624,62,,,0,10,,58625,62,,,0,10,,58626,62,,,0,50,,58627,62,,,0,10,,58628,62,,,0,10,,58629,62,,,0,10,,58630,62,,,0,10,,58631,62,,,0,10,,58632,62,,,0,50,,58633,62,,,0,10,,58634,62,,,0,10,,58635,62,,,0,10,,58636,62,,,0,10,,58637,62,,,0,10,,58640,62,,,0,50,,58641,62,,,0,10,,58642,62,,,0,10,,58643,62,,,0,10,,58644,62,,,0,10,,58645,62,,,0,10,,58646,62,,,0,50,,58647,62,,,0,10,,58598,62,,,0,10,,58599,62,,,0,10,,58600,62,,,0,10,,58601,62,,,0,10,,58602,62,,,0,50,,58603,62,,,0,10,,58604,62,,,0,10,,58605,62,,,0,10,,58606,62,,,0,10,,58607,62,,,0,10,,58608,62,,,0,50,,58609,62,,,0,10,,58610,62,,,0,10,,58611,62,,,0,10,,58612,62,,,0,10,,58613,62,,,0,10,,58614,62,,,0,50,,58615,62,,,0,10,,58616,62,,,0,10,,58617,62,,,0,10,,58618,62,,,0,10,,58619,62,,,0,10,,58620,62,,,0,50,,58621,62,,,0,10,,58648,62,,,0,10,,58649,62,,,0,10,,58650,62,,,0,10,,58651,62,,,0,55,,58652,62,,,0,15,,58653,62,,,0,15,,58654,62,,,0,70,,58655,62,,,0,30,,58656,62,,,0,70,,58657,62,,,0,30,,58658,62,,,0,70,,58659,62,,,0,30,,58660,62,,,0,70,,58661,62,,,0,30,,58662,62,,,0,70,,58663,62,,,0,30,,58638,62,,,0,70,,58639,62,,,0
1700,'1389',602,,58664,62,,,0,28,,58665,23,,,0,18,,58683,62,,,0,55,,58682,62,,,0,15,,58681,62,,,0,15,,58680,62,,,0,15,,58679,62,,,0,10,,58678,62,,,0,50,,58677,62,,,0,10,,58676,62,,,0,10,,58675,62,,,0,10,,58674,62,,,0,10,,58673,62,,,0,10,,58672,62,,,0,50,,58671,62,,,0,10,,58666,62,,,0,10,,58667,62,,,0,10,,58668,62,,,0,10,,58669,62,,,0,10,,58670,62,,,0,50,,58684,62,,,0,10,,58709,62,,,0,10,,58710,62,,,0,10,,58711,62,,,0,10,,58712,62,,,0,10,,58713,62,,,0,50,,58714,62,,,0,10,,58715,62,,,0,10,,58716,62,,,0,10,,58717,62,,,0,10,,58718,62,,,0,10,,58719,62,,,0,50,,58720,62,,,0,10,,58721,62,,,0,10,,58722,62,,,0,10,,58723,62,,,0,10,,58724,62,,,0,10,,58727,62,,,0,50,,58728,62,,,0,10,,58729,62,,,0,10,,58730,62,,,0,10,,58731,62,,,0,10,,58732,62,,,0,10,,58733,62,,,0,50,,58734,62,,,0,10,,58685,62,,,0,10,,58686,62,,,0,10,,58687,62,,,0,10,,58688,62,,,0,10,,58689,62,,,0,50,,58690,62,,,0,10,,58691,62,,,0,10,,58692,62,,,0,10,,58693,62,,,0,10,,58694,62,,,0,10,,58695,62,,,0,50,,58696,62,,,0,10,,58697,62,,,0,10,,58698,62,,,0,10,,58699,62,,,0,10,,58700,62,,,0,10,,58701,62,,,0,50,,58702,62,,,0,10,,58703,62,,,0,10,,58704,62,,,0,10,,58705,62,,,0,10,,58706,62,,,0,10,,58707,62,,,0,50,,58708,62,,,0,10,,58735,62,,,0,10,,58736,62,,,0,10,,58737,62,,,0,10,,58738,62,,,0,55,,58739,62,,,0,15,,58740,62,,,0,15,,58741,62,,,0,70,,58742,62,,,0,30,,58743,62,,,0,70,,58744,62,,,0,30,,58745,62,,,0,70,,58746,62,,,0,30,,58747,62,,,0,70,,58748,62,,,0,30,,58749,62,,,0,70,,58750,62,,,0,30,,58725,62,,,0,70,,58726,62,,,0
2000,'1383',1017,,60518,78,,,0,85,,60517,78,,,0,45,,60516,78,,,0,85,,60515,78,,,0,85,,60514,78,,,0,85,,60519,78,,,0,45,,60513,78,,,0,85,,60512,78,,,0,85,,60526,78,,,0,85,,60525,78,,,0,46,,60524,78,,,0,84,,60523,78,,,0,85,,60522,78,,,0,85,,60521,78,,,0,45,,60520,78,,,0
2000,'1384',723,,60529,78,,,0,85,,60530,78,,,0,45,,60531,78,,,0,85,,60532,78,,,0,15,,60533,78,,,0,70,,60534,78,,,0,80,,60535,78,,,0,30,,60536,78,,,0,70,,60537,78,,,0,30,,60538,78,,,0,80,,60539,78,,,0,30,,60540,78,,,0,70,,60541,78,,,0,30,,60542,78,,,0,80,,60543,78,,,0,30,,60544,78,,,0,70,,60545,78,,,0,30,,60546,78,,,0,80,,60547,78,,,0,70,,60548,78,,,0,30,,60549,78,,,0,70,,60550,78,,,0,40,,60551,78,,,0,75,,60552,78,,,0,85,,60553,78,,,0,45,,60554,78,,,0,85,,60555,78,,,0,85,,60556,78,,,0,85,,60557,78,,,0,45,,60558,78,,,0
2000,'1385',650,,60569,80,,,0,60,,60570,80,,,0,20,,60571,80,,,0,20,,60572,80,,,0,60,,60573,80,,,0,20,,60574,80,,,0,20,,60575,80,,,0,60,,60576,80,,,0,20,,60577,80,,,0,20,,60578,80,,,0,60,,60579,80,,,0,20,,60580,80,,,0,20,,60581,80,,,0,60,,60582,80,,,0,20,,60583,80,,,0,20,,60584,80,,,0,60,,60585,80,,,0,20,,60586,80,,,0,20,,60587,80,,,0,60,,60588,80,,,0,20,,60589,80,,,0,20,,60590,80,,,0,60,,60591,80,,,0,20,,60592,80,,,0,20,,60593,80,,,0,60,,60594,80,,,0,20,,60595,80,,,0,20,,60596,80,,,0,60,,60597,80,,,0,20,,60598,80,,,0,20,,60599,80,,,0,60,,60600,80,,,0,20,,60601,80,,,0,20,,60602,80,,,0,60,,60603,80,,,0,20,,60604,80,,,0,20,,60605,80,,,0,60,,60606,80,,,0,18,,60560,78,,,0,74,,60561,78,,,0,45,,60562,78,,,0,85,,60563,78,,,0,85,,60564,78,,,0,85,,60565,78,,,0,45,,60566,78,,,0,85,,60567,78,,,0,85,,60568,78,,,0
2000,'1386',650,,60617,80,,,0,60,,60618,80,,,0,20,,60619,80,,,0,20,,60620,80,,,0,60,,60621,80,,,0,20,,60622,80,,,0,20,,60623,80,,,0,60,,60624,80,,,0,20,,60625,80,,,0,20,,60626,80,,,0,60,,60627,80,,,0,20,,60628,80,,,0,20,,60629,80,,,0,60,,60630,80,,,0,20,,60631,80,,,0,20,,60632,80,,,0,60,,60633,80,,,0,20,,60634,80,,,0,20,,60635,80,,,0,60,,60636,80,,,0,20,,60637,80,,,0,20,,60638,80,,,0,60,,60639,80,,,0,20,,60640,80,,,0,20,,60641,80,,,0,60,,60642,80,,,0,20,,60643,80,,,0,20,,60644,80,,,0,60,,60645,80,,,0,20,,60646,80,,,0,20,,60647,80,,,0,60,,60648,80,,,0,20,,60649,80,,,0,20,,60650,80,,,0,60,,60651,80,,,0,20,,60652,80,,,0,20,,60653,80,,,0,60,,60654,80,,,0,18,,60608,78,,,0,74,,60609,78,,,0,45,,60610,78,,,0,85,,60611,78,,,0,85,,60612,78,,,0,85,,60613,78,,,0,45,,60614,78,,,0,85,,60615,78,,,0,85,,60616,78,,,0
2000,'1387',650,,60665,80,,,0,60,,60666,80,,,0,20,,60667,80,,,0,20,,60668,80,,,0,60,,60669,80,,,0,20,,60670,80,,,0,20,,60671,80,,,0,60,,60672,80,,,0,20,,60673,80,,,0,20,,60674,80,,,0,60,,60675,80,,,0,20,,60676,80,,,0,20,,60677,80,,,0,60,,60678,80,,,0,20,,60679,80,,,0,20,,60680,80,,,0,60,,60681,80,,,0,20,,60682,80,,,0,20,,60683,80,,,0,60,,60684,80,,,0,20,,60685,80,,,0,20,,60686,80,,,0,60,,60687,80,,,0,20,,60688,80,,,0,20,,60689,80,,,0,60,,60690,80,,,0,20,,60691,80,,,0,20,,60692,80,,,0,60,,60693,80,,,0,20,,60694,80,,,0,20,,60695,80,,,0,60,,60696,80,,,0,20,,60697,80,,,0,20,,60698,80,,,0,60,,60699,80,,,0,20,,60700,80,,,0,20,,60701,80,,,0,60,,60702,80,,,0,18,,60656,78,,,0,74,,60657,78,,,0,45,,60658,78,,,0,85,,60659,78,,,0,85,,60660,78,,,0,85,,60661,78,,,0,45,,60662,78,,,0,85,,60663,78,,,0,85,,60664,78,,,0
2000,'1388',650,,60713,80,,,0,60,,60714,80,,,0,20,,60715,80,,,0,20,,60716,80,,,0,60,,60717,80,,,0,20,,60718,80,,,0,20,,60719,80,,,0,60,,60720,80,,,0,20,,60721,80,,,0,20,,60722,80,,,0,60,,60723,80,,,0,20,,60724,80,,,0,20,,60725,80,,,0,60,,60726,80,,,0,20,,60727,80,,,0,20,,60728,80,,,0,60,,60729,80,,,0,20,,60730,80,,,0,20,,60731,80,,,0,60,,60732,80,,,0,20,,60733,80,,,0,20,,60734,80,,,0,60,,60735,80,,,0,20,,60736,80,,,0,20,,60737,80,,,0,60,,60738,80,,,0,20,,60739,80,,,0,20,,60740,80,,,0,60,,60741,80,,,0,20,,60742,80,,,0,20,,60743,80,,,0,60,,60744,80,,,0,20,,60745,80,,,0,20,,60746,80,,,0,60,,60747,80,,,0,20,,60748,80,,,0,20,,60749,80,,,0,60,,60750,80,,,0,18,,60704,78,,,0,74,,60705,78,,,0,45,,60706,78,,,0,85,,60707,78,,,0,85,,60708,78,,,0,85,,60709,78,,,0,45,,60710,78,,,0,85,,60711,78,,,0,85,,60712,78,,,0
2000,'1389',650,,60761,80,,,0,60,,60762,80,,,0,20,,60763,80,,,0,20,,60764,80,,,0,60,,60765,80,,,0,20,,60766,80,,,0,20,,60767,80,,,0,60,,60768,80,,,0,20,,60769,80,,,0,20,,60770,80,,,0,60,,60771,80,,,0,20,,60772,80,,,0,20,,60773,80,,,0,60,,60774,80,,,0,20,,60775,80,,,0,20,,60776,80,,,0,60,,60777,80,,,0,20,,60778,80,,,0,20,,60779,80,,,0,60,,60780,80,,,0,20,,60781,80,,,0,20,,60782,80,,,0,60,,60783,80,,,0,20,,60784,80,,,0,20,,60785,80,,,0,60,,60786,80,,,0,20,,60787,80,,,0,20,,60788,80,,,0,60,,60789,80,,,0,20,,60790,80,,,0,20,,60791,80,,,0,60,,60792,80,,,0,20,,60793,80,,,0,20,,60794,80,,,0,60,,60795,80,,,0,20,,60796,80,,,0,20,,60797,80,,,0,60,,60798,80,,,0,18,,60752,78,,,0,74,,60753,78,,,0,45,,60754,78,,,0,85,,60755,78,,,0,85,,60756,78,,,0,85,,60757,78,,,0,45,,60758,78,,,0,85,,60759,78,,,0,85,,60760,78,,,0
