1601,'1383',1018,,57984,12,,,0,30,,57983,12,,,0,85,,57982,12,,,0,70,,57981,12,,,0,30,,57980,12,,,0,70,,57979,12,,,0,30,,57978,12,,,0,70,,57977,12,,,0,30,,57976,12,,,0,70,,57975,12,,,0,30,,57974,12,,,0,70,,57973,12,,,0,30,,57972,12,,,0,70,,57971,12,,,0,30,,57970,12,,,0,16,,57985,12,,,0,54,,57969,12,,,0,30,,57968,12,,,0,70,,57967,12,,,0,30,,57966,12,,,0
1601,'1384',701,,57986,12,,,0,30,,57987,12,,,0,70,,57988,12,,,0,30,,57989,12,,,0,70,,57990,12,,,0,30,,57991,12,,,0,70,,57992,12,,,0,30,,57993,12,,,0,20,,57994,12,,,0,60,,57995,12,,,0,20,,57996,12,,,0,20,,57997,12,,,0,60,,57998,12,,,0,20,,57999,12,,,0,20,,58000,12,,,0,60,,58001,12,,,0,20,,58002,12,,,0,20,,58003,12,,,0,60,,58004,12,,,0,20,,58005,12,,,0,20,,58006,12,,,0,60,,58007,12,,,0,20,,58008,12,,,0,20,,58009,12,,,0,60,,58010,12,,,0,20,,58011,12,,,0,20,,58012,12,,,0,60,,58013,12,,,0,20,,58014,12,,,0,20,,58015,12,,,0,60,,58016,12,,,0,22,,58017,12,,,0,70,,58018,12,,,0,30,,58019,12,,,0,70,,58020,12,,,0,30,,58021,12,,,0,70,,58022,12,,,0,30,,58023,12,,,0,100,,58024,12,,,0
1601,'1385',612,,58025,12,,,0,37,,58026,12,,,0,70,,58027,12,,,0,20,,58028,12,,,0,20,,58029,12,,,0,60,,58030,12,,,0,20,,58031,12,,,0,20,,58032,12,,,0,60,,58033,12,,,0,20,,58034,12,,,0,20,,58035,12,,,0,60,,58036,12,,,0,20,,58037,12,,,0,20,,58038,12,,,0,60,,58039,12,,,0,20,,58040,12,,,0,20,,58041,12,,,0,60,,58042,12,,,0,20,,58043,12,,,0,20,,58044,12,,,0,60,,58045,12,,,0,20,,58046,12,,,0,20,,58047,12,,,0,60,,58048,12,,,0,20,,58049,12,,,0,20,,58050,12,,,0,60,,58051,12,,,0,20,,58052,12,,,0,20,,58053,12,,,0,60,,58054,12,,,0,20,,58055,12,,,0,20,,58056,12,,,0,60,,58057,12,,,0,20,,58058,12,,,0,20,,58059,12,,,0,60,,58060,12,,,0,15,,58061,12,,,0,70,,58062,12,,,0,30,,58063,12,,,0,70,,58064,12,,,0,30,,58065,12,,,0,70,,58066,12,,,0,30,,58067,12,,,0,100,,58068,12,,,0,100,,58069,12,,,0
1601,'1386',612,,58070,12,,,0,37,,58071,12,,,0,70,,58072,12,,,0,20,,58073,12,,,0,20,,58074,12,,,0,60,,58075,12,,,0,20,,58076,12,,,0,20,,58077,12,,,0,60,,58078,12,,,0,20,,58079,12,,,0,20,,58080,12,,,0,60,,58081,12,,,0,20,,58082,12,,,0,20,,58083,12,,,0,60,,58084,12,,,0,20,,58085,12,,,0,20,,58086,12,,,0,60,,58087,12,,,0,20,,58088,12,,,0,20,,58089,12,,,0,60,,58090,12,,,0,20,,58091,12,,,0,20,,58092,12,,,0,60,,58093,12,,,0,20,,58094,12,,,0,20,,58095,12,,,0,60,,58096,12,,,0,20,,58097,12,,,0,20,,58098,12,,,0,60,,58099,12,,,0,20,,58100,12,,,0,20,,58101,12,,,0,60,,58102,12,,,0,20,,58103,12,,,0,20,,58104,12,,,0,60,,58105,12,,,0,15,,58106,12,,,0,70,,58107,12,,,0,30,,58108,12,,,0,70,,58109,12,,,0,30,,58110,12,,,0,70,,58111,12,,,0,30,,58112,12,,,0,100,,58113,12,,,0,100,,58114,12,,,0
1601,'1387',612,,58115,12,,,0,37,,58116,12,,,0,70,,58117,12,,,0,20,,58118,12,,,0,20,,58119,12,,,0,60,,58120,12,,,0,20,,58121,12,,,0,20,,58122,12,,,0,60,,58123,12,,,0,20,,58124,12,,,0,20,,58125,12,,,0,60,,58126,12,,,0,20,,58127,12,,,0,20,,58128,12,,,0,60,,58129,12,,,0,20,,58130,12,,,0,20,,58131,12,,,0,60,,58132,12,,,0,20,,58133,12,,,0,20,,58134,12,,,0,60,,58135,12,,,0,20,,58136,12,,,0,20,,58137,12,,,0,60,,58138,12,,,0,20,,58139,12,,,0,20,,58140,12,,,0,60,,58141,12,,,0,20,,58142,12,,,0,20,,58143,12,,,0,60,,58144,12,,,0,20,,58145,12,,,0,20,,58146,12,,,0,60,,58147,12,,,0,20,,58148,12,,,0,20,,58149,12,,,0,60,,58150,12,,,0,15,,58151,12,,,0,70,,58152,12,,,0,30,,58153,12,,,0,70,,58154,12,,,0,30,,58155,12,,,0,70,,58156,12,,,0,30,,58157,12,,,0,100,,58158,12,,,0,100,,58159,12,,,0
1601,'1388',612,,58160,12,,,0,37,,58161,12,,,0,70,,58162,12,,,0,20,,58163,12,,,0,20,,58164,12,,,0,60,,58165,12,,,0,20,,58166,12,,,0,20,,58167,12,,,0,60,,58168,12,,,0,20,,58169,12,,,0,20,,58170,12,,,0,60,,58171,12,,,0,20,,58172,12,,,0,20,,58173,12,,,0,60,,58174,12,,,0,20,,58175,12,,,0,20,,58176,12,,,0,60,,58177,12,,,0,20,,58178,12,,,0,20,,58179,12,,,0,60,,58180,12,,,0,20,,58181,12,,,0,20,,58182,12,,,0,60,,58183,12,,,0,20,,58184,12,,,0,20,,58185,12,,,0,60,,58186,12,,,0,20,,58187,12,,,0,20,,58188,12,,,0,60,,58189,12,,,0,20,,58190,12,,,0,20,,58191,12,,,0,60,,58192,12,,,0,20,,58193,12,,,0,20,,58194,12,,,0,60,,58195,12,,,0,15,,58196,12,,,0,70,,58197,12,,,0,30,,58198,12,,,0,70,,58199,12,,,0,30,,58200,12,,,0,70,,58201,12,,,0,30,,58202,12,,,0,100,,58203,12,,,0,100,,58204,12,,,0
1601,'1389',612,,58205,12,,,0,37,,58206,12,,,0,70,,58207,12,,,0,20,,58208,12,,,0,20,,58209,12,,,0,60,,58210,12,,,0,20,,58211,12,,,0,20,,58212,12,,,0,60,,58213,12,,,0,20,,58214,12,,,0,20,,58215,12,,,0,60,,58216,12,,,0,20,,58217,12,,,0,20,,58218,12,,,0,60,,58219,12,,,0,20,,58220,12,,,0,20,,58221,12,,,0,60,,58222,12,,,0,20,,58223,12,,,0,20,,58224,12,,,0,60,,58225,12,,,0,20,,58226,12,,,0,20,,58227,12,,,0,60,,58228,12,,,0,20,,58229,12,,,0,20,,58230,12,,,0,60,,58231,12,,,0,20,,58232,12,,,0,20,,58233,12,,,0,60,,58234,12,,,0,20,,58235,12,,,0,20,,58236,12,,,0,60,,58237,12,,,0,20,,58238,12,,,0,20,,58239,12,,,0,60,,58240,12,,,0,15,,58241,12,,,0,70,,58242,12,,,0,30,,58243,12,,,0,70,,58244,12,,,0,30,,58245,12,,,0,70,,58246,12,,,0,30,,58247,12,,,0,100,,58248,12,,,0,100,,58249,12,,,0
1701,'1383',725,,58766,38,,,0,100,,58768,38,,,0,100,,58767,38,,,0,106,,58765,38,,,0,80,,58764,38,,,0,40,,58763,38,,,0,80,,58762,38,,,0,80,,58761,38,,,0,40,,58760,38,,,0,80,,58759,38,,,0,80,,58758,38,,,0,40,,58757,38,,,0,80,,58756,38,,,0,80,,58755,38,,,0,40,,58754,38,,,0,80,,58753,38,,,0,80,,58752,38,,,0,40,,58751,38,,,0
1701,'1384',601,,58794,38,,,0,30,,58795,38,,,0,70,,58796,38,,,0,30,,58797,38,,,0,70,,58798,38,,,0,30,,58799,38,,,0,70,,58800,38,,,0,30,,58769,38,,,0,70,,58770,38,,,0,30,,58771,38,,,0,20,,58772,38,,,0,60,,58773,38,,,0,20,,58774,38,,,0,20,,58775,38,,,0,60,,58776,38,,,0,20,,58777,38,,,0,20,,58778,38,,,0,60,,58779,38,,,0,20,,58780,38,,,0,20,,58781,38,,,0,60,,58782,38,,,0,20,,58783,38,,,0,20,,58784,38,,,0,60,,58785,38,,,0,20,,58786,38,,,0,20,,58787,38,,,0,60,,58788,38,,,0,20,,58789,38,,,0,20,,58790,38,,,0,60,,58791,38,,,0,20,,58801,38,,,0,20,,58792,38,,,0,60,,58793,38,,,0,20,,58802,38,,,0,70,,58803,38,,,0,30,,58804,38,,,0,70,,58805,38,,,0,30,,58806,38,,,0,70,,58807,38,,,0,30,,58808,38,,,0,70,,58809,38,,,0,30,,58810,38,,,0,70,,58811,38,,,0,30,,58812,38,,,0,70,,58813,38,,,0,30,,58814,38,,,0,70,,58815,38,,,0
1701,'1385',559,,58816,38,,,0,70,,58817,38,,,0,15,,58818,38,,,0,15,,58819,38,,,0,55,,58820,38,,,0,15,,58821,38,,,0,10,,58822,38,,,0,10,,58823,38,,,0,10,,58824,38,,,0,50,,58825,38,,,0,10,,58826,38,,,0,10,,58827,38,,,0,10,,58828,38,,,0,10,,58829,38,,,0,10,,58830,38,,,0,50,,58831,38,,,0,10,,58832,38,,,0,10,,58833,38,,,0,10,,58834,38,,,0,10,,58835,38,,,0,10,,58875,38,,,0,50,,58836,38,,,0,10,,58861,38,,,0,10,,58862,38,,,0,10,,58863,38,,,0,10,,58864,38,,,0,10,,58865,38,,,0,50,,58866,38,,,0,10,,58867,38,,,0,10,,58868,38,,,0,10,,58869,38,,,0,10,,58870,38,,,0,10,,58871,38,,,0,50,,58872,38,,,0,10,,58873,38,,,0,10,,58874,38,,,0,10,,58876,38,,,0,10,,58877,38,,,0,10,,58879,38,,,0,50,,58880,38,,,0,10,,58881,38,,,0,10,,58882,38,,,0,10,,58883,38,,,0,10,,58884,38,,,0,10,,58885,38,,,0,50,,58837,38,,,0,10,,58838,38,,,0,10,,58839,38,,,0,10,,58840,38,,,0,10,,58841,38,,,0,10,,58842,38,,,0,50,,58843,38,,,0,10,,58844,38,,,0,10,,58845,38,,,0,10,,58846,38,,,0,10,,58847,38,,,0,10,,58848,38,,,0,50,,58849,38,,,0,10,,58850,38,,,0,10,,58851,38,,,0,10,,58852,38,,,0,10,,58853,38,,,0,10,,58854,38,,,0,50,,58855,38,,,0,10,,58856,38,,,0,10,,58857,38,,,0,10,,58858,38,,,0,10,,58859,38,,,0,10,,58860,38,,,0,50,,58886,38,,,0,10,,58887,38,,,0,10,,58888,38,,,0,15,,58889,38,,,0,15,,58890,38,,,0,55,,58891,38,,,0,15,,58892,38,,,0,30,,58893,38,,,0,70,,58894,38,,,0,30,,58895,38,,,0,70,,58896,38,,,0,30,,58897,38,,,0,70,,58898,38,,,0,30,,58899,38,,,0,70,,58900,38,,,0,30,,58901,38,,,0,70,,58902,38,,,0,30,,58878,38,,,0
1701,'1386',559,,58903,38,,,0,70,,58904,38,,,0,15,,58905,38,,,0,15,,58906,38,,,0,55,,58907,38,,,0,15,,58908,38,,,0,10,,58909,38,,,0,10,,58910,38,,,0,10,,58911,38,,,0,50,,58912,38,,,0,10,,58913,38,,,0,10,,58914,38,,,0,10,,58915,38,,,0,10,,58916,38,,,0,10,,58917,38,,,0,50,,58918,38,,,0,10,,58919,38,,,0,10,,58920,38,,,0,10,,58921,38,,,0,10,,58922,38,,,0,10,,58962,38,,,0,50,,58923,38,,,0,10,,58948,38,,,0,10,,58949,38,,,0,10,,58950,38,,,0,10,,58951,38,,,0,10,,58952,38,,,0,50,,58953,38,,,0,10,,58954,38,,,0,10,,58955,38,,,0,10,,58956,38,,,0,10,,58957,38,,,0,10,,58958,38,,,0,50,,58959,38,,,0,10,,58960,38,,,0,10,,58961,38,,,0,10,,58963,38,,,0,10,,58964,38,,,0,10,,58966,38,,,0,50,,58967,38,,,0,10,,58968,38,,,0,10,,58969,38,,,0,10,,58970,38,,,0,10,,58971,38,,,0,10,,58972,38,,,0,50,,58924,38,,,0,10,,58925,38,,,0,10,,58926,38,,,0,10,,58927,38,,,0,10,,58928,38,,,0,10,,58929,38,,,0,50,,58930,38,,,0,10,,58931,38,,,0,10,,58932,38,,,0,10,,58933,38,,,0,10,,58934,38,,,0,10,,58935,38,,,0,50,,58936,38,,,0,10,,58937,38,,,0,10,,58938,38,,,0,10,,58939,38,,,0,10,,58940,38,,,0,10,,58941,38,,,0,50,,58942,38,,,0,10,,58943,38,,,0,10,,58944,38,,,0,10,,58945,38,,,0,10,,58946,38,,,0,10,,58947,38,,,0,50,,58973,38,,,0,10,,58974,38,,,0,10,,58975,38,,,0,15,,58976,38,,,0,15,,58977,38,,,0,55,,58978,38,,,0,15,,58979,38,,,0,30,,58980,38,,,0,70,,58981,38,,,0,30,,58982,38,,,0,70,,58983,38,,,0,30,,58984,38,,,0,70,,58985,38,,,0,30,,58986,38,,,0,70,,58987,38,,,0,30,,58988,38,,,0,70,,58989,38,,,0,30,,58965,38,,,0
1701,'1387',559,,58990,38,,,0,70,,58991,38,,,0,15,,58992,38,,,0,15,,58993,38,,,0,55,,58994,38,,,0,15,,58995,38,,,0,10,,58996,38,,,0,10,,58997,38,,,0,10,,58998,38,,,0,50,,58999,38,,,0,10,,59000,38,,,0,10,,59001,38,,,0,10,,59002,38,,,0,10,,59003,38,,,0,10,,59004,38,,,0,50,,59005,38,,,0,10,,59006,38,,,0,10,,59007,38,,,0,10,,59008,38,,,0,10,,59009,38,,,0,10,,59049,38,,,0,50,,59010,38,,,0,10,,59035,38,,,0,10,,59036,38,,,0,10,,59037,38,,,0,10,,59038,38,,,0,10,,59039,38,,,0,50,,59040,38,,,0,10,,59041,38,,,0,10,,59042,38,,,0,10,,59043,38,,,0,10,,59044,38,,,0,10,,59045,38,,,0,50,,59046,38,,,0,10,,59047,38,,,0,10,,59048,38,,,0,10,,59050,38,,,0,10,,59051,38,,,0,10,,59053,38,,,0,50,,59054,38,,,0,10,,59055,38,,,0,10,,59056,38,,,0,10,,59057,38,,,0,10,,59058,38,,,0,10,,59059,38,,,0,50,,59011,38,,,0,10,,59012,38,,,0,10,,59013,38,,,0,10,,59014,38,,,0,10,,59015,38,,,0,10,,59016,38,,,0,50,,59017,38,,,0,10,,59018,38,,,0,10,,59019,38,,,0,10,,59020,38,,,0,10,,59021,38,,,0,10,,59022,38,,,0,50,,59023,38,,,0,10,,59024,38,,,0,10,,59025,38,,,0,10,,59026,38,,,0,10,,59027,38,,,0,10,,59028,38,,,0,50,,59029,38,,,0,10,,59030,38,,,0,10,,59031,38,,,0,10,,59032,38,,,0,10,,59033,38,,,0,10,,59034,38,,,0,50,,59060,38,,,0,10,,59061,38,,,0,10,,59062,38,,,0,15,,59063,38,,,0,15,,59064,38,,,0,55,,59065,38,,,0,15,,59066,38,,,0,30,,59067,38,,,0,70,,59068,38,,,0,30,,59069,38,,,0,70,,59070,38,,,0,30,,59071,38,,,0,70,,59072,38,,,0,30,,59073,38,,,0,70,,59074,38,,,0,30,,59075,38,,,0,70,,59076,38,,,0,30,,59052,38,,,0
1701,'1388',559,,59077,38,,,0,70,,59078,38,,,0,15,,59079,38,,,0,15,,59080,38,,,0,55,,59081,38,,,0,15,,59082,38,,,0,10,,59083,38,,,0,10,,59084,38,,,0,10,,59085,38,,,0,50,,59086,38,,,0,10,,59087,38,,,0,10,,59088,38,,,0,10,,59089,38,,,0,10,,59090,38,,,0,10,,59091,38,,,0,50,,59092,38,,,0,10,,59093,38,,,0,10,,59094,38,,,0,10,,59095,38,,,0,10,,59096,38,,,0,10,,59136,38,,,0,50,,59097,38,,,0,10,,59122,38,,,0,10,,59123,38,,,0,10,,59124,38,,,0,10,,59125,38,,,0,10,,59126,38,,,0,50,,59127,38,,,0,10,,59128,38,,,0,10,,59129,38,,,0,10,,59130,38,,,0,10,,59131,38,,,0,10,,59132,38,,,0,50,,59133,38,,,0,10,,59134,38,,,0,10,,59135,38,,,0,10,,59137,38,,,0,10,,59138,38,,,0,10,,59140,38,,,0,50,,59141,38,,,0,10,,59142,38,,,0,10,,59143,38,,,0,10,,59144,38,,,0,10,,59145,38,,,0,10,,59146,38,,,0,50,,59098,38,,,0,10,,59099,38,,,0,10,,59100,38,,,0,10,,59101,38,,,0,10,,59102,38,,,0,10,,59103,38,,,0,50,,59104,38,,,0,10,,59105,38,,,0,10,,59106,38,,,0,10,,59107,38,,,0,10,,59108,38,,,0,10,,59109,38,,,0,50,,59110,38,,,0,10,,59111,38,,,0,10,,59112,38,,,0,10,,59113,38,,,0,10,,59114,38,,,0,10,,59115,38,,,0,50,,59116,38,,,0,10,,59117,38,,,0,10,,59118,38,,,0,10,,59119,38,,,0,10,,59120,38,,,0,10,,59121,38,,,0,50,,59147,38,,,0,10,,59148,38,,,0,10,,59149,38,,,0,15,,59150,38,,,0,15,,59151,38,,,0,55,,59152,38,,,0,15,,59153,38,,,0,30,,59154,38,,,0,70,,59155,38,,,0,30,,59156,38,,,0,70,,59157,38,,,0,30,,59158,38,,,0,70,,59159,38,,,0,30,,59160,38,,,0,70,,59161,38,,,0,30,,59162,38,,,0,70,,59163,38,,,0,30,,59139,38,,,0
1701,'1389',559,,59164,38,,,0,70,,59165,38,,,0,15,,59166,38,,,0,15,,59167,38,,,0,55,,59168,38,,,0,15,,59169,38,,,0,10,,59170,38,,,0,10,,59171,38,,,0,10,,59172,38,,,0,50,,59173,38,,,0,10,,59174,38,,,0,10,,59175,38,,,0,10,,59176,38,,,0,10,,59177,38,,,0,10,,59178,38,,,0,50,,59179,38,,,0,10,,59180,38,,,0,10,,59181,38,,,0,10,,59182,38,,,0,10,,59183,38,,,0,10,,59223,38,,,0,50,,59184,38,,,0,10,,59209,38,,,0,10,,59210,38,,,0,10,,59211,38,,,0,10,,59212,38,,,0,10,,59213,38,,,0,50,,59214,38,,,0,10,,59215,38,,,0,10,,59216,38,,,0,10,,59217,38,,,0,10,,59218,38,,,0,10,,59219,38,,,0,50,,59220,38,,,0,10,,59221,38,,,0,10,,59222,38,,,0,10,,59224,38,,,0,10,,59225,38,,,0,10,,59227,38,,,0,50,,59228,38,,,0,10,,59229,38,,,0,10,,59230,38,,,0,10,,59231,38,,,0,10,,59232,38,,,0,10,,59233,38,,,0,50,,59185,38,,,0,10,,59186,38,,,0,10,,59187,38,,,0,10,,59188,38,,,0,10,,59189,38,,,0,10,,59190,38,,,0,50,,59191,38,,,0,10,,59192,38,,,0,10,,59193,38,,,0,10,,59194,38,,,0,10,,59195,38,,,0,10,,59196,38,,,0,50,,59197,38,,,0,10,,59198,38,,,0,10,,59199,38,,,0,10,,59200,38,,,0,10,,59201,38,,,0,10,,59202,38,,,0,50,,59203,38,,,0,10,,59204,38,,,0,10,,59205,38,,,0,10,,59206,38,,,0,10,,59207,38,,,0,10,,59208,38,,,0,50,,59234,38,,,0,10,,59235,38,,,0,10,,59236,38,,,0,15,,59237,38,,,0,15,,59238,38,,,0,55,,59239,38,,,0,15,,59240,38,,,0,30,,59241,38,,,0,70,,59242,38,,,0,30,,59243,38,,,0,70,,59244,38,,,0,30,,59245,38,,,0,70,,59246,38,,,0,30,,59247,38,,,0,70,,59248,38,,,0,30,,59249,38,,,0,70,,59250,38,,,0,30,,59226,38,,,0
