721403,'1376',1008,,56905,48,4,,0,110,,56904,48,4,,0,110,,56903,48,4,,0,110,,56902,48,4,,0,110,,56901,48,4,,0,110,,56900,48,4,,0,150,,56899,48,4,,0,110,,56898,48,4,,0
721403,'1377',908,,56906,48,4,,0,110,,56907,48,4,,0,110,,56908,48,4,,0,110,,56909,48,4,,0,118,,56910,48,4,,0,155,,56911,48,4,,0,45,,56912,48,4,,0,85,,56913,48,4,,0,85,,56914,48,4,,0,85,,56915,48,4,,0,45,,56916,48,4,,0,85,,56917,48,4,,0,85,,56918,48,4,,0
721403,'1378',741,,56919,48,4,,0,100,,56920,48,4,,0,85,,56921,48,4,,0,85,,56922,48,4,,0,45,,56923,48,4,,0,85,,56924,48,4,,0,85,,56925,48,4,,0,85,,56926,48,4,,0,45,,56927,48,4,,0,85,,56928,48,4,,0,85,,56929,48,4,,0,85,,56930,48,4,,0,45,,56931,48,4,,0,85,,56932,48,4,,0,85,,56933,48,4,,0,85,,56934,48,4,,0,45,,56935,48,4,,0,85,,56936,48,4,,0,85,,56937,48,4,,0,85,,56938,48,4,,0
721403,'1379',741,,56939,48,4,,0,100,,56940,48,4,,0,85,,56941,48,4,,0,85,,56942,48,4,,0,45,,56943,48,4,,0,85,,56944,48,4,,0,85,,56945,48,4,,0,85,,56946,48,4,,0,45,,56947,48,4,,0,85,,56948,48,4,,0,85,,56949,48,4,,0,85,,56950,48,4,,0,45,,56951,48,4,,0,85,,56952,48,4,,0,85,,56953,48,4,,0,85,,56954,48,4,,0,45,,56955,48,4,,0,85,,56956,48,4,,0,85,,56957,48,4,,0,85,,56958,48,4,,0
721403,'1380',741,,56959,48,4,,0,100,,56960,48,4,,0,85,,56961,48,4,,0,85,,56962,48,4,,0,45,,56963,48,4,,0,85,,56964,48,4,,0,85,,56965,48,4,,0,85,,56966,48,4,,0,45,,56967,48,4,,0,85,,56968,48,4,,0,85,,56969,48,4,,0,85,,56970,48,4,,0,45,,56971,48,4,,0,85,,56972,48,4,,0,85,,56973,48,4,,0,85,,56974,48,4,,0,45,,56975,48,4,,0,85,,56976,48,4,,0,85,,56977,48,4,,0,85,,56978,48,4,,0
721403,'1381',741,,56979,48,4,,0,100,,56980,48,4,,0,85,,56981,48,4,,0,85,,56982,48,4,,0,45,,56983,48,4,,0,85,,56984,48,4,,0,85,,56985,48,4,,0,85,,56986,48,4,,0,45,,56987,48,4,,0,85,,56988,48,4,,0,85,,56989,48,4,,0,85,,56990,48,4,,0,45,,56991,48,4,,0,85,,56992,48,4,,0,85,,56993,48,4,,0,85,,56994,48,4,,0,45,,56995,48,4,,0,85,,56996,48,4,,0,85,,56997,48,4,,0,85,,56998,48,4,,0
721403,'1382',741,,56999,48,4,,0,100,,57000,48,4,,0,85,,57001,48,4,,0,85,,57002,48,4,,0,45,,57003,48,4,,0,85,,57004,48,4,,0,85,,57005,48,4,,0,85,,57006,48,4,,0,45,,57007,48,4,,0,85,,57008,48,4,,0,85,,57009,48,4,,0,85,,57010,48,4,,0,45,,57011,48,4,,0,85,,57012,48,4,,0,85,,57013,48,4,,0,85,,57014,48,4,,0,45,,57015,48,4,,0,85,,57016,48,4,,0,85,,57017,48,4,,0,85,,57018,48,4,,0
721404,'1376',900,,57026,1,0,14,0,110,,57025,1,0,14,0,110,,57024,1,0,14,0,110,,57023,1,0,14,0,110,,57022,1,0,14,0,110,,57021,1,0,14,0,150,,57020,1,0,14,0,110,,57019,1,0,14,0
721404,'1377',800,,57027,1,0,14,0,110,,57028,1,0,14,0,110,,57029,1,0,14,0,110,,57030,1,0,14,0,110,,57031,1,0,14,0,105,,57032,1,0,14,0,85,,57033,1,0,14,0,85,,57034,1,0,14,0,85,,57035,1,0,14,0,45,,57036,1,0,14,0,85,,57037,1,0,14,0,85,,57038,1,0,14,0,85,,57039,1,0,14,0
721404,'1378',620,,57040,1,0,14,0,95,,57041,1,0,14,0,85,,57042,1,0,14,0,45,,57043,1,0,14,0,85,,57044,1,0,14,0,85,,57045,1,0,14,0,85,,57046,1,0,14,0,45,,57047,1,0,14,0,85,,57048,1,0,14,0,85,,57049,1,0,14,0,85,,57050,1,0,14,0,45,,57051,1,0,14,0,85,,57052,1,0,14,0,85,,57053,1,0,14,0,85,,57054,1,0,14,0,45,,57055,1,0,14,0,85,,57056,1,0,14,0,85,,57057,1,0,14,0,85,,57058,1,0,14,0,45,,57059,1,0,14,0
721404,'1379',620,,57060,1,0,14,0,95,,57061,1,0,14,0,85,,57062,1,0,14,0,45,,57063,1,0,14,0,85,,57064,1,0,14,0,85,,57065,1,0,14,0,85,,57066,1,0,14,0,45,,57067,1,0,14,0,85,,57068,1,0,14,0,85,,57069,1,0,14,0,85,,57070,1,0,14,0,45,,57071,1,0,14,0,85,,57072,1,0,14,0,85,,57073,1,0,14,0,85,,57074,1,0,14,0,45,,57075,1,0,14,0,85,,57076,1,0,14,0,85,,57077,1,0,14,0,85,,57078,1,0,14,0,45,,57079,1,0,14,0
721404,'1380',620,,57080,1,0,14,0,95,,57081,1,0,14,0,85,,57082,1,0,14,0,45,,57083,1,0,14,0,85,,57084,1,0,14,0,85,,57085,1,0,14,0,85,,57086,1,0,14,0,45,,57087,1,0,14,0,85,,57088,1,0,14,0,85,,57089,1,0,14,0,85,,57090,1,0,14,0,45,,57091,1,0,14,0,85,,57092,1,0,14,0,85,,57093,1,0,14,0,85,,57094,1,0,14,0,45,,57095,1,0,14,0,85,,57096,1,0,14,0,85,,57097,1,0,14,0,85,,57098,1,0,14,0,45,,57099,1,0,14,0
721404,'1381',620,,57100,1,0,14,0,95,,57101,1,0,14,0,85,,57102,1,0,14,0,45,,57103,1,0,14,0,85,,57104,1,0,14,0,85,,57105,1,0,14,0,85,,57106,1,0,14,0,45,,57107,1,0,14,0,85,,57108,1,0,14,0,85,,57109,1,0,14,0,85,,57110,1,0,14,0,45,,57111,1,0,14,0,85,,57112,1,0,14,0,85,,57113,1,0,14,0,85,,57114,1,0,14,0,45,,57115,1,0,14,0,85,,57116,1,0,14,0,85,,57117,1,0,14,0,85,,57118,1,0,14,0,45,,57119,1,0,14,0
721404,'1382',620,,57120,1,0,14,0,95,,57121,1,0,14,0,85,,57122,1,0,14,0,45,,57123,1,0,14,0,85,,57124,1,0,14,0,85,,57125,1,0,14,0,85,,57126,1,0,14,0,45,,57127,1,0,14,0,85,,57128,1,0,14,0,85,,57129,1,0,14,0,85,,57130,1,0,14,0,45,,57131,1,0,14,0,85,,57132,1,0,14,0,85,,57133,1,0,14,0,85,,57134,1,0,14,0,45,,57135,1,0,14,0,85,,57136,1,0,14,0,85,,57137,1,0,14,0,85,,57138,1,0,14,0,45,,57139,1,0,14,0
