70101,'1370',722,,46926,34,0,17,0,130,,46927,34,0,17,0,170,,46928,34,0,17,0,130,,46929,34,0,17,0,170,,46930,34,0,17,0,130,,46931,34,0,17,0,170,,46932,34,0,17,0,130,,46933,34,0,17,0
70101,'1371',722,,46934,34,0,17,0,85,,46935,34,0,17,0,45,,46936,34,0,17,0,85,,46937,34,0,17,0,85,,46938,34,0,17,0,130,,46939,34,0,17,0,170,,46940,34,0,17,0,85,,46941,34,0,17,0,45,,46942,34,0,17,0,85,,46943,34,0,17,0,85,,46944,34,0,17,0,85,,46945,34,0,17,0,45,,46946,34,0,17,0,85,,46947,34,0,17,0
70101,'1372',722,,46948,34,0,17,0,85,,46949,34,0,17,0,45,,46950,34,0,17,0,85,,46951,34,0,17,0,85,,46952,34,0,17,0,130,,46953,34,0,17,0,170,,46954,34,0,17,0,85,,46955,34,0,17,0,45,,46956,34,0,17,0,85,,46957,34,0,17,0,85,,46958,34,0,17,0,85,,46959,34,0,17,0,45,,46960,34,0,17,0,85,,46961,34,0,17,0
70101,'1373',722,,46962,34,0,17,0,85,,46963,34,0,17,0,45,,46964,34,0,17,0,85,,46965,34,0,17,0,85,,46966,34,0,17,0,130,,46967,34,0,17,0,170,,46968,34,0,17,0,85,,46969,34,0,17,0,45,,46970,34,0,17,0,85,,46971,34,0,17,0,85,,46972,34,0,17,0,85,,46973,34,0,17,0,45,,46974,34,0,17,0,85,,46975,34,0,17,0
70101,'1374',722,,46976,34,0,17,0,85,,46977,34,0,17,0,45,,46978,34,0,17,0,85,,46979,34,0,17,0,85,,46980,34,0,17,0,130,,46981,34,0,17,0,170,,46982,34,0,17,0,85,,46983,34,0,17,0,45,,46984,34,0,17,0,85,,46985,34,0,17,0,85,,46986,34,0,17,0,85,,46987,34,0,17,0,45,,46988,34,0,17,0,85,,46989,34,0,17,0
70101,'1375',722,,46990,34,0,17,0,85,,46991,34,0,17,0,45,,46992,34,0,17,0,85,,46993,34,0,17,0,85,,46994,34,0,17,0,130,,46995,34,0,17,0,170,,46996,34,0,17,0,85,,46997,34,0,17,0,45,,46998,34,0,17,0,85,,46999,34,0,17,0,85,,47000,34,0,17,0,85,,47001,34,0,17,0,45,,47002,34,0,17,0,85,,47003,34,0,17,0
70102,'1370',822,,47004,35,0,16,0,130,,47005,35,0,16,0,170,,47006,35,0,16,0,130,,47007,35,0,16,0,170,,47008,35,0,16,0,130,,47009,35,0,16,0,170,,47010,35,0,16,0,130,,47011,35,0,16,0
70102,'1371',737,,47012,35,0,16,0,85,,47013,35,0,16,0,85,,47014,35,0,16,0,45,,47015,35,0,16,0,85,,47016,35,0,16,0,85,,47017,35,0,16,0,130,,47018,35,0,16,0,170,,47019,35,0,16,0,85,,47020,35,0,16,0,45,,47021,35,0,16,0,85,,47022,35,0,16,0,85,,47023,35,0,16,0,85,,47024,35,0,16,0,45,,47025,35,0,16,0
70102,'1372',737,,47026,35,0,16,0,85,,47027,35,0,16,0,85,,47028,35,0,16,0,45,,47029,35,0,16,0,85,,47030,35,0,16,0,85,,47031,35,0,16,0,130,,47032,35,0,16,0,170,,47033,35,0,16,0,85,,47034,35,0,16,0,45,,47035,35,0,16,0,85,,47036,35,0,16,0,85,,47037,35,0,16,0,85,,47038,35,0,16,0,45,,47039,35,0,16,0
70102,'1373',737,,47040,35,0,16,0,85,,47041,35,0,16,0,85,,47042,35,0,16,0,45,,47043,35,0,16,0,85,,47044,35,0,16,0,85,,47045,35,0,16,0,130,,47046,35,0,16,0,170,,47047,35,0,16,0,85,,47048,35,0,16,0,45,,47049,35,0,16,0,85,,47050,35,0,16,0,85,,47051,35,0,16,0,85,,47052,35,0,16,0,45,,47053,35,0,16,0
70102,'1374',737,,47054,35,0,16,0,85,,47055,35,0,16,0,85,,47056,35,0,16,0,45,,47057,35,0,16,0,85,,47058,35,0,16,0,85,,47059,35,0,16,0,130,,47060,35,0,16,0,170,,47061,35,0,16,0,85,,47062,35,0,16,0,45,,47063,35,0,16,0,85,,47064,35,0,16,0,85,,47065,35,0,16,0,85,,47066,35,0,16,0,45,,47067,35,0,16,0
70102,'1375',737,,47068,35,0,16,0,85,,47069,35,0,16,0,85,,47070,35,0,16,0,45,,47071,35,0,16,0,85,,47072,35,0,16,0,85,,47073,35,0,16,0,130,,47074,35,0,16,0,170,,47075,35,0,16,0,85,,47076,35,0,16,0,45,,47077,35,0,16,0,85,,47078,35,0,16,0,85,,47079,35,0,16,0,85,,47080,35,0,16,0,45,,47081,35,0,16,0
