1801,'1383',704,,59688,9,,,0,100,,59687,9,,,0,100,,59686,9,,,0,105,,59685,9,,,0,40,,59684,9,,,0,80,,59683,9,,,0,80,,59682,9,,,0,40,,59681,9,,,0,80,,59680,9,,,0,80,,59679,9,,,0,40,,59678,9,,,0,80,,59677,9,,,0,80,,59676,9,,,0,40,,59675,9,,,0,80,,59674,9,,,0,80,,59673,9,,,0,40,,59672,9,,,0,80,,59671,9,,,0
1801,'1384',539,,59689,9,,,0,70,,59690,9,,,0,30,,59691,9,,,0,70,,59692,9,,,0,30,,59693,9,,,0,70,,59694,9,,,0,30,,59695,9,,,0,70,,59696,9,,,0,30,,59697,9,,,0,70,,59698,9,,,0,20,,59699,9,,,0,20,,59700,9,,,0,60,,59701,9,,,0,20,,59702,9,,,0,20,,59703,9,,,0,60,,59704,9,,,0,20,,59705,9,,,0,20,,59706,9,,,0,60,,59707,9,,,0,20,,59708,9,,,0,20,,59709,9,,,0,60,,59710,9,,,0,20,,59711,9,,,0,20,,59712,9,,,0,60,,59713,9,,,0,20,,59714,9,,,0,20,,59715,9,,,0,60,,59716,9,,,0,20,,59717,9,,,0,20,,59718,9,,,0,60,,59719,9,,,0,20,,59720,9,,,0,20,,59721,9,,,0,60,,59722,9,,,0,35,,59723,9,,,0,65,,59724,9,,,0,30,,59725,9,,,0,70,,59726,9,,,0,30,,59727,9,,,0,70,,59728,9,,,0,30,,59729,9,,,0,70,,59730,9,,,0,30,,59731,9,,,0,70,,59732,9,,,0,30,,59733,9,,,0,70,,59734,9,,,0,30,,59735,9,,,0
1801,'1385',537,,59774,9,,,0,70,,59775,9,,,0,15,,59741,9,,,0,15,,59740,9,,,0,15,,59739,9,,,0,55,,59738,9,,,0,10,,59737,9,,,0,10,,59736,9,,,0,10,,59742,9,,,0,10,,59743,9,,,0,10,,59744,9,,,0,50,,59745,9,,,0,15,,59746,9,,,0,15,,59747,9,,,0,15,,59748,9,,,0,55,,59776,9,,,0,15,,59777,9,,,0,15,,59778,9,,,0,15,,59779,9,,,0,55,,59780,9,,,0,15,,59781,9,,,0,15,,59782,9,,,0,15,,59783,9,,,0,55,,59784,9,,,0,15,,59785,9,,,0,15,,59786,9,,,0,15,,59787,9,,,0,55,,59788,9,,,0,15,,59789,9,,,0,15,,59790,9,,,0,15,,59791,9,,,0,55,,59792,9,,,0,17,,59749,9,,,0,15,,59750,9,,,0,15,,59773,9,,,0,55,,59772,9,,,0,10,,59771,9,,,0,10,,59770,9,,,0,10,,59769,9,,,0,10,,59768,9,,,0,10,,59767,9,,,0,50,,59766,9,,,0,10,,59765,9,,,0,10,,59764,9,,,0,10,,59763,9,,,0,10,,59762,9,,,0,10,,59751,9,,,0,50,,59752,9,,,0,10,,59753,9,,,0,10,,59754,9,,,0,10,,59755,9,,,0,10,,59756,9,,,0,10,,59757,9,,,0,50,,59758,9,,,0,15,,59759,9,,,0,15,,59760,9,,,0,15,,59761,9,,,0,54,,59793,9,,,0,30,,59794,9,,,0,70,,59795,9,,,0,30,,59796,9,,,0,70,,59797,9,,,0,30,,59798,9,,,0,70,,59799,9,,,0,30,,59800,9,,,0,70,,59801,9,,,0,30,,59802,9,,,0,70,,59803,9,,,0,30,,59804,9,,,0,70,,59805,9,,,0,30,,59806,9,,,0
1801,'1386',537,,59846,9,,,0,70,,59847,9,,,0,15,,59812,9,,,0,15,,59811,9,,,0,15,,59810,9,,,0,55,,59809,9,,,0,10,,59808,9,,,0,10,,59813,9,,,0,10,,59814,9,,,0,10,,59815,9,,,0,10,,59816,9,,,0,50,,59817,9,,,0,15,,59818,9,,,0,15,,59819,9,,,0,15,,59820,9,,,0,55,,59848,9,,,0,15,,59849,9,,,0,15,,59850,9,,,0,15,,59851,9,,,0,55,,59852,9,,,0,15,,59853,9,,,0,15,,59854,9,,,0,15,,59855,9,,,0,55,,59856,9,,,0,15,,59857,9,,,0,15,,59858,9,,,0,15,,59859,9,,,0,55,,59860,9,,,0,15,,59861,9,,,0,15,,59862,9,,,0,15,,59863,9,,,0,55,,59864,9,,,0,17,,59821,9,,,0,15,,59822,9,,,0,15,,59845,9,,,0,55,,59844,9,,,0,10,,59843,9,,,0,10,,59842,9,,,0,10,,59841,9,,,0,10,,59840,9,,,0,10,,59839,9,,,0,50,,59838,9,,,0,10,,59837,9,,,0,10,,59836,9,,,0,10,,59835,9,,,0,10,,59834,9,,,0,10,,59823,9,,,0,50,,59824,9,,,0,10,,59825,9,,,0,10,,59826,9,,,0,10,,59827,9,,,0,10,,59828,9,,,0,10,,59829,9,,,0,50,,59830,9,,,0,15,,59831,9,,,0,15,,59832,9,,,0,15,,59833,9,,,0,54,,59865,9,,,0,30,,59866,9,,,0,70,,59867,9,,,0,30,,59868,9,,,0,70,,59869,9,,,0,30,,59870,9,,,0,70,,59871,9,,,0,30,,59872,9,,,0,70,,59873,9,,,0,30,,59874,9,,,0,70,,59875,9,,,0,30,,59876,9,,,0,70,,59877,9,,,0,30,,59878,9,,,0
1801,'1387',537,,59918,9,,,0,70,,59919,9,,,0,15,,59884,9,,,0,15,,59883,9,,,0,15,,59882,9,,,0,55,,59881,9,,,0,10,,59880,9,,,0,10,,59885,9,,,0,10,,59886,9,,,0,10,,59887,9,,,0,10,,59888,9,,,0,50,,59889,9,,,0,15,,59890,9,,,0,15,,59891,9,,,0,15,,59892,9,,,0,55,,59920,9,,,0,15,,59921,9,,,0,15,,59922,9,,,0,15,,59923,9,,,0,55,,59924,9,,,0,15,,59925,9,,,0,15,,59926,9,,,0,15,,59927,9,,,0,55,,59928,9,,,0,15,,59929,9,,,0,15,,59930,9,,,0,15,,59931,9,,,0,55,,59932,9,,,0,15,,59933,9,,,0,15,,59934,9,,,0,15,,59935,9,,,0,55,,59936,9,,,0,17,,59893,9,,,0,15,,59894,9,,,0,15,,59917,9,,,0,55,,59916,9,,,0,10,,59915,9,,,0,10,,59914,9,,,0,10,,59913,9,,,0,10,,59912,9,,,0,10,,59911,9,,,0,50,,59910,9,,,0,10,,59909,9,,,0,10,,59908,9,,,0,10,,59907,9,,,0,10,,59906,9,,,0,10,,59895,9,,,0,50,,59896,9,,,0,10,,59897,9,,,0,10,,59898,9,,,0,10,,59899,9,,,0,10,,59900,9,,,0,10,,59901,9,,,0,50,,59902,9,,,0,15,,59903,9,,,0,15,,59904,9,,,0,15,,59905,9,,,0,54,,59937,9,,,0,30,,59938,9,,,0,70,,59939,9,,,0,30,,59940,9,,,0,70,,59941,9,,,0,30,,59942,9,,,0,70,,59943,9,,,0,30,,59944,9,,,0,70,,59945,9,,,0,30,,59946,9,,,0,70,,59947,9,,,0,30,,59948,9,,,0,70,,59949,9,,,0,30,,59950,9,,,0
1801,'1388',537,,59990,9,,,0,70,,59991,9,,,0,15,,59956,9,,,0,15,,59955,9,,,0,15,,59954,9,,,0,55,,59953,9,,,0,10,,59952,9,,,0,10,,59957,9,,,0,10,,59958,9,,,0,10,,59959,9,,,0,10,,59960,9,,,0,50,,59961,9,,,0,15,,59962,9,,,0,15,,59963,9,,,0,15,,59964,9,,,0,55,,59992,9,,,0,15,,59993,9,,,0,15,,59994,9,,,0,15,,59995,9,,,0,55,,59996,9,,,0,15,,59997,9,,,0,15,,59998,9,,,0,15,,59999,9,,,0,55,,60000,9,,,0,15,,60001,9,,,0,15,,60002,9,,,0,15,,60003,9,,,0,55,,60004,9,,,0,15,,60005,9,,,0,15,,60006,9,,,0,15,,60007,9,,,0,55,,60008,9,,,0,17,,59965,9,,,0,15,,59966,9,,,0,15,,59989,9,,,0,55,,59988,9,,,0,10,,59987,9,,,0,10,,59986,9,,,0,10,,59985,9,,,0,10,,59984,9,,,0,10,,59983,9,,,0,50,,59982,9,,,0,10,,59981,9,,,0,10,,59980,9,,,0,10,,59979,9,,,0,10,,59978,9,,,0,10,,59967,9,,,0,50,,59968,9,,,0,10,,59969,9,,,0,10,,59970,9,,,0,10,,59971,9,,,0,10,,59972,9,,,0,10,,59973,9,,,0,50,,59974,9,,,0,15,,59975,9,,,0,15,,59976,9,,,0,15,,59977,9,,,0,54,,60009,9,,,0,30,,60010,9,,,0,70,,60011,9,,,0,30,,60012,9,,,0,70,,60013,9,,,0,30,,60014,9,,,0,70,,60015,9,,,0,30,,60016,9,,,0,70,,60017,9,,,0,30,,60018,9,,,0,70,,60019,9,,,0,30,,60020,9,,,0,70,,60021,9,,,0,30,,60022,9,,,0
1801,'1389',537,,60062,9,,,0,70,,60063,9,,,0,15,,60028,9,,,0,15,,60027,9,,,0,15,,60026,9,,,0,55,,60025,9,,,0,10,,60024,9,,,0,10,,60029,9,,,0,10,,60030,9,,,0,10,,60031,9,,,0,10,,60032,9,,,0,50,,60033,9,,,0,15,,60034,9,,,0,15,,60035,9,,,0,15,,60036,9,,,0,55,,60064,9,,,0,15,,60065,9,,,0,15,,60066,9,,,0,15,,60067,9,,,0,55,,60068,9,,,0,15,,60069,9,,,0,15,,60070,9,,,0,15,,60071,9,,,0,55,,60072,9,,,0,15,,60073,9,,,0,15,,60074,9,,,0,15,,60075,9,,,0,55,,60076,9,,,0,15,,60077,9,,,0,15,,60078,9,,,0,15,,60079,9,,,0,55,,60080,9,,,0,17,,60037,9,,,0,15,,60038,9,,,0,15,,60061,9,,,0,55,,60060,9,,,0,10,,60059,9,,,0,10,,60058,9,,,0,10,,60057,9,,,0,10,,60056,9,,,0,10,,60055,9,,,0,50,,60054,9,,,0,10,,60053,9,,,0,10,,60052,9,,,0,10,,60051,9,,,0,10,,60050,9,,,0,10,,60039,9,,,0,50,,60040,9,,,0,10,,60041,9,,,0,10,,60042,9,,,0,10,,60043,9,,,0,10,,60044,9,,,0,10,,60045,9,,,0,50,,60046,9,,,0,15,,60047,9,,,0,15,,60048,9,,,0,15,,60049,9,,,0,54,,60081,9,,,0,30,,60082,9,,,0,70,,60083,9,,,0,30,,60084,9,,,0,70,,60085,9,,,0,30,,60086,9,,,0,70,,60087,9,,,0,30,,60088,9,,,0,70,,60089,9,,,0,30,,60090,9,,,0,70,,60091,9,,,0,30,,60092,9,,,0,70,,60093,9,,,0,30,,60094,9,,,0
552201,'1385',649,,62021,3,0,9,0,70,,62020,3,0,9,0,30,,62019,3,0,9,0,70,,62018,3,0,9,0,30,,62017,3,0,9,0,70,,62016,3,0,9,0,30,,62015,3,0,9,0,70,,61999,3,0,9,0,30,,62000,3,0,9,0,70,,62001,3,0,9,0,30,,62002,3,0,9,0,70,,62003,3,0,9,0,30,,62004,3,0,9,0,70,,62005,3,0,9,0,30,,62006,3,0,9,0,70,,62007,3,0,9,0,30,,62008,3,0,9,0,70,,62009,3,0,9,0,30,,62010,3,0,9,0,70,,62011,3,0,9,0,30,,62012,3,0,9,0,70,,62013,3,0,9,0,30,,62014,3,0,9,0
552201,'1386',649,,62044,3,0,9,0,70,,62043,3,0,9,0,30,,62042,3,0,9,0,70,,62041,3,0,9,0,30,,62040,3,0,9,0,70,,62039,3,0,9,0,30,,62038,3,0,9,0,70,,62022,3,0,9,0,30,,62023,3,0,9,0,70,,62024,3,0,9,0,30,,62025,3,0,9,0,70,,62026,3,0,9,0,30,,62027,3,0,9,0,70,,62028,3,0,9,0,30,,62029,3,0,9,0,70,,62030,3,0,9,0,30,,62031,3,0,9,0,70,,62032,3,0,9,0,30,,62033,3,0,9,0,70,,62034,3,0,9,0,30,,62035,3,0,9,0,70,,62036,3,0,9,0,30,,62037,3,0,9,0
552201,'1387',649,,62067,3,0,9,0,70,,62066,3,0,9,0,30,,62065,3,0,9,0,70,,62064,3,0,9,0,30,,62063,3,0,9,0,70,,62062,3,0,9,0,30,,62061,3,0,9,0,70,,62045,3,0,9,0,30,,62046,3,0,9,0,70,,62047,3,0,9,0,30,,62048,3,0,9,0,70,,62049,3,0,9,0,30,,62050,3,0,9,0,70,,62051,3,0,9,0,30,,62052,3,0,9,0,70,,62053,3,0,9,0,30,,62054,3,0,9,0,70,,62055,3,0,9,0,30,,62056,3,0,9,0,70,,62057,3,0,9,0,30,,62058,3,0,9,0,70,,62059,3,0,9,0,30,,62060,3,0,9,0
552201,'1388',649,,62090,3,0,9,0,70,,62089,3,0,9,0,30,,62088,3,0,9,0,70,,62087,3,0,9,0,30,,62086,3,0,9,0,70,,62085,3,0,9,0,30,,62084,3,0,9,0,70,,62068,3,0,9,0,30,,62069,3,0,9,0,70,,62070,3,0,9,0,30,,62071,3,0,9,0,70,,62072,3,0,9,0,30,,62073,3,0,9,0,70,,62074,3,0,9,0,30,,62075,3,0,9,0,70,,62076,3,0,9,0,30,,62077,3,0,9,0,70,,62078,3,0,9,0,30,,62079,3,0,9,0,70,,62080,3,0,9,0,30,,62081,3,0,9,0,70,,62082,3,0,9,0,30,,62083,3,0,9,0
552201,'1389',649,,62113,3,0,9,0,70,,62112,3,0,9,0,30,,62111,3,0,9,0,70,,62110,3,0,9,0,30,,62109,3,0,9,0,70,,62108,3,0,9,0,30,,62107,3,0,9,0,70,,62091,3,0,9,0,30,,62092,3,0,9,0,70,,62093,3,0,9,0,30,,62094,3,0,9,0,70,,62095,3,0,9,0,30,,62096,3,0,9,0,70,,62097,3,0,9,0,30,,62098,3,0,9,0,70,,62099,3,0,9,0,30,,62100,3,0,9,0,70,,62101,3,0,9,0,30,,62102,3,0,9,0,70,,62103,3,0,9,0,30,,62104,3,0,9,0,70,,62105,3,0,9,0,30,,62106,3,0,9,0
