643504,'1376',925,,55238,35,0,14,0,100,,55237,35,0,14,0,30,,55236,35,0,14,0,70,,55235,35,0,14,0,30,,55234,35,0,14,0,70,,55233,35,0,14,0,30,,55232,35,0,14,0,70,,55231,35,0,14,0,30,,55230,35,0,14,0,70,,55229,35,0,14,0,30,,55228,35,0,14,0,70,,55227,35,0,14,0,30,,55226,35,0,14,0,70,,55225,35,0,14,0,30,,55224,35,0,14,0,70,,55223,35,0,14,0,30,,55222,35,0,14,0,70,,55221,35,0,14,0,30,,55220,35,0,14,0,70,,55219,35,0,14,0
643504,'1377',725,,55239,35,0,14,0,100,,55240,35,0,14,0,100,,55241,35,0,14,0,30,,55242,35,0,14,0,70,,55243,35,0,14,0,30,,55244,35,0,14,0,70,,55245,35,0,14,0,30,,55246,35,0,14,0,70,,55247,35,0,14,0,30,,55248,35,0,14,0,70,,55249,35,0,14,0,30,,55250,35,0,14,0,70,,55251,35,0,14,0,30,,55252,35,0,14,0,70,,55253,35,0,14,0,30,,55254,35,0,14,0,70,,55255,35,0,14,0,30,,55256,35,0,14,0,70,,55257,35,0,14,0,30,,55258,35,0,14,0,70,,55259,35,0,14,0,30,,55260,35,0,14,0,70,,55261,35,0,14,0,30,,55262,35,0,14,0,70,,55263,35,0,14,0,100,,55264,35,0,14,0,100,,55265,35,0,14,0
643504,'1378',625,,55266,35,0,14,0,30,,55267,35,0,14,0,60,,55268,35,0,14,0,17,,55269,35,0,14,0,15,,55270,35,0,14,0,55,,55271,35,0,14,0,15,,55272,35,0,14,0,15,,55273,35,0,14,0,15,,55274,35,0,14,0,55,,55275,35,0,14,0,13,,55276,35,0,14,0,17,,55277,35,0,14,0,20,,55278,35,0,14,0,60,,55279,35,0,14,0,20,,55280,35,0,14,0,20,,55281,35,0,14,0,60,,55282,35,0,14,0,20,,55283,35,0,14,0,20,,55284,35,0,14,0,60,,55285,35,0,14,0,20,,55286,35,0,14,0,20,,55287,35,0,14,0,60,,55288,35,0,14,0,20,,55289,35,0,14,0,20,,55290,35,0,14,0,60,,55291,35,0,14,0,20,,55292,35,0,14,0,20,,55293,35,0,14,0,50,,55294,35,0,14,0,10,,55295,35,0,14,0,20,,55296,35,0,14,0,10,,55297,35,0,14,0,10,,55298,35,0,14,0,60,,55299,35,0,14,0,10,,55300,35,0,14,0,10,,55301,35,0,14,0,20,,55302,35,0,14,0,60,,55303,35,0,14,0,20,,55304,35,0,14,0,20,,55305,35,0,14,0,60,,55306,35,0,14,0,20,,55307,35,0,14,0,20,,55308,35,0,14,0,60,,55309,35,0,14,0,13,,55310,35,0,14,0,30,,55311,35,0,14,0,70,,55312,35,0,14,0,30,,55313,35,0,14,0,70,,55314,35,0,14,0,30,,55315,35,0,14,0,70,,55316,35,0,14,0,30,,55317,35,0,14,0,70,,55318,35,0,14,0
643504,'1379',625,,55319,35,0,14,0,30,,55320,35,0,14,0,60,,55321,35,0,14,0,17,,55322,35,0,14,0,15,,55323,35,0,14,0,55,,55324,35,0,14,0,15,,55325,35,0,14,0,15,,55326,35,0,14,0,15,,55327,35,0,14,0,55,,55328,35,0,14,0,13,,55329,35,0,14,0,17,,55330,35,0,14,0,20,,55331,35,0,14,0,60,,55332,35,0,14,0,20,,55333,35,0,14,0,20,,55334,35,0,14,0,60,,55335,35,0,14,0,20,,55336,35,0,14,0,20,,55337,35,0,14,0,60,,55338,35,0,14,0,20,,55339,35,0,14,0,20,,55340,35,0,14,0,60,,55341,35,0,14,0,20,,55342,35,0,14,0,20,,55343,35,0,14,0,60,,55344,35,0,14,0,20,,55345,35,0,14,0,20,,55346,35,0,14,0,50,,55347,35,0,14,0,10,,55348,35,0,14,0,20,,55349,35,0,14,0,10,,55350,35,0,14,0,10,,55351,35,0,14,0,60,,55352,35,0,14,0,10,,55353,35,0,14,0,10,,55354,35,0,14,0,20,,55355,35,0,14,0,60,,55356,35,0,14,0,20,,55357,35,0,14,0,20,,55358,35,0,14,0,60,,55359,35,0,14,0,20,,55360,35,0,14,0,20,,55361,35,0,14,0,60,,55362,35,0,14,0,13,,55363,35,0,14,0,30,,55364,35,0,14,0,70,,55365,35,0,14,0,30,,55366,35,0,14,0,70,,55367,35,0,14,0,30,,55368,35,0,14,0,70,,55369,35,0,14,0,30,,55370,35,0,14,0,70,,55371,35,0,14,0
643504,'1380',625,,55372,35,0,14,0,30,,55373,35,0,14,0,60,,55374,35,0,14,0,17,,55375,35,0,14,0,15,,55376,35,0,14,0,55,,55377,35,0,14,0,15,,55378,35,0,14,0,15,,55379,35,0,14,0,15,,55380,35,0,14,0,55,,55381,35,0,14,0,13,,55382,35,0,14,0,17,,55383,35,0,14,0,20,,55384,35,0,14,0,60,,55385,35,0,14,0,20,,55386,35,0,14,0,20,,55387,35,0,14,0,60,,55388,35,0,14,0,20,,55389,35,0,14,0,20,,55390,35,0,14,0,60,,55391,35,0,14,0,20,,55392,35,0,14,0,20,,55393,35,0,14,0,60,,55394,35,0,14,0,20,,55395,35,0,14,0,20,,55396,35,0,14,0,60,,55397,35,0,14,0,20,,55398,35,0,14,0,20,,55399,35,0,14,0,50,,55400,35,0,14,0,10,,55401,35,0,14,0,20,,55402,35,0,14,0,10,,55403,35,0,14,0,10,,55404,35,0,14,0,60,,55405,35,0,14,0,10,,55406,35,0,14,0,10,,55407,35,0,14,0,20,,55408,35,0,14,0,60,,55409,35,0,14,0,20,,55410,35,0,14,0,20,,55411,35,0,14,0,60,,55412,35,0,14,0,20,,55413,35,0,14,0,20,,55414,35,0,14,0,60,,55415,35,0,14,0,13,,55416,35,0,14,0,30,,55417,35,0,14,0,70,,55418,35,0,14,0,30,,55419,35,0,14,0,70,,55420,35,0,14,0,30,,55421,35,0,14,0,70,,55422,35,0,14,0,30,,55423,35,0,14,0,70,,55424,35,0,14,0
643504,'1381',625,,55425,35,0,14,0,30,,55426,35,0,14,0,60,,55427,35,0,14,0,17,,55428,35,0,14,0,15,,55429,35,0,14,0,55,,55430,35,0,14,0,15,,55431,35,0,14,0,15,,55432,35,0,14,0,15,,55433,35,0,14,0,55,,55434,35,0,14,0,13,,55435,35,0,14,0,17,,55436,35,0,14,0,20,,55437,35,0,14,0,60,,55438,35,0,14,0,20,,55439,35,0,14,0,20,,55440,35,0,14,0,60,,55441,35,0,14,0,20,,55442,35,0,14,0,20,,55443,35,0,14,0,60,,55444,35,0,14,0,20,,55445,35,0,14,0,20,,55446,35,0,14,0,60,,55447,35,0,14,0,20,,55448,35,0,14,0,20,,55449,35,0,14,0,60,,55450,35,0,14,0,20,,55451,35,0,14,0,20,,55452,35,0,14,0,50,,55453,35,0,14,0,10,,55454,35,0,14,0,20,,55455,35,0,14,0,10,,55456,35,0,14,0,10,,55457,35,0,14,0,60,,55458,35,0,14,0,10,,55459,35,0,14,0,10,,55460,35,0,14,0,20,,55461,35,0,14,0,60,,55462,35,0,14,0,20,,55463,35,0,14,0,20,,55464,35,0,14,0,60,,55465,35,0,14,0,20,,55466,35,0,14,0,20,,55467,35,0,14,0,60,,55468,35,0,14,0,13,,55469,35,0,14,0,30,,55470,35,0,14,0,70,,55471,35,0,14,0,30,,55472,35,0,14,0,70,,55473,35,0,14,0,30,,55474,35,0,14,0,70,,55475,35,0,14,0,30,,55476,35,0,14,0,70,,55477,35,0,14,0
643504,'1382',625,,55478,35,0,14,0,30,,55479,35,0,14,0,60,,55480,35,0,14,0,17,,55481,35,0,14,0,15,,55482,35,0,14,0,55,,55483,35,0,14,0,15,,55484,35,0,14,0,15,,55485,35,0,14,0,15,,55486,35,0,14,0,55,,55487,35,0,14,0,13,,55488,35,0,14,0,17,,55489,35,0,14,0,20,,55490,35,0,14,0,60,,55491,35,0,14,0,20,,55492,35,0,14,0,20,,55493,35,0,14,0,60,,55494,35,0,14,0,20,,55495,35,0,14,0,20,,55496,35,0,14,0,60,,55497,35,0,14,0,20,,55498,35,0,14,0,20,,55499,35,0,14,0,60,,55500,35,0,14,0,20,,55501,35,0,14,0,20,,55502,35,0,14,0,60,,55503,35,0,14,0,20,,55504,35,0,14,0,20,,55505,35,0,14,0,50,,55506,35,0,14,0,10,,55507,35,0,14,0,20,,55508,35,0,14,0,10,,55509,35,0,14,0,10,,55510,35,0,14,0,60,,55511,35,0,14,0,10,,55512,35,0,14,0,10,,55513,35,0,14,0,20,,55514,35,0,14,0,60,,55515,35,0,14,0,20,,55516,35,0,14,0,20,,55517,35,0,14,0,60,,55518,35,0,14,0,20,,55519,35,0,14,0,20,,55520,35,0,14,0,60,,55521,35,0,14,0,13,,55522,35,0,14,0,30,,55523,35,0,14,0,70,,55524,35,0,14,0,30,,55525,35,0,14,0,70,,55526,35,0,14,0,30,,55527,35,0,14,0,70,,55528,35,0,14,0,30,,55529,35,0,14,0,70,,55530,35,0,14,0
721203,'1376',950,,55954,7,0,15,0,85,,55953,7,0,15,0,85,,55952,7,0,15,0,85,,55951,7,0,15,0,45,,55950,7,0,15,0,85,,55949,7,0,15,0,85,,55948,7,0,15,0,85,,55947,7,0,15,0,45,,55946,7,0,15,0,85,,55945,7,0,15,0,85,,55944,7,0,15,0,85,,55943,7,0,15,0,45,,55942,7,0,15,0,85,,55941,7,0,15,0
721203,'1377',650,,55955,7,0,15,0,85,,55956,7,0,15,0,85,,55957,7,0,15,0,85,,55958,7,0,15,0,45,,55959,7,0,15,0,85,,55960,7,0,15,0,70,,55961,7,0,15,0,30,,55962,7,0,15,0,70,,55963,7,0,15,0,30,,55964,7,0,15,0,70,,55965,7,0,15,0,30,,55966,7,0,15,0,70,,55967,7,0,15,0,30,,55968,7,0,15,0,70,,55969,7,0,15,0,30,,55970,7,0,15,0,70,,55971,7,0,15,0,30,,55972,7,0,15,0,70,,55973,7,0,15,0,30,,55974,7,0,15,0,70,,55975,7,0,15,0,30,,55976,7,0,15,0,85,,55977,7,0,15,0,85,,55978,7,0,15,0,45,,55979,7,0,15,0,85,,55980,7,0,15,0,85,,55981,7,0,15,0,85,,55982,7,0,15,0
721203,'1378',620,,55983,7,0,15,0,30,,55984,7,0,15,0,70,,55985,7,0,15,0,30,,55986,7,0,15,0,55,,55987,7,0,15,0,15,,55988,7,0,15,0,15,,55989,7,0,15,0,15,,55990,7,0,15,0,70,,55991,7,0,15,0,30,,55992,7,0,15,0,70,,55993,7,0,15,0,30,,55994,7,0,15,0,70,,55995,7,0,15,0,30,,55996,7,0,15,0,70,,55997,7,0,15,0,30,,55998,7,0,15,0,70,,55999,7,0,15,0,30,,56000,7,0,15,0,70,,56001,7,0,15,0,30,,56002,7,0,15,0,55,,56003,7,0,15,0,15,,56004,7,0,15,0,15,,56005,7,0,15,0,15,,56006,7,0,15,0,70,,56007,7,0,15,0,30,,56008,7,0,15,0,70,,56009,7,0,15,0,30,,56010,7,0,15,0,70,,56011,7,0,15,0,30,,56012,7,0,15,0,85,,56013,7,0,15,0,85,,56014,7,0,15,0,85,,56015,7,0,15,0,45,,56016,7,0,15,0,85,,56017,7,0,15,0,85,,56018,7,0,15,0
721203,'1379',620,,56019,7,0,15,0,30,,56020,7,0,15,0,70,,56021,7,0,15,0,30,,56022,7,0,15,0,55,,56023,7,0,15,0,15,,56024,7,0,15,0,15,,56025,7,0,15,0,15,,56026,7,0,15,0,70,,56027,7,0,15,0,30,,56028,7,0,15,0,70,,56029,7,0,15,0,30,,56030,7,0,15,0,70,,56031,7,0,15,0,30,,56032,7,0,15,0,70,,56033,7,0,15,0,30,,56034,7,0,15,0,70,,56035,7,0,15,0,30,,56036,7,0,15,0,70,,56037,7,0,15,0,30,,56038,7,0,15,0,55,,56039,7,0,15,0,15,,56040,7,0,15,0,15,,56041,7,0,15,0,15,,56042,7,0,15,0,70,,56043,7,0,15,0,30,,56044,7,0,15,0,70,,56045,7,0,15,0,30,,56046,7,0,15,0,70,,56047,7,0,15,0,30,,56048,7,0,15,0,85,,56049,7,0,15,0,85,,56050,7,0,15,0,85,,56051,7,0,15,0,45,,56052,7,0,15,0,85,,56053,7,0,15,0,85,,56054,7,0,15,0
721203,'1380',620,,56055,7,0,15,0,30,,56056,7,0,15,0,70,,56057,7,0,15,0,30,,56058,7,0,15,0,55,,56059,7,0,15,0,15,,56060,7,0,15,0,15,,56061,7,0,15,0,15,,56062,7,0,15,0,70,,56063,7,0,15,0,30,,56064,7,0,15,0,70,,56065,7,0,15,0,30,,56066,7,0,15,0,70,,56067,7,0,15,0,30,,56068,7,0,15,0,70,,56069,7,0,15,0,30,,56070,7,0,15,0,70,,56071,7,0,15,0,30,,56072,7,0,15,0,70,,56073,7,0,15,0,30,,56074,7,0,15,0,55,,56075,7,0,15,0,15,,56076,7,0,15,0,15,,56077,7,0,15,0,15,,56078,7,0,15,0,70,,56079,7,0,15,0,30,,56080,7,0,15,0,70,,56081,7,0,15,0,30,,56082,7,0,15,0,70,,56083,7,0,15,0,30,,56084,7,0,15,0,85,,56085,7,0,15,0,85,,56086,7,0,15,0,85,,56087,7,0,15,0,45,,56088,7,0,15,0,85,,56089,7,0,15,0,85,,56090,7,0,15,0
721203,'1381',620,,56091,7,0,15,0,30,,56092,7,0,15,0,70,,56093,7,0,15,0,30,,56094,7,0,15,0,55,,56095,7,0,15,0,15,,56096,7,0,15,0,15,,56097,7,0,15,0,15,,56098,7,0,15,0,70,,56099,7,0,15,0,30,,56100,7,0,15,0,70,,56101,7,0,15,0,30,,56102,7,0,15,0,70,,56103,7,0,15,0,30,,56104,7,0,15,0,70,,56105,7,0,15,0,30,,56106,7,0,15,0,70,,56107,7,0,15,0,30,,56108,7,0,15,0,70,,56109,7,0,15,0,30,,56110,7,0,15,0,55,,56111,7,0,15,0,15,,56112,7,0,15,0,15,,56113,7,0,15,0,15,,56114,7,0,15,0,70,,56115,7,0,15,0,30,,56116,7,0,15,0,70,,56117,7,0,15,0,30,,56118,7,0,15,0,70,,56119,7,0,15,0,30,,56120,7,0,15,0,85,,56121,7,0,15,0,85,,56122,7,0,15,0,85,,56123,7,0,15,0,45,,56124,7,0,15,0,85,,56125,7,0,15,0,85,,56126,7,0,15,0
721203,'1382',620,,56127,7,0,15,0,30,,56128,7,0,15,0,70,,56129,7,0,15,0,30,,56130,7,0,15,0,55,,56131,7,0,15,0,15,,56132,7,0,15,0,15,,56133,7,0,15,0,15,,56134,7,0,15,0,70,,56135,7,0,15,0,30,,56136,7,0,15,0,70,,56137,7,0,15,0,30,,56138,7,0,15,0,70,,56139,7,0,15,0,30,,56140,7,0,15,0,70,,56141,7,0,15,0,30,,56142,7,0,15,0,70,,56143,7,0,15,0,30,,56144,7,0,15,0,70,,56145,7,0,15,0,30,,56146,7,0,15,0,55,,56147,7,0,15,0,15,,56148,7,0,15,0,15,,56149,7,0,15,0,15,,56150,7,0,15,0,70,,56151,7,0,15,0,30,,56152,7,0,15,0,70,,56153,7,0,15,0,30,,56154,7,0,15,0,70,,56155,7,0,15,0,30,,56156,7,0,15,0,85,,56157,7,0,15,0,85,,56158,7,0,15,0,85,,56159,7,0,15,0,45,,56160,7,0,15,0,85,,56161,7,0,15,0,85,,56162,7,0,15,0
