1801,'1376',705,,52486,11,,,0,100,,52485,11,,,0,100,,52484,11,,,0,105,,52483,11,,,0,40,,52482,11,,,0,80,,52481,11,,,0,80,,52480,11,,,0,40,,52479,11,,,0,80,,52478,11,,,0,80,,52477,11,,,0,40,,52476,11,,,0,80,,52475,11,,,0,80,,52474,11,,,0,40,,52473,11,,,0,80,,52472,11,,,0,80,,52471,11,,,0,40,,52470,11,,,0,80,,52469,11,,,0
1801,'1377',540,,52487,11,,,0,70,,52488,11,,,0,30,,52489,11,,,0,70,,52490,11,,,0,30,,52491,11,,,0,70,,52492,11,,,0,30,,52493,11,,,0,70,,52494,11,,,0,30,,52495,11,,,0,70,,52496,11,,,0,20,,52497,11,,,0,20,,52498,11,,,0,60,,52499,11,,,0,20,,52500,11,,,0,20,,52501,11,,,0,60,,52502,11,,,0,20,,52503,11,,,0,20,,52504,11,,,0,60,,52505,11,,,0,20,,52506,11,,,0,20,,52507,11,,,0,60,,52508,11,,,0,20,,52509,11,,,0,20,,52510,11,,,0,60,,52511,11,,,0,20,,52512,11,,,0,20,,52513,11,,,0,60,,52514,11,,,0,20,,52515,11,,,0,20,,52516,11,,,0,60,,52517,11,,,0,20,,52518,11,,,0,20,,52519,11,,,0,60,,52520,11,,,0,35,,52521,11,,,0,65,,52522,11,,,0,30,,52523,11,,,0,70,,52524,11,,,0,30,,52525,11,,,0,70,,52526,11,,,0,30,,52527,11,,,0,70,,52528,11,,,0,30,,52529,11,,,0,70,,52530,11,,,0,30,,52531,11,,,0,70,,52532,11,,,0,30,,52533,11,,,0
1801,'1378',538,,52572,11,,,0,70,,52573,11,,,0,15,,52538,11,,,0,15,,52537,11,,,0,15,,52536,11,,,0,55,,52535,11,,,0,10,,52534,11,,,0,10,,52539,11,,,0,10,,52540,11,,,0,10,,52541,11,,,0,10,,52542,11,,,0,50,,52543,11,,,0,15,,52544,11,,,0,15,,52545,11,,,0,15,,52546,11,,,0,55,,52574,11,,,0,15,,52575,11,,,0,15,,52576,11,,,0,15,,52577,11,,,0,55,,52578,11,,,0,15,,52579,11,,,0,15,,52580,11,,,0,15,,52581,11,,,0,55,,52582,11,,,0,15,,52583,11,,,0,15,,52584,11,,,0,15,,52585,11,,,0,55,,52586,11,,,0,15,,52587,11,,,0,15,,52588,11,,,0,15,,52589,11,,,0,55,,52590,11,,,0,17,,52547,11,,,0,15,,52548,11,,,0,15,,52549,11,,,0,55,,52550,11,,,0,10,,52551,11,,,0,10,,52552,11,,,0,10,,52553,11,,,0,10,,52554,11,,,0,50,,52555,11,,,0,10,,52556,11,,,0,10,,52557,11,,,0,10,,52558,11,,,0,10,,52559,11,,,0,10,,52560,11,,,0,50,,52561,11,,,0,10,,52562,11,,,0,10,,52563,11,,,0,10,,52564,11,,,0,10,,52565,11,,,0,10,,52566,11,,,0,50,,52567,11,,,0,10,,52568,11,,,0,15,,52569,11,,,0,15,,52570,11,,,0,15,,52571,11,,,0,54,,52591,11,,,0,30,,52592,11,,,0,70,,52593,11,,,0,30,,52594,11,,,0,70,,52595,11,,,0,30,,52596,11,,,0,70,,52597,11,,,0,30,,52598,11,,,0,70,,52599,11,,,0,30,,52600,11,,,0,70,,52601,11,,,0,30,,52602,11,,,0,70,,52603,11,,,0,30,,52604,11,,,0
1801,'1379',538,,52644,11,,,0,70,,52645,11,,,0,15,,52609,11,,,0,15,,52608,11,,,0,15,,52607,11,,,0,55,,52606,11,,,0,10,,52610,11,,,0,10,,52611,11,,,0,10,,52612,11,,,0,10,,52613,11,,,0,10,,52614,11,,,0,50,,52615,11,,,0,15,,52616,11,,,0,15,,52617,11,,,0,15,,52618,11,,,0,55,,52646,11,,,0,15,,52647,11,,,0,15,,52648,11,,,0,15,,52649,11,,,0,55,,52650,11,,,0,15,,52651,11,,,0,15,,52652,11,,,0,15,,52653,11,,,0,55,,52654,11,,,0,15,,52655,11,,,0,15,,52656,11,,,0,15,,52657,11,,,0,55,,52658,11,,,0,15,,52659,11,,,0,15,,52660,11,,,0,15,,52661,11,,,0,55,,52662,11,,,0,17,,52619,11,,,0,15,,52620,11,,,0,15,,52621,11,,,0,55,,52622,11,,,0,10,,52623,11,,,0,10,,52624,11,,,0,10,,52625,11,,,0,10,,52626,11,,,0,50,,52627,11,,,0,10,,52628,11,,,0,10,,52629,11,,,0,10,,52630,11,,,0,10,,52631,11,,,0,10,,52632,11,,,0,50,,52633,11,,,0,10,,52634,11,,,0,10,,52635,11,,,0,10,,52636,11,,,0,10,,52637,11,,,0,10,,52638,11,,,0,50,,52639,11,,,0,10,,52640,11,,,0,15,,52641,11,,,0,15,,52642,11,,,0,15,,52643,11,,,0,54,,52663,11,,,0,30,,52664,11,,,0,70,,52665,11,,,0,30,,52666,11,,,0,70,,52667,11,,,0,30,,52668,11,,,0,70,,52669,11,,,0,30,,52670,11,,,0,70,,52671,11,,,0,30,,52672,11,,,0,70,,52673,11,,,0,30,,52674,11,,,0,70,,52675,11,,,0,30,,52676,11,,,0
1801,'1380',538,,52716,11,,,0,70,,52717,11,,,0,15,,52681,11,,,0,15,,52680,11,,,0,15,,52679,11,,,0,55,,52678,11,,,0,10,,52682,11,,,0,10,,52683,11,,,0,10,,52684,11,,,0,10,,52685,11,,,0,10,,52686,11,,,0,50,,52687,11,,,0,15,,52688,11,,,0,15,,52689,11,,,0,15,,52690,11,,,0,55,,52718,11,,,0,15,,52719,11,,,0,15,,52720,11,,,0,15,,52721,11,,,0,55,,52722,11,,,0,15,,52723,11,,,0,15,,52724,11,,,0,15,,52725,11,,,0,55,,52726,11,,,0,15,,52727,11,,,0,15,,52728,11,,,0,15,,52729,11,,,0,55,,52730,11,,,0,15,,52731,11,,,0,15,,52732,11,,,0,15,,52733,11,,,0,55,,52734,11,,,0,17,,52691,11,,,0,15,,52692,11,,,0,15,,52693,11,,,0,55,,52694,11,,,0,10,,52695,11,,,0,10,,52696,11,,,0,10,,52697,11,,,0,10,,52698,11,,,0,50,,52699,11,,,0,10,,52700,11,,,0,10,,52701,11,,,0,10,,52702,11,,,0,10,,52703,11,,,0,10,,52704,11,,,0,50,,52705,11,,,0,10,,52706,11,,,0,10,,52707,11,,,0,10,,52708,11,,,0,10,,52709,11,,,0,10,,52710,11,,,0,50,,52711,11,,,0,10,,52712,11,,,0,15,,52713,11,,,0,15,,52714,11,,,0,15,,52715,11,,,0,54,,52735,11,,,0,30,,52736,11,,,0,70,,52737,11,,,0,30,,52738,11,,,0,70,,52739,11,,,0,30,,52740,11,,,0,70,,52741,11,,,0,30,,52742,11,,,0,70,,52743,11,,,0,30,,52744,11,,,0,70,,52745,11,,,0,30,,52746,11,,,0,70,,52747,11,,,0,30,,52748,11,,,0
1801,'1381',538,,52788,11,,,0,70,,52789,11,,,0,15,,52753,11,,,0,15,,52752,11,,,0,15,,52751,11,,,0,55,,52750,11,,,0,10,,52754,11,,,0,10,,52755,11,,,0,10,,52756,11,,,0,10,,52757,11,,,0,10,,52758,11,,,0,50,,52759,11,,,0,15,,52760,11,,,0,15,,52761,11,,,0,15,,52762,11,,,0,55,,52790,11,,,0,15,,52791,11,,,0,15,,52792,11,,,0,15,,52793,11,,,0,55,,52794,11,,,0,15,,52795,11,,,0,15,,52796,11,,,0,15,,52797,11,,,0,55,,52798,11,,,0,15,,52799,11,,,0,15,,52800,11,,,0,15,,52801,11,,,0,55,,52802,11,,,0,15,,52803,11,,,0,15,,52804,11,,,0,15,,52805,11,,,0,55,,52806,11,,,0,17,,52763,11,,,0,15,,52764,11,,,0,15,,52765,11,,,0,55,,52766,11,,,0,10,,52767,11,,,0,10,,52768,11,,,0,10,,52769,11,,,0,10,,52770,11,,,0,50,,52771,11,,,0,10,,52772,11,,,0,10,,52773,11,,,0,10,,52774,11,,,0,10,,52775,11,,,0,10,,52776,11,,,0,50,,52777,11,,,0,10,,52778,11,,,0,10,,52779,11,,,0,10,,52780,11,,,0,10,,52781,11,,,0,10,,52782,11,,,0,50,,52783,11,,,0,10,,52784,11,,,0,15,,52785,11,,,0,15,,52786,11,,,0,15,,52787,11,,,0,54,,52807,11,,,0,30,,52808,11,,,0,70,,52809,11,,,0,30,,52810,11,,,0,70,,52811,11,,,0,30,,52812,11,,,0,70,,52813,11,,,0,30,,52814,11,,,0,70,,52815,11,,,0,30,,52816,11,,,0,70,,52817,11,,,0,30,,52818,11,,,0,70,,52819,11,,,0,30,,52820,11,,,0
1801,'1382',538,,52860,11,,,0,70,,52861,11,,,0,15,,52825,11,,,0,15,,52824,11,,,0,15,,52823,11,,,0,55,,52822,11,,,0,10,,52826,11,,,0,10,,52827,11,,,0,10,,52828,11,,,0,10,,52829,11,,,0,10,,52830,11,,,0,50,,52831,11,,,0,15,,52832,11,,,0,15,,52833,11,,,0,15,,52834,11,,,0,55,,52862,11,,,0,15,,52863,11,,,0,15,,52864,11,,,0,15,,52865,11,,,0,55,,52866,11,,,0,15,,52867,11,,,0,15,,52868,11,,,0,15,,52869,11,,,0,55,,52870,11,,,0,15,,52871,11,,,0,15,,52872,11,,,0,15,,52873,11,,,0,55,,52874,11,,,0,15,,52875,11,,,0,15,,52876,11,,,0,15,,52877,11,,,0,55,,52878,11,,,0,17,,52835,11,,,0,15,,52836,11,,,0,15,,52837,11,,,0,55,,52838,11,,,0,10,,52839,11,,,0,10,,52840,11,,,0,10,,52841,11,,,0,10,,52842,11,,,0,50,,52843,11,,,0,10,,52844,11,,,0,10,,52845,11,,,0,10,,52846,11,,,0,10,,52847,11,,,0,10,,52848,11,,,0,50,,52849,11,,,0,10,,52850,11,,,0,10,,52851,11,,,0,10,,52852,11,,,0,10,,52853,11,,,0,10,,52854,11,,,0,50,,52855,11,,,0,10,,52856,11,,,0,15,,52857,11,,,0,15,,52858,11,,,0,15,,52859,11,,,0,54,,52879,11,,,0,30,,52880,11,,,0,70,,52881,11,,,0,30,,52882,11,,,0,70,,52883,11,,,0,30,,52884,11,,,0,70,,52885,11,,,0,30,,52886,11,,,0,70,,52887,11,,,0,30,,52888,11,,,0,70,,52889,11,,,0,30,,52890,11,,,0,70,,52891,11,,,0,30,,52892,11,,,0
552201,'1378',650,,54797,4,0,9,0,70,,54798,4,0,9,0,30,,54799,4,0,9,0,70,,54800,4,0,9,0,30,,54801,4,0,9,0,70,,54802,4,0,9,0,30,,54803,4,0,9,0,70,,54804,4,0,9,0,30,,54805,4,0,9,0,70,,54806,4,0,9,0,30,,54807,4,0,9,0,70,,54808,4,0,9,0,30,,54809,4,0,9,0,70,,54810,4,0,9,0,30,,54811,4,0,9,0,70,,54812,4,0,9,0,30,,54813,4,0,9,0,70,,54814,4,0,9,0,30,,54815,4,0,9,0,70,,54816,4,0,9,0,30,,54817,4,0,9,0,70,,54818,4,0,9,0,30,,54819,4,0,9,0
552201,'1379',650,,54820,4,0,9,0,70,,54821,4,0,9,0,30,,54822,4,0,9,0,70,,54823,4,0,9,0,30,,54824,4,0,9,0,70,,54825,4,0,9,0,30,,54826,4,0,9,0,70,,54827,4,0,9,0,30,,54828,4,0,9,0,70,,54829,4,0,9,0,30,,54830,4,0,9,0,70,,54831,4,0,9,0,30,,54832,4,0,9,0,70,,54833,4,0,9,0,30,,54834,4,0,9,0,70,,54835,4,0,9,0,30,,54836,4,0,9,0,70,,54837,4,0,9,0,30,,54838,4,0,9,0,70,,54839,4,0,9,0,30,,54840,4,0,9,0,70,,54841,4,0,9,0,30,,54842,4,0,9,0
552201,'1380',650,,54843,4,0,9,0,70,,54844,4,0,9,0,30,,54845,4,0,9,0,70,,54846,4,0,9,0,30,,54847,4,0,9,0,70,,54848,4,0,9,0,30,,54849,4,0,9,0,70,,54850,4,0,9,0,30,,54851,4,0,9,0,70,,54852,4,0,9,0,30,,54853,4,0,9,0,70,,54854,4,0,9,0,30,,54855,4,0,9,0,70,,54856,4,0,9,0,30,,54857,4,0,9,0,70,,54858,4,0,9,0,30,,54859,4,0,9,0,70,,54860,4,0,9,0,30,,54861,4,0,9,0,70,,54862,4,0,9,0,30,,54863,4,0,9,0,70,,54864,4,0,9,0,30,,54865,4,0,9,0
552201,'1381',650,,54866,4,0,9,0,70,,54867,4,0,9,0,30,,54868,4,0,9,0,70,,54869,4,0,9,0,30,,54870,4,0,9,0,70,,54871,4,0,9,0,30,,54872,4,0,9,0,70,,54873,4,0,9,0,30,,54874,4,0,9,0,70,,54875,4,0,9,0,30,,54876,4,0,9,0,70,,54877,4,0,9,0,30,,54878,4,0,9,0,70,,54879,4,0,9,0,30,,54880,4,0,9,0,70,,54881,4,0,9,0,30,,54882,4,0,9,0,70,,54883,4,0,9,0,30,,54884,4,0,9,0,70,,54885,4,0,9,0,30,,54886,4,0,9,0,70,,54887,4,0,9,0,30,,54888,4,0,9,0
552201,'1382',650,,54889,4,0,9,0,70,,54890,4,0,9,0,30,,54891,4,0,9,0,70,,54892,4,0,9,0,30,,54893,4,0,9,0,70,,54894,4,0,9,0,30,,54895,4,0,9,0,70,,54896,4,0,9,0,30,,54897,4,0,9,0,70,,54898,4,0,9,0,30,,54899,4,0,9,0,70,,54900,4,0,9,0,30,,54901,4,0,9,0,70,,54902,4,0,9,0,30,,54903,4,0,9,0,70,,54904,4,0,9,0,30,,54905,4,0,9,0,70,,54906,4,0,9,0,30,,54907,4,0,9,0,70,,54908,4,0,9,0,30,,54909,4,0,9,0,70,,54910,4,0,9,0,30,,54911,4,0,9,0
