722501,'1385',550,,64687,41,0,17,0,160,,64688,41,0,17,0,100,,64689,41,0,17,0,100,,64690,41,0,17,0,100,,64691,41,0,17,0,100,,64692,41,0,17,0,100,,64693,41,0,17,0,100,,64694,41,0,17,0,100,,64695,41,0,17,0,100,,64696,41,0,17,0,100,,64697,41,0,17,0,100,,64698,41,0,17,0,100,,64699,41,0,17,0,100,,64700,41,0,17,0,100,,64701,41,0,17,0,100,,64702,41,0,17,0,100,,64703,41,0,17,0,100,,64704,41,0,17,0
722501,'1386',550,,64705,41,0,17,0,160,,64706,41,0,17,0,100,,64707,41,0,17,0,100,,64708,41,0,17,0,100,,64709,41,0,17,0,100,,64710,41,0,17,0,100,,64711,41,0,17,0,100,,64712,41,0,17,0,100,,64713,41,0,17,0,100,,64714,41,0,17,0,100,,64715,41,0,17,0,100,,64716,41,0,17,0,100,,64717,41,0,17,0,100,,64718,41,0,17,0,100,,64719,41,0,17,0,100,,64720,41,0,17,0,100,,64721,41,0,17,0,100,,64722,41,0,17,0
722501,'1387',550,,64723,41,0,17,0,160,,64724,41,0,17,0,100,,64725,41,0,17,0,100,,64726,41,0,17,0,100,,64727,41,0,17,0,100,,64728,41,0,17,0,100,,64729,41,0,17,0,100,,64730,41,0,17,0,100,,64731,41,0,17,0,100,,64732,41,0,17,0,100,,64733,41,0,17,0,100,,64734,41,0,17,0,100,,64735,41,0,17,0,100,,64736,41,0,17,0,100,,64737,41,0,17,0,100,,64738,41,0,17,0,100,,64739,41,0,17,0,100,,64740,41,0,17,0
722501,'1388',550,,64741,41,0,17,0,160,,64742,41,0,17,0,100,,64743,41,0,17,0,100,,64744,41,0,17,0,100,,64745,41,0,17,0,100,,64746,41,0,17,0,100,,64747,41,0,17,0,100,,64748,41,0,17,0,100,,64749,41,0,17,0,100,,64750,41,0,17,0,100,,64751,41,0,17,0,100,,64752,41,0,17,0,100,,64753,41,0,17,0,100,,64754,41,0,17,0,100,,64755,41,0,17,0,100,,64756,41,0,17,0,100,,64757,41,0,17,0,100,,64758,41,0,17,0
722501,'1389',550,,64759,41,0,17,0,160,,64760,41,0,17,0,100,,64761,41,0,17,0,100,,64762,41,0,17,0,100,,64763,41,0,17,0,100,,64764,41,0,17,0,100,,64765,41,0,17,0,100,,64766,41,0,17,0,100,,64767,41,0,17,0,100,,64768,41,0,17,0,100,,64769,41,0,17,0,100,,64770,41,0,17,0,100,,64771,41,0,17,0,100,,64772,41,0,17,0,100,,64773,41,0,17,0,100,,64774,41,0,17,0,100,,64775,41,0,17,0,100,,64776,41,0,17,0
722502,'1385',546,,64777,15,0,16,0,100,,64778,15,0,16,0,100,,64779,15,0,16,0,100,,64780,15,0,16,0,100,,64781,15,0,16,0,100,,64782,15,0,16,0,100,,64783,15,0,16,0,100,,64784,15,0,16,0,100,,64785,15,0,16,0,100,,64786,15,0,16,0,100,,64787,15,0,16,0,100,,64788,15,0,16,0,100,,64789,15,0,16,0,100,,64790,15,0,16,0,100,,64791,15,0,16,0,100,,64792,15,0,16,0,100,,64793,15,0,16,0,100,,64794,15,0,16,0
722502,'1386',546,,64795,15,0,16,0,100,,64796,15,0,16,0,100,,64797,15,0,16,0,100,,64798,15,0,16,0,100,,64799,15,0,16,0,100,,64800,15,0,16,0,100,,64801,15,0,16,0,100,,64802,15,0,16,0,100,,64803,15,0,16,0,100,,64804,15,0,16,0,100,,64805,15,0,16,0,100,,64806,15,0,16,0,100,,64807,15,0,16,0,100,,64808,15,0,16,0,100,,64809,15,0,16,0,100,,64810,15,0,16,0,100,,64811,15,0,16,0,100,,64812,15,0,16,0
722502,'1387',546,,64813,15,0,16,0,100,,64814,15,0,16,0,100,,64815,15,0,16,0,100,,64816,15,0,16,0,100,,64817,15,0,16,0,100,,64818,15,0,16,0,100,,64819,15,0,16,0,100,,64820,15,0,16,0,100,,64821,15,0,16,0,100,,64822,15,0,16,0,100,,64823,15,0,16,0,100,,64824,15,0,16,0,100,,64825,15,0,16,0,100,,64826,15,0,16,0,100,,64827,15,0,16,0,100,,64828,15,0,16,0,100,,64829,15,0,16,0,100,,64830,15,0,16,0
722502,'1388',546,,64831,15,0,16,0,100,,64832,15,0,16,0,100,,64833,15,0,16,0,100,,64834,15,0,16,0,100,,64835,15,0,16,0,100,,64836,15,0,16,0,100,,64837,15,0,16,0,100,,64838,15,0,16,0,100,,64839,15,0,16,0,100,,64840,15,0,16,0,100,,64841,15,0,16,0,100,,64842,15,0,16,0,100,,64843,15,0,16,0,100,,64844,15,0,16,0,100,,64845,15,0,16,0,100,,64846,15,0,16,0,100,,64847,15,0,16,0,100,,64848,15,0,16,0
722502,'1389',546,,64849,15,0,16,0,100,,64850,15,0,16,0,100,,64851,15,0,16,0,100,,64852,15,0,16,0,100,,64853,15,0,16,0,100,,64854,15,0,16,0,100,,64855,15,0,16,0,100,,64856,15,0,16,0,100,,64857,15,0,16,0,100,,64858,15,0,16,0,100,,64859,15,0,16,0,100,,64860,15,0,16,0,100,,64861,15,0,16,0,100,,64862,15,0,16,0,100,,64863,15,0,16,0,100,,64864,15,0,16,0,100,,64865,15,0,16,0,100,,64866,15,0,16,0
