1600,'1383',1045,,57705,17,,,0,70,,57704,17,,,0,85,,57703,17,,,0,30,,57702,17,,,0,70,,57701,17,,,0,30,,57700,17,,,0,70,,57699,17,,,0,30,,57698,17,,,0,70,,57697,17,,,0,30,,57696,17,,,0,70,,57695,17,,,0,30,,57694,17,,,0,70,,57693,17,,,0,20,,57692,17,,,0,10,,57691,17,,,0,70,,57690,17,,,0,20,,57689,17,,,0,10,,57688,17,,,0,70,,57687,17,,,0,30,,57686,17,,,0,70,,57685,17,,,0
1600,'1384',733,,57706,17,,,0,70,,57707,17,,,0,30,,57708,17,,,0,70,,57709,17,,,0,30,,57710,17,,,0,70,,57711,17,,,0,30,,57712,17,,,0,70,,57713,17,,,0,20,,57714,17,,,0,20,,57715,17,,,0,60,,57716,17,,,0,20,,57717,17,,,0,20,,57718,17,,,0,60,,57719,17,,,0,20,,57720,17,,,0,20,,57721,17,,,0,60,,57722,17,,,0,20,,57723,17,,,0,20,,57724,17,,,0,60,,57725,17,,,0,20,,57726,17,,,0,20,,57727,17,,,0,60,,57728,17,,,0,20,,57729,17,,,0,20,,57730,17,,,0,60,,57731,17,,,0,20,,57732,17,,,0,20,,57733,17,,,0,60,,57734,17,,,0,20,,57735,17,,,0,5,,57736,17,,,0,15,,57737,17,,,0,60,,57738,17,,,0,30,,57739,17,,,0,70,,57740,17,,,0,30,,57741,17,,,0,70,,57742,17,,,0,30,,57743,17,,,0,70,,57744,17,,,0,100,,57745,17,,,0
1600,'1385',642,,57759,17,,,0,74,,57746,17,,,0,31,,57760,17,,,0,60,,57761,17,,,0,20,,57762,17,,,0,20,,57763,17,,,0,60,,57764,17,,,0,20,,57765,17,,,0,20,,57766,17,,,0,60,,57747,17,,,0,20,,57748,17,,,0,20,,57749,17,,,0,60,,57750,17,,,0,20,,57751,17,,,0,20,,57752,17,,,0,60,,57753,17,,,0,20,,57754,17,,,0,20,,57755,17,,,0,60,,57756,17,,,0,20,,57757,17,,,0,20,,57758,17,,,0,60,,57779,17,,,0,20,,57780,17,,,0,20,,57781,17,,,0,60,,57782,17,,,0,20,,57783,17,,,0,20,,57767,17,,,0,60,,57768,17,,,0,20,,57769,17,,,0,20,,57770,17,,,0,60,,57771,17,,,0,20,,57772,17,,,0,20,,57773,17,,,0,60,,57774,17,,,0,20,,57775,17,,,0,20,,57776,17,,,0,55,,57777,17,,,0,30,,57778,17,,,0,70,,57784,17,,,0,30,,57785,17,,,0,70,,57786,17,,,0,30,,57787,17,,,0,70,,57788,17,,,0,100,,57789,17,,,0
1600,'1386',642,,57803,17,,,0,74,,57790,17,,,0,31,,57804,17,,,0,60,,57805,17,,,0,20,,57806,17,,,0,20,,57807,17,,,0,60,,57808,17,,,0,20,,57809,17,,,0,20,,57810,17,,,0,60,,57791,17,,,0,20,,57792,17,,,0,20,,57793,17,,,0,60,,57794,17,,,0,20,,57795,17,,,0,20,,57796,17,,,0,60,,57797,17,,,0,20,,57798,17,,,0,20,,57799,17,,,0,60,,57800,17,,,0,20,,57801,17,,,0,20,,57802,17,,,0,60,,57823,17,,,0,20,,57824,17,,,0,20,,57825,17,,,0,60,,57826,17,,,0,20,,57827,17,,,0,20,,57811,17,,,0,60,,57812,17,,,0,20,,57813,17,,,0,20,,57814,17,,,0,60,,57815,17,,,0,20,,57816,17,,,0,20,,57817,17,,,0,60,,57818,17,,,0,20,,57819,17,,,0,20,,57820,17,,,0,55,,57821,17,,,0,30,,57822,17,,,0,70,,57828,17,,,0,30,,57829,17,,,0,70,,57830,17,,,0,30,,57831,17,,,0,70,,57832,17,,,0,100,,57833,17,,,0
1600,'1387',642,,57847,17,,,0,74,,57834,17,,,0,31,,57848,17,,,0,60,,57849,17,,,0,20,,57850,17,,,0,20,,57851,17,,,0,60,,57852,17,,,0,20,,57853,17,,,0,20,,57854,17,,,0,60,,57835,17,,,0,20,,57836,17,,,0,20,,57837,17,,,0,60,,57838,17,,,0,20,,57839,17,,,0,20,,57840,17,,,0,60,,57841,17,,,0,20,,57842,17,,,0,20,,57843,17,,,0,60,,57844,17,,,0,20,,57845,17,,,0,20,,57846,17,,,0,60,,57867,17,,,0,20,,57868,17,,,0,20,,57869,17,,,0,60,,57870,17,,,0,20,,57871,17,,,0,20,,57855,17,,,0,60,,57856,17,,,0,20,,57857,17,,,0,20,,57858,17,,,0,60,,57859,17,,,0,20,,57860,17,,,0,20,,57861,17,,,0,60,,57862,17,,,0,20,,57863,17,,,0,20,,57864,17,,,0,55,,57865,17,,,0,30,,57866,17,,,0,70,,57872,17,,,0,30,,57873,17,,,0,70,,57874,17,,,0,30,,57875,17,,,0,70,,57876,17,,,0,100,,57877,17,,,0
1600,'1388',642,,57891,17,,,0,74,,57878,17,,,0,31,,57892,17,,,0,60,,57893,17,,,0,20,,57894,17,,,0,20,,57895,17,,,0,60,,57896,17,,,0,20,,57897,17,,,0,20,,57898,17,,,0,60,,57879,17,,,0,20,,57880,17,,,0,20,,57881,17,,,0,60,,57882,17,,,0,20,,57883,17,,,0,20,,57884,17,,,0,60,,57885,17,,,0,20,,57886,17,,,0,20,,57887,17,,,0,60,,57888,17,,,0,20,,57889,17,,,0,20,,57890,17,,,0,60,,57911,17,,,0,20,,57912,17,,,0,20,,57913,17,,,0,60,,57914,17,,,0,20,,57915,17,,,0,20,,57899,17,,,0,60,,57900,17,,,0,20,,57901,17,,,0,20,,57902,17,,,0,60,,57903,17,,,0,20,,57904,17,,,0,20,,57905,17,,,0,60,,57906,17,,,0,20,,57907,17,,,0,20,,57908,17,,,0,55,,57909,17,,,0,30,,57910,17,,,0,70,,57916,17,,,0,30,,57917,17,,,0,70,,57918,17,,,0,30,,57919,17,,,0,70,,57920,17,,,0,100,,57921,17,,,0
1600,'1389',642,,57935,17,,,0,74,,57922,17,,,0,31,,57936,17,,,0,60,,57937,17,,,0,20,,57938,17,,,0,20,,57939,17,,,0,60,,57940,17,,,0,20,,57941,17,,,0,20,,57942,17,,,0,60,,57923,17,,,0,20,,57924,17,,,0,20,,57925,17,,,0,60,,57926,17,,,0,20,,57927,17,,,0,20,,57928,17,,,0,60,,57929,17,,,0,20,,57930,17,,,0,20,,57931,17,,,0,60,,57932,17,,,0,20,,57933,17,,,0,20,,57934,17,,,0,60,,57955,17,,,0,20,,57956,17,,,0,20,,57957,17,,,0,60,,57958,17,,,0,20,,57959,17,,,0,20,,57943,17,,,0,60,,57944,17,,,0,20,,57945,17,,,0,20,,57946,17,,,0,60,,57947,17,,,0,20,,57948,17,,,0,20,,57949,17,,,0,60,,57950,17,,,0,20,,57951,17,,,0,20,,57952,17,,,0,55,,57953,17,,,0,30,,57954,17,,,0,70,,57960,17,,,0,30,,57961,17,,,0,70,,57962,17,,,0,30,,57963,17,,,0,70,,57964,17,,,0,100,,57965,17,,,0
1700,'1383',635,,58253,54,,,0,100,,58252,54,,,0,100,,58251,54,,,0,100,,58250,54,,,0,113,,58254,54,,,0,80,,58255,54,,,0,80,,58256,54,,,0,40,,58257,54,,,0,80,,58258,54,,,0,80,,58259,54,,,0,40,,58260,54,,,0,80,,58261,54,,,0,80,,58262,54,,,0,40,,58263,54,,,0,80,,58264,54,,,0,80,,58265,54,,,0,40,,58266,54,,,0,80,,58267,54,,,0,80,,58268,54,,,0
1700,'1384',556,,58269,54,,,0,74,,58270,54,,,0,70,,58271,54,,,0,30,,58272,54,,,0,70,,58273,54,,,0,30,,58274,54,,,0,70,,58275,54,,,0,30,,58276,54,,,0,70,,58277,54,,,0,30,,58278,54,,,0,78,,58287,54,,,0,20,,58288,54,,,0,20,,58289,54,,,0,60,,58290,54,,,0,20,,58291,54,,,0,20,,58292,54,,,0,60,,58293,54,,,0,20,,58294,54,,,0,20,,58295,54,,,0,60,,58296,54,,,0,20,,58297,54,,,0,20,,58298,54,,,0,60,,58299,54,,,0,20,,58300,54,,,0,20,,58301,54,,,0,60,,58302,54,,,0,20,,58303,54,,,0,20,,58304,54,,,0,60,,58305,54,,,0,20,,58306,54,,,0,20,,58307,54,,,0,60,,58308,54,,,0,20,,58309,54,,,0,20,,58310,54,,,0,55,,58311,54,,,0,30,,58312,54,,,0,70,,58313,54,,,0,30,,58314,54,,,0,70,,58315,54,,,0,27,,58279,54,,,0,70,,58280,54,,,0,30,,58281,54,,,0,70,,58282,54,,,0,30,,58283,54,,,0,70,,58284,54,,,0,30,,58285,54,,,0,70,,58286,54,,,0
1700,'1385',557,,58316,54,,,0,67,,58317,15,,,0,18,,58335,54,,,0,15,,58334,54,,,0,55,,58333,54,,,0,15,,58332,54,,,0,15,,58331,54,,,0,10,,58330,54,,,0,50,,58329,54,,,0,10,,58328,54,,,0,10,,58327,54,,,0,10,,58326,54,,,0,10,,58325,54,,,0,10,,58324,54,,,0,50,,58323,54,,,0,10,,58318,54,,,0,10,,58319,54,,,0,10,,58320,54,,,0,10,,58321,54,,,0,10,,58322,54,,,0,50,,58336,54,,,0,10,,58361,54,,,0,10,,58362,54,,,0,10,,58363,54,,,0,10,,58364,54,,,0,10,,58365,54,,,0,50,,58366,54,,,0,10,,58367,54,,,0,10,,58368,54,,,0,10,,58369,54,,,0,10,,58370,54,,,0,10,,58371,54,,,0,50,,58372,54,,,0,10,,58373,54,,,0,10,,58374,54,,,0,10,,58375,54,,,0,10,,58376,54,,,0,10,,58379,54,,,0,50,,58380,54,,,0,10,,58381,54,,,0,10,,58382,54,,,0,10,,58383,54,,,0,10,,58384,54,,,0,10,,58385,54,,,0,50,,58386,54,,,0,10,,58337,54,,,0,10,,58338,54,,,0,10,,58339,54,,,0,10,,58340,54,,,0,10,,58341,54,,,0,50,,58342,54,,,0,10,,58343,54,,,0,10,,58344,54,,,0,10,,58345,54,,,0,10,,58346,54,,,0,10,,58347,54,,,0,50,,58348,54,,,0,10,,58349,54,,,0,10,,58350,54,,,0,10,,58351,54,,,0,10,,58352,54,,,0,10,,58353,54,,,0,50,,58354,54,,,0,10,,58355,54,,,0,10,,58356,54,,,0,10,,58357,54,,,0,10,,58358,54,,,0,10,,58359,54,,,0,50,,58360,54,,,0,10,,58387,54,,,0,10,,58388,54,,,0,10,,58389,54,,,0,10,,58390,54,,,0,15,,58391,54,,,0,55,,58392,54,,,0,15,,58393,54,,,0,30,,58394,54,,,0,70,,58395,54,,,0,30,,58396,54,,,0,70,,58397,54,,,0,30,,58398,54,,,0,70,,58399,54,,,0,30,,58400,54,,,0,70,,58401,54,,,0,30,,58402,54,,,0,70,,58377,54,,,0,30,,58378,54,,,0
1700,'1386',557,,58403,54,,,0,67,,58404,15,,,0,18,,58422,54,,,0,15,,58421,54,,,0,55,,58420,54,,,0,15,,58419,54,,,0,15,,58418,54,,,0,10,,58417,54,,,0,50,,58416,54,,,0,10,,58415,54,,,0,10,,58414,54,,,0,10,,58413,54,,,0,10,,58412,54,,,0,10,,58411,54,,,0,50,,58410,54,,,0,10,,58405,54,,,0,10,,58406,54,,,0,10,,58407,54,,,0,10,,58408,54,,,0,10,,58409,54,,,0,50,,58423,54,,,0,10,,58448,54,,,0,10,,58449,54,,,0,10,,58450,54,,,0,10,,58451,54,,,0,10,,58452,54,,,0,50,,58453,54,,,0,10,,58454,54,,,0,10,,58455,54,,,0,10,,58456,54,,,0,10,,58457,54,,,0,10,,58458,54,,,0,50,,58459,54,,,0,10,,58460,54,,,0,10,,58461,54,,,0,10,,58462,54,,,0,10,,58463,54,,,0,10,,58466,54,,,0,50,,58467,54,,,0,10,,58468,54,,,0,10,,58469,54,,,0,10,,58470,54,,,0,10,,58471,54,,,0,10,,58472,54,,,0,50,,58473,54,,,0,10,,58424,54,,,0,10,,58425,54,,,0,10,,58426,54,,,0,10,,58427,54,,,0,10,,58428,54,,,0,50,,58429,54,,,0,10,,58430,54,,,0,10,,58431,54,,,0,10,,58432,54,,,0,10,,58433,54,,,0,10,,58434,54,,,0,50,,58435,54,,,0,10,,58436,54,,,0,10,,58437,54,,,0,10,,58438,54,,,0,10,,58439,54,,,0,10,,58440,54,,,0,50,,58441,54,,,0,10,,58442,54,,,0,10,,58443,54,,,0,10,,58444,54,,,0,10,,58445,54,,,0,10,,58446,54,,,0,50,,58447,54,,,0,10,,58474,54,,,0,10,,58475,54,,,0,10,,58476,54,,,0,10,,58477,54,,,0,15,,58478,54,,,0,55,,58479,54,,,0,15,,58480,54,,,0,30,,58481,54,,,0,70,,58482,54,,,0,30,,58483,54,,,0,70,,58484,54,,,0,30,,58485,54,,,0,70,,58486,54,,,0,30,,58487,54,,,0,70,,58488,54,,,0,30,,58489,54,,,0,70,,58464,54,,,0,30,,58465,54,,,0
1700,'1387',557,,58490,54,,,0,67,,58491,15,,,0,18,,58509,54,,,0,15,,58508,54,,,0,55,,58507,54,,,0,15,,58506,54,,,0,15,,58505,54,,,0,10,,58504,54,,,0,50,,58503,54,,,0,10,,58502,54,,,0,10,,58501,54,,,0,10,,58500,54,,,0,10,,58499,54,,,0,10,,58498,54,,,0,50,,58497,54,,,0,10,,58492,54,,,0,10,,58493,54,,,0,10,,58494,54,,,0,10,,58495,54,,,0,10,,58496,54,,,0,50,,58510,54,,,0,10,,58535,54,,,0,10,,58536,54,,,0,10,,58537,54,,,0,10,,58538,54,,,0,10,,58539,54,,,0,50,,58540,54,,,0,10,,58541,54,,,0,10,,58542,54,,,0,10,,58543,54,,,0,10,,58544,54,,,0,10,,58545,54,,,0,50,,58546,54,,,0,10,,58547,54,,,0,10,,58548,54,,,0,10,,58549,54,,,0,10,,58550,54,,,0,10,,58553,54,,,0,50,,58554,54,,,0,10,,58555,54,,,0,10,,58556,54,,,0,10,,58557,54,,,0,10,,58558,54,,,0,10,,58559,54,,,0,50,,58560,54,,,0,10,,58511,54,,,0,10,,58512,54,,,0,10,,58513,54,,,0,10,,58514,54,,,0,10,,58515,54,,,0,50,,58516,54,,,0,10,,58517,54,,,0,10,,58518,54,,,0,10,,58519,54,,,0,10,,58520,54,,,0,10,,58521,54,,,0,50,,58522,54,,,0,10,,58523,54,,,0,10,,58524,54,,,0,10,,58525,54,,,0,10,,58526,54,,,0,10,,58527,54,,,0,50,,58528,54,,,0,10,,58529,54,,,0,10,,58530,54,,,0,10,,58531,54,,,0,10,,58532,54,,,0,10,,58533,54,,,0,50,,58534,54,,,0,10,,58561,54,,,0,10,,58562,54,,,0,10,,58563,54,,,0,10,,58564,54,,,0,15,,58565,54,,,0,55,,58566,54,,,0,15,,58567,54,,,0,30,,58568,54,,,0,70,,58569,54,,,0,30,,58570,54,,,0,70,,58571,54,,,0,30,,58572,54,,,0,70,,58573,54,,,0,30,,58574,54,,,0,70,,58575,54,,,0,30,,58576,54,,,0,70,,58551,54,,,0,30,,58552,54,,,0
1700,'1388',557,,58577,54,,,0,67,,58578,15,,,0,18,,58596,54,,,0,15,,58595,54,,,0,55,,58594,54,,,0,15,,58593,54,,,0,15,,58592,54,,,0,10,,58591,54,,,0,50,,58590,54,,,0,10,,58589,54,,,0,10,,58588,54,,,0,10,,58587,54,,,0,10,,58586,54,,,0,10,,58585,54,,,0,50,,58584,54,,,0,10,,58579,54,,,0,10,,58580,54,,,0,10,,58581,54,,,0,10,,58582,54,,,0,10,,58583,54,,,0,50,,58597,54,,,0,10,,58622,54,,,0,10,,58623,54,,,0,10,,58624,54,,,0,10,,58625,54,,,0,10,,58626,54,,,0,50,,58627,54,,,0,10,,58628,54,,,0,10,,58629,54,,,0,10,,58630,54,,,0,10,,58631,54,,,0,10,,58632,54,,,0,50,,58633,54,,,0,10,,58634,54,,,0,10,,58635,54,,,0,10,,58636,54,,,0,10,,58637,54,,,0,10,,58640,54,,,0,50,,58641,54,,,0,10,,58642,54,,,0,10,,58643,54,,,0,10,,58644,54,,,0,10,,58645,54,,,0,10,,58646,54,,,0,50,,58647,54,,,0,10,,58598,54,,,0,10,,58599,54,,,0,10,,58600,54,,,0,10,,58601,54,,,0,10,,58602,54,,,0,50,,58603,54,,,0,10,,58604,54,,,0,10,,58605,54,,,0,10,,58606,54,,,0,10,,58607,54,,,0,10,,58608,54,,,0,50,,58609,54,,,0,10,,58610,54,,,0,10,,58611,54,,,0,10,,58612,54,,,0,10,,58613,54,,,0,10,,58614,54,,,0,50,,58615,54,,,0,10,,58616,54,,,0,10,,58617,54,,,0,10,,58618,54,,,0,10,,58619,54,,,0,10,,58620,54,,,0,50,,58621,54,,,0,10,,58648,54,,,0,10,,58649,54,,,0,10,,58650,54,,,0,10,,58651,54,,,0,15,,58652,54,,,0,55,,58653,54,,,0,15,,58654,54,,,0,30,,58655,54,,,0,70,,58656,54,,,0,30,,58657,54,,,0,70,,58658,54,,,0,30,,58659,54,,,0,70,,58660,54,,,0,30,,58661,54,,,0,70,,58662,54,,,0,30,,58663,54,,,0,70,,58638,54,,,0,30,,58639,54,,,0
1700,'1389',557,,58664,54,,,0,67,,58665,15,,,0,18,,58683,54,,,0,15,,58682,54,,,0,55,,58681,54,,,0,15,,58680,54,,,0,15,,58679,54,,,0,10,,58678,54,,,0,50,,58677,54,,,0,10,,58676,54,,,0,10,,58675,54,,,0,10,,58674,54,,,0,10,,58673,54,,,0,10,,58672,54,,,0,50,,58671,54,,,0,10,,58666,54,,,0,10,,58667,54,,,0,10,,58668,54,,,0,10,,58669,54,,,0,10,,58670,54,,,0,50,,58684,54,,,0,10,,58709,54,,,0,10,,58710,54,,,0,10,,58711,54,,,0,10,,58712,54,,,0,10,,58713,54,,,0,50,,58714,54,,,0,10,,58715,54,,,0,10,,58716,54,,,0,10,,58717,54,,,0,10,,58718,54,,,0,10,,58719,54,,,0,50,,58720,54,,,0,10,,58721,54,,,0,10,,58722,54,,,0,10,,58723,54,,,0,10,,58724,54,,,0,10,,58727,54,,,0,50,,58728,54,,,0,10,,58729,54,,,0,10,,58730,54,,,0,10,,58731,54,,,0,10,,58732,54,,,0,10,,58733,54,,,0,50,,58734,54,,,0,10,,58685,54,,,0,10,,58686,54,,,0,10,,58687,54,,,0,10,,58688,54,,,0,10,,58689,54,,,0,50,,58690,54,,,0,10,,58691,54,,,0,10,,58692,54,,,0,10,,58693,54,,,0,10,,58694,54,,,0,10,,58695,54,,,0,50,,58696,54,,,0,10,,58697,54,,,0,10,,58698,54,,,0,10,,58699,54,,,0,10,,58700,54,,,0,10,,58701,54,,,0,50,,58702,54,,,0,10,,58703,54,,,0,10,,58704,54,,,0,10,,58705,54,,,0,10,,58706,54,,,0,10,,58707,54,,,0,50,,58708,54,,,0,10,,58735,54,,,0,10,,58736,54,,,0,10,,58737,54,,,0,10,,58738,54,,,0,15,,58739,54,,,0,55,,58740,54,,,0,15,,58741,54,,,0,30,,58742,54,,,0,70,,58743,54,,,0,30,,58744,54,,,0,70,,58745,54,,,0,30,,58746,54,,,0,70,,58747,54,,,0,30,,58748,54,,,0,70,,58749,54,,,0,30,,58750,54,,,0,70,,58725,54,,,0,30,,58726,54,,,0
