1701,'1383',758,,58766,76,,,0,100,,58768,76,,,0,100,,58767,76,,,0,156,,58765,76,,,0,40,,58764,76,,,0,79,,58763,76,,,0,80,,58762,76,,,0,40,,58761,76,,,0,80,,58760,76,,,0,80,,58759,76,,,0,40,,58758,76,,,0,80,,58757,76,,,0,80,,58756,76,,,0,40,,58755,76,,,0,80,,58754,76,,,0,80,,58753,76,,,0,40,,58752,76,,,0,80,,58751,76,,,0
1701,'1384',641,,58794,76,,,0,70,,58795,76,,,0,30,,58796,76,,,0,70,,58797,76,,,0,30,,58798,76,,,0,70,,58799,76,,,0,30,,58800,76,,,0,72,,58769,76,,,0,30,,58770,76,,,0,70,,58771,76,,,0,20,,58772,76,,,0,20,,58773,76,,,0,60,,58774,76,,,0,20,,58775,76,,,0,20,,58776,76,,,0,60,,58777,76,,,0,20,,58778,76,,,0,20,,58779,76,,,0,60,,58780,76,,,0,20,,58781,76,,,0,20,,58782,76,,,0,60,,58783,76,,,0,20,,58784,76,,,0,20,,58785,76,,,0,60,,58786,76,,,0,20,,58787,76,,,0,20,,58788,76,,,0,60,,58789,76,,,0,20,,58790,76,,,0,20,,58791,76,,,0,58,,58801,76,,,0,22,,58792,76,,,0,20,,58793,76,,,0,58,,58802,76,,,0,30,,58803,76,,,0,70,,58804,76,,,0,30,,58805,76,,,0,70,,58806,76,,,0,30,,58807,76,,,0,70,,58808,76,,,0,30,,58809,76,,,0,70,,58810,76,,,0,30,,58811,76,,,0,70,,58812,76,,,0,30,,58813,76,,,0,70,,58814,76,,,0,30,,58815,76,,,0
1701,'1385',640,,58816,76,,,0,70,,58817,76,,,0,15,,58818,76,,,0,15,,58819,76,,,0,15,,58820,76,,,0,55,,58821,76,,,0,10,,58822,76,,,0,10,,58823,76,,,0,10,,58824,76,,,0,10,,58825,76,,,0,50,,58826,76,,,0,10,,58827,76,,,0,10,,58828,76,,,0,10,,58829,76,,,0,10,,58830,76,,,0,10,,58831,76,,,0,50,,58832,76,,,0,10,,58833,76,,,0,10,,58834,76,,,0,10,,58835,76,,,0,10,,58875,76,,,0,10,,58836,76,,,0,50,,58861,76,,,0,10,,58862,76,,,0,10,,58863,76,,,0,10,,58864,76,,,0,10,,58865,76,,,0,10,,58866,76,,,0,50,,58867,76,,,0,10,,58868,76,,,0,10,,58869,76,,,0,10,,58870,76,,,0,10,,58871,76,,,0,10,,58872,76,,,0,50,,58873,76,,,0,10,,58874,76,,,0,10,,58876,76,,,0,10,,58877,76,,,0,10,,58879,76,,,0,10,,58880,76,,,0,50,,58881,76,,,0,10,,58882,76,,,0,10,,58883,76,,,0,10,,58884,76,,,0,10,,58885,76,,,0,10,,58837,76,,,0,50,,58838,76,,,0,10,,58839,76,,,0,10,,58840,76,,,0,10,,58841,76,,,0,10,,58842,76,,,0,10,,58843,76,,,0,50,,58844,76,,,0,10,,58845,76,,,0,10,,58846,76,,,0,10,,58847,76,,,0,10,,58848,76,,,0,10,,58849,76,,,0,50,,58850,76,,,0,10,,58851,76,,,0,10,,58852,76,,,0,10,,58853,76,,,0,10,,58854,76,,,0,10,,58855,76,,,0,50,,58856,76,,,0,10,,58857,76,,,0,10,,58858,76,,,0,10,,58859,76,,,0,10,,58860,76,,,0,10,,58886,76,,,0,50,,58887,76,,,0,10,,58888,76,,,0,15,,58889,76,,,0,15,,58890,76,,,0,15,,58891,76,,,0,55,,58892,76,,,0,30,,58893,76,,,0,70,,58894,76,,,0,30,,58895,76,,,0,70,,58896,76,,,0,30,,58897,76,,,0,70,,58898,76,,,0,30,,58899,76,,,0,70,,58900,76,,,0,30,,58901,76,,,0,70,,58902,76,,,0,30,,58878,76,,,0
1701,'1386',640,,58903,76,,,0,70,,58904,76,,,0,15,,58905,76,,,0,15,,58906,76,,,0,15,,58907,76,,,0,55,,58908,76,,,0,10,,58909,76,,,0,10,,58910,76,,,0,10,,58911,76,,,0,10,,58912,76,,,0,50,,58913,76,,,0,10,,58914,76,,,0,10,,58915,76,,,0,10,,58916,76,,,0,10,,58917,76,,,0,10,,58918,76,,,0,50,,58919,76,,,0,10,,58920,76,,,0,10,,58921,76,,,0,10,,58922,76,,,0,10,,58962,76,,,0,10,,58923,76,,,0,50,,58948,76,,,0,10,,58949,76,,,0,10,,58950,76,,,0,10,,58951,76,,,0,10,,58952,76,,,0,10,,58953,76,,,0,50,,58954,76,,,0,10,,58955,76,,,0,10,,58956,76,,,0,10,,58957,76,,,0,10,,58958,76,,,0,10,,58959,76,,,0,50,,58960,76,,,0,10,,58961,76,,,0,10,,58963,76,,,0,10,,58964,76,,,0,10,,58966,76,,,0,10,,58967,76,,,0,50,,58968,76,,,0,10,,58969,76,,,0,10,,58970,76,,,0,10,,58971,76,,,0,10,,58972,76,,,0,10,,58924,76,,,0,50,,58925,76,,,0,10,,58926,76,,,0,10,,58927,76,,,0,10,,58928,76,,,0,10,,58929,76,,,0,10,,58930,76,,,0,50,,58931,76,,,0,10,,58932,76,,,0,10,,58933,76,,,0,10,,58934,76,,,0,10,,58935,76,,,0,10,,58936,76,,,0,50,,58937,76,,,0,10,,58938,76,,,0,10,,58939,76,,,0,10,,58940,76,,,0,10,,58941,76,,,0,10,,58942,76,,,0,50,,58943,76,,,0,10,,58944,76,,,0,10,,58945,76,,,0,10,,58946,76,,,0,10,,58947,76,,,0,10,,58973,76,,,0,50,,58974,76,,,0,10,,58975,76,,,0,15,,58976,76,,,0,15,,58977,76,,,0,15,,58978,76,,,0,55,,58979,76,,,0,30,,58980,76,,,0,70,,58981,76,,,0,30,,58982,76,,,0,70,,58983,76,,,0,30,,58984,76,,,0,70,,58985,76,,,0,30,,58986,76,,,0,70,,58987,76,,,0,30,,58988,76,,,0,70,,58989,76,,,0,30,,58965,76,,,0
1701,'1387',640,,58990,76,,,0,70,,58991,76,,,0,15,,58992,76,,,0,15,,58993,76,,,0,15,,58994,76,,,0,55,,58995,76,,,0,10,,58996,76,,,0,10,,58997,76,,,0,10,,58998,76,,,0,10,,58999,76,,,0,50,,59000,76,,,0,10,,59001,76,,,0,10,,59002,76,,,0,10,,59003,76,,,0,10,,59004,76,,,0,10,,59005,76,,,0,50,,59006,76,,,0,10,,59007,76,,,0,10,,59008,76,,,0,10,,59009,76,,,0,10,,59049,76,,,0,10,,59010,76,,,0,50,,59035,76,,,0,10,,59036,76,,,0,10,,59037,76,,,0,10,,59038,76,,,0,10,,59039,76,,,0,10,,59040,76,,,0,50,,59041,76,,,0,10,,59042,76,,,0,10,,59043,76,,,0,10,,59044,76,,,0,10,,59045,76,,,0,10,,59046,76,,,0,50,,59047,76,,,0,10,,59048,76,,,0,10,,59050,76,,,0,10,,59051,76,,,0,10,,59053,76,,,0,10,,59054,76,,,0,50,,59055,76,,,0,10,,59056,76,,,0,10,,59057,76,,,0,10,,59058,76,,,0,10,,59059,76,,,0,10,,59011,76,,,0,50,,59012,76,,,0,10,,59013,76,,,0,10,,59014,76,,,0,10,,59015,76,,,0,10,,59016,76,,,0,10,,59017,76,,,0,50,,59018,76,,,0,10,,59019,76,,,0,10,,59020,76,,,0,10,,59021,76,,,0,10,,59022,76,,,0,10,,59023,76,,,0,50,,59024,76,,,0,10,,59025,76,,,0,10,,59026,76,,,0,10,,59027,76,,,0,10,,59028,76,,,0,10,,59029,76,,,0,50,,59030,76,,,0,10,,59031,76,,,0,10,,59032,76,,,0,10,,59033,76,,,0,10,,59034,76,,,0,10,,59060,76,,,0,50,,59061,76,,,0,10,,59062,76,,,0,15,,59063,76,,,0,15,,59064,76,,,0,15,,59065,76,,,0,55,,59066,76,,,0,30,,59067,76,,,0,70,,59068,76,,,0,30,,59069,76,,,0,70,,59070,76,,,0,30,,59071,76,,,0,70,,59072,76,,,0,30,,59073,76,,,0,70,,59074,76,,,0,30,,59075,76,,,0,70,,59076,76,,,0,30,,59052,76,,,0
1701,'1388',640,,59077,76,,,0,70,,59078,76,,,0,15,,59079,76,,,0,15,,59080,76,,,0,15,,59081,76,,,0,55,,59082,76,,,0,10,,59083,76,,,0,10,,59084,76,,,0,10,,59085,76,,,0,10,,59086,76,,,0,50,,59087,76,,,0,10,,59088,76,,,0,10,,59089,76,,,0,10,,59090,76,,,0,10,,59091,76,,,0,10,,59092,76,,,0,50,,59093,76,,,0,10,,59094,76,,,0,10,,59095,76,,,0,10,,59096,76,,,0,10,,59136,76,,,0,10,,59097,76,,,0,50,,59122,76,,,0,10,,59123,76,,,0,10,,59124,76,,,0,10,,59125,76,,,0,10,,59126,76,,,0,10,,59127,76,,,0,50,,59128,76,,,0,10,,59129,76,,,0,10,,59130,76,,,0,10,,59131,76,,,0,10,,59132,76,,,0,10,,59133,76,,,0,50,,59134,76,,,0,10,,59135,76,,,0,10,,59137,76,,,0,10,,59138,76,,,0,10,,59140,76,,,0,10,,59141,76,,,0,50,,59142,76,,,0,10,,59143,76,,,0,10,,59144,76,,,0,10,,59145,76,,,0,10,,59146,76,,,0,10,,59098,76,,,0,50,,59099,76,,,0,10,,59100,76,,,0,10,,59101,76,,,0,10,,59102,76,,,0,10,,59103,76,,,0,10,,59104,76,,,0,50,,59105,76,,,0,10,,59106,76,,,0,10,,59107,76,,,0,10,,59108,76,,,0,10,,59109,76,,,0,10,,59110,76,,,0,50,,59111,76,,,0,10,,59112,76,,,0,10,,59113,76,,,0,10,,59114,76,,,0,10,,59115,76,,,0,10,,59116,76,,,0,50,,59117,76,,,0,10,,59118,76,,,0,10,,59119,76,,,0,10,,59120,76,,,0,10,,59121,76,,,0,10,,59147,76,,,0,50,,59148,76,,,0,10,,59149,76,,,0,15,,59150,76,,,0,15,,59151,76,,,0,15,,59152,76,,,0,55,,59153,76,,,0,30,,59154,76,,,0,70,,59155,76,,,0,30,,59156,76,,,0,70,,59157,76,,,0,30,,59158,76,,,0,70,,59159,76,,,0,30,,59160,76,,,0,70,,59161,76,,,0,30,,59162,76,,,0,70,,59163,76,,,0,30,,59139,76,,,0
1701,'1389',640,,59164,76,,,0,70,,59165,76,,,0,15,,59166,76,,,0,15,,59167,76,,,0,15,,59168,76,,,0,55,,59169,76,,,0,10,,59170,76,,,0,10,,59171,76,,,0,10,,59172,76,,,0,10,,59173,76,,,0,50,,59174,76,,,0,10,,59175,76,,,0,10,,59176,76,,,0,10,,59177,76,,,0,10,,59178,76,,,0,10,,59179,76,,,0,50,,59180,76,,,0,10,,59181,76,,,0,10,,59182,76,,,0,10,,59183,76,,,0,10,,59223,76,,,0,10,,59184,76,,,0,50,,59209,76,,,0,10,,59210,76,,,0,10,,59211,76,,,0,10,,59212,76,,,0,10,,59213,76,,,0,10,,59214,76,,,0,50,,59215,76,,,0,10,,59216,76,,,0,10,,59217,76,,,0,10,,59218,76,,,0,10,,59219,76,,,0,10,,59220,76,,,0,50,,59221,76,,,0,10,,59222,76,,,0,10,,59224,76,,,0,10,,59225,76,,,0,10,,59227,76,,,0,10,,59228,76,,,0,50,,59229,76,,,0,10,,59230,76,,,0,10,,59231,76,,,0,10,,59232,76,,,0,10,,59233,76,,,0,10,,59185,76,,,0,50,,59186,76,,,0,10,,59187,76,,,0,10,,59188,76,,,0,10,,59189,76,,,0,10,,59190,76,,,0,10,,59191,76,,,0,50,,59192,76,,,0,10,,59193,76,,,0,10,,59194,76,,,0,10,,59195,76,,,0,10,,59196,76,,,0,10,,59197,76,,,0,50,,59198,76,,,0,10,,59199,76,,,0,10,,59200,76,,,0,10,,59201,76,,,0,10,,59202,76,,,0,10,,59203,76,,,0,50,,59204,76,,,0,10,,59205,76,,,0,10,,59206,76,,,0,10,,59207,76,,,0,10,,59208,76,,,0,10,,59234,76,,,0,50,,59235,76,,,0,10,,59236,76,,,0,15,,59237,76,,,0,15,,59238,76,,,0,15,,59239,76,,,0,55,,59240,76,,,0,30,,59241,76,,,0,70,,59242,76,,,0,30,,59243,76,,,0,70,,59244,76,,,0,30,,59245,76,,,0,70,,59246,76,,,0,30,,59247,76,,,0,70,,59248,76,,,0,30,,59249,76,,,0,70,,59250,76,,,0,30,,59226,76,,,0
722502,'1385',536,,64777,7,0,16,0,100,,64778,7,0,16,0,100,,64779,7,0,16,0,100,,64780,7,0,16,0,100,,64781,7,0,16,0,100,,64782,7,0,16,0,100,,64783,7,0,16,0,100,,64784,7,0,16,0,100,,64785,7,0,16,0,100,,64786,7,0,16,0,100,,64787,7,0,16,0,100,,64788,7,0,16,0,100,,64789,7,0,16,0,100,,64790,7,0,16,0,100,,64791,7,0,16,0,100,,64792,7,0,16,0,100,,64793,7,0,16,0,100,,64794,7,0,16,0
722502,'1386',536,,64795,7,0,16,0,100,,64796,7,0,16,0,100,,64797,7,0,16,0,100,,64798,7,0,16,0,100,,64799,7,0,16,0,100,,64800,7,0,16,0,100,,64801,7,0,16,0,100,,64802,7,0,16,0,100,,64803,7,0,16,0,100,,64804,7,0,16,0,100,,64805,7,0,16,0,100,,64806,7,0,16,0,100,,64807,7,0,16,0,100,,64808,7,0,16,0,100,,64809,7,0,16,0,100,,64810,7,0,16,0,100,,64811,7,0,16,0,100,,64812,7,0,16,0
722502,'1387',536,,64813,7,0,16,0,100,,64814,7,0,16,0,100,,64815,7,0,16,0,100,,64816,7,0,16,0,100,,64817,7,0,16,0,100,,64818,7,0,16,0,100,,64819,7,0,16,0,100,,64820,7,0,16,0,100,,64821,7,0,16,0,100,,64822,7,0,16,0,100,,64823,7,0,16,0,100,,64824,7,0,16,0,100,,64825,7,0,16,0,100,,64826,7,0,16,0,100,,64827,7,0,16,0,100,,64828,7,0,16,0,100,,64829,7,0,16,0,100,,64830,7,0,16,0
722502,'1388',536,,64831,7,0,16,0,100,,64832,7,0,16,0,100,,64833,7,0,16,0,100,,64834,7,0,16,0,100,,64835,7,0,16,0,100,,64836,7,0,16,0,100,,64837,7,0,16,0,100,,64838,7,0,16,0,100,,64839,7,0,16,0,100,,64840,7,0,16,0,100,,64841,7,0,16,0,100,,64842,7,0,16,0,100,,64843,7,0,16,0,100,,64844,7,0,16,0,100,,64845,7,0,16,0,100,,64846,7,0,16,0,100,,64847,7,0,16,0,100,,64848,7,0,16,0
722502,'1389',536,,64849,7,0,16,0,100,,64850,7,0,16,0,100,,64851,7,0,16,0,100,,64852,7,0,16,0,100,,64853,7,0,16,0,100,,64854,7,0,16,0,100,,64855,7,0,16,0,100,,64856,7,0,16,0,100,,64857,7,0,16,0,100,,64858,7,0,16,0,100,,64859,7,0,16,0,100,,64860,7,0,16,0,100,,64861,7,0,16,0,100,,64862,7,0,16,0,100,,64863,7,0,16,0,100,,64864,7,0,16,0,100,,64865,7,0,16,0,100,,64866,7,0,16,0
