1600,'1383',1047,,57705,21,,,0,70,,57704,21,,,0,85,,57703,21,,,0,30,,57702,21,,,0,70,,57701,21,,,0,30,,57700,21,,,0,70,,57699,21,,,0,30,,57698,21,,,0,70,,57697,21,,,0,30,,57696,21,,,0,70,,57695,21,,,0,30,,57694,21,,,0,70,,57693,21,,,0,20,,57692,21,,,0,10,,57691,21,,,0,70,,57690,21,,,0,20,,57689,21,,,0,10,,57688,21,,,0,70,,57687,21,,,0,30,,57686,21,,,0,70,,57685,21,,,0
1600,'1384',736,,57706,21,,,0,70,,57707,21,,,0,30,,57708,21,,,0,70,,57709,21,,,0,30,,57710,21,,,0,70,,57711,21,,,0,30,,57712,21,,,0,70,,57713,21,,,0,20,,57714,21,,,0,20,,57715,21,,,0,60,,57716,21,,,0,20,,57717,21,,,0,20,,57718,21,,,0,60,,57719,21,,,0,20,,57720,21,,,0,20,,57721,21,,,0,60,,57722,21,,,0,20,,57723,21,,,0,20,,57724,21,,,0,60,,57725,21,,,0,20,,57726,21,,,0,20,,57727,21,,,0,60,,57728,21,,,0,20,,57729,21,,,0,20,,57730,21,,,0,60,,57731,21,,,0,20,,57732,21,,,0,20,,57733,21,,,0,60,,57734,21,,,0,20,,57735,21,,,0,5,,57736,21,,,0,15,,57737,21,,,0,60,,57738,21,,,0,30,,57739,21,,,0,70,,57740,21,,,0,30,,57741,21,,,0,70,,57742,21,,,0,30,,57743,21,,,0,70,,57744,21,,,0,100,,57745,21,,,0
1600,'1385',644,,57759,21,,,0,74,,57746,21,,,0,31,,57760,21,,,0,60,,57761,21,,,0,20,,57762,21,,,0,20,,57763,21,,,0,60,,57764,21,,,0,20,,57765,21,,,0,20,,57766,21,,,0,60,,57747,21,,,0,20,,57748,21,,,0,20,,57749,21,,,0,60,,57750,21,,,0,20,,57751,21,,,0,20,,57752,21,,,0,60,,57753,21,,,0,20,,57754,21,,,0,20,,57755,21,,,0,60,,57756,21,,,0,20,,57757,21,,,0,20,,57758,21,,,0,60,,57779,21,,,0,20,,57780,21,,,0,20,,57781,21,,,0,60,,57782,21,,,0,20,,57783,21,,,0,20,,57767,21,,,0,60,,57768,21,,,0,20,,57769,21,,,0,20,,57770,21,,,0,60,,57771,21,,,0,20,,57772,21,,,0,20,,57773,21,,,0,60,,57774,21,,,0,20,,57775,21,,,0,20,,57776,21,,,0,55,,57777,21,,,0,30,,57778,21,,,0,70,,57784,21,,,0,30,,57785,21,,,0,70,,57786,21,,,0,30,,57787,21,,,0,70,,57788,21,,,0,100,,57789,21,,,0
1600,'1386',644,,57803,21,,,0,74,,57790,21,,,0,31,,57804,21,,,0,60,,57805,21,,,0,20,,57806,21,,,0,20,,57807,21,,,0,60,,57808,21,,,0,20,,57809,21,,,0,20,,57810,21,,,0,60,,57791,21,,,0,20,,57792,21,,,0,20,,57793,21,,,0,60,,57794,21,,,0,20,,57795,21,,,0,20,,57796,21,,,0,60,,57797,21,,,0,20,,57798,21,,,0,20,,57799,21,,,0,60,,57800,21,,,0,20,,57801,21,,,0,20,,57802,21,,,0,60,,57823,21,,,0,20,,57824,21,,,0,20,,57825,21,,,0,60,,57826,21,,,0,20,,57827,21,,,0,20,,57811,21,,,0,60,,57812,21,,,0,20,,57813,21,,,0,20,,57814,21,,,0,60,,57815,21,,,0,20,,57816,21,,,0,20,,57817,21,,,0,60,,57818,21,,,0,20,,57819,21,,,0,20,,57820,21,,,0,55,,57821,21,,,0,30,,57822,21,,,0,70,,57828,21,,,0,30,,57829,21,,,0,70,,57830,21,,,0,30,,57831,21,,,0,70,,57832,21,,,0,100,,57833,21,,,0
1600,'1387',644,,57847,21,,,0,74,,57834,21,,,0,31,,57848,21,,,0,60,,57849,21,,,0,20,,57850,21,,,0,20,,57851,21,,,0,60,,57852,21,,,0,20,,57853,21,,,0,20,,57854,21,,,0,60,,57835,21,,,0,20,,57836,21,,,0,20,,57837,21,,,0,60,,57838,21,,,0,20,,57839,21,,,0,20,,57840,21,,,0,60,,57841,21,,,0,20,,57842,21,,,0,20,,57843,21,,,0,60,,57844,21,,,0,20,,57845,21,,,0,20,,57846,21,,,0,60,,57867,21,,,0,20,,57868,21,,,0,20,,57869,21,,,0,60,,57870,21,,,0,20,,57871,21,,,0,20,,57855,21,,,0,60,,57856,21,,,0,20,,57857,21,,,0,20,,57858,21,,,0,60,,57859,21,,,0,20,,57860,21,,,0,20,,57861,21,,,0,60,,57862,21,,,0,20,,57863,21,,,0,20,,57864,21,,,0,55,,57865,21,,,0,30,,57866,21,,,0,70,,57872,21,,,0,30,,57873,21,,,0,70,,57874,21,,,0,30,,57875,21,,,0,70,,57876,21,,,0,100,,57877,21,,,0
1600,'1388',644,,57891,21,,,0,74,,57878,21,,,0,31,,57892,21,,,0,60,,57893,21,,,0,20,,57894,21,,,0,20,,57895,21,,,0,60,,57896,21,,,0,20,,57897,21,,,0,20,,57898,21,,,0,60,,57879,21,,,0,20,,57880,21,,,0,20,,57881,21,,,0,60,,57882,21,,,0,20,,57883,21,,,0,20,,57884,21,,,0,60,,57885,21,,,0,20,,57886,21,,,0,20,,57887,21,,,0,60,,57888,21,,,0,20,,57889,21,,,0,20,,57890,21,,,0,60,,57911,21,,,0,20,,57912,21,,,0,20,,57913,21,,,0,60,,57914,21,,,0,20,,57915,21,,,0,20,,57899,21,,,0,60,,57900,21,,,0,20,,57901,21,,,0,20,,57902,21,,,0,60,,57903,21,,,0,20,,57904,21,,,0,20,,57905,21,,,0,60,,57906,21,,,0,20,,57907,21,,,0,20,,57908,21,,,0,55,,57909,21,,,0,30,,57910,21,,,0,70,,57916,21,,,0,30,,57917,21,,,0,70,,57918,21,,,0,30,,57919,21,,,0,70,,57920,21,,,0,100,,57921,21,,,0
1600,'1389',644,,57935,21,,,0,74,,57922,21,,,0,31,,57936,21,,,0,60,,57937,21,,,0,20,,57938,21,,,0,20,,57939,21,,,0,60,,57940,21,,,0,20,,57941,21,,,0,20,,57942,21,,,0,60,,57923,21,,,0,20,,57924,21,,,0,20,,57925,21,,,0,60,,57926,21,,,0,20,,57927,21,,,0,20,,57928,21,,,0,60,,57929,21,,,0,20,,57930,21,,,0,20,,57931,21,,,0,60,,57932,21,,,0,20,,57933,21,,,0,20,,57934,21,,,0,60,,57955,21,,,0,20,,57956,21,,,0,20,,57957,21,,,0,60,,57958,21,,,0,20,,57959,21,,,0,20,,57943,21,,,0,60,,57944,21,,,0,20,,57945,21,,,0,20,,57946,21,,,0,60,,57947,21,,,0,20,,57948,21,,,0,20,,57949,21,,,0,60,,57950,21,,,0,20,,57951,21,,,0,20,,57952,21,,,0,55,,57953,21,,,0,30,,57954,21,,,0,70,,57960,21,,,0,30,,57961,21,,,0,70,,57962,21,,,0,30,,57963,21,,,0,70,,57964,21,,,0,100,,57965,21,,,0
1700,'1383',637,,58253,58,,,0,100,,58252,58,,,0,100,,58251,58,,,0,100,,58250,58,,,0,114,,58254,58,,,0,80,,58255,58,,,0,80,,58256,58,,,0,40,,58257,58,,,0,80,,58258,58,,,0,80,,58259,58,,,0,40,,58260,58,,,0,80,,58261,58,,,0,80,,58262,58,,,0,40,,58263,58,,,0,80,,58264,58,,,0,80,,58265,58,,,0,40,,58266,58,,,0,80,,58267,58,,,0,80,,58268,58,,,0
1700,'1384',558,,58269,58,,,0,74,,58270,58,,,0,70,,58271,58,,,0,30,,58272,58,,,0,70,,58273,58,,,0,30,,58274,58,,,0,70,,58275,58,,,0,30,,58276,58,,,0,70,,58277,58,,,0,30,,58278,58,,,0,78,,58287,58,,,0,20,,58288,58,,,0,20,,58289,58,,,0,60,,58290,58,,,0,20,,58291,58,,,0,20,,58292,58,,,0,60,,58293,58,,,0,20,,58294,58,,,0,20,,58295,58,,,0,60,,58296,58,,,0,20,,58297,58,,,0,20,,58298,58,,,0,60,,58299,58,,,0,20,,58300,58,,,0,20,,58301,58,,,0,60,,58302,58,,,0,20,,58303,58,,,0,20,,58304,58,,,0,60,,58305,58,,,0,20,,58306,58,,,0,20,,58307,58,,,0,60,,58308,58,,,0,20,,58309,58,,,0,20,,58310,58,,,0,55,,58311,58,,,0,30,,58312,58,,,0,70,,58313,58,,,0,30,,58314,58,,,0,70,,58315,58,,,0,27,,58279,58,,,0,70,,58280,58,,,0,30,,58281,58,,,0,70,,58282,58,,,0,30,,58283,58,,,0,70,,58284,58,,,0,30,,58285,58,,,0,70,,58286,58,,,0
1700,'1385',559,,58316,58,,,0,68,,58317,19,,,0,18,,58335,58,,,0,55,,58334,58,,,0,15,,58333,58,,,0,15,,58332,58,,,0,15,,58331,58,,,0,10,,58330,58,,,0,50,,58329,58,,,0,10,,58328,58,,,0,10,,58327,58,,,0,10,,58326,58,,,0,10,,58325,58,,,0,10,,58324,58,,,0,50,,58323,58,,,0,10,,58318,58,,,0,10,,58319,58,,,0,10,,58320,58,,,0,10,,58321,58,,,0,10,,58322,58,,,0,50,,58336,58,,,0,10,,58361,58,,,0,10,,58362,58,,,0,10,,58363,58,,,0,10,,58364,58,,,0,10,,58365,58,,,0,50,,58366,58,,,0,10,,58367,58,,,0,10,,58368,58,,,0,10,,58369,58,,,0,10,,58370,58,,,0,10,,58371,58,,,0,50,,58372,58,,,0,10,,58373,58,,,0,10,,58374,58,,,0,10,,58375,58,,,0,10,,58376,58,,,0,10,,58379,58,,,0,50,,58380,58,,,0,10,,58381,58,,,0,10,,58382,58,,,0,10,,58383,58,,,0,10,,58384,58,,,0,10,,58385,58,,,0,50,,58386,58,,,0,10,,58337,58,,,0,10,,58338,58,,,0,10,,58339,58,,,0,10,,58340,58,,,0,10,,58341,58,,,0,50,,58342,58,,,0,10,,58343,58,,,0,10,,58344,58,,,0,10,,58345,58,,,0,10,,58346,58,,,0,10,,58347,58,,,0,50,,58348,58,,,0,10,,58349,58,,,0,10,,58350,58,,,0,10,,58351,58,,,0,10,,58352,58,,,0,10,,58353,58,,,0,50,,58354,58,,,0,10,,58355,58,,,0,10,,58356,58,,,0,10,,58357,58,,,0,10,,58358,58,,,0,10,,58359,58,,,0,50,,58360,58,,,0,10,,58387,58,,,0,10,,58388,58,,,0,10,,58389,58,,,0,10,,58390,58,,,0,55,,58391,58,,,0,15,,58392,58,,,0,15,,58393,58,,,0,70,,58394,58,,,0,30,,58395,58,,,0,70,,58396,58,,,0,30,,58397,58,,,0,70,,58398,58,,,0,30,,58399,58,,,0,70,,58400,58,,,0,30,,58401,58,,,0,70,,58402,58,,,0,30,,58377,58,,,0,70,,58378,58,,,0
1700,'1386',559,,58403,58,,,0,68,,58404,19,,,0,18,,58422,58,,,0,55,,58421,58,,,0,15,,58420,58,,,0,15,,58419,58,,,0,15,,58418,58,,,0,10,,58417,58,,,0,50,,58416,58,,,0,10,,58415,58,,,0,10,,58414,58,,,0,10,,58413,58,,,0,10,,58412,58,,,0,10,,58411,58,,,0,50,,58410,58,,,0,10,,58405,58,,,0,10,,58406,58,,,0,10,,58407,58,,,0,10,,58408,58,,,0,10,,58409,58,,,0,50,,58423,58,,,0,10,,58448,58,,,0,10,,58449,58,,,0,10,,58450,58,,,0,10,,58451,58,,,0,10,,58452,58,,,0,50,,58453,58,,,0,10,,58454,58,,,0,10,,58455,58,,,0,10,,58456,58,,,0,10,,58457,58,,,0,10,,58458,58,,,0,50,,58459,58,,,0,10,,58460,58,,,0,10,,58461,58,,,0,10,,58462,58,,,0,10,,58463,58,,,0,10,,58466,58,,,0,50,,58467,58,,,0,10,,58468,58,,,0,10,,58469,58,,,0,10,,58470,58,,,0,10,,58471,58,,,0,10,,58472,58,,,0,50,,58473,58,,,0,10,,58424,58,,,0,10,,58425,58,,,0,10,,58426,58,,,0,10,,58427,58,,,0,10,,58428,58,,,0,50,,58429,58,,,0,10,,58430,58,,,0,10,,58431,58,,,0,10,,58432,58,,,0,10,,58433,58,,,0,10,,58434,58,,,0,50,,58435,58,,,0,10,,58436,58,,,0,10,,58437,58,,,0,10,,58438,58,,,0,10,,58439,58,,,0,10,,58440,58,,,0,50,,58441,58,,,0,10,,58442,58,,,0,10,,58443,58,,,0,10,,58444,58,,,0,10,,58445,58,,,0,10,,58446,58,,,0,50,,58447,58,,,0,10,,58474,58,,,0,10,,58475,58,,,0,10,,58476,58,,,0,10,,58477,58,,,0,55,,58478,58,,,0,15,,58479,58,,,0,15,,58480,58,,,0,70,,58481,58,,,0,30,,58482,58,,,0,70,,58483,58,,,0,30,,58484,58,,,0,70,,58485,58,,,0,30,,58486,58,,,0,70,,58487,58,,,0,30,,58488,58,,,0,70,,58489,58,,,0,30,,58464,58,,,0,70,,58465,58,,,0
1700,'1387',559,,58490,58,,,0,68,,58491,19,,,0,18,,58509,58,,,0,55,,58508,58,,,0,15,,58507,58,,,0,15,,58506,58,,,0,15,,58505,58,,,0,10,,58504,58,,,0,50,,58503,58,,,0,10,,58502,58,,,0,10,,58501,58,,,0,10,,58500,58,,,0,10,,58499,58,,,0,10,,58498,58,,,0,50,,58497,58,,,0,10,,58492,58,,,0,10,,58493,58,,,0,10,,58494,58,,,0,10,,58495,58,,,0,10,,58496,58,,,0,50,,58510,58,,,0,10,,58535,58,,,0,10,,58536,58,,,0,10,,58537,58,,,0,10,,58538,58,,,0,10,,58539,58,,,0,50,,58540,58,,,0,10,,58541,58,,,0,10,,58542,58,,,0,10,,58543,58,,,0,10,,58544,58,,,0,10,,58545,58,,,0,50,,58546,58,,,0,10,,58547,58,,,0,10,,58548,58,,,0,10,,58549,58,,,0,10,,58550,58,,,0,10,,58553,58,,,0,50,,58554,58,,,0,10,,58555,58,,,0,10,,58556,58,,,0,10,,58557,58,,,0,10,,58558,58,,,0,10,,58559,58,,,0,50,,58560,58,,,0,10,,58511,58,,,0,10,,58512,58,,,0,10,,58513,58,,,0,10,,58514,58,,,0,10,,58515,58,,,0,50,,58516,58,,,0,10,,58517,58,,,0,10,,58518,58,,,0,10,,58519,58,,,0,10,,58520,58,,,0,10,,58521,58,,,0,50,,58522,58,,,0,10,,58523,58,,,0,10,,58524,58,,,0,10,,58525,58,,,0,10,,58526,58,,,0,10,,58527,58,,,0,50,,58528,58,,,0,10,,58529,58,,,0,10,,58530,58,,,0,10,,58531,58,,,0,10,,58532,58,,,0,10,,58533,58,,,0,50,,58534,58,,,0,10,,58561,58,,,0,10,,58562,58,,,0,10,,58563,58,,,0,10,,58564,58,,,0,55,,58565,58,,,0,15,,58566,58,,,0,15,,58567,58,,,0,70,,58568,58,,,0,30,,58569,58,,,0,70,,58570,58,,,0,30,,58571,58,,,0,70,,58572,58,,,0,30,,58573,58,,,0,70,,58574,58,,,0,30,,58575,58,,,0,70,,58576,58,,,0,30,,58551,58,,,0,70,,58552,58,,,0
1700,'1388',559,,58577,58,,,0,68,,58578,19,,,0,18,,58596,58,,,0,55,,58595,58,,,0,15,,58594,58,,,0,15,,58593,58,,,0,15,,58592,58,,,0,10,,58591,58,,,0,50,,58590,58,,,0,10,,58589,58,,,0,10,,58588,58,,,0,10,,58587,58,,,0,10,,58586,58,,,0,10,,58585,58,,,0,50,,58584,58,,,0,10,,58579,58,,,0,10,,58580,58,,,0,10,,58581,58,,,0,10,,58582,58,,,0,10,,58583,58,,,0,50,,58597,58,,,0,10,,58622,58,,,0,10,,58623,58,,,0,10,,58624,58,,,0,10,,58625,58,,,0,10,,58626,58,,,0,50,,58627,58,,,0,10,,58628,58,,,0,10,,58629,58,,,0,10,,58630,58,,,0,10,,58631,58,,,0,10,,58632,58,,,0,50,,58633,58,,,0,10,,58634,58,,,0,10,,58635,58,,,0,10,,58636,58,,,0,10,,58637,58,,,0,10,,58640,58,,,0,50,,58641,58,,,0,10,,58642,58,,,0,10,,58643,58,,,0,10,,58644,58,,,0,10,,58645,58,,,0,10,,58646,58,,,0,50,,58647,58,,,0,10,,58598,58,,,0,10,,58599,58,,,0,10,,58600,58,,,0,10,,58601,58,,,0,10,,58602,58,,,0,50,,58603,58,,,0,10,,58604,58,,,0,10,,58605,58,,,0,10,,58606,58,,,0,10,,58607,58,,,0,10,,58608,58,,,0,50,,58609,58,,,0,10,,58610,58,,,0,10,,58611,58,,,0,10,,58612,58,,,0,10,,58613,58,,,0,10,,58614,58,,,0,50,,58615,58,,,0,10,,58616,58,,,0,10,,58617,58,,,0,10,,58618,58,,,0,10,,58619,58,,,0,10,,58620,58,,,0,50,,58621,58,,,0,10,,58648,58,,,0,10,,58649,58,,,0,10,,58650,58,,,0,10,,58651,58,,,0,55,,58652,58,,,0,15,,58653,58,,,0,15,,58654,58,,,0,70,,58655,58,,,0,30,,58656,58,,,0,70,,58657,58,,,0,30,,58658,58,,,0,70,,58659,58,,,0,30,,58660,58,,,0,70,,58661,58,,,0,30,,58662,58,,,0,70,,58663,58,,,0,30,,58638,58,,,0,70,,58639,58,,,0
1700,'1389',559,,58664,58,,,0,68,,58665,19,,,0,18,,58683,58,,,0,55,,58682,58,,,0,15,,58681,58,,,0,15,,58680,58,,,0,15,,58679,58,,,0,10,,58678,58,,,0,50,,58677,58,,,0,10,,58676,58,,,0,10,,58675,58,,,0,10,,58674,58,,,0,10,,58673,58,,,0,10,,58672,58,,,0,50,,58671,58,,,0,10,,58666,58,,,0,10,,58667,58,,,0,10,,58668,58,,,0,10,,58669,58,,,0,10,,58670,58,,,0,50,,58684,58,,,0,10,,58709,58,,,0,10,,58710,58,,,0,10,,58711,58,,,0,10,,58712,58,,,0,10,,58713,58,,,0,50,,58714,58,,,0,10,,58715,58,,,0,10,,58716,58,,,0,10,,58717,58,,,0,10,,58718,58,,,0,10,,58719,58,,,0,50,,58720,58,,,0,10,,58721,58,,,0,10,,58722,58,,,0,10,,58723,58,,,0,10,,58724,58,,,0,10,,58727,58,,,0,50,,58728,58,,,0,10,,58729,58,,,0,10,,58730,58,,,0,10,,58731,58,,,0,10,,58732,58,,,0,10,,58733,58,,,0,50,,58734,58,,,0,10,,58685,58,,,0,10,,58686,58,,,0,10,,58687,58,,,0,10,,58688,58,,,0,10,,58689,58,,,0,50,,58690,58,,,0,10,,58691,58,,,0,10,,58692,58,,,0,10,,58693,58,,,0,10,,58694,58,,,0,10,,58695,58,,,0,50,,58696,58,,,0,10,,58697,58,,,0,10,,58698,58,,,0,10,,58699,58,,,0,10,,58700,58,,,0,10,,58701,58,,,0,50,,58702,58,,,0,10,,58703,58,,,0,10,,58704,58,,,0,10,,58705,58,,,0,10,,58706,58,,,0,10,,58707,58,,,0,50,,58708,58,,,0,10,,58735,58,,,0,10,,58736,58,,,0,10,,58737,58,,,0,10,,58738,58,,,0,55,,58739,58,,,0,15,,58740,58,,,0,15,,58741,58,,,0,70,,58742,58,,,0,30,,58743,58,,,0,70,,58744,58,,,0,30,,58745,58,,,0,70,,58746,58,,,0,30,,58747,58,,,0,70,,58748,58,,,0,30,,58749,58,,,0,70,,58750,58,,,0,30,,58725,58,,,0,70,,58726,58,,,0
2000,'1383',1015,,60518,74,,,0,85,,60517,74,,,0,45,,60516,74,,,0,85,,60515,74,,,0,85,,60514,74,,,0,85,,60519,74,,,0,45,,60513,74,,,0,85,,60512,74,,,0,85,,60526,74,,,0,85,,60525,74,,,0,46,,60524,74,,,0,84,,60523,74,,,0,85,,60522,74,,,0,85,,60521,74,,,0,45,,60520,74,,,0
2000,'1384',720,,60529,74,,,0,85,,60530,74,,,0,45,,60531,74,,,0,85,,60532,74,,,0,15,,60533,74,,,0,70,,60534,74,,,0,80,,60535,74,,,0,30,,60536,74,,,0,70,,60537,74,,,0,30,,60538,74,,,0,80,,60539,74,,,0,30,,60540,74,,,0,70,,60541,74,,,0,30,,60542,74,,,0,80,,60543,74,,,0,30,,60544,74,,,0,70,,60545,74,,,0,30,,60546,74,,,0,80,,60547,74,,,0,70,,60548,74,,,0,30,,60549,74,,,0,70,,60550,74,,,0,40,,60551,74,,,0,75,,60552,74,,,0,85,,60553,74,,,0,45,,60554,74,,,0,85,,60555,74,,,0,85,,60556,74,,,0,85,,60557,74,,,0,45,,60558,74,,,0
2000,'1385',647,,60569,76,,,0,60,,60570,76,,,0,20,,60571,76,,,0,20,,60572,76,,,0,60,,60573,76,,,0,20,,60574,76,,,0,20,,60575,76,,,0,60,,60576,76,,,0,20,,60577,76,,,0,20,,60578,76,,,0,60,,60579,76,,,0,20,,60580,76,,,0,20,,60581,76,,,0,60,,60582,76,,,0,20,,60583,76,,,0,20,,60584,76,,,0,60,,60585,76,,,0,20,,60586,76,,,0,20,,60587,76,,,0,60,,60588,76,,,0,20,,60589,76,,,0,20,,60590,76,,,0,60,,60591,76,,,0,20,,60592,76,,,0,20,,60593,76,,,0,60,,60594,76,,,0,20,,60595,76,,,0,20,,60596,76,,,0,60,,60597,76,,,0,20,,60598,76,,,0,20,,60599,76,,,0,60,,60600,76,,,0,20,,60601,76,,,0,20,,60602,76,,,0,60,,60603,76,,,0,20,,60604,76,,,0,20,,60605,76,,,0,60,,60606,76,,,0,18,,60560,74,,,0,75,,60561,74,,,0,45,,60562,74,,,0,85,,60563,74,,,0,85,,60564,74,,,0,85,,60565,74,,,0,45,,60566,74,,,0,85,,60567,74,,,0,85,,60568,74,,,0
2000,'1386',647,,60617,76,,,0,60,,60618,76,,,0,20,,60619,76,,,0,20,,60620,76,,,0,60,,60621,76,,,0,20,,60622,76,,,0,20,,60623,76,,,0,60,,60624,76,,,0,20,,60625,76,,,0,20,,60626,76,,,0,60,,60627,76,,,0,20,,60628,76,,,0,20,,60629,76,,,0,60,,60630,76,,,0,20,,60631,76,,,0,20,,60632,76,,,0,60,,60633,76,,,0,20,,60634,76,,,0,20,,60635,76,,,0,60,,60636,76,,,0,20,,60637,76,,,0,20,,60638,76,,,0,60,,60639,76,,,0,20,,60640,76,,,0,20,,60641,76,,,0,60,,60642,76,,,0,20,,60643,76,,,0,20,,60644,76,,,0,60,,60645,76,,,0,20,,60646,76,,,0,20,,60647,76,,,0,60,,60648,76,,,0,20,,60649,76,,,0,20,,60650,76,,,0,60,,60651,76,,,0,20,,60652,76,,,0,20,,60653,76,,,0,60,,60654,76,,,0,18,,60608,74,,,0,75,,60609,74,,,0,45,,60610,74,,,0,85,,60611,74,,,0,85,,60612,74,,,0,85,,60613,74,,,0,45,,60614,74,,,0,85,,60615,74,,,0,85,,60616,74,,,0
2000,'1387',647,,60665,76,,,0,60,,60666,76,,,0,20,,60667,76,,,0,20,,60668,76,,,0,60,,60669,76,,,0,20,,60670,76,,,0,20,,60671,76,,,0,60,,60672,76,,,0,20,,60673,76,,,0,20,,60674,76,,,0,60,,60675,76,,,0,20,,60676,76,,,0,20,,60677,76,,,0,60,,60678,76,,,0,20,,60679,76,,,0,20,,60680,76,,,0,60,,60681,76,,,0,20,,60682,76,,,0,20,,60683,76,,,0,60,,60684,76,,,0,20,,60685,76,,,0,20,,60686,76,,,0,60,,60687,76,,,0,20,,60688,76,,,0,20,,60689,76,,,0,60,,60690,76,,,0,20,,60691,76,,,0,20,,60692,76,,,0,60,,60693,76,,,0,20,,60694,76,,,0,20,,60695,76,,,0,60,,60696,76,,,0,20,,60697,76,,,0,20,,60698,76,,,0,60,,60699,76,,,0,20,,60700,76,,,0,20,,60701,76,,,0,60,,60702,76,,,0,18,,60656,74,,,0,75,,60657,74,,,0,45,,60658,74,,,0,85,,60659,74,,,0,85,,60660,74,,,0,85,,60661,74,,,0,45,,60662,74,,,0,85,,60663,74,,,0,85,,60664,74,,,0
2000,'1388',647,,60713,76,,,0,60,,60714,76,,,0,20,,60715,76,,,0,20,,60716,76,,,0,60,,60717,76,,,0,20,,60718,76,,,0,20,,60719,76,,,0,60,,60720,76,,,0,20,,60721,76,,,0,20,,60722,76,,,0,60,,60723,76,,,0,20,,60724,76,,,0,20,,60725,76,,,0,60,,60726,76,,,0,20,,60727,76,,,0,20,,60728,76,,,0,60,,60729,76,,,0,20,,60730,76,,,0,20,,60731,76,,,0,60,,60732,76,,,0,20,,60733,76,,,0,20,,60734,76,,,0,60,,60735,76,,,0,20,,60736,76,,,0,20,,60737,76,,,0,60,,60738,76,,,0,20,,60739,76,,,0,20,,60740,76,,,0,60,,60741,76,,,0,20,,60742,76,,,0,20,,60743,76,,,0,60,,60744,76,,,0,20,,60745,76,,,0,20,,60746,76,,,0,60,,60747,76,,,0,20,,60748,76,,,0,20,,60749,76,,,0,60,,60750,76,,,0,18,,60704,74,,,0,75,,60705,74,,,0,45,,60706,74,,,0,85,,60707,74,,,0,85,,60708,74,,,0,85,,60709,74,,,0,45,,60710,74,,,0,85,,60711,74,,,0,85,,60712,74,,,0
2000,'1389',647,,60761,76,,,0,60,,60762,76,,,0,20,,60763,76,,,0,20,,60764,76,,,0,60,,60765,76,,,0,20,,60766,76,,,0,20,,60767,76,,,0,60,,60768,76,,,0,20,,60769,76,,,0,20,,60770,76,,,0,60,,60771,76,,,0,20,,60772,76,,,0,20,,60773,76,,,0,60,,60774,76,,,0,20,,60775,76,,,0,20,,60776,76,,,0,60,,60777,76,,,0,20,,60778,76,,,0,20,,60779,76,,,0,60,,60780,76,,,0,20,,60781,76,,,0,20,,60782,76,,,0,60,,60783,76,,,0,20,,60784,76,,,0,20,,60785,76,,,0,60,,60786,76,,,0,20,,60787,76,,,0,20,,60788,76,,,0,60,,60789,76,,,0,20,,60790,76,,,0,20,,60791,76,,,0,60,,60792,76,,,0,20,,60793,76,,,0,20,,60794,76,,,0,60,,60795,76,,,0,20,,60796,76,,,0,20,,60797,76,,,0,60,,60798,76,,,0,18,,60752,74,,,0,75,,60753,74,,,0,45,,60754,74,,,0,85,,60755,74,,,0,85,,60756,74,,,0,85,,60757,74,,,0,45,,60758,74,,,0,85,,60759,74,,,0,85,,60760,74,,,0
