2801,'1384',826,,61205,16,,,0,110,,61206,16,,,0,110,,61207,16,,,0,110,,61208,16,,,0,150,,61209,16,,,0,110,,61210,16,,,0,110,,61211,16,,,0,110,,61212,16,,,0,110,,61213,16,,,0,110,,61214,16,,,0
2801,'1385',651,,61215,16,,,0,75,,61216,16,,,0,75,,61217,16,,,0,35,,61218,16,,,0,75,,61219,16,,,0,35,,61220,16,,,0,75,,61221,16,,,0,35,,61222,16,,,0,75,,61223,16,,,0,75,,61224,16,,,0,35,,61225,16,,,0,75,,61226,16,,,0,35,,61227,16,,,0,75,,61228,16,,,0,75,,61229,16,,,0,35,,61230,16,,,0,75,,61231,16,,,0,35,,61232,16,,,0,75,,61233,16,,,0,35,,61234,16,,,0,75,,61235,16,,,0,75,,61236,16,,,0,35,,61237,16,,,0
2801,'1386',651,,61238,16,,,0,75,,61239,16,,,0,75,,61240,16,,,0,35,,61241,16,,,0,75,,61242,16,,,0,35,,61243,16,,,0,75,,61244,16,,,0,35,,61245,16,,,0,75,,61246,16,,,0,75,,61247,16,,,0,35,,61248,16,,,0,75,,61249,16,,,0,35,,61250,16,,,0,75,,61251,16,,,0,75,,61252,16,,,0,35,,61253,16,,,0,75,,61254,16,,,0,35,,61255,16,,,0,75,,61256,16,,,0,35,,61257,16,,,0,75,,61258,16,,,0,75,,61259,16,,,0,35,,61260,16,,,0
2801,'1387',651,,61261,16,,,0,75,,61262,16,,,0,75,,61263,16,,,0,35,,61264,16,,,0,75,,61265,16,,,0,35,,61266,16,,,0,75,,61267,16,,,0,35,,61268,16,,,0,75,,61269,16,,,0,75,,61270,16,,,0,35,,61271,16,,,0,75,,61272,16,,,0,35,,61273,16,,,0,75,,61274,16,,,0,75,,61275,16,,,0,35,,61276,16,,,0,75,,61277,16,,,0,35,,61278,16,,,0,75,,61279,16,,,0,35,,61280,16,,,0,75,,61281,16,,,0,75,,61282,16,,,0,35,,61283,16,,,0
2801,'1388',651,,61284,16,,,0,75,,61285,16,,,0,75,,61286,16,,,0,35,,61287,16,,,0,75,,61288,16,,,0,35,,61289,16,,,0,75,,61290,16,,,0,35,,61291,16,,,0,75,,61292,16,,,0,75,,61293,16,,,0,35,,61294,16,,,0,75,,61295,16,,,0,35,,61296,16,,,0,75,,61297,16,,,0,75,,61298,16,,,0,35,,61299,16,,,0,75,,61300,16,,,0,35,,61301,16,,,0,75,,61302,16,,,0,35,,61303,16,,,0,75,,61304,16,,,0,75,,61305,16,,,0,35,,61306,16,,,0
2801,'1389',651,,61307,16,,,0,75,,61308,16,,,0,75,,61309,16,,,0,35,,61310,16,,,0,75,,61311,16,,,0,35,,61312,16,,,0,75,,61313,16,,,0,35,,61314,16,,,0,75,,61315,16,,,0,75,,61316,16,,,0,35,,61317,16,,,0,75,,61318,16,,,0,35,,61319,16,,,0,75,,61320,16,,,0,75,,61321,16,,,0,35,,61322,16,,,0,75,,61323,16,,,0,35,,61324,16,,,0,75,,61325,16,,,0,35,,61326,16,,,0,75,,61327,16,,,0,75,,61328,16,,,0,35,,61329,16,,,0
722501,'1385',555,,64687,43,0,17,0,160,,64688,43,0,17,0,100,,64689,43,0,17,0,100,,64690,43,0,17,0,100,,64691,43,0,17,0,100,,64692,43,0,17,0,100,,64693,43,0,17,0,100,,64694,43,0,17,0,100,,64695,43,0,17,0,100,,64696,43,0,17,0,100,,64697,43,0,17,0,100,,64698,43,0,17,0,100,,64699,43,0,17,0,100,,64700,43,0,17,0,100,,64701,43,0,17,0,100,,64702,43,0,17,0,100,,64703,43,0,17,0,100,,64704,43,0,17,0
722501,'1386',555,,64705,43,0,17,0,160,,64706,43,0,17,0,100,,64707,43,0,17,0,100,,64708,43,0,17,0,100,,64709,43,0,17,0,100,,64710,43,0,17,0,100,,64711,43,0,17,0,100,,64712,43,0,17,0,100,,64713,43,0,17,0,100,,64714,43,0,17,0,100,,64715,43,0,17,0,100,,64716,43,0,17,0,100,,64717,43,0,17,0,100,,64718,43,0,17,0,100,,64719,43,0,17,0,100,,64720,43,0,17,0,100,,64721,43,0,17,0,100,,64722,43,0,17,0
722501,'1387',555,,64723,43,0,17,0,160,,64724,43,0,17,0,100,,64725,43,0,17,0,100,,64726,43,0,17,0,100,,64727,43,0,17,0,100,,64728,43,0,17,0,100,,64729,43,0,17,0,100,,64730,43,0,17,0,100,,64731,43,0,17,0,100,,64732,43,0,17,0,100,,64733,43,0,17,0,100,,64734,43,0,17,0,100,,64735,43,0,17,0,100,,64736,43,0,17,0,100,,64737,43,0,17,0,100,,64738,43,0,17,0,100,,64739,43,0,17,0,100,,64740,43,0,17,0
722501,'1388',555,,64741,43,0,17,0,160,,64742,43,0,17,0,100,,64743,43,0,17,0,100,,64744,43,0,17,0,100,,64745,43,0,17,0,100,,64746,43,0,17,0,100,,64747,43,0,17,0,100,,64748,43,0,17,0,100,,64749,43,0,17,0,100,,64750,43,0,17,0,100,,64751,43,0,17,0,100,,64752,43,0,17,0,100,,64753,43,0,17,0,100,,64754,43,0,17,0,100,,64755,43,0,17,0,100,,64756,43,0,17,0,100,,64757,43,0,17,0,100,,64758,43,0,17,0
722501,'1389',555,,64759,43,0,17,0,160,,64760,43,0,17,0,100,,64761,43,0,17,0,100,,64762,43,0,17,0,100,,64763,43,0,17,0,100,,64764,43,0,17,0,100,,64765,43,0,17,0,100,,64766,43,0,17,0,100,,64767,43,0,17,0,100,,64768,43,0,17,0,100,,64769,43,0,17,0,100,,64770,43,0,17,0,100,,64771,43,0,17,0,100,,64772,43,0,17,0,100,,64773,43,0,17,0,100,,64774,43,0,17,0,100,,64775,43,0,17,0,100,,64776,43,0,17,0
