721501,'1369',958,,49948,52,4,,0,100,,49947,52,4,,0,100,,49946,52,4,,0,100,,49945,52,4,,0,100,,49944,52,4,,0,100,,49943,52,4,,0,100,,49942,52,4,,0,100,,49941,52,4,,0,100,,49940,52,4,,0,100,,49939,52,4,,0,100,,49938,52,4,,0
721501,'1370',758,,49949,52,4,,0,100,,49950,52,4,,0,100,,49951,52,4,,0,100,,49952,52,4,,0,100,,49953,52,4,,0,100,,49954,52,4,,0,70,,49955,52,4,,0,30,,49956,52,4,,0,70,,49957,52,4,,0,30,,49958,52,4,,0,70,,49959,52,4,,0,30,,49960,52,4,,0,70,,49961,52,4,,0,30,,49962,52,4,,0,70,,49963,52,4,,0,30,,49964,52,4,,0,70,,49965,52,4,,0,30,,49966,52,4,,0,100,,49967,52,4,,0
721501,'1371',758,,49968,52,4,,0,70,,49969,52,4,,0,30,,49970,52,4,,0,70,,49971,52,4,,0,30,,49972,52,4,,0,70,,49973,52,4,,0,30,,49974,52,4,,0,70,,49975,52,4,,0,30,,49976,52,4,,0,70,,49977,52,4,,0,30,,49978,52,4,,0,70,,49979,52,4,,0,30,,49980,52,4,,0,70,,49981,52,4,,0,30,,49982,52,4,,0,70,,49983,52,4,,0,30,,49984,52,4,,0,70,,49985,52,4,,0,30,,49986,52,4,,0,70,,49987,52,4,,0,30,,49988,52,4,,0,70,,49989,52,4,,0,30,,49990,52,4,,0,70,,49991,52,4,,0,30,,49992,52,4,,0,100,,49993,52,4,,0,100,,49994,52,4,,0,100,,49995,52,4,,0
721501,'1372',758,,49996,52,4,,0,70,,49997,52,4,,0,30,,49998,52,4,,0,70,,49999,52,4,,0,30,,50000,52,4,,0,70,,50001,52,4,,0,30,,50002,52,4,,0,70,,50003,52,4,,0,30,,50004,52,4,,0,70,,50005,52,4,,0,30,,50006,52,4,,0,70,,50007,52,4,,0,30,,50008,52,4,,0,70,,50009,52,4,,0,30,,50010,52,4,,0,70,,50011,52,4,,0,30,,50012,52,4,,0,70,,50013,52,4,,0,30,,50014,52,4,,0,70,,50015,52,4,,0,30,,50016,52,4,,0,70,,50017,52,4,,0,30,,50018,52,4,,0,70,,50019,52,4,,0,30,,50020,52,4,,0,100,,50021,52,4,,0,100,,50022,52,4,,0,100,,50023,52,4,,0
721501,'1373',758,,50024,52,4,,0,70,,50025,52,4,,0,30,,50026,52,4,,0,70,,50027,52,4,,0,30,,50028,52,4,,0,70,,50029,52,4,,0,30,,50030,52,4,,0,70,,50031,52,4,,0,30,,50032,52,4,,0,70,,50033,52,4,,0,30,,50034,52,4,,0,70,,50035,52,4,,0,30,,50036,52,4,,0,70,,50037,52,4,,0,30,,50038,52,4,,0,70,,50039,52,4,,0,30,,50040,52,4,,0,70,,50041,52,4,,0,30,,50042,52,4,,0,70,,50043,52,4,,0,30,,50044,52,4,,0,70,,50045,52,4,,0,30,,50046,52,4,,0,70,,50047,52,4,,0,30,,50048,52,4,,0,100,,50049,52,4,,0,100,,50050,52,4,,0,100,,50051,52,4,,0
721501,'1374',758,,50052,52,4,,0,70,,50053,52,4,,0,30,,50054,52,4,,0,70,,50055,52,4,,0,30,,50056,52,4,,0,70,,50057,52,4,,0,30,,50058,52,4,,0,70,,50059,52,4,,0,30,,50060,52,4,,0,70,,50061,52,4,,0,30,,50062,52,4,,0,70,,50063,52,4,,0,30,,50064,52,4,,0,70,,50065,52,4,,0,30,,50066,52,4,,0,70,,50067,52,4,,0,30,,50068,52,4,,0,70,,50069,52,4,,0,30,,50070,52,4,,0,70,,50071,52,4,,0,30,,50072,52,4,,0,70,,50073,52,4,,0,30,,50074,52,4,,0,70,,50075,52,4,,0,30,,50076,52,4,,0,100,,50077,52,4,,0,100,,50078,52,4,,0,100,,50079,52,4,,0
721501,'1375',758,,50080,52,4,,0,70,,50081,52,4,,0,30,,50082,52,4,,0,70,,50083,52,4,,0,30,,50084,52,4,,0,70,,50085,52,4,,0,30,,50086,52,4,,0,70,,50087,52,4,,0,30,,50088,52,4,,0,70,,50089,52,4,,0,30,,50090,52,4,,0,70,,50091,52,4,,0,30,,50092,52,4,,0,70,,50093,52,4,,0,30,,50094,52,4,,0,70,,50095,52,4,,0,30,,50096,52,4,,0,70,,50097,52,4,,0,30,,50098,52,4,,0,70,,50099,52,4,,0,30,,50100,52,4,,0,70,,50101,52,4,,0,30,,50102,52,4,,0,70,,50103,52,4,,0,30,,50104,52,4,,0,100,,50105,52,4,,0,100,,50106,52,4,,0,100,,50107,52,4,,0
721502,'1369',858,,50118,1,0,16,0,100,,50117,1,0,16,0,100,,50116,1,0,16,0,100,,50115,1,0,16,0,100,,50114,1,0,16,0,100,,50113,1,0,16,0,100,,50112,1,0,16,0,100,,50111,1,0,16,0,100,,50110,1,0,16,0,100,,50109,1,0,16,0,100,,50108,1,0,16,0
721502,'1370',658,,50119,1,0,16,0,100,,50120,1,0,16,0,100,,50121,1,0,16,0,100,,50122,1,0,16,0,100,,50123,1,0,16,0,100,,50124,1,0,16,0,100,,50125,1,0,16,0,70,,50126,1,0,16,0,30,,50127,1,0,16,0,70,,50128,1,0,16,0,30,,50129,1,0,16,0,70,,50130,1,0,16,0,30,,50131,1,0,16,0,70,,50132,1,0,16,0,30,,50133,1,0,16,0,70,,50134,1,0,16,0,30,,50135,1,0,16,0,70,,50136,1,0,16,0,30,,50137,1,0,16,0
721502,'1371',658,,50139,1,0,16,0,70,,50138,9,4,,0,30,,50141,1,0,16,0,70,,50142,1,0,16,0,30,,50143,1,0,16,0,70,,50144,1,0,16,0,30,,50145,1,0,16,0,70,,50146,1,0,16,0,30,,50147,1,0,16,0,70,,50148,1,0,16,0,30,,50149,1,0,16,0,70,,50150,1,0,16,0,30,,50151,1,0,16,0,70,,50152,1,0,16,0,30,,50153,1,0,16,0,70,,50154,1,0,16,0,30,,50155,1,0,16,0,70,,50156,1,0,16,0,30,,50157,1,0,16,0,70,,50158,1,0,16,0,30,,50159,1,0,16,0,70,,50160,1,0,16,0,30,,50161,1,0,16,0,70,,50162,1,0,16,0,30,,50163,1,0,16,0,100,,50164,1,0,16,0,100,,50165,1,0,16,0,100,,50166,1,0,16,0
721502,'1372',658,,50168,1,0,16,0,70,,50167,9,4,,0,30,,50170,1,0,16,0,70,,50171,1,0,16,0,30,,50172,1,0,16,0,70,,50173,1,0,16,0,30,,50174,1,0,16,0,70,,50175,1,0,16,0,30,,50176,1,0,16,0,70,,50177,1,0,16,0,30,,50178,1,0,16,0,70,,50179,1,0,16,0,30,,50180,1,0,16,0,70,,50181,1,0,16,0,30,,50182,1,0,16,0,70,,50183,1,0,16,0,30,,50184,1,0,16,0,70,,50185,1,0,16,0,30,,50186,1,0,16,0,70,,50187,1,0,16,0,30,,50188,1,0,16,0,70,,50189,1,0,16,0,30,,50190,1,0,16,0,70,,50191,1,0,16,0,30,,50192,1,0,16,0,100,,50193,1,0,16,0,100,,50194,1,0,16,0,100,,50195,1,0,16,0
721502,'1373',658,,50197,1,0,16,0,70,,50196,9,4,,0,30,,50199,1,0,16,0,70,,50200,1,0,16,0,30,,50201,1,0,16,0,70,,50202,1,0,16,0,30,,50203,1,0,16,0,70,,50204,1,0,16,0,30,,50205,1,0,16,0,70,,50206,1,0,16,0,30,,50207,1,0,16,0,70,,50208,1,0,16,0,30,,50209,1,0,16,0,70,,50210,1,0,16,0,30,,50211,1,0,16,0,70,,50212,1,0,16,0,30,,50213,1,0,16,0,70,,50214,1,0,16,0,30,,50215,1,0,16,0,70,,50216,1,0,16,0,30,,50217,1,0,16,0,70,,50218,1,0,16,0,30,,50219,1,0,16,0,70,,50220,1,0,16,0,30,,50221,1,0,16,0,100,,50222,1,0,16,0,100,,50223,1,0,16,0,100,,50224,1,0,16,0
721502,'1374',658,,50226,1,0,16,0,70,,50225,9,4,,0,30,,50228,1,0,16,0,70,,50229,1,0,16,0,30,,50230,1,0,16,0,70,,50231,1,0,16,0,30,,50232,1,0,16,0,70,,50233,1,0,16,0,30,,50234,1,0,16,0,70,,50235,1,0,16,0,30,,50236,1,0,16,0,70,,50237,1,0,16,0,30,,50238,1,0,16,0,70,,50239,1,0,16,0,30,,50240,1,0,16,0,70,,50241,1,0,16,0,30,,50242,1,0,16,0,70,,50243,1,0,16,0,30,,50244,1,0,16,0,70,,50245,1,0,16,0,30,,50246,1,0,16,0,70,,50247,1,0,16,0,30,,50248,1,0,16,0,70,,50249,1,0,16,0,30,,50250,1,0,16,0,100,,50251,1,0,16,0,100,,50252,1,0,16,0,100,,50253,1,0,16,0
721502,'1375',658,,50255,1,0,16,0,70,,50254,9,4,,0,30,,50257,1,0,16,0,70,,50258,1,0,16,0,30,,50259,1,0,16,0,70,,50260,1,0,16,0,30,,50261,1,0,16,0,70,,50262,1,0,16,0,30,,50263,1,0,16,0,70,,50264,1,0,16,0,30,,50265,1,0,16,0,70,,50266,1,0,16,0,30,,50267,1,0,16,0,70,,50268,1,0,16,0,30,,50269,1,0,16,0,70,,50270,1,0,16,0,30,,50271,1,0,16,0,70,,50272,1,0,16,0,30,,50273,1,0,16,0,70,,50274,1,0,16,0,30,,50275,1,0,16,0,70,,50276,1,0,16,0,30,,50277,1,0,16,0,70,,50278,1,0,16,0,30,,50279,1,0,16,0,100,,50280,1,0,16,0,100,,50281,1,0,16,0,100,,50282,1,0,16,0
