1701,'1376',757,,51566,74,,,0,100,,51565,74,,,0,100,,51564,74,,,0,156,,51563,74,,,0,40,,51562,74,,,0,79,,51561,74,,,0,80,,51560,74,,,0,40,,51559,74,,,0,80,,51558,74,,,0,80,,51557,74,,,0,40,,51556,74,,,0,80,,51555,74,,,0,80,,51554,74,,,0,40,,51553,74,,,0,80,,51552,74,,,0,80,,51551,74,,,0,40,,51550,74,,,0,80,,51549,74,,,0
1701,'1377',640,,51592,74,,,0,70,,51593,74,,,0,30,,51594,74,,,0,70,,51595,74,,,0,30,,51596,74,,,0,70,,51597,74,,,0,30,,51598,74,,,0,72,,51567,74,,,0,30,,51568,74,,,0,70,,51569,74,,,0,20,,51570,74,,,0,20,,51571,74,,,0,60,,51572,74,,,0,20,,51573,74,,,0,20,,51574,74,,,0,60,,51575,74,,,0,20,,51576,74,,,0,20,,51577,74,,,0,60,,51578,74,,,0,20,,51579,74,,,0,20,,51580,74,,,0,60,,51581,74,,,0,20,,51582,74,,,0,20,,51583,74,,,0,60,,51584,74,,,0,20,,51585,74,,,0,20,,51586,74,,,0,60,,51587,74,,,0,20,,51588,74,,,0,20,,51589,74,,,0,58,,51599,74,,,0,22,,51590,74,,,0,20,,51591,74,,,0,58,,51600,74,,,0,30,,51601,74,,,0,70,,51602,74,,,0,30,,51603,74,,,0,70,,51604,74,,,0,30,,51605,74,,,0,70,,51606,74,,,0,30,,51607,74,,,0,70,,51608,74,,,0,30,,51609,74,,,0,70,,51610,74,,,0,30,,51611,74,,,0,70,,51612,74,,,0,30,,51613,74,,,0
1701,'1378',639,,51614,74,,,0,70,,51615,74,,,0,15,,51616,74,,,0,15,,51617,74,,,0,15,,51618,74,,,0,55,,51619,74,,,0,10,,51620,74,,,0,10,,51621,74,,,0,10,,51622,74,,,0,10,,51623,74,,,0,10,,51624,74,,,0,50,,51625,74,,,0,10,,51626,74,,,0,10,,51627,74,,,0,10,,51628,74,,,0,10,,51629,74,,,0,10,,51630,74,,,0,50,,51631,74,,,0,10,,51632,74,,,0,10,,51633,74,,,0,10,,51634,74,,,0,10,,51635,74,,,0,10,,51636,74,,,0,50,,51637,74,,,0,10,,51638,74,,,0,10,,51639,74,,,0,10,,51640,74,,,0,10,,51641,74,,,0,10,,51642,74,,,0,50,,51643,74,,,0,10,,51644,74,,,0,10,,51645,74,,,0,10,,51646,74,,,0,10,,51647,74,,,0,10,,51648,74,,,0,50,,51649,74,,,0,10,,51650,74,,,0,10,,51651,74,,,0,10,,51652,74,,,0,10,,51653,74,,,0,10,,51654,74,,,0,50,,51655,74,,,0,10,,51656,74,,,0,10,,51657,74,,,0,10,,51658,74,,,0,10,,51659,74,,,0,10,,51660,74,,,0,50,,51661,74,,,0,10,,51662,74,,,0,10,,51663,74,,,0,10,,51664,74,,,0,10,,51665,74,,,0,10,,51666,74,,,0,50,,51667,74,,,0,10,,51668,74,,,0,10,,51669,74,,,0,10,,51670,74,,,0,10,,51671,74,,,0,10,,51672,74,,,0,50,,51673,74,,,0,10,,51674,74,,,0,10,,51675,74,,,0,10,,51676,74,,,0,10,,51677,74,,,0,10,,51678,74,,,0,50,,51679,74,,,0,10,,51680,74,,,0,10,,51681,74,,,0,10,,51682,74,,,0,10,,51683,74,,,0,10,,51684,74,,,0,50,,51685,74,,,0,15,,51686,74,,,0,15,,51687,74,,,0,15,,51688,74,,,0,55,,51689,74,,,0,30,,51690,74,,,0,70,,51691,74,,,0,30,,51692,74,,,0,70,,51693,74,,,0,30,,51694,74,,,0,70,,51695,74,,,0,30,,51696,74,,,0,70,,51697,74,,,0,30,,51698,74,,,0,70,,51699,74,,,0,30,,51700,74,,,0
1701,'1379',639,,51701,74,,,0,70,,51702,74,,,0,15,,51703,74,,,0,15,,51704,74,,,0,15,,51705,74,,,0,55,,51706,74,,,0,10,,51707,74,,,0,10,,51708,74,,,0,10,,51709,74,,,0,10,,51710,74,,,0,10,,51711,74,,,0,50,,51712,74,,,0,10,,51713,74,,,0,10,,51714,74,,,0,10,,51715,74,,,0,10,,51716,74,,,0,10,,51717,74,,,0,50,,51718,74,,,0,10,,51719,74,,,0,10,,51720,74,,,0,10,,51721,74,,,0,10,,51722,74,,,0,10,,51723,74,,,0,50,,51724,74,,,0,10,,51725,74,,,0,10,,51726,74,,,0,10,,51727,74,,,0,10,,51728,74,,,0,10,,51729,74,,,0,50,,51730,74,,,0,10,,51731,74,,,0,10,,51732,74,,,0,10,,51733,74,,,0,10,,51734,74,,,0,10,,51735,74,,,0,50,,51736,74,,,0,10,,51737,74,,,0,10,,51738,74,,,0,10,,51739,74,,,0,10,,51740,74,,,0,10,,51741,74,,,0,50,,51742,74,,,0,10,,51743,74,,,0,10,,51744,74,,,0,10,,51745,74,,,0,10,,51746,74,,,0,10,,51747,74,,,0,50,,51748,74,,,0,10,,51749,74,,,0,10,,51750,74,,,0,10,,51751,74,,,0,10,,51752,74,,,0,10,,51753,74,,,0,50,,51754,74,,,0,10,,51755,74,,,0,10,,51756,74,,,0,10,,51757,74,,,0,10,,51758,74,,,0,10,,51759,74,,,0,50,,51760,74,,,0,10,,51761,74,,,0,10,,51762,74,,,0,10,,51763,74,,,0,10,,51764,74,,,0,10,,51765,74,,,0,50,,51766,74,,,0,10,,51767,74,,,0,10,,51768,74,,,0,10,,51769,74,,,0,10,,51770,74,,,0,10,,51771,74,,,0,50,,51772,74,,,0,15,,51773,74,,,0,15,,51774,74,,,0,15,,51775,74,,,0,55,,51776,74,,,0,30,,51777,74,,,0,70,,51778,74,,,0,30,,51779,74,,,0,70,,51780,74,,,0,30,,51781,74,,,0,70,,51782,74,,,0,30,,51783,74,,,0,70,,51784,74,,,0,30,,51785,74,,,0,70,,51786,74,,,0,30,,51787,74,,,0
1701,'1380',639,,51788,74,,,0,70,,51789,74,,,0,15,,51790,74,,,0,15,,51791,74,,,0,15,,51792,74,,,0,55,,51793,74,,,0,10,,51794,74,,,0,10,,51795,74,,,0,10,,51796,74,,,0,10,,51797,74,,,0,10,,51798,74,,,0,50,,51799,74,,,0,10,,51800,74,,,0,10,,51801,74,,,0,10,,51802,74,,,0,10,,51803,74,,,0,10,,51804,74,,,0,50,,51805,74,,,0,10,,51806,74,,,0,10,,51807,74,,,0,10,,51808,74,,,0,10,,51809,74,,,0,10,,51810,74,,,0,50,,51811,74,,,0,10,,51812,74,,,0,10,,51813,74,,,0,10,,51814,74,,,0,10,,51815,74,,,0,10,,51816,74,,,0,50,,51817,74,,,0,10,,51818,74,,,0,10,,51819,74,,,0,10,,51820,74,,,0,10,,51821,74,,,0,10,,51822,74,,,0,50,,51823,74,,,0,10,,51824,74,,,0,10,,51825,74,,,0,10,,51826,74,,,0,10,,51827,74,,,0,10,,51828,74,,,0,50,,51829,74,,,0,10,,51830,74,,,0,10,,51831,74,,,0,10,,51832,74,,,0,10,,51833,74,,,0,10,,51834,74,,,0,50,,51835,74,,,0,10,,51836,74,,,0,10,,51837,74,,,0,10,,51838,74,,,0,10,,51839,74,,,0,10,,51840,74,,,0,50,,51841,74,,,0,10,,51842,74,,,0,10,,51843,74,,,0,10,,51844,74,,,0,10,,51845,74,,,0,10,,51846,74,,,0,50,,51847,74,,,0,10,,51848,74,,,0,10,,51849,74,,,0,10,,51850,74,,,0,10,,51851,74,,,0,10,,51852,74,,,0,50,,51853,74,,,0,10,,51854,74,,,0,10,,51855,74,,,0,10,,51856,74,,,0,10,,51857,74,,,0,10,,51858,74,,,0,50,,51859,74,,,0,15,,51860,74,,,0,15,,51861,74,,,0,15,,51862,74,,,0,55,,51863,74,,,0,30,,51864,74,,,0,70,,51865,74,,,0,30,,51866,74,,,0,70,,51867,74,,,0,30,,51868,74,,,0,70,,51869,74,,,0,30,,51870,74,,,0,70,,51871,74,,,0,30,,51872,74,,,0,70,,51873,74,,,0,30,,51874,74,,,0
1701,'1381',639,,51875,74,,,0,70,,51876,74,,,0,15,,51877,74,,,0,15,,51878,74,,,0,15,,51879,74,,,0,55,,51880,74,,,0,10,,51881,74,,,0,10,,51882,74,,,0,10,,51883,74,,,0,10,,51884,74,,,0,10,,51885,74,,,0,50,,51886,74,,,0,10,,51887,74,,,0,10,,51888,74,,,0,10,,51889,74,,,0,10,,51890,74,,,0,10,,51891,74,,,0,50,,51892,74,,,0,10,,51893,74,,,0,10,,51894,74,,,0,10,,51895,74,,,0,10,,51896,74,,,0,10,,51897,74,,,0,50,,51898,74,,,0,10,,51899,74,,,0,10,,51900,74,,,0,10,,51901,74,,,0,10,,51902,74,,,0,10,,51903,74,,,0,50,,51904,74,,,0,10,,51905,74,,,0,10,,51906,74,,,0,10,,51907,74,,,0,10,,51908,74,,,0,10,,51909,74,,,0,50,,51910,74,,,0,10,,51911,74,,,0,10,,51912,74,,,0,10,,51913,74,,,0,10,,51914,74,,,0,10,,51915,74,,,0,50,,51916,74,,,0,10,,51917,74,,,0,10,,51918,74,,,0,10,,51919,74,,,0,10,,51920,74,,,0,10,,51921,74,,,0,50,,51922,74,,,0,10,,51923,74,,,0,10,,51924,74,,,0,10,,51925,74,,,0,10,,51926,74,,,0,10,,51927,74,,,0,50,,51928,74,,,0,10,,51929,74,,,0,10,,51930,74,,,0,10,,51931,74,,,0,10,,51932,74,,,0,10,,51933,74,,,0,50,,51934,74,,,0,10,,51935,74,,,0,10,,51936,74,,,0,10,,51937,74,,,0,10,,51938,74,,,0,10,,51939,74,,,0,50,,51940,74,,,0,10,,51941,74,,,0,10,,51942,74,,,0,10,,51943,74,,,0,10,,51944,74,,,0,10,,51945,74,,,0,50,,51946,74,,,0,15,,51947,74,,,0,15,,51948,74,,,0,15,,51949,74,,,0,55,,51950,74,,,0,30,,51951,74,,,0,70,,51952,74,,,0,30,,51953,74,,,0,70,,51954,74,,,0,30,,51955,74,,,0,70,,51956,74,,,0,30,,51957,74,,,0,70,,51958,74,,,0,30,,51959,74,,,0,70,,51960,74,,,0,30,,51961,74,,,0
1701,'1382',639,,51962,74,,,0,70,,51963,74,,,0,15,,51964,74,,,0,15,,51965,74,,,0,15,,51966,74,,,0,55,,51967,74,,,0,10,,51968,74,,,0,10,,51969,74,,,0,10,,51970,74,,,0,10,,51971,74,,,0,10,,51972,74,,,0,50,,51973,74,,,0,10,,51974,74,,,0,10,,51975,74,,,0,10,,51976,74,,,0,10,,51977,74,,,0,10,,51978,74,,,0,50,,51979,74,,,0,10,,51980,74,,,0,10,,51981,74,,,0,10,,51982,74,,,0,10,,51983,74,,,0,10,,51984,74,,,0,50,,51985,74,,,0,10,,51986,74,,,0,10,,51987,74,,,0,10,,51988,74,,,0,10,,51989,74,,,0,10,,51990,74,,,0,50,,51991,74,,,0,10,,51992,74,,,0,10,,51993,74,,,0,10,,51994,74,,,0,10,,51995,74,,,0,10,,51996,74,,,0,50,,51997,74,,,0,10,,51998,74,,,0,10,,51999,74,,,0,10,,52000,74,,,0,10,,52001,74,,,0,10,,52002,74,,,0,50,,52003,74,,,0,10,,52004,74,,,0,10,,52005,74,,,0,10,,52006,74,,,0,10,,52007,74,,,0,10,,52008,74,,,0,50,,52009,74,,,0,10,,52010,74,,,0,10,,52011,74,,,0,10,,52012,74,,,0,10,,52013,74,,,0,10,,52014,74,,,0,50,,52015,74,,,0,10,,52016,74,,,0,10,,52017,74,,,0,10,,52018,74,,,0,10,,52019,74,,,0,10,,52020,74,,,0,50,,52021,74,,,0,10,,52022,74,,,0,10,,52023,74,,,0,10,,52024,74,,,0,10,,52025,74,,,0,10,,52026,74,,,0,50,,52027,74,,,0,10,,52028,74,,,0,10,,52029,74,,,0,10,,52030,74,,,0,10,,52031,74,,,0,10,,52032,74,,,0,50,,52033,74,,,0,15,,52034,74,,,0,15,,52035,74,,,0,15,,52036,74,,,0,55,,52037,74,,,0,30,,52038,74,,,0,70,,52039,74,,,0,30,,52040,74,,,0,70,,52041,74,,,0,30,,52042,74,,,0,70,,52043,74,,,0,30,,52044,74,,,0,70,,52045,74,,,0,30,,52046,74,,,0,70,,52047,74,,,0,30,,52048,74,,,0
722502,'1378',535,,57575,5,0,16,0,100,,57576,5,0,16,0,100,,57577,5,0,16,0,100,,57578,5,0,16,0,100,,57579,5,0,16,0,100,,57580,5,0,16,0,100,,57581,5,0,16,0,100,,57582,5,0,16,0,100,,57583,5,0,16,0,100,,57584,5,0,16,0,100,,57585,5,0,16,0,100,,57586,5,0,16,0,100,,57587,5,0,16,0,100,,57588,5,0,16,0,100,,57589,5,0,16,0,100,,57590,5,0,16,0,100,,57591,5,0,16,0,100,,57592,5,0,16,0
722502,'1379',535,,57593,5,0,16,0,100,,57594,5,0,16,0,100,,57595,5,0,16,0,100,,57596,5,0,16,0,100,,57597,5,0,16,0,100,,57598,5,0,16,0,100,,57599,5,0,16,0,100,,57600,5,0,16,0,100,,57601,5,0,16,0,100,,57602,5,0,16,0,100,,57603,5,0,16,0,100,,57604,5,0,16,0,100,,57605,5,0,16,0,100,,57606,5,0,16,0,100,,57607,5,0,16,0,100,,57608,5,0,16,0,100,,57609,5,0,16,0,100,,57610,5,0,16,0
722502,'1380',535,,57611,5,0,16,0,100,,57612,5,0,16,0,100,,57613,5,0,16,0,100,,57614,5,0,16,0,100,,57615,5,0,16,0,100,,57616,5,0,16,0,100,,57617,5,0,16,0,100,,57618,5,0,16,0,100,,57619,5,0,16,0,100,,57620,5,0,16,0,100,,57621,5,0,16,0,100,,57622,5,0,16,0,100,,57623,5,0,16,0,100,,57624,5,0,16,0,100,,57625,5,0,16,0,100,,57626,5,0,16,0,100,,57627,5,0,16,0,100,,57628,5,0,16,0
722502,'1381',535,,57629,5,0,16,0,100,,57630,5,0,16,0,100,,57631,5,0,16,0,100,,57632,5,0,16,0,100,,57633,5,0,16,0,100,,57634,5,0,16,0,100,,57635,5,0,16,0,100,,57636,5,0,16,0,100,,57637,5,0,16,0,100,,57638,5,0,16,0,100,,57639,5,0,16,0,100,,57640,5,0,16,0,100,,57641,5,0,16,0,100,,57642,5,0,16,0,100,,57643,5,0,16,0,100,,57644,5,0,16,0,100,,57645,5,0,16,0,100,,57646,5,0,16,0
722502,'1382',535,,57647,5,0,16,0,100,,57648,5,0,16,0,100,,57649,5,0,16,0,100,,57650,5,0,16,0,100,,57651,5,0,16,0,100,,57652,5,0,16,0,100,,57653,5,0,16,0,100,,57654,5,0,16,0,100,,57655,5,0,16,0,100,,57656,5,0,16,0,100,,57657,5,0,16,0,100,,57658,5,0,16,0,100,,57659,5,0,16,0,100,,57660,5,0,16,0,100,,57661,5,0,16,0,100,,57662,5,0,16,0,100,,57663,5,0,16,0,100,,57664,5,0,16,0
