1701,'1383',736,,58766,52,,,0,100,,58768,52,,,0,100,,58767,52,,,0,108,,58765,52,,,0,80,,58764,52,,,0,80,,58763,52,,,0,40,,58762,52,,,0,80,,58761,52,,,0,80,,58760,52,,,0,40,,58759,52,,,0,80,,58758,52,,,0,80,,58757,52,,,0,40,,58756,52,,,0,80,,58755,52,,,0,80,,58754,52,,,0,40,,58753,52,,,0,80,,58752,52,,,0,80,,58751,52,,,0
1701,'1384',614,,58794,52,,,0,30,,58795,52,,,0,70,,58796,52,,,0,30,,58797,52,,,0,70,,58798,52,,,0,30,,58799,52,,,0,70,,58800,52,,,0,30,,58769,52,,,0,70,,58770,52,,,0,30,,58771,52,,,0,60,,58772,52,,,0,20,,58773,52,,,0,20,,58774,52,,,0,60,,58775,52,,,0,20,,58776,52,,,0,20,,58777,52,,,0,60,,58778,52,,,0,20,,58779,52,,,0,20,,58780,52,,,0,60,,58781,52,,,0,20,,58782,52,,,0,20,,58783,52,,,0,60,,58784,52,,,0,20,,58785,52,,,0,20,,58786,52,,,0,60,,58787,52,,,0,20,,58788,52,,,0,20,,58789,52,,,0,60,,58790,52,,,0,20,,58791,52,,,0,20,,58801,52,,,0,60,,58792,52,,,0,20,,58793,52,,,0,20,,58802,52,,,0,70,,58803,52,,,0,30,,58804,52,,,0,70,,58805,52,,,0,30,,58806,52,,,0,70,,58807,52,,,0,30,,58808,52,,,0,70,,58809,52,,,0,30,,58810,52,,,0,70,,58811,52,,,0,30,,58812,52,,,0,70,,58813,52,,,0,30,,58814,52,,,0,70,,58815,52,,,0
1701,'1385',612,,58816,52,,,0,30,,58817,52,,,0,15,,58818,52,,,0,55,,58819,52,,,0,15,,58820,52,,,0,15,,58821,52,,,0,10,,58822,52,,,0,50,,58823,52,,,0,10,,58824,52,,,0,10,,58825,52,,,0,10,,58826,52,,,0,10,,58827,52,,,0,10,,58828,52,,,0,50,,58829,52,,,0,10,,58830,52,,,0,10,,58831,52,,,0,10,,58832,52,,,0,10,,58833,52,,,0,10,,58834,52,,,0,50,,58835,52,,,0,10,,58875,52,,,0,10,,58836,52,,,0,10,,58861,52,,,0,10,,58862,52,,,0,10,,58863,52,,,0,50,,58864,52,,,0,10,,58865,52,,,0,10,,58866,52,,,0,10,,58867,52,,,0,10,,58868,52,,,0,10,,58869,52,,,0,50,,58870,52,,,0,10,,58871,52,,,0,10,,58872,52,,,0,10,,58873,52,,,0,10,,58874,52,,,0,10,,58876,52,,,0,50,,58877,52,,,0,10,,58879,52,,,0,10,,58880,52,,,0,10,,58881,52,,,0,10,,58882,52,,,0,10,,58883,52,,,0,50,,58884,52,,,0,10,,58885,52,,,0,10,,58837,52,,,0,10,,58838,52,,,0,10,,58839,52,,,0,10,,58840,52,,,0,50,,58841,52,,,0,10,,58842,52,,,0,10,,58843,52,,,0,10,,58844,52,,,0,10,,58845,52,,,0,10,,58846,52,,,0,50,,58847,52,,,0,10,,58848,52,,,0,10,,58849,52,,,0,10,,58850,52,,,0,10,,58851,52,,,0,10,,58852,52,,,0,50,,58853,52,,,0,10,,58854,52,,,0,10,,58855,52,,,0,10,,58856,52,,,0,10,,58857,52,,,0,10,,58858,52,,,0,50,,58859,52,,,0,10,,58860,52,,,0,10,,58886,52,,,0,10,,58887,52,,,0,10,,58888,52,,,0,15,,58889,52,,,0,55,,58890,52,,,0,15,,58891,52,,,0,15,,58892,52,,,0,70,,58893,52,,,0,30,,58894,52,,,0,70,,58895,52,,,0,30,,58896,52,,,0,70,,58897,52,,,0,30,,58898,52,,,0,70,,58899,52,,,0,30,,58900,52,,,0,70,,58901,52,,,0,30,,58902,52,,,0,70,,58878,52,,,0
1701,'1386',612,,58903,52,,,0,30,,58904,52,,,0,15,,58905,52,,,0,55,,58906,52,,,0,15,,58907,52,,,0,15,,58908,52,,,0,10,,58909,52,,,0,50,,58910,52,,,0,10,,58911,52,,,0,10,,58912,52,,,0,10,,58913,52,,,0,10,,58914,52,,,0,10,,58915,52,,,0,50,,58916,52,,,0,10,,58917,52,,,0,10,,58918,52,,,0,10,,58919,52,,,0,10,,58920,52,,,0,10,,58921,52,,,0,50,,58922,52,,,0,10,,58962,52,,,0,10,,58923,52,,,0,10,,58948,52,,,0,10,,58949,52,,,0,10,,58950,52,,,0,50,,58951,52,,,0,10,,58952,52,,,0,10,,58953,52,,,0,10,,58954,52,,,0,10,,58955,52,,,0,10,,58956,52,,,0,50,,58957,52,,,0,10,,58958,52,,,0,10,,58959,52,,,0,10,,58960,52,,,0,10,,58961,52,,,0,10,,58963,52,,,0,50,,58964,52,,,0,10,,58966,52,,,0,10,,58967,52,,,0,10,,58968,52,,,0,10,,58969,52,,,0,10,,58970,52,,,0,50,,58971,52,,,0,10,,58972,52,,,0,10,,58924,52,,,0,10,,58925,52,,,0,10,,58926,52,,,0,10,,58927,52,,,0,50,,58928,52,,,0,10,,58929,52,,,0,10,,58930,52,,,0,10,,58931,52,,,0,10,,58932,52,,,0,10,,58933,52,,,0,50,,58934,52,,,0,10,,58935,52,,,0,10,,58936,52,,,0,10,,58937,52,,,0,10,,58938,52,,,0,10,,58939,52,,,0,50,,58940,52,,,0,10,,58941,52,,,0,10,,58942,52,,,0,10,,58943,52,,,0,10,,58944,52,,,0,10,,58945,52,,,0,50,,58946,52,,,0,10,,58947,52,,,0,10,,58973,52,,,0,10,,58974,52,,,0,10,,58975,52,,,0,15,,58976,52,,,0,55,,58977,52,,,0,15,,58978,52,,,0,15,,58979,52,,,0,70,,58980,52,,,0,30,,58981,52,,,0,70,,58982,52,,,0,30,,58983,52,,,0,70,,58984,52,,,0,30,,58985,52,,,0,70,,58986,52,,,0,30,,58987,52,,,0,70,,58988,52,,,0,30,,58989,52,,,0,70,,58965,52,,,0
1701,'1387',612,,58990,52,,,0,30,,58991,52,,,0,15,,58992,52,,,0,55,,58993,52,,,0,15,,58994,52,,,0,15,,58995,52,,,0,10,,58996,52,,,0,50,,58997,52,,,0,10,,58998,52,,,0,10,,58999,52,,,0,10,,59000,52,,,0,10,,59001,52,,,0,10,,59002,52,,,0,50,,59003,52,,,0,10,,59004,52,,,0,10,,59005,52,,,0,10,,59006,52,,,0,10,,59007,52,,,0,10,,59008,52,,,0,50,,59009,52,,,0,10,,59049,52,,,0,10,,59010,52,,,0,10,,59035,52,,,0,10,,59036,52,,,0,10,,59037,52,,,0,50,,59038,52,,,0,10,,59039,52,,,0,10,,59040,52,,,0,10,,59041,52,,,0,10,,59042,52,,,0,10,,59043,52,,,0,50,,59044,52,,,0,10,,59045,52,,,0,10,,59046,52,,,0,10,,59047,52,,,0,10,,59048,52,,,0,10,,59050,52,,,0,50,,59051,52,,,0,10,,59053,52,,,0,10,,59054,52,,,0,10,,59055,52,,,0,10,,59056,52,,,0,10,,59057,52,,,0,50,,59058,52,,,0,10,,59059,52,,,0,10,,59011,52,,,0,10,,59012,52,,,0,10,,59013,52,,,0,10,,59014,52,,,0,50,,59015,52,,,0,10,,59016,52,,,0,10,,59017,52,,,0,10,,59018,52,,,0,10,,59019,52,,,0,10,,59020,52,,,0,50,,59021,52,,,0,10,,59022,52,,,0,10,,59023,52,,,0,10,,59024,52,,,0,10,,59025,52,,,0,10,,59026,52,,,0,50,,59027,52,,,0,10,,59028,52,,,0,10,,59029,52,,,0,10,,59030,52,,,0,10,,59031,52,,,0,10,,59032,52,,,0,50,,59033,52,,,0,10,,59034,52,,,0,10,,59060,52,,,0,10,,59061,52,,,0,10,,59062,52,,,0,15,,59063,52,,,0,55,,59064,52,,,0,15,,59065,52,,,0,15,,59066,52,,,0,70,,59067,52,,,0,30,,59068,52,,,0,70,,59069,52,,,0,30,,59070,52,,,0,70,,59071,52,,,0,30,,59072,52,,,0,70,,59073,52,,,0,30,,59074,52,,,0,70,,59075,52,,,0,30,,59076,52,,,0,70,,59052,52,,,0
1701,'1388',612,,59077,52,,,0,30,,59078,52,,,0,15,,59079,52,,,0,55,,59080,52,,,0,15,,59081,52,,,0,15,,59082,52,,,0,10,,59083,52,,,0,50,,59084,52,,,0,10,,59085,52,,,0,10,,59086,52,,,0,10,,59087,52,,,0,10,,59088,52,,,0,10,,59089,52,,,0,50,,59090,52,,,0,10,,59091,52,,,0,10,,59092,52,,,0,10,,59093,52,,,0,10,,59094,52,,,0,10,,59095,52,,,0,50,,59096,52,,,0,10,,59136,52,,,0,10,,59097,52,,,0,10,,59122,52,,,0,10,,59123,52,,,0,10,,59124,52,,,0,50,,59125,52,,,0,10,,59126,52,,,0,10,,59127,52,,,0,10,,59128,52,,,0,10,,59129,52,,,0,10,,59130,52,,,0,50,,59131,52,,,0,10,,59132,52,,,0,10,,59133,52,,,0,10,,59134,52,,,0,10,,59135,52,,,0,10,,59137,52,,,0,50,,59138,52,,,0,10,,59140,52,,,0,10,,59141,52,,,0,10,,59142,52,,,0,10,,59143,52,,,0,10,,59144,52,,,0,50,,59145,52,,,0,10,,59146,52,,,0,10,,59098,52,,,0,10,,59099,52,,,0,10,,59100,52,,,0,10,,59101,52,,,0,50,,59102,52,,,0,10,,59103,52,,,0,10,,59104,52,,,0,10,,59105,52,,,0,10,,59106,52,,,0,10,,59107,52,,,0,50,,59108,52,,,0,10,,59109,52,,,0,10,,59110,52,,,0,10,,59111,52,,,0,10,,59112,52,,,0,10,,59113,52,,,0,50,,59114,52,,,0,10,,59115,52,,,0,10,,59116,52,,,0,10,,59117,52,,,0,10,,59118,52,,,0,10,,59119,52,,,0,50,,59120,52,,,0,10,,59121,52,,,0,10,,59147,52,,,0,10,,59148,52,,,0,10,,59149,52,,,0,15,,59150,52,,,0,55,,59151,52,,,0,15,,59152,52,,,0,15,,59153,52,,,0,70,,59154,52,,,0,30,,59155,52,,,0,70,,59156,52,,,0,30,,59157,52,,,0,70,,59158,52,,,0,30,,59159,52,,,0,70,,59160,52,,,0,30,,59161,52,,,0,70,,59162,52,,,0,30,,59163,52,,,0,70,,59139,52,,,0
1701,'1389',612,,59164,52,,,0,30,,59165,52,,,0,15,,59166,52,,,0,55,,59167,52,,,0,15,,59168,52,,,0,15,,59169,52,,,0,10,,59170,52,,,0,50,,59171,52,,,0,10,,59172,52,,,0,10,,59173,52,,,0,10,,59174,52,,,0,10,,59175,52,,,0,10,,59176,52,,,0,50,,59177,52,,,0,10,,59178,52,,,0,10,,59179,52,,,0,10,,59180,52,,,0,10,,59181,52,,,0,10,,59182,52,,,0,50,,59183,52,,,0,10,,59223,52,,,0,10,,59184,52,,,0,10,,59209,52,,,0,10,,59210,52,,,0,10,,59211,52,,,0,50,,59212,52,,,0,10,,59213,52,,,0,10,,59214,52,,,0,10,,59215,52,,,0,10,,59216,52,,,0,10,,59217,52,,,0,50,,59218,52,,,0,10,,59219,52,,,0,10,,59220,52,,,0,10,,59221,52,,,0,10,,59222,52,,,0,10,,59224,52,,,0,50,,59225,52,,,0,10,,59227,52,,,0,10,,59228,52,,,0,10,,59229,52,,,0,10,,59230,52,,,0,10,,59231,52,,,0,50,,59232,52,,,0,10,,59233,52,,,0,10,,59185,52,,,0,10,,59186,52,,,0,10,,59187,52,,,0,10,,59188,52,,,0,50,,59189,52,,,0,10,,59190,52,,,0,10,,59191,52,,,0,10,,59192,52,,,0,10,,59193,52,,,0,10,,59194,52,,,0,50,,59195,52,,,0,10,,59196,52,,,0,10,,59197,52,,,0,10,,59198,52,,,0,10,,59199,52,,,0,10,,59200,52,,,0,50,,59201,52,,,0,10,,59202,52,,,0,10,,59203,52,,,0,10,,59204,52,,,0,10,,59205,52,,,0,10,,59206,52,,,0,50,,59207,52,,,0,10,,59208,52,,,0,10,,59234,52,,,0,10,,59235,52,,,0,10,,59236,52,,,0,15,,59237,52,,,0,55,,59238,52,,,0,15,,59239,52,,,0,15,,59240,52,,,0,70,,59241,52,,,0,30,,59242,52,,,0,70,,59243,52,,,0,30,,59244,52,,,0,70,,59245,52,,,0,30,,59246,52,,,0,70,,59247,52,,,0,30,,59248,52,,,0,70,,59249,52,,,0,30,,59250,52,,,0,70,,59226,52,,,0
1901,'1383',939,,60309,54,,,0,100,,60310,54,,,0,100,,60311,54,,,0,100,,60312,54,,,0,100,,60313,54,,,0,100,,60315,54,,,0,100,,60314,54,,,0,100,,60308,54,,,0,100,,60307,54,,,0,100,,60306,54,,,0,100,,60305,54,,,0,100,,60304,54,,,0
1901,'1384',839,,60316,54,,,0,100,,60317,54,,,0,100,,60318,54,,,0,70,,60319,54,,,0,30,,60320,54,,,0,70,,60321,54,,,0,30,,60322,54,,,0,70,,60323,54,,,0,30,,60324,54,,,0,70,,60325,54,,,0,30,,60326,54,,,0,70,,60327,54,,,0,30,,60328,54,,,0,70,,60329,54,,,0,30,,60330,54,,,0,70,,60331,54,,,0,30,,60332,54,,,0,70,,60333,54,,,0,30,,60334,54,,,0,70,,60335,54,,,0,30,,60336,54,,,0,70,,60337,54,,,0,30,,60338,54,,,0,100,,60339,54,,,0,100,,60340,54,,,0,100,,60341,54,,,0
1901,'1385',639,,60342,54,,,0,70,,60343,54,,,0,30,,60344,54,,,0,70,,60345,54,,,0,30,,60346,54,,,0,70,,60347,54,,,0,30,,60348,54,,,0,70,,60349,54,,,0,30,,60350,54,,,0,70,,60351,54,,,0,30,,60352,54,,,0,70,,60353,54,,,0,30,,60354,54,,,0,70,,60355,54,,,0,30,,60356,54,,,0,70,,60357,54,,,0,30,,60358,54,,,0,70,,60359,54,,,0,30,,60360,54,,,0,70,,60361,54,,,0,30,,60362,54,,,0,70,,60363,54,,,0,30,,60364,54,,,0,70,,60365,54,,,0,30,,60366,54,,,0,70,,60367,54,,,0,30,,60368,54,,,0,70,,60369,54,,,0,30,,60370,54,,,0,70,,60371,54,,,0,30,,60372,54,,,0,70,,60373,54,,,0,100,,60374,54,,,0,100,,60375,54,,,0
1901,'1386',639,,60376,54,,,0,70,,60377,54,,,0,30,,60378,54,,,0,70,,60379,54,,,0,30,,60380,54,,,0,70,,60381,54,,,0,30,,60382,54,,,0,70,,60383,54,,,0,30,,60384,54,,,0,70,,60385,54,,,0,30,,60386,54,,,0,70,,60387,54,,,0,30,,60388,54,,,0,70,,60389,54,,,0,30,,60390,54,,,0,70,,60391,54,,,0,30,,60392,54,,,0,70,,60393,54,,,0,30,,60394,54,,,0,70,,60395,54,,,0,30,,60396,54,,,0,70,,60397,54,,,0,30,,60398,54,,,0,70,,60399,54,,,0,30,,60400,54,,,0,70,,60401,54,,,0,30,,60402,54,,,0,70,,60403,54,,,0,30,,60404,54,,,0,70,,60405,54,,,0,30,,60406,54,,,0,70,,60407,54,,,0,100,,60408,54,,,0,100,,60409,54,,,0
1901,'1387',639,,60410,54,,,0,70,,60411,54,,,0,30,,60412,54,,,0,70,,60413,54,,,0,30,,60414,54,,,0,70,,60415,54,,,0,30,,60416,54,,,0,70,,60417,54,,,0,30,,60418,54,,,0,70,,60419,54,,,0,30,,60420,54,,,0,70,,60421,54,,,0,30,,60422,54,,,0,70,,60423,54,,,0,30,,60424,54,,,0,70,,60425,54,,,0,30,,60426,54,,,0,70,,60427,54,,,0,30,,60428,54,,,0,70,,60429,54,,,0,30,,60430,54,,,0,70,,60431,54,,,0,30,,60432,54,,,0,70,,60433,54,,,0,30,,60434,54,,,0,70,,60435,54,,,0,30,,60436,54,,,0,70,,60437,54,,,0,30,,60438,54,,,0,70,,60439,54,,,0,30,,60440,54,,,0,70,,60441,54,,,0,100,,60442,54,,,0,100,,60443,54,,,0
1901,'1388',639,,60444,54,,,0,70,,60445,54,,,0,30,,60446,54,,,0,70,,60447,54,,,0,30,,60448,54,,,0,70,,60449,54,,,0,30,,60450,54,,,0,70,,60451,54,,,0,30,,60452,54,,,0,70,,60453,54,,,0,30,,60454,54,,,0,70,,60455,54,,,0,30,,60456,54,,,0,70,,60457,54,,,0,30,,60458,54,,,0,70,,60459,54,,,0,30,,60460,54,,,0,70,,60461,54,,,0,30,,60462,54,,,0,70,,60463,54,,,0,30,,60464,54,,,0,70,,60465,54,,,0,30,,60466,54,,,0,70,,60467,54,,,0,30,,60468,54,,,0,70,,60469,54,,,0,30,,60470,54,,,0,70,,60471,54,,,0,30,,60472,54,,,0,70,,60473,54,,,0,30,,60474,54,,,0,70,,60475,54,,,0,100,,60476,54,,,0,100,,60477,54,,,0
1901,'1389',639,,60478,54,,,0,70,,60479,54,,,0,30,,60480,54,,,0,70,,60481,54,,,0,30,,60482,54,,,0,70,,60483,54,,,0,30,,60484,54,,,0,70,,60485,54,,,0,30,,60486,54,,,0,70,,60487,54,,,0,30,,60488,54,,,0,70,,60489,54,,,0,30,,60490,54,,,0,70,,60491,54,,,0,30,,60492,54,,,0,70,,60493,54,,,0,30,,60494,54,,,0,70,,60495,54,,,0,30,,60496,54,,,0,70,,60497,54,,,0,30,,60498,54,,,0,70,,60499,54,,,0,30,,60500,54,,,0,70,,60501,54,,,0,30,,60502,54,,,0,70,,60503,54,,,0,30,,60504,54,,,0,70,,60505,54,,,0,30,,60506,54,,,0,70,,60507,54,,,0,30,,60508,54,,,0,70,,60509,54,,,0,100,,60510,54,,,0,100,,60511,54,,,0
