721303,'1383',844,,63599,11,0,15,0,80,,63598,11,0,15,0,80,,63597,11,0,15,0,40,,63596,11,0,15,0,80,,63595,11,0,15,0,80,,63594,11,0,15,0,40,,63593,11,0,15,0,80,,63592,11,0,15,0,80,,63591,11,0,15,0,40,,63590,11,0,15,0,80,,63589,11,0,15,0,80,,63588,11,0,15,0,40,,63587,11,0,15,0,80,,63586,11,0,15,0,80,,63585,11,0,15,0,40,,63584,11,0,15,0,80,,63583,11,0,15,0,80,,63582,11,0,15,0
721303,'1384',644,,63600,11,0,15,0,80,,63601,11,0,15,0,80,,63602,11,0,15,0,40,,63603,11,0,15,0,80,,63604,11,0,15,0,80,,63605,11,0,15,0,40,,63606,11,0,15,0,80,,63607,11,0,15,0,80,,63608,11,0,15,0,20,,63609,11,0,15,0,20,,63610,11,0,15,0,60,,63611,11,0,15,0,20,,63612,11,0,15,0,20,,63613,11,0,15,0,60,,63614,11,0,15,0,20,,63615,11,0,15,0,20,,63616,11,0,15,0,60,,63617,11,0,15,0,20,,63618,11,0,15,0,20,,63619,11,0,15,0,60,,63620,11,0,15,0,20,,63621,11,0,15,0,20,,63622,11,0,15,0,60,,63623,11,0,15,0,20,,63624,11,0,15,0,20,,63625,11,0,15,0,60,,63626,11,0,15,0,20,,63627,11,0,15,0,20,,63628,11,0,15,0,80,,63629,11,0,15,0,80,,63630,11,0,15,0,40,,63631,11,0,15,0,80,,63632,11,0,15,0,80,,63633,11,0,15,0,40,,63634,11,0,15,0,80,,63635,11,0,15,0
721303,'1385',619,,63636,11,0,15,0,85,,63637,11,0,15,0,20,,63638,11,0,15,0,25,,63639,11,0,15,0,60,,63640,11,0,15,0,25,,63641,11,0,15,0,20,,63642,11,0,15,0,65,,63643,11,0,15,0,20,,63644,11,0,15,0,65,,63645,11,0,15,0,20,,63646,11,0,15,0,25,,63647,11,0,15,0,60,,63648,11,0,15,0,25,,63649,11,0,15,0,20,,63650,11,0,15,0,65,,63651,11,0,15,0,20,,63652,11,0,15,0,65,,63653,11,0,15,0,20,,63654,11,0,15,0,25,,63655,11,0,15,0,60,,63656,11,0,15,0,25,,63657,11,0,15,0,20,,63658,11,0,15,0,65,,63659,11,0,15,0,20,,63660,11,0,15,0,65,,63661,11,0,15,0,20,,63662,11,0,15,0,25,,63663,11,0,15,0,60,,63664,11,0,15,0,25,,63665,11,0,15,0,20,,63666,11,0,15,0,65,,63667,11,0,15,0,20,,63668,11,0,15,0,69,,63669,11,0,15,0,36,,63670,11,0,15,0,80,,63671,11,0,15,0,80,,63672,11,0,15,0,40,,63676,11,0,15,0,80,,63675,11,0,15,0,80,,63674,11,0,15,0,40,,63673,11,0,15,0
721303,'1386',619,,63677,11,0,15,0,85,,63678,11,0,15,0,20,,63679,11,0,15,0,25,,63680,11,0,15,0,60,,63681,11,0,15,0,25,,63682,11,0,15,0,20,,63683,11,0,15,0,65,,63684,11,0,15,0,20,,63685,11,0,15,0,65,,63686,11,0,15,0,20,,63687,11,0,15,0,25,,63688,11,0,15,0,60,,63689,11,0,15,0,25,,63690,11,0,15,0,20,,63691,11,0,15,0,65,,63692,11,0,15,0,20,,63693,11,0,15,0,65,,63694,11,0,15,0,20,,63695,11,0,15,0,25,,63696,11,0,15,0,60,,63697,11,0,15,0,25,,63698,11,0,15,0,20,,63699,11,0,15,0,65,,63700,11,0,15,0,20,,63701,11,0,15,0,65,,63702,11,0,15,0,20,,63703,11,0,15,0,25,,63704,11,0,15,0,60,,63705,11,0,15,0,25,,63706,11,0,15,0,20,,63707,11,0,15,0,65,,63708,11,0,15,0,20,,63709,11,0,15,0,69,,63710,11,0,15,0,36,,63711,11,0,15,0,80,,63712,11,0,15,0,80,,63713,11,0,15,0,40,,63717,11,0,15,0,80,,63716,11,0,15,0,80,,63715,11,0,15,0,40,,63714,11,0,15,0
721303,'1387',619,,63718,11,0,15,0,85,,63719,11,0,15,0,20,,63720,11,0,15,0,25,,63721,11,0,15,0,60,,63722,11,0,15,0,25,,63723,11,0,15,0,20,,63724,11,0,15,0,65,,63725,11,0,15,0,20,,63726,11,0,15,0,65,,63727,11,0,15,0,20,,63728,11,0,15,0,25,,63729,11,0,15,0,60,,63730,11,0,15,0,25,,63731,11,0,15,0,20,,63732,11,0,15,0,65,,63733,11,0,15,0,20,,63734,11,0,15,0,65,,63735,11,0,15,0,20,,63736,11,0,15,0,25,,63737,11,0,15,0,60,,63738,11,0,15,0,25,,63739,11,0,15,0,20,,63740,11,0,15,0,65,,63741,11,0,15,0,20,,63742,11,0,15,0,65,,63743,11,0,15,0,20,,63744,11,0,15,0,25,,63745,11,0,15,0,60,,63746,11,0,15,0,25,,63747,11,0,15,0,20,,63748,11,0,15,0,65,,63749,11,0,15,0,20,,63750,11,0,15,0,69,,63751,11,0,15,0,36,,63752,11,0,15,0,80,,63753,11,0,15,0,80,,63754,11,0,15,0,40,,63758,11,0,15,0,80,,63757,11,0,15,0,80,,63756,11,0,15,0,40,,63755,11,0,15,0
721303,'1388',619,,63759,11,0,15,0,85,,63760,11,0,15,0,20,,63761,11,0,15,0,25,,63762,11,0,15,0,60,,63763,11,0,15,0,25,,63764,11,0,15,0,20,,63765,11,0,15,0,65,,63766,11,0,15,0,20,,63767,11,0,15,0,65,,63768,11,0,15,0,20,,63769,11,0,15,0,25,,63770,11,0,15,0,60,,63771,11,0,15,0,25,,63772,11,0,15,0,20,,63773,11,0,15,0,65,,63774,11,0,15,0,20,,63775,11,0,15,0,65,,63776,11,0,15,0,20,,63777,11,0,15,0,25,,63778,11,0,15,0,60,,63779,11,0,15,0,25,,63780,11,0,15,0,20,,63781,11,0,15,0,65,,63782,11,0,15,0,20,,63783,11,0,15,0,65,,63784,11,0,15,0,20,,63785,11,0,15,0,25,,63786,11,0,15,0,60,,63787,11,0,15,0,25,,63788,11,0,15,0,20,,63789,11,0,15,0,65,,63790,11,0,15,0,20,,63791,11,0,15,0,69,,63792,11,0,15,0,36,,63793,11,0,15,0,80,,63794,11,0,15,0,80,,63795,11,0,15,0,40,,63799,11,0,15,0,80,,63798,11,0,15,0,80,,63797,11,0,15,0,40,,63796,11,0,15,0
721303,'1389',619,,63800,11,0,15,0,85,,63801,11,0,15,0,20,,63802,11,0,15,0,25,,63803,11,0,15,0,60,,63804,11,0,15,0,25,,63805,11,0,15,0,20,,63806,11,0,15,0,65,,63807,11,0,15,0,20,,63808,11,0,15,0,65,,63809,11,0,15,0,20,,63810,11,0,15,0,25,,63811,11,0,15,0,60,,63812,11,0,15,0,25,,63813,11,0,15,0,20,,63814,11,0,15,0,65,,63815,11,0,15,0,20,,63816,11,0,15,0,65,,63817,11,0,15,0,20,,63818,11,0,15,0,25,,63819,11,0,15,0,60,,63820,11,0,15,0,25,,63821,11,0,15,0,20,,63822,11,0,15,0,65,,63823,11,0,15,0,20,,63824,11,0,15,0,65,,63825,11,0,15,0,20,,63826,11,0,15,0,25,,63827,11,0,15,0,60,,63828,11,0,15,0,25,,63829,11,0,15,0,20,,63830,11,0,15,0,65,,63831,11,0,15,0,20,,63832,11,0,15,0,69,,63833,11,0,15,0,36,,63834,11,0,15,0,80,,63835,11,0,15,0,80,,63836,11,0,15,0,40,,63840,11,0,15,0,80,,63839,11,0,15,0,80,,63838,11,0,15,0,40,,63837,11,0,15,0
721502,'1383',859,,64521,2,0,16,0,100,,64520,2,0,16,0,100,,64519,2,0,16,0,100,,64518,2,0,16,0,100,,64517,2,0,16,0,100,,64516,2,0,16,0,100,,64515,2,0,16,0,100,,64522,2,0,16,0,100,,64514,2,0,16,0,100,,64513,2,0,16,0,100,,64512,2,0,16,0
721502,'1384',659,,64523,2,0,16,0,100,,64524,2,0,16,0,100,,64525,2,0,16,0,100,,64526,2,0,16,0,100,,64527,2,0,16,0,100,,64528,2,0,16,0,100,,64529,2,0,16,0,70,,64530,2,0,16,0,30,,64531,2,0,16,0,70,,64532,2,0,16,0,30,,64533,2,0,16,0,70,,64534,2,0,16,0,30,,64535,2,0,16,0,70,,64536,2,0,16,0,30,,64537,2,0,16,0,70,,64538,2,0,16,0,30,,64539,2,0,16,0,70,,64540,2,0,16,0,30,,64541,2,0,16,0
721502,'1385',659,,64543,2,0,16,0,70,,64544,2,0,16,0,30,,64545,2,0,16,0,70,,64546,2,0,16,0,30,,64547,2,0,16,0,70,,64548,2,0,16,0,30,,64549,2,0,16,0,70,,64550,2,0,16,0,30,,64551,2,0,16,0,70,,64552,2,0,16,0,30,,64553,2,0,16,0,70,,64554,2,0,16,0,30,,64555,2,0,16,0,70,,64556,2,0,16,0,30,,64557,2,0,16,0,70,,64558,2,0,16,0,30,,64559,2,0,16,0,70,,64560,2,0,16,0,30,,64561,2,0,16,0,70,,64562,2,0,16,0,30,,64563,2,0,16,0,70,,64564,2,0,16,0,30,,64565,2,0,16,0,70,,64566,2,0,16,0,30,,64567,2,0,16,0,100,,64568,2,0,16,0,100,,64569,2,0,16,0,100,,64570,2,0,16,0
721502,'1386',659,,64572,2,0,16,0,70,,64573,2,0,16,0,30,,64574,2,0,16,0,70,,64575,2,0,16,0,30,,64576,2,0,16,0,70,,64577,2,0,16,0,30,,64578,2,0,16,0,70,,64579,2,0,16,0,30,,64580,2,0,16,0,70,,64581,2,0,16,0,30,,64582,2,0,16,0,70,,64583,2,0,16,0,30,,64584,2,0,16,0,70,,64585,2,0,16,0,30,,64586,2,0,16,0,70,,64587,2,0,16,0,30,,64588,2,0,16,0,70,,64589,2,0,16,0,30,,64590,2,0,16,0,70,,64591,2,0,16,0,30,,64592,2,0,16,0,70,,64593,2,0,16,0,30,,64594,2,0,16,0,70,,64595,2,0,16,0,30,,64596,2,0,16,0,100,,64597,2,0,16,0,100,,64598,2,0,16,0,100,,64599,2,0,16,0
721502,'1387',659,,64601,2,0,16,0,70,,64602,2,0,16,0,30,,64603,2,0,16,0,70,,64604,2,0,16,0,30,,64605,2,0,16,0,70,,64606,2,0,16,0,30,,64607,2,0,16,0,70,,64608,2,0,16,0,30,,64609,2,0,16,0,70,,64610,2,0,16,0,30,,64611,2,0,16,0,70,,64612,2,0,16,0,30,,64613,2,0,16,0,70,,64614,2,0,16,0,30,,64615,2,0,16,0,70,,64616,2,0,16,0,30,,64617,2,0,16,0,70,,64618,2,0,16,0,30,,64619,2,0,16,0,70,,64620,2,0,16,0,30,,64621,2,0,16,0,70,,64622,2,0,16,0,30,,64623,2,0,16,0,70,,64624,2,0,16,0,30,,64625,2,0,16,0,100,,64626,2,0,16,0,100,,64627,2,0,16,0,100,,64628,2,0,16,0
721502,'1388',659,,64630,2,0,16,0,70,,64631,2,0,16,0,30,,64632,2,0,16,0,70,,64633,2,0,16,0,30,,64634,2,0,16,0,70,,64635,2,0,16,0,30,,64636,2,0,16,0,70,,64637,2,0,16,0,30,,64638,2,0,16,0,70,,64639,2,0,16,0,30,,64640,2,0,16,0,70,,64641,2,0,16,0,30,,64642,2,0,16,0,70,,64643,2,0,16,0,30,,64644,2,0,16,0,70,,64645,2,0,16,0,30,,64646,2,0,16,0,70,,64647,2,0,16,0,30,,64648,2,0,16,0,70,,64649,2,0,16,0,30,,64650,2,0,16,0,70,,64651,2,0,16,0,30,,64652,2,0,16,0,70,,64653,2,0,16,0,30,,64654,2,0,16,0,100,,64655,2,0,16,0,100,,64656,2,0,16,0,100,,64657,2,0,16,0
721502,'1389',659,,64659,2,0,16,0,70,,64660,2,0,16,0,30,,64661,2,0,16,0,70,,64662,2,0,16,0,30,,64663,2,0,16,0,70,,64664,2,0,16,0,30,,64665,2,0,16,0,70,,64666,2,0,16,0,30,,64667,2,0,16,0,70,,64668,2,0,16,0,30,,64669,2,0,16,0,70,,64670,2,0,16,0,30,,64671,2,0,16,0,70,,64672,2,0,16,0,30,,64673,2,0,16,0,70,,64674,2,0,16,0,30,,64675,2,0,16,0,70,,64676,2,0,16,0,30,,64677,2,0,16,0,70,,64678,2,0,16,0,30,,64679,2,0,16,0,70,,64680,2,0,16,0,30,,64681,2,0,16,0,70,,64682,2,0,16,0,30,,64683,2,0,16,0,100,,64684,2,0,16,0,100,,64685,2,0,16,0,100,,64686,2,0,16,0
