643504,'1369',927,,48036,38,0,14,0,100,,48035,38,0,14,0,30,,48034,38,0,14,0,70,,48033,38,0,14,0,30,,48032,38,0,14,0,70,,48031,38,0,14,0,30,,48030,38,0,14,0,70,,48029,38,0,14,0,30,,48028,38,0,14,0,70,,48027,38,0,14,0,30,,48026,38,0,14,0,70,,48025,38,0,14,0,30,,48024,38,0,14,0,70,,48023,38,0,14,0,30,,48022,38,0,14,0,70,,48021,38,0,14,0,30,,48020,38,0,14,0,70,,48019,38,0,14,0,30,,48018,38,0,14,0,70,,48017,38,0,14,0
643504,'1370',727,,48037,38,0,14,0,100,,48038,38,0,14,0,100,,48039,38,0,14,0,30,,48040,38,0,14,0,70,,48041,38,0,14,0,30,,48042,38,0,14,0,70,,48043,38,0,14,0,30,,48044,38,0,14,0,70,,48045,38,0,14,0,30,,48046,38,0,14,0,70,,48047,38,0,14,0,30,,48048,38,0,14,0,70,,48049,38,0,14,0,30,,48050,38,0,14,0,70,,48051,38,0,14,0,30,,48052,38,0,14,0,70,,48053,38,0,14,0,30,,48054,38,0,14,0,70,,48055,38,0,14,0,30,,48056,38,0,14,0,70,,48057,38,0,14,0,30,,48058,38,0,14,0,70,,48059,38,0,14,0,30,,48060,38,0,14,0,70,,48061,38,0,14,0,100,,48062,38,0,14,0,100,,48063,38,0,14,0
643504,'1371',627,,48064,38,0,14,0,30,,48065,38,0,14,0,60,,48066,38,0,14,0,17,,48067,38,0,14,0,15,,48068,38,0,14,0,55,,48069,38,0,14,0,15,,48070,38,0,14,0,15,,48071,38,0,14,0,15,,48072,38,0,14,0,55,,48073,38,0,14,0,13,,48074,38,0,14,0,17,,48075,38,0,14,0,20,,48076,38,0,14,0,60,,48077,38,0,14,0,20,,48078,38,0,14,0,20,,48079,38,0,14,0,60,,48080,38,0,14,0,20,,48081,38,0,14,0,20,,48082,38,0,14,0,60,,48083,38,0,14,0,20,,48084,38,0,14,0,20,,48085,38,0,14,0,60,,48086,38,0,14,0,20,,48087,38,0,14,0,20,,48088,38,0,14,0,60,,48089,38,0,14,0,20,,48090,38,0,14,0,20,,48091,38,0,14,0,50,,48092,38,0,14,0,10,,48093,38,0,14,0,20,,48094,38,0,14,0,10,,48095,38,0,14,0,10,,48096,38,0,14,0,60,,48097,38,0,14,0,10,,48098,38,0,14,0,10,,48099,38,0,14,0,20,,48100,38,0,14,0,60,,48101,38,0,14,0,20,,48102,38,0,14,0,20,,48103,38,0,14,0,60,,48104,38,0,14,0,20,,48105,38,0,14,0,20,,48106,38,0,14,0,60,,48107,38,0,14,0,13,,48108,38,0,14,0,30,,48109,38,0,14,0,70,,48110,38,0,14,0,30,,48111,38,0,14,0,70,,48112,38,0,14,0,30,,48113,38,0,14,0,70,,48114,38,0,14,0,30,,48115,38,0,14,0,70,,48116,38,0,14,0
643504,'1372',627,,48117,38,0,14,0,30,,48118,38,0,14,0,60,,48119,38,0,14,0,17,,48120,38,0,14,0,15,,48121,38,0,14,0,55,,48122,38,0,14,0,15,,48123,38,0,14,0,15,,48124,38,0,14,0,15,,48125,38,0,14,0,55,,48126,38,0,14,0,13,,48127,38,0,14,0,17,,48128,38,0,14,0,20,,48129,38,0,14,0,60,,48130,38,0,14,0,20,,48131,38,0,14,0,20,,48132,38,0,14,0,60,,48133,38,0,14,0,20,,48134,38,0,14,0,20,,48135,38,0,14,0,60,,48136,38,0,14,0,20,,48137,38,0,14,0,20,,48138,38,0,14,0,60,,48139,38,0,14,0,20,,48140,38,0,14,0,20,,48141,38,0,14,0,60,,48142,38,0,14,0,20,,48143,38,0,14,0,20,,48144,38,0,14,0,50,,48145,38,0,14,0,10,,48146,38,0,14,0,20,,48147,38,0,14,0,10,,48148,38,0,14,0,10,,48149,38,0,14,0,60,,48150,38,0,14,0,10,,48151,38,0,14,0,10,,48152,38,0,14,0,20,,48153,38,0,14,0,60,,48154,38,0,14,0,20,,48155,38,0,14,0,20,,48156,38,0,14,0,60,,48157,38,0,14,0,20,,48158,38,0,14,0,20,,48159,38,0,14,0,60,,48160,38,0,14,0,13,,48161,38,0,14,0,30,,48162,38,0,14,0,70,,48163,38,0,14,0,30,,48164,38,0,14,0,70,,48165,38,0,14,0,30,,48166,38,0,14,0,70,,48167,38,0,14,0,30,,48168,38,0,14,0,70,,48169,38,0,14,0
643504,'1373',627,,48170,38,0,14,0,30,,48171,38,0,14,0,60,,48172,38,0,14,0,17,,48173,38,0,14,0,15,,48174,38,0,14,0,55,,48175,38,0,14,0,15,,48176,38,0,14,0,15,,48177,38,0,14,0,15,,48178,38,0,14,0,55,,48179,38,0,14,0,13,,48180,38,0,14,0,17,,48181,38,0,14,0,20,,48182,38,0,14,0,60,,48183,38,0,14,0,20,,48184,38,0,14,0,20,,48185,38,0,14,0,60,,48186,38,0,14,0,20,,48187,38,0,14,0,20,,48188,38,0,14,0,60,,48189,38,0,14,0,20,,48190,38,0,14,0,20,,48191,38,0,14,0,60,,48192,38,0,14,0,20,,48193,38,0,14,0,20,,48194,38,0,14,0,60,,48195,38,0,14,0,20,,48196,38,0,14,0,20,,48197,38,0,14,0,50,,48198,38,0,14,0,10,,48199,38,0,14,0,20,,48200,38,0,14,0,10,,48201,38,0,14,0,10,,48202,38,0,14,0,60,,48203,38,0,14,0,10,,48204,38,0,14,0,10,,48205,38,0,14,0,20,,48206,38,0,14,0,60,,48207,38,0,14,0,20,,48208,38,0,14,0,20,,48209,38,0,14,0,60,,48210,38,0,14,0,20,,48211,38,0,14,0,20,,48212,38,0,14,0,60,,48213,38,0,14,0,13,,48214,38,0,14,0,30,,48215,38,0,14,0,70,,48216,38,0,14,0,30,,48217,38,0,14,0,70,,48218,38,0,14,0,30,,48219,38,0,14,0,70,,48220,38,0,14,0,30,,48221,38,0,14,0,70,,48222,38,0,14,0
643504,'1374',627,,48223,38,0,14,0,30,,48224,38,0,14,0,60,,48225,38,0,14,0,17,,48226,38,0,14,0,15,,48227,38,0,14,0,55,,48228,38,0,14,0,15,,48229,38,0,14,0,15,,48230,38,0,14,0,15,,48231,38,0,14,0,55,,48232,38,0,14,0,13,,48233,38,0,14,0,17,,48234,38,0,14,0,20,,48235,38,0,14,0,60,,48236,38,0,14,0,20,,48237,38,0,14,0,20,,48238,38,0,14,0,60,,48239,38,0,14,0,20,,48240,38,0,14,0,20,,48241,38,0,14,0,60,,48242,38,0,14,0,20,,48243,38,0,14,0,20,,48244,38,0,14,0,60,,48245,38,0,14,0,20,,48246,38,0,14,0,20,,48247,38,0,14,0,60,,48248,38,0,14,0,20,,48249,38,0,14,0,20,,48250,38,0,14,0,50,,48251,38,0,14,0,10,,48252,38,0,14,0,20,,48253,38,0,14,0,10,,48254,38,0,14,0,10,,48255,38,0,14,0,60,,48256,38,0,14,0,10,,48257,38,0,14,0,10,,48258,38,0,14,0,20,,48259,38,0,14,0,60,,48260,38,0,14,0,20,,48261,38,0,14,0,20,,48262,38,0,14,0,60,,48263,38,0,14,0,20,,48264,38,0,14,0,20,,48265,38,0,14,0,60,,48266,38,0,14,0,13,,48267,38,0,14,0,30,,48268,38,0,14,0,70,,48269,38,0,14,0,30,,48270,38,0,14,0,70,,48271,38,0,14,0,30,,48272,38,0,14,0,70,,48273,38,0,14,0,30,,48274,38,0,14,0,70,,48275,38,0,14,0
643504,'1375',627,,48276,38,0,14,0,30,,48277,38,0,14,0,60,,48278,38,0,14,0,17,,48279,38,0,14,0,15,,48280,38,0,14,0,55,,48281,38,0,14,0,15,,48282,38,0,14,0,15,,48283,38,0,14,0,15,,48284,38,0,14,0,55,,48285,38,0,14,0,13,,48286,38,0,14,0,17,,48287,38,0,14,0,20,,48288,38,0,14,0,60,,48289,38,0,14,0,20,,48290,38,0,14,0,20,,48291,38,0,14,0,60,,48292,38,0,14,0,20,,48293,38,0,14,0,20,,48294,38,0,14,0,60,,48295,38,0,14,0,20,,48296,38,0,14,0,20,,48297,38,0,14,0,60,,48298,38,0,14,0,20,,48299,38,0,14,0,20,,48300,38,0,14,0,60,,48301,38,0,14,0,20,,48302,38,0,14,0,20,,48303,38,0,14,0,50,,48304,38,0,14,0,10,,48305,38,0,14,0,20,,48306,38,0,14,0,10,,48307,38,0,14,0,10,,48308,38,0,14,0,60,,48309,38,0,14,0,10,,48310,38,0,14,0,10,,48311,38,0,14,0,20,,48312,38,0,14,0,60,,48313,38,0,14,0,20,,48314,38,0,14,0,20,,48315,38,0,14,0,60,,48316,38,0,14,0,20,,48317,38,0,14,0,20,,48318,38,0,14,0,60,,48319,38,0,14,0,13,,48320,38,0,14,0,30,,48321,38,0,14,0,70,,48322,38,0,14,0,30,,48323,38,0,14,0,70,,48324,38,0,14,0,30,,48325,38,0,14,0,70,,48326,38,0,14,0,30,,48327,38,0,14,0,70,,48328,38,0,14,0
721204,'1369',940,,48974,53,0,14,0,85,,48973,53,0,14,0,85,,48972,53,0,14,0,45,,48971,53,0,14,0,85,,48970,53,0,14,0,85,,48969,53,0,14,0,85,,48968,53,0,14,0,45,,48967,53,0,14,0,85,,48966,53,0,14,0,85,,48965,53,0,14,0,85,,48964,53,0,14,0,45,,48963,53,0,14,0,85,,48962,53,0,14,0,85,,48961,53,0,14,0
721204,'1370',640,,48975,53,0,14,0,85,,48976,53,0,14,0,85,,48977,53,0,14,0,45,,48978,53,0,14,0,85,,48979,53,0,14,0,85,,48980,53,0,14,0,30,,48981,53,0,14,0,70,,48982,53,0,14,0,30,,48983,53,0,14,0,70,,48984,53,0,14,0,30,,48985,53,0,14,0,70,,48986,53,0,14,0,30,,48987,53,0,14,0,70,,48988,53,0,14,0,30,,48989,53,0,14,0,70,,48990,53,0,14,0,30,,48991,53,0,14,0,70,,48992,53,0,14,0,30,,48993,53,0,14,0,70,,48994,53,0,14,0,30,,48995,53,0,14,0,70,,48996,53,0,14,0,85,,48997,53,0,14,0,45,,48998,53,0,14,0,85,,48999,53,0,14,0,85,,49000,53,0,14,0,85,,49001,53,0,14,0,45,,49002,53,0,14,0
721204,'1371',640,,49003,53,0,14,0,70,,49004,53,0,14,0,30,,49005,53,0,14,0,15,,49006,53,0,14,0,55,,49007,53,0,14,0,15,,49008,53,0,14,0,15,,49009,53,0,14,0,70,,49010,53,0,14,0,30,,49011,53,0,14,0,70,,49012,53,0,14,0,30,,49013,53,0,14,0,70,,49014,53,0,14,0,30,,49015,53,0,14,0,70,,49016,53,0,14,0,30,,49017,53,0,14,0,70,,49018,53,0,14,0,30,,49019,53,0,14,0,70,,49020,53,0,14,0,30,,49021,53,0,14,0,15,,49022,53,0,14,0,55,,49023,53,0,14,0,15,,49024,53,0,14,0,15,,49025,53,0,14,0,70,,49026,53,0,14,0,30,,49027,53,0,14,0,70,,49028,53,0,14,0,30,,49029,53,0,14,0,70,,49030,53,0,14,0,30,,49031,53,0,14,0,85,,49032,53,0,14,0,85,,49033,53,0,14,0,45,,49034,53,0,14,0,85,,49035,53,0,14,0,85,,49036,53,0,14,0,85,,49037,53,0,14,0
721204,'1372',640,,49038,53,0,14,0,70,,49039,53,0,14,0,30,,49040,53,0,14,0,15,,49041,53,0,14,0,55,,49042,53,0,14,0,15,,49043,53,0,14,0,15,,49044,53,0,14,0,70,,49045,53,0,14,0,30,,49046,53,0,14,0,70,,49047,53,0,14,0,30,,49048,53,0,14,0,70,,49049,53,0,14,0,30,,49050,53,0,14,0,70,,49051,53,0,14,0,30,,49052,53,0,14,0,70,,49053,53,0,14,0,30,,49054,53,0,14,0,70,,49055,53,0,14,0,30,,49056,53,0,14,0,15,,49057,53,0,14,0,55,,49058,53,0,14,0,15,,49059,53,0,14,0,15,,49060,53,0,14,0,70,,49061,53,0,14,0,30,,49062,53,0,14,0,70,,49063,53,0,14,0,30,,49064,53,0,14,0,70,,49065,53,0,14,0,30,,49066,53,0,14,0,85,,49067,53,0,14,0,85,,49068,53,0,14,0,45,,49069,53,0,14,0,85,,49070,53,0,14,0,85,,49071,53,0,14,0,85,,49072,53,0,14,0
721204,'1373',640,,49073,53,0,14,0,70,,49074,53,0,14,0,30,,49075,53,0,14,0,15,,49076,53,0,14,0,55,,49077,53,0,14,0,15,,49078,53,0,14,0,15,,49079,53,0,14,0,70,,49080,53,0,14,0,30,,49081,53,0,14,0,70,,49082,53,0,14,0,30,,49083,53,0,14,0,70,,49084,53,0,14,0,30,,49085,53,0,14,0,70,,49086,53,0,14,0,30,,49087,53,0,14,0,70,,49088,53,0,14,0,30,,49089,53,0,14,0,70,,49090,53,0,14,0,30,,49091,53,0,14,0,15,,49092,53,0,14,0,55,,49093,53,0,14,0,15,,49094,53,0,14,0,15,,49095,53,0,14,0,70,,49096,53,0,14,0,30,,49097,53,0,14,0,70,,49098,53,0,14,0,30,,49099,53,0,14,0,70,,49100,53,0,14,0,30,,49101,53,0,14,0,85,,49102,53,0,14,0,85,,49103,53,0,14,0,45,,49104,53,0,14,0,85,,49105,53,0,14,0,85,,49106,53,0,14,0,85,,49107,53,0,14,0
721204,'1374',640,,49108,53,0,14,0,70,,49109,53,0,14,0,30,,49110,53,0,14,0,15,,49111,53,0,14,0,55,,49112,53,0,14,0,15,,49113,53,0,14,0,15,,49114,53,0,14,0,70,,49115,53,0,14,0,30,,49116,53,0,14,0,70,,49117,53,0,14,0,30,,49118,53,0,14,0,70,,49119,53,0,14,0,30,,49120,53,0,14,0,70,,49121,53,0,14,0,30,,49122,53,0,14,0,70,,49123,53,0,14,0,30,,49124,53,0,14,0,70,,49125,53,0,14,0,30,,49126,53,0,14,0,15,,49127,53,0,14,0,55,,49128,53,0,14,0,15,,49129,53,0,14,0,15,,49130,53,0,14,0,70,,49131,53,0,14,0,30,,49132,53,0,14,0,70,,49133,53,0,14,0,30,,49134,53,0,14,0,70,,49135,53,0,14,0,30,,49136,53,0,14,0,85,,49137,53,0,14,0,85,,49138,53,0,14,0,45,,49139,53,0,14,0,85,,49140,53,0,14,0,85,,49141,53,0,14,0,85,,49142,53,0,14,0
721204,'1375',640,,49143,53,0,14,0,70,,49144,53,0,14,0,30,,49145,53,0,14,0,15,,49146,53,0,14,0,55,,49147,53,0,14,0,15,,49148,53,0,14,0,15,,49149,53,0,14,0,70,,49150,53,0,14,0,30,,49151,53,0,14,0,70,,49152,53,0,14,0,30,,49153,53,0,14,0,70,,49154,53,0,14,0,30,,49155,53,0,14,0,70,,49156,53,0,14,0,30,,49157,53,0,14,0,70,,49158,53,0,14,0,30,,49159,53,0,14,0,70,,49160,53,0,14,0,30,,49161,53,0,14,0,15,,49162,53,0,14,0,55,,49163,53,0,14,0,15,,49164,53,0,14,0,15,,49165,53,0,14,0,70,,49166,53,0,14,0,30,,49167,53,0,14,0,70,,49168,53,0,14,0,30,,49169,53,0,14,0,70,,49170,53,0,14,0,30,,49171,53,0,14,0,85,,49172,53,0,14,0,85,,49173,53,0,14,0,45,,49174,53,0,14,0,85,,49175,53,0,14,0,85,,49176,53,0,14,0,85,,49177,53,0,14,0
