721203,'1383',1005,,63156,29,0,15,0,45,,63155,29,0,15,0,85,,63154,29,0,15,0,85,,63153,29,0,15,0,85,,63152,29,0,15,0,45,,63151,29,0,15,0,85,,63150,29,0,15,0,85,,63149,29,0,15,0,85,,63148,29,0,15,0,45,,63147,29,0,15,0,85,,63146,29,0,15,0,85,,63145,29,0,15,0,85,,63144,29,0,15,0,45,,63143,29,0,15,0
721203,'1384',705,,63157,29,0,15,0,45,,63158,29,0,15,0,85,,63159,29,0,15,0,85,,63160,29,0,15,0,85,,63161,29,0,15,0,45,,63162,29,0,15,0,70,,63163,29,0,15,0,30,,63164,29,0,15,0,70,,63165,29,0,15,0,30,,63166,29,0,15,0,70,,63167,29,0,15,0,30,,63168,29,0,15,0,70,,63169,29,0,15,0,30,,63170,29,0,15,0,70,,63171,29,0,15,0,30,,63172,29,0,15,0,70,,63173,29,0,15,0,30,,63174,29,0,15,0,70,,63175,29,0,15,0,30,,63176,29,0,15,0,70,,63177,29,0,15,0,30,,63178,29,0,15,0,85,,63179,29,0,15,0,85,,63180,29,0,15,0,85,,63181,29,0,15,0,45,,63182,29,0,15,0,85,,63183,29,0,15,0,85,,63184,29,0,15,0
721203,'1385',635,,63185,29,0,15,0,70,,63186,29,0,15,0,30,,63187,29,0,15,0,70,,63188,29,0,15,0,15,,63189,29,0,15,0,15,,63190,29,0,15,0,15,,63191,29,0,15,0,55,,63192,29,0,15,0,30,,63193,29,0,15,0,70,,63194,29,0,15,0,30,,63195,29,0,15,0,70,,63196,29,0,15,0,30,,63197,29,0,15,0,70,,63198,29,0,15,0,30,,63199,29,0,15,0,70,,63200,29,0,15,0,30,,63201,29,0,15,0,70,,63202,29,0,15,0,30,,63203,29,0,15,0,70,,63204,29,0,15,0,15,,63205,29,0,15,0,15,,63206,29,0,15,0,15,,63207,29,0,15,0,55,,63208,29,0,15,0,30,,63209,29,0,15,0,70,,63210,29,0,15,0,30,,63211,29,0,15,0,70,,63212,29,0,15,0,30,,63213,29,0,15,0,70,,63214,29,0,15,0,45,,63215,29,0,15,0,85,,63216,29,0,15,0,85,,63217,29,0,15,0,85,,63218,29,0,15,0,45,,63219,29,0,15,0,85,,63220,29,0,15,0
721203,'1386',635,,63221,29,0,15,0,70,,63222,29,0,15,0,30,,63223,29,0,15,0,70,,63224,29,0,15,0,15,,63225,29,0,15,0,15,,63226,29,0,15,0,15,,63227,29,0,15,0,55,,63228,29,0,15,0,30,,63229,29,0,15,0,70,,63230,29,0,15,0,30,,63231,29,0,15,0,70,,63232,29,0,15,0,30,,63233,29,0,15,0,70,,63234,29,0,15,0,30,,63235,29,0,15,0,70,,63236,29,0,15,0,30,,63237,29,0,15,0,70,,63238,29,0,15,0,30,,63239,29,0,15,0,70,,63240,29,0,15,0,15,,63241,29,0,15,0,15,,63242,29,0,15,0,15,,63243,29,0,15,0,55,,63244,29,0,15,0,30,,63245,29,0,15,0,70,,63246,29,0,15,0,30,,63247,29,0,15,0,70,,63248,29,0,15,0,30,,63249,29,0,15,0,70,,63250,29,0,15,0,45,,63251,29,0,15,0,85,,63252,29,0,15,0,85,,63253,29,0,15,0,85,,63254,29,0,15,0,45,,63255,29,0,15,0,85,,63256,29,0,15,0
721203,'1387',635,,63257,29,0,15,0,70,,63258,29,0,15,0,30,,63259,29,0,15,0,70,,63260,29,0,15,0,15,,63261,29,0,15,0,15,,63262,29,0,15,0,15,,63263,29,0,15,0,55,,63264,29,0,15,0,30,,63265,29,0,15,0,70,,63266,29,0,15,0,30,,63267,29,0,15,0,70,,63268,29,0,15,0,30,,63269,29,0,15,0,70,,63270,29,0,15,0,30,,63271,29,0,15,0,70,,63272,29,0,15,0,30,,63273,29,0,15,0,70,,63274,29,0,15,0,30,,63275,29,0,15,0,70,,63276,29,0,15,0,15,,63277,29,0,15,0,15,,63278,29,0,15,0,15,,63279,29,0,15,0,55,,63280,29,0,15,0,30,,63281,29,0,15,0,70,,63282,29,0,15,0,30,,63283,29,0,15,0,70,,63284,29,0,15,0,30,,63285,29,0,15,0,70,,63286,29,0,15,0,45,,63287,29,0,15,0,85,,63288,29,0,15,0,85,,63289,29,0,15,0,85,,63290,29,0,15,0,45,,63291,29,0,15,0,85,,63292,29,0,15,0
721203,'1388',635,,63293,29,0,15,0,70,,63294,29,0,15,0,30,,63295,29,0,15,0,70,,63296,29,0,15,0,15,,63297,29,0,15,0,15,,63298,29,0,15,0,15,,63299,29,0,15,0,55,,63300,29,0,15,0,30,,63301,29,0,15,0,70,,63302,29,0,15,0,30,,63303,29,0,15,0,70,,63304,29,0,15,0,30,,63305,29,0,15,0,70,,63306,29,0,15,0,30,,63307,29,0,15,0,70,,63308,29,0,15,0,30,,63309,29,0,15,0,70,,63310,29,0,15,0,30,,63311,29,0,15,0,70,,63312,29,0,15,0,15,,63313,29,0,15,0,15,,63314,29,0,15,0,15,,63315,29,0,15,0,55,,63316,29,0,15,0,30,,63317,29,0,15,0,70,,63318,29,0,15,0,30,,63319,29,0,15,0,70,,63320,29,0,15,0,30,,63321,29,0,15,0,70,,63322,29,0,15,0,45,,63323,29,0,15,0,85,,63324,29,0,15,0,85,,63325,29,0,15,0,85,,63326,29,0,15,0,45,,63327,29,0,15,0,85,,63328,29,0,15,0
721203,'1389',635,,63329,29,0,15,0,70,,63330,29,0,15,0,30,,63331,29,0,15,0,70,,63332,29,0,15,0,15,,63333,29,0,15,0,15,,63334,29,0,15,0,15,,63335,29,0,15,0,55,,63336,29,0,15,0,30,,63337,29,0,15,0,70,,63338,29,0,15,0,30,,63339,29,0,15,0,70,,63340,29,0,15,0,30,,63341,29,0,15,0,70,,63342,29,0,15,0,30,,63343,29,0,15,0,70,,63344,29,0,15,0,30,,63345,29,0,15,0,70,,63346,29,0,15,0,30,,63347,29,0,15,0,70,,63348,29,0,15,0,15,,63349,29,0,15,0,15,,63350,29,0,15,0,15,,63351,29,0,15,0,55,,63352,29,0,15,0,30,,63353,29,0,15,0,70,,63354,29,0,15,0,30,,63355,29,0,15,0,70,,63356,29,0,15,0,30,,63357,29,0,15,0,70,,63358,29,0,15,0,45,,63359,29,0,15,0,85,,63360,29,0,15,0,85,,63361,29,0,15,0,85,,63362,29,0,15,0,45,,63363,29,0,15,0,85,,63364,29,0,15,0
721502,'1383',915,,64521,18,0,16,0,100,,64520,18,0,16,0,100,,64519,18,0,16,0,100,,64518,18,0,16,0,100,,64517,18,0,16,0,100,,64516,18,0,16,0,100,,64515,18,0,16,0,100,,64522,18,0,16,0,100,,64514,18,0,16,0,100,,64513,18,0,16,0,100,,64512,18,0,16,0
721502,'1384',715,,64523,18,0,16,0,100,,64524,18,0,16,0,100,,64525,18,0,16,0,100,,64526,18,0,16,0,100,,64527,18,0,16,0,100,,64528,18,0,16,0,100,,64529,18,0,16,0,30,,64530,18,0,16,0,70,,64531,18,0,16,0,30,,64532,18,0,16,0,70,,64533,18,0,16,0,30,,64534,18,0,16,0,70,,64535,18,0,16,0,30,,64536,18,0,16,0,70,,64537,18,0,16,0,30,,64538,18,0,16,0,70,,64539,18,0,16,0,30,,64540,18,0,16,0,70,,64541,18,0,16,0
721502,'1385',715,,64543,18,0,16,0,30,,64544,18,0,16,0,70,,64545,18,0,16,0,30,,64546,18,0,16,0,70,,64547,18,0,16,0,30,,64548,18,0,16,0,70,,64549,18,0,16,0,30,,64550,18,0,16,0,70,,64551,18,0,16,0,30,,64552,18,0,16,0,70,,64553,18,0,16,0,30,,64554,18,0,16,0,70,,64555,18,0,16,0,30,,64556,18,0,16,0,70,,64557,18,0,16,0,30,,64558,18,0,16,0,70,,64559,18,0,16,0,30,,64560,18,0,16,0,70,,64561,18,0,16,0,30,,64562,18,0,16,0,70,,64563,18,0,16,0,30,,64564,18,0,16,0,70,,64565,18,0,16,0,30,,64566,18,0,16,0,70,,64567,18,0,16,0,100,,64568,18,0,16,0,100,,64569,18,0,16,0,100,,64570,18,0,16,0
721502,'1386',715,,64572,18,0,16,0,30,,64573,18,0,16,0,70,,64574,18,0,16,0,30,,64575,18,0,16,0,70,,64576,18,0,16,0,30,,64577,18,0,16,0,70,,64578,18,0,16,0,30,,64579,18,0,16,0,70,,64580,18,0,16,0,30,,64581,18,0,16,0,70,,64582,18,0,16,0,30,,64583,18,0,16,0,70,,64584,18,0,16,0,30,,64585,18,0,16,0,70,,64586,18,0,16,0,30,,64587,18,0,16,0,70,,64588,18,0,16,0,30,,64589,18,0,16,0,70,,64590,18,0,16,0,30,,64591,18,0,16,0,70,,64592,18,0,16,0,30,,64593,18,0,16,0,70,,64594,18,0,16,0,30,,64595,18,0,16,0,70,,64596,18,0,16,0,100,,64597,18,0,16,0,100,,64598,18,0,16,0,100,,64599,18,0,16,0
721502,'1387',715,,64601,18,0,16,0,30,,64602,18,0,16,0,70,,64603,18,0,16,0,30,,64604,18,0,16,0,70,,64605,18,0,16,0,30,,64606,18,0,16,0,70,,64607,18,0,16,0,30,,64608,18,0,16,0,70,,64609,18,0,16,0,30,,64610,18,0,16,0,70,,64611,18,0,16,0,30,,64612,18,0,16,0,70,,64613,18,0,16,0,30,,64614,18,0,16,0,70,,64615,18,0,16,0,30,,64616,18,0,16,0,70,,64617,18,0,16,0,30,,64618,18,0,16,0,70,,64619,18,0,16,0,30,,64620,18,0,16,0,70,,64621,18,0,16,0,30,,64622,18,0,16,0,70,,64623,18,0,16,0,30,,64624,18,0,16,0,70,,64625,18,0,16,0,100,,64626,18,0,16,0,100,,64627,18,0,16,0,100,,64628,18,0,16,0
721502,'1388',715,,64630,18,0,16,0,30,,64631,18,0,16,0,70,,64632,18,0,16,0,30,,64633,18,0,16,0,70,,64634,18,0,16,0,30,,64635,18,0,16,0,70,,64636,18,0,16,0,30,,64637,18,0,16,0,70,,64638,18,0,16,0,30,,64639,18,0,16,0,70,,64640,18,0,16,0,30,,64641,18,0,16,0,70,,64642,18,0,16,0,30,,64643,18,0,16,0,70,,64644,18,0,16,0,30,,64645,18,0,16,0,70,,64646,18,0,16,0,30,,64647,18,0,16,0,70,,64648,18,0,16,0,30,,64649,18,0,16,0,70,,64650,18,0,16,0,30,,64651,18,0,16,0,70,,64652,18,0,16,0,30,,64653,18,0,16,0,70,,64654,18,0,16,0,100,,64655,18,0,16,0,100,,64656,18,0,16,0,100,,64657,18,0,16,0
721502,'1389',715,,64659,18,0,16,0,30,,64660,18,0,16,0,70,,64661,18,0,16,0,30,,64662,18,0,16,0,70,,64663,18,0,16,0,30,,64664,18,0,16,0,70,,64665,18,0,16,0,30,,64666,18,0,16,0,70,,64667,18,0,16,0,30,,64668,18,0,16,0,70,,64669,18,0,16,0,30,,64670,18,0,16,0,70,,64671,18,0,16,0,30,,64672,18,0,16,0,70,,64673,18,0,16,0,30,,64674,18,0,16,0,70,,64675,18,0,16,0,30,,64676,18,0,16,0,70,,64677,18,0,16,0,30,,64678,18,0,16,0,70,,64679,18,0,16,0,30,,64680,18,0,16,0,70,,64681,18,0,16,0,30,,64682,18,0,16,0,70,,64683,18,0,16,0,100,,64684,18,0,16,0,100,,64685,18,0,16,0,100,,64686,18,0,16,0
