722501,'1385',541,,64687,36,0,17,0,160,,64688,36,0,17,0,100,,64689,36,0,17,0,100,,64690,36,0,17,0,100,,64691,36,0,17,0,100,,64692,36,0,17,0,100,,64693,36,0,17,0,100,,64694,36,0,17,0,100,,64695,36,0,17,0,100,,64696,36,0,17,0,100,,64697,36,0,17,0,100,,64698,36,0,17,0,100,,64699,36,0,17,0,100,,64700,36,0,17,0,100,,64701,36,0,17,0,100,,64702,36,0,17,0,100,,64703,36,0,17,0,100,,64704,36,0,17,0
722501,'1386',541,,64705,36,0,17,0,160,,64706,36,0,17,0,100,,64707,36,0,17,0,100,,64708,36,0,17,0,100,,64709,36,0,17,0,100,,64710,36,0,17,0,100,,64711,36,0,17,0,100,,64712,36,0,17,0,100,,64713,36,0,17,0,100,,64714,36,0,17,0,100,,64715,36,0,17,0,100,,64716,36,0,17,0,100,,64717,36,0,17,0,100,,64718,36,0,17,0,100,,64719,36,0,17,0,100,,64720,36,0,17,0,100,,64721,36,0,17,0,100,,64722,36,0,17,0
722501,'1387',541,,64723,36,0,17,0,160,,64724,36,0,17,0,100,,64725,36,0,17,0,100,,64726,36,0,17,0,100,,64727,36,0,17,0,100,,64728,36,0,17,0,100,,64729,36,0,17,0,100,,64730,36,0,17,0,100,,64731,36,0,17,0,100,,64732,36,0,17,0,100,,64733,36,0,17,0,100,,64734,36,0,17,0,100,,64735,36,0,17,0,100,,64736,36,0,17,0,100,,64737,36,0,17,0,100,,64738,36,0,17,0,100,,64739,36,0,17,0,100,,64740,36,0,17,0
722501,'1388',541,,64741,36,0,17,0,160,,64742,36,0,17,0,100,,64743,36,0,17,0,100,,64744,36,0,17,0,100,,64745,36,0,17,0,100,,64746,36,0,17,0,100,,64747,36,0,17,0,100,,64748,36,0,17,0,100,,64749,36,0,17,0,100,,64750,36,0,17,0,100,,64751,36,0,17,0,100,,64752,36,0,17,0,100,,64753,36,0,17,0,100,,64754,36,0,17,0,100,,64755,36,0,17,0,100,,64756,36,0,17,0,100,,64757,36,0,17,0,100,,64758,36,0,17,0
722501,'1389',541,,64759,36,0,17,0,160,,64760,36,0,17,0,100,,64761,36,0,17,0,100,,64762,36,0,17,0,100,,64763,36,0,17,0,100,,64764,36,0,17,0,100,,64765,36,0,17,0,100,,64766,36,0,17,0,100,,64767,36,0,17,0,100,,64768,36,0,17,0,100,,64769,36,0,17,0,100,,64770,36,0,17,0,100,,64771,36,0,17,0,100,,64772,36,0,17,0,100,,64773,36,0,17,0,100,,64774,36,0,17,0,100,,64775,36,0,17,0,100,,64776,36,0,17,0
722502,'1385',552,,64777,18,0,16,0,100,,64778,18,0,16,0,100,,64779,18,0,16,0,100,,64780,18,0,16,0,100,,64781,18,0,16,0,100,,64782,18,0,16,0,100,,64783,18,0,16,0,100,,64784,18,0,16,0,100,,64785,18,0,16,0,100,,64786,18,0,16,0,100,,64787,18,0,16,0,100,,64788,18,0,16,0,100,,64789,18,0,16,0,100,,64790,18,0,16,0,100,,64791,18,0,16,0,100,,64792,18,0,16,0,100,,64793,18,0,16,0,100,,64794,18,0,16,0
722502,'1386',552,,64795,18,0,16,0,100,,64796,18,0,16,0,100,,64797,18,0,16,0,100,,64798,18,0,16,0,100,,64799,18,0,16,0,100,,64800,18,0,16,0,100,,64801,18,0,16,0,100,,64802,18,0,16,0,100,,64803,18,0,16,0,100,,64804,18,0,16,0,100,,64805,18,0,16,0,100,,64806,18,0,16,0,100,,64807,18,0,16,0,100,,64808,18,0,16,0,100,,64809,18,0,16,0,100,,64810,18,0,16,0,100,,64811,18,0,16,0,100,,64812,18,0,16,0
722502,'1387',552,,64813,18,0,16,0,100,,64814,18,0,16,0,100,,64815,18,0,16,0,100,,64816,18,0,16,0,100,,64817,18,0,16,0,100,,64818,18,0,16,0,100,,64819,18,0,16,0,100,,64820,18,0,16,0,100,,64821,18,0,16,0,100,,64822,18,0,16,0,100,,64823,18,0,16,0,100,,64824,18,0,16,0,100,,64825,18,0,16,0,100,,64826,18,0,16,0,100,,64827,18,0,16,0,100,,64828,18,0,16,0,100,,64829,18,0,16,0,100,,64830,18,0,16,0
722502,'1388',552,,64831,18,0,16,0,100,,64832,18,0,16,0,100,,64833,18,0,16,0,100,,64834,18,0,16,0,100,,64835,18,0,16,0,100,,64836,18,0,16,0,100,,64837,18,0,16,0,100,,64838,18,0,16,0,100,,64839,18,0,16,0,100,,64840,18,0,16,0,100,,64841,18,0,16,0,100,,64842,18,0,16,0,100,,64843,18,0,16,0,100,,64844,18,0,16,0,100,,64845,18,0,16,0,100,,64846,18,0,16,0,100,,64847,18,0,16,0,100,,64848,18,0,16,0
722502,'1389',552,,64849,18,0,16,0,100,,64850,18,0,16,0,100,,64851,18,0,16,0,100,,64852,18,0,16,0,100,,64853,18,0,16,0,100,,64854,18,0,16,0,100,,64855,18,0,16,0,100,,64856,18,0,16,0,100,,64857,18,0,16,0,100,,64858,18,0,16,0,100,,64859,18,0,16,0,100,,64860,18,0,16,0,100,,64861,18,0,16,0,100,,64862,18,0,16,0,100,,64863,18,0,16,0,100,,64864,18,0,16,0,100,,64865,18,0,16,0,100,,64866,18,0,16,0
