1700,'1383',656,,58253,82,,,0,100,,58252,82,,,0,100,,58251,82,,,0,100,,58250,82,,,0,154,,58254,82,,,0,40,,58255,82,,,0,80,,58256,82,,,0,80,,58257,82,,,0,40,,58258,82,,,0,80,,58259,82,,,0,80,,58260,82,,,0,40,,58261,82,,,0,80,,58262,82,,,0,80,,58263,82,,,0,40,,58264,82,,,0,80,,58265,82,,,0,80,,58266,82,,,0,40,,58267,82,,,0,80,,58268,82,,,0
1700,'1384',618,,58269,82,,,0,35,,58270,82,,,0,70,,58271,82,,,0,30,,58272,82,,,0,70,,58273,82,,,0,30,,58274,82,,,0,70,,58275,82,,,0,30,,58276,82,,,0,70,,58277,82,,,0,30,,58278,82,,,0,79,,58287,82,,,0,20,,58288,82,,,0,60,,58289,82,,,0,20,,58290,82,,,0,20,,58291,82,,,0,60,,58292,82,,,0,20,,58293,82,,,0,20,,58294,82,,,0,60,,58295,82,,,0,20,,58296,82,,,0,20,,58297,82,,,0,60,,58298,82,,,0,20,,58299,82,,,0,20,,58300,82,,,0,60,,58301,82,,,0,20,,58302,82,,,0,20,,58303,82,,,0,60,,58304,82,,,0,20,,58305,82,,,0,20,,58306,82,,,0,60,,58307,82,,,0,20,,58308,82,,,0,20,,58309,82,,,0,60,,58310,82,,,0,15,,58311,82,,,0,30,,58312,82,,,0,70,,58313,82,,,0,30,,58314,82,,,0,70,,58315,82,,,0,26,,58279,82,,,0,70,,58280,82,,,0,30,,58281,82,,,0,70,,58282,82,,,0,30,,58283,82,,,0,70,,58284,82,,,0,30,,58285,82,,,0,70,,58286,82,,,0
1700,'1385',616,,58316,82,,,0,29,,58317,43,,,0,58,,58335,82,,,0,15,,58334,82,,,0,15,,58333,82,,,0,15,,58332,82,,,0,55,,58331,82,,,0,10,,58330,82,,,0,10,,58329,82,,,0,10,,58328,82,,,0,10,,58327,82,,,0,10,,58326,82,,,0,50,,58325,82,,,0,10,,58324,82,,,0,10,,58323,82,,,0,10,,58318,82,,,0,10,,58319,82,,,0,10,,58320,82,,,0,50,,58321,82,,,0,10,,58322,82,,,0,10,,58336,82,,,0,10,,58361,82,,,0,10,,58362,82,,,0,10,,58363,82,,,0,50,,58364,82,,,0,10,,58365,82,,,0,10,,58366,82,,,0,10,,58367,82,,,0,10,,58368,82,,,0,10,,58369,82,,,0,50,,58370,82,,,0,10,,58371,82,,,0,10,,58372,82,,,0,10,,58373,82,,,0,10,,58374,82,,,0,10,,58375,82,,,0,50,,58376,82,,,0,10,,58379,82,,,0,10,,58380,82,,,0,10,,58381,82,,,0,10,,58382,82,,,0,10,,58383,82,,,0,50,,58384,82,,,0,10,,58385,82,,,0,10,,58386,82,,,0,10,,58337,82,,,0,10,,58338,82,,,0,10,,58339,82,,,0,50,,58340,82,,,0,10,,58341,82,,,0,10,,58342,82,,,0,10,,58343,82,,,0,10,,58344,82,,,0,10,,58345,82,,,0,50,,58346,82,,,0,10,,58347,82,,,0,10,,58348,82,,,0,10,,58349,82,,,0,10,,58350,82,,,0,10,,58351,82,,,0,50,,58352,82,,,0,10,,58353,82,,,0,10,,58354,82,,,0,10,,58355,82,,,0,10,,58356,82,,,0,10,,58357,82,,,0,50,,58358,82,,,0,10,,58359,82,,,0,10,,58360,82,,,0,10,,58387,82,,,0,10,,58388,82,,,0,10,,58389,82,,,0,50,,58390,82,,,0,15,,58391,82,,,0,15,,58392,82,,,0,15,,58393,82,,,0,70,,58394,82,,,0,30,,58395,82,,,0,70,,58396,82,,,0,30,,58397,82,,,0,70,,58398,82,,,0,30,,58399,82,,,0,70,,58400,82,,,0,30,,58401,82,,,0,70,,58402,82,,,0,30,,58377,82,,,0,70,,58378,82,,,0
1700,'1386',616,,58403,82,,,0,29,,58404,43,,,0,58,,58422,82,,,0,15,,58421,82,,,0,15,,58420,82,,,0,15,,58419,82,,,0,55,,58418,82,,,0,10,,58417,82,,,0,10,,58416,82,,,0,10,,58415,82,,,0,10,,58414,82,,,0,10,,58413,82,,,0,50,,58412,82,,,0,10,,58411,82,,,0,10,,58410,82,,,0,10,,58405,82,,,0,10,,58406,82,,,0,10,,58407,82,,,0,50,,58408,82,,,0,10,,58409,82,,,0,10,,58423,82,,,0,10,,58448,82,,,0,10,,58449,82,,,0,10,,58450,82,,,0,50,,58451,82,,,0,10,,58452,82,,,0,10,,58453,82,,,0,10,,58454,82,,,0,10,,58455,82,,,0,10,,58456,82,,,0,50,,58457,82,,,0,10,,58458,82,,,0,10,,58459,82,,,0,10,,58460,82,,,0,10,,58461,82,,,0,10,,58462,82,,,0,50,,58463,82,,,0,10,,58466,82,,,0,10,,58467,82,,,0,10,,58468,82,,,0,10,,58469,82,,,0,10,,58470,82,,,0,50,,58471,82,,,0,10,,58472,82,,,0,10,,58473,82,,,0,10,,58424,82,,,0,10,,58425,82,,,0,10,,58426,82,,,0,50,,58427,82,,,0,10,,58428,82,,,0,10,,58429,82,,,0,10,,58430,82,,,0,10,,58431,82,,,0,10,,58432,82,,,0,50,,58433,82,,,0,10,,58434,82,,,0,10,,58435,82,,,0,10,,58436,82,,,0,10,,58437,82,,,0,10,,58438,82,,,0,50,,58439,82,,,0,10,,58440,82,,,0,10,,58441,82,,,0,10,,58442,82,,,0,10,,58443,82,,,0,10,,58444,82,,,0,50,,58445,82,,,0,10,,58446,82,,,0,10,,58447,82,,,0,10,,58474,82,,,0,10,,58475,82,,,0,10,,58476,82,,,0,50,,58477,82,,,0,15,,58478,82,,,0,15,,58479,82,,,0,15,,58480,82,,,0,70,,58481,82,,,0,30,,58482,82,,,0,70,,58483,82,,,0,30,,58484,82,,,0,70,,58485,82,,,0,30,,58486,82,,,0,70,,58487,82,,,0,30,,58488,82,,,0,70,,58489,82,,,0,30,,58464,82,,,0,70,,58465,82,,,0
1700,'1387',616,,58490,82,,,0,29,,58491,43,,,0,58,,58509,82,,,0,15,,58508,82,,,0,15,,58507,82,,,0,15,,58506,82,,,0,55,,58505,82,,,0,10,,58504,82,,,0,10,,58503,82,,,0,10,,58502,82,,,0,10,,58501,82,,,0,10,,58500,82,,,0,50,,58499,82,,,0,10,,58498,82,,,0,10,,58497,82,,,0,10,,58492,82,,,0,10,,58493,82,,,0,10,,58494,82,,,0,50,,58495,82,,,0,10,,58496,82,,,0,10,,58510,82,,,0,10,,58535,82,,,0,10,,58536,82,,,0,10,,58537,82,,,0,50,,58538,82,,,0,10,,58539,82,,,0,10,,58540,82,,,0,10,,58541,82,,,0,10,,58542,82,,,0,10,,58543,82,,,0,50,,58544,82,,,0,10,,58545,82,,,0,10,,58546,82,,,0,10,,58547,82,,,0,10,,58548,82,,,0,10,,58549,82,,,0,50,,58550,82,,,0,10,,58553,82,,,0,10,,58554,82,,,0,10,,58555,82,,,0,10,,58556,82,,,0,10,,58557,82,,,0,50,,58558,82,,,0,10,,58559,82,,,0,10,,58560,82,,,0,10,,58511,82,,,0,10,,58512,82,,,0,10,,58513,82,,,0,50,,58514,82,,,0,10,,58515,82,,,0,10,,58516,82,,,0,10,,58517,82,,,0,10,,58518,82,,,0,10,,58519,82,,,0,50,,58520,82,,,0,10,,58521,82,,,0,10,,58522,82,,,0,10,,58523,82,,,0,10,,58524,82,,,0,10,,58525,82,,,0,50,,58526,82,,,0,10,,58527,82,,,0,10,,58528,82,,,0,10,,58529,82,,,0,10,,58530,82,,,0,10,,58531,82,,,0,50,,58532,82,,,0,10,,58533,82,,,0,10,,58534,82,,,0,10,,58561,82,,,0,10,,58562,82,,,0,10,,58563,82,,,0,50,,58564,82,,,0,15,,58565,82,,,0,15,,58566,82,,,0,15,,58567,82,,,0,70,,58568,82,,,0,30,,58569,82,,,0,70,,58570,82,,,0,30,,58571,82,,,0,70,,58572,82,,,0,30,,58573,82,,,0,70,,58574,82,,,0,30,,58575,82,,,0,70,,58576,82,,,0,30,,58551,82,,,0,70,,58552,82,,,0
1700,'1388',616,,58577,82,,,0,29,,58578,43,,,0,58,,58596,82,,,0,15,,58595,82,,,0,15,,58594,82,,,0,15,,58593,82,,,0,55,,58592,82,,,0,10,,58591,82,,,0,10,,58590,82,,,0,10,,58589,82,,,0,10,,58588,82,,,0,10,,58587,82,,,0,50,,58586,82,,,0,10,,58585,82,,,0,10,,58584,82,,,0,10,,58579,82,,,0,10,,58580,82,,,0,10,,58581,82,,,0,50,,58582,82,,,0,10,,58583,82,,,0,10,,58597,82,,,0,10,,58622,82,,,0,10,,58623,82,,,0,10,,58624,82,,,0,50,,58625,82,,,0,10,,58626,82,,,0,10,,58627,82,,,0,10,,58628,82,,,0,10,,58629,82,,,0,10,,58630,82,,,0,50,,58631,82,,,0,10,,58632,82,,,0,10,,58633,82,,,0,10,,58634,82,,,0,10,,58635,82,,,0,10,,58636,82,,,0,50,,58637,82,,,0,10,,58640,82,,,0,10,,58641,82,,,0,10,,58642,82,,,0,10,,58643,82,,,0,10,,58644,82,,,0,50,,58645,82,,,0,10,,58646,82,,,0,10,,58647,82,,,0,10,,58598,82,,,0,10,,58599,82,,,0,10,,58600,82,,,0,50,,58601,82,,,0,10,,58602,82,,,0,10,,58603,82,,,0,10,,58604,82,,,0,10,,58605,82,,,0,10,,58606,82,,,0,50,,58607,82,,,0,10,,58608,82,,,0,10,,58609,82,,,0,10,,58610,82,,,0,10,,58611,82,,,0,10,,58612,82,,,0,50,,58613,82,,,0,10,,58614,82,,,0,10,,58615,82,,,0,10,,58616,82,,,0,10,,58617,82,,,0,10,,58618,82,,,0,50,,58619,82,,,0,10,,58620,82,,,0,10,,58621,82,,,0,10,,58648,82,,,0,10,,58649,82,,,0,10,,58650,82,,,0,50,,58651,82,,,0,15,,58652,82,,,0,15,,58653,82,,,0,15,,58654,82,,,0,70,,58655,82,,,0,30,,58656,82,,,0,70,,58657,82,,,0,30,,58658,82,,,0,70,,58659,82,,,0,30,,58660,82,,,0,70,,58661,82,,,0,30,,58662,82,,,0,70,,58663,82,,,0,30,,58638,82,,,0,70,,58639,82,,,0
1700,'1389',616,,58664,82,,,0,29,,58665,43,,,0,58,,58683,82,,,0,15,,58682,82,,,0,15,,58681,82,,,0,15,,58680,82,,,0,55,,58679,82,,,0,10,,58678,82,,,0,10,,58677,82,,,0,10,,58676,82,,,0,10,,58675,82,,,0,10,,58674,82,,,0,50,,58673,82,,,0,10,,58672,82,,,0,10,,58671,82,,,0,10,,58666,82,,,0,10,,58667,82,,,0,10,,58668,82,,,0,50,,58669,82,,,0,10,,58670,82,,,0,10,,58684,82,,,0,10,,58709,82,,,0,10,,58710,82,,,0,10,,58711,82,,,0,50,,58712,82,,,0,10,,58713,82,,,0,10,,58714,82,,,0,10,,58715,82,,,0,10,,58716,82,,,0,10,,58717,82,,,0,50,,58718,82,,,0,10,,58719,82,,,0,10,,58720,82,,,0,10,,58721,82,,,0,10,,58722,82,,,0,10,,58723,82,,,0,50,,58724,82,,,0,10,,58727,82,,,0,10,,58728,82,,,0,10,,58729,82,,,0,10,,58730,82,,,0,10,,58731,82,,,0,50,,58732,82,,,0,10,,58733,82,,,0,10,,58734,82,,,0,10,,58685,82,,,0,10,,58686,82,,,0,10,,58687,82,,,0,50,,58688,82,,,0,10,,58689,82,,,0,10,,58690,82,,,0,10,,58691,82,,,0,10,,58692,82,,,0,10,,58693,82,,,0,50,,58694,82,,,0,10,,58695,82,,,0,10,,58696,82,,,0,10,,58697,82,,,0,10,,58698,82,,,0,10,,58699,82,,,0,50,,58700,82,,,0,10,,58701,82,,,0,10,,58702,82,,,0,10,,58703,82,,,0,10,,58704,82,,,0,10,,58705,82,,,0,50,,58706,82,,,0,10,,58707,82,,,0,10,,58708,82,,,0,10,,58735,82,,,0,10,,58736,82,,,0,10,,58737,82,,,0,50,,58738,82,,,0,15,,58739,82,,,0,15,,58740,82,,,0,15,,58741,82,,,0,70,,58742,82,,,0,30,,58743,82,,,0,70,,58744,82,,,0,30,,58745,82,,,0,70,,58746,82,,,0,30,,58747,82,,,0,70,,58748,82,,,0,30,,58749,82,,,0,70,,58750,82,,,0,30,,58725,82,,,0,70,,58726,82,,,0
1900,'1383',950,,60107,84,,,0,100,,60106,84,,,0,100,,60105,84,,,0,100,,60104,84,,,0,100,,60103,84,,,0,100,,60102,84,,,0,100,,60101,84,,,0,100,,60099,84,,,0,100,,60098,84,,,0,100,,60097,84,,,0,100,,60096,84,,,0,100,,60100,84,,,0
1900,'1384',850,,60108,84,,,0,100,,60109,84,,,0,100,,60110,84,,,0,70,,60111,84,,,0,30,,60112,84,,,0,70,,60113,84,,,0,30,,60114,84,,,0,70,,60115,84,,,0,30,,60116,84,,,0,70,,60117,84,,,0,30,,60118,84,,,0,70,,60119,84,,,0,30,,60120,84,,,0,70,,60121,84,,,0,30,,60122,84,,,0,70,,60123,84,,,0,30,,60124,84,,,0,70,,60125,84,,,0,30,,60126,84,,,0,70,,60127,84,,,0,30,,60128,84,,,0,70,,60129,84,,,0,30,,60130,84,,,0,100,,60131,84,,,0,100,,60132,84,,,0,100,,60133,84,,,0
1900,'1385',650,,60134,84,,,0,70,,60135,84,,,0,30,,60136,84,,,0,70,,60137,84,,,0,30,,60138,84,,,0,70,,60139,84,,,0,30,,60140,84,,,0,70,,60141,84,,,0,30,,60142,84,,,0,70,,60143,84,,,0,30,,60144,84,,,0,70,,60145,84,,,0,30,,60146,84,,,0,70,,60147,84,,,0,30,,60148,84,,,0,70,,60149,84,,,0,30,,60150,84,,,0,70,,60151,84,,,0,30,,60152,84,,,0,70,,60153,84,,,0,30,,60154,84,,,0,70,,60155,84,,,0,30,,60156,84,,,0,70,,60157,84,,,0,30,,60158,84,,,0,70,,60159,84,,,0,30,,60160,84,,,0,70,,60161,84,,,0,30,,60162,84,,,0,70,,60163,84,,,0,30,,60164,84,,,0,70,,60165,84,,,0,100,,60166,84,,,0,100,,60167,84,,,0
1900,'1386',650,,60168,84,,,0,70,,60169,84,,,0,30,,60170,84,,,0,70,,60171,84,,,0,30,,60172,84,,,0,70,,60173,84,,,0,30,,60174,84,,,0,70,,60175,84,,,0,30,,60176,84,,,0,70,,60177,84,,,0,30,,60178,84,,,0,70,,60179,84,,,0,30,,60180,84,,,0,70,,60181,84,,,0,30,,60182,84,,,0,70,,60183,84,,,0,30,,60184,84,,,0,70,,60185,84,,,0,30,,60186,84,,,0,70,,60187,84,,,0,30,,60188,84,,,0,70,,60189,84,,,0,30,,60190,84,,,0,70,,60191,84,,,0,30,,60192,84,,,0,70,,60193,84,,,0,30,,60194,84,,,0,70,,60195,84,,,0,30,,60196,84,,,0,70,,60197,84,,,0,30,,60198,84,,,0,70,,60199,84,,,0,100,,60200,84,,,0,100,,60201,84,,,0
1900,'1387',650,,60202,84,,,0,70,,60203,84,,,0,30,,60204,84,,,0,70,,60205,84,,,0,30,,60206,84,,,0,70,,60207,84,,,0,30,,60208,84,,,0,70,,60209,84,,,0,30,,60210,84,,,0,70,,60211,84,,,0,30,,60212,84,,,0,70,,60213,84,,,0,30,,60214,84,,,0,70,,60215,84,,,0,30,,60216,84,,,0,70,,60217,84,,,0,30,,60218,84,,,0,70,,60219,84,,,0,30,,60220,84,,,0,70,,60221,84,,,0,30,,60222,84,,,0,70,,60223,84,,,0,30,,60224,84,,,0,70,,60225,84,,,0,30,,60226,84,,,0,70,,60227,84,,,0,30,,60228,84,,,0,70,,60229,84,,,0,30,,60230,84,,,0,70,,60231,84,,,0,30,,60232,84,,,0,70,,60233,84,,,0,100,,60234,84,,,0,100,,60235,84,,,0
1900,'1388',650,,60236,84,,,0,70,,60237,84,,,0,30,,60238,84,,,0,70,,60239,84,,,0,30,,60240,84,,,0,70,,60241,84,,,0,30,,60242,84,,,0,70,,60243,84,,,0,30,,60244,84,,,0,70,,60245,84,,,0,30,,60246,84,,,0,70,,60247,84,,,0,30,,60248,84,,,0,70,,60249,84,,,0,30,,60250,84,,,0,70,,60251,84,,,0,30,,60252,84,,,0,70,,60253,84,,,0,30,,60254,84,,,0,70,,60255,84,,,0,30,,60256,84,,,0,70,,60257,84,,,0,30,,60258,84,,,0,70,,60259,84,,,0,30,,60260,84,,,0,70,,60261,84,,,0,30,,60262,84,,,0,70,,60263,84,,,0,30,,60264,84,,,0,70,,60265,84,,,0,30,,60266,84,,,0,70,,60267,84,,,0,100,,60268,84,,,0,100,,60269,84,,,0
1900,'1389',650,,60270,84,,,0,70,,60271,84,,,0,30,,60272,84,,,0,70,,60273,84,,,0,30,,60274,84,,,0,70,,60275,84,,,0,30,,60276,84,,,0,70,,60277,84,,,0,30,,60278,84,,,0,70,,60279,84,,,0,30,,60280,84,,,0,70,,60281,84,,,0,30,,60282,84,,,0,70,,60283,84,,,0,30,,60284,84,,,0,70,,60285,84,,,0,30,,60286,84,,,0,70,,60287,84,,,0,30,,60288,84,,,0,70,,60289,84,,,0,30,,60290,84,,,0,70,,60291,84,,,0,30,,60292,84,,,0,70,,60293,84,,,0,30,,60294,84,,,0,70,,60295,84,,,0,30,,60296,84,,,0,70,,60297,84,,,0,30,,60298,84,,,0,70,,60299,84,,,0,30,,60300,84,,,0,70,,60301,84,,,0,100,,60302,84,,,0,100,,60303,84,,,0
