643504,'1376',924,,55238,34,0,14,0,100,,55237,34,0,14,0,30,,55236,34,0,14,0,70,,55235,34,0,14,0,30,,55234,34,0,14,0,70,,55233,34,0,14,0,30,,55232,34,0,14,0,70,,55231,34,0,14,0,30,,55230,34,0,14,0,70,,55229,34,0,14,0,30,,55228,34,0,14,0,70,,55227,34,0,14,0,30,,55226,34,0,14,0,70,,55225,34,0,14,0,30,,55224,34,0,14,0,70,,55223,34,0,14,0,30,,55222,34,0,14,0,70,,55221,34,0,14,0,30,,55220,34,0,14,0,70,,55219,34,0,14,0
643504,'1377',724,,55239,34,0,14,0,100,,55240,34,0,14,0,100,,55241,34,0,14,0,30,,55242,34,0,14,0,70,,55243,34,0,14,0,30,,55244,34,0,14,0,70,,55245,34,0,14,0,30,,55246,34,0,14,0,70,,55247,34,0,14,0,30,,55248,34,0,14,0,70,,55249,34,0,14,0,30,,55250,34,0,14,0,70,,55251,34,0,14,0,30,,55252,34,0,14,0,70,,55253,34,0,14,0,30,,55254,34,0,14,0,70,,55255,34,0,14,0,30,,55256,34,0,14,0,70,,55257,34,0,14,0,30,,55258,34,0,14,0,70,,55259,34,0,14,0,30,,55260,34,0,14,0,70,,55261,34,0,14,0,30,,55262,34,0,14,0,70,,55263,34,0,14,0,100,,55264,34,0,14,0,100,,55265,34,0,14,0
643504,'1378',624,,55266,34,0,14,0,30,,55267,34,0,14,0,60,,55268,34,0,14,0,17,,55269,34,0,14,0,15,,55270,34,0,14,0,55,,55271,34,0,14,0,15,,55272,34,0,14,0,15,,55273,34,0,14,0,15,,55274,34,0,14,0,55,,55275,34,0,14,0,13,,55276,34,0,14,0,17,,55277,34,0,14,0,20,,55278,34,0,14,0,60,,55279,34,0,14,0,20,,55280,34,0,14,0,20,,55281,34,0,14,0,60,,55282,34,0,14,0,20,,55283,34,0,14,0,20,,55284,34,0,14,0,60,,55285,34,0,14,0,20,,55286,34,0,14,0,20,,55287,34,0,14,0,60,,55288,34,0,14,0,20,,55289,34,0,14,0,20,,55290,34,0,14,0,60,,55291,34,0,14,0,20,,55292,34,0,14,0,20,,55293,34,0,14,0,50,,55294,34,0,14,0,10,,55295,34,0,14,0,20,,55296,34,0,14,0,10,,55297,34,0,14,0,10,,55298,34,0,14,0,60,,55299,34,0,14,0,10,,55300,34,0,14,0,10,,55301,34,0,14,0,20,,55302,34,0,14,0,60,,55303,34,0,14,0,20,,55304,34,0,14,0,20,,55305,34,0,14,0,60,,55306,34,0,14,0,20,,55307,34,0,14,0,20,,55308,34,0,14,0,60,,55309,34,0,14,0,13,,55310,34,0,14,0,30,,55311,34,0,14,0,70,,55312,34,0,14,0,30,,55313,34,0,14,0,70,,55314,34,0,14,0,30,,55315,34,0,14,0,70,,55316,34,0,14,0,30,,55317,34,0,14,0,70,,55318,34,0,14,0
643504,'1379',624,,55319,34,0,14,0,30,,55320,34,0,14,0,60,,55321,34,0,14,0,17,,55322,34,0,14,0,15,,55323,34,0,14,0,55,,55324,34,0,14,0,15,,55325,34,0,14,0,15,,55326,34,0,14,0,15,,55327,34,0,14,0,55,,55328,34,0,14,0,13,,55329,34,0,14,0,17,,55330,34,0,14,0,20,,55331,34,0,14,0,60,,55332,34,0,14,0,20,,55333,34,0,14,0,20,,55334,34,0,14,0,60,,55335,34,0,14,0,20,,55336,34,0,14,0,20,,55337,34,0,14,0,60,,55338,34,0,14,0,20,,55339,34,0,14,0,20,,55340,34,0,14,0,60,,55341,34,0,14,0,20,,55342,34,0,14,0,20,,55343,34,0,14,0,60,,55344,34,0,14,0,20,,55345,34,0,14,0,20,,55346,34,0,14,0,50,,55347,34,0,14,0,10,,55348,34,0,14,0,20,,55349,34,0,14,0,10,,55350,34,0,14,0,10,,55351,34,0,14,0,60,,55352,34,0,14,0,10,,55353,34,0,14,0,10,,55354,34,0,14,0,20,,55355,34,0,14,0,60,,55356,34,0,14,0,20,,55357,34,0,14,0,20,,55358,34,0,14,0,60,,55359,34,0,14,0,20,,55360,34,0,14,0,20,,55361,34,0,14,0,60,,55362,34,0,14,0,13,,55363,34,0,14,0,30,,55364,34,0,14,0,70,,55365,34,0,14,0,30,,55366,34,0,14,0,70,,55367,34,0,14,0,30,,55368,34,0,14,0,70,,55369,34,0,14,0,30,,55370,34,0,14,0,70,,55371,34,0,14,0
643504,'1380',624,,55372,34,0,14,0,30,,55373,34,0,14,0,60,,55374,34,0,14,0,17,,55375,34,0,14,0,15,,55376,34,0,14,0,55,,55377,34,0,14,0,15,,55378,34,0,14,0,15,,55379,34,0,14,0,15,,55380,34,0,14,0,55,,55381,34,0,14,0,13,,55382,34,0,14,0,17,,55383,34,0,14,0,20,,55384,34,0,14,0,60,,55385,34,0,14,0,20,,55386,34,0,14,0,20,,55387,34,0,14,0,60,,55388,34,0,14,0,20,,55389,34,0,14,0,20,,55390,34,0,14,0,60,,55391,34,0,14,0,20,,55392,34,0,14,0,20,,55393,34,0,14,0,60,,55394,34,0,14,0,20,,55395,34,0,14,0,20,,55396,34,0,14,0,60,,55397,34,0,14,0,20,,55398,34,0,14,0,20,,55399,34,0,14,0,50,,55400,34,0,14,0,10,,55401,34,0,14,0,20,,55402,34,0,14,0,10,,55403,34,0,14,0,10,,55404,34,0,14,0,60,,55405,34,0,14,0,10,,55406,34,0,14,0,10,,55407,34,0,14,0,20,,55408,34,0,14,0,60,,55409,34,0,14,0,20,,55410,34,0,14,0,20,,55411,34,0,14,0,60,,55412,34,0,14,0,20,,55413,34,0,14,0,20,,55414,34,0,14,0,60,,55415,34,0,14,0,13,,55416,34,0,14,0,30,,55417,34,0,14,0,70,,55418,34,0,14,0,30,,55419,34,0,14,0,70,,55420,34,0,14,0,30,,55421,34,0,14,0,70,,55422,34,0,14,0,30,,55423,34,0,14,0,70,,55424,34,0,14,0
643504,'1381',624,,55425,34,0,14,0,30,,55426,34,0,14,0,60,,55427,34,0,14,0,17,,55428,34,0,14,0,15,,55429,34,0,14,0,55,,55430,34,0,14,0,15,,55431,34,0,14,0,15,,55432,34,0,14,0,15,,55433,34,0,14,0,55,,55434,34,0,14,0,13,,55435,34,0,14,0,17,,55436,34,0,14,0,20,,55437,34,0,14,0,60,,55438,34,0,14,0,20,,55439,34,0,14,0,20,,55440,34,0,14,0,60,,55441,34,0,14,0,20,,55442,34,0,14,0,20,,55443,34,0,14,0,60,,55444,34,0,14,0,20,,55445,34,0,14,0,20,,55446,34,0,14,0,60,,55447,34,0,14,0,20,,55448,34,0,14,0,20,,55449,34,0,14,0,60,,55450,34,0,14,0,20,,55451,34,0,14,0,20,,55452,34,0,14,0,50,,55453,34,0,14,0,10,,55454,34,0,14,0,20,,55455,34,0,14,0,10,,55456,34,0,14,0,10,,55457,34,0,14,0,60,,55458,34,0,14,0,10,,55459,34,0,14,0,10,,55460,34,0,14,0,20,,55461,34,0,14,0,60,,55462,34,0,14,0,20,,55463,34,0,14,0,20,,55464,34,0,14,0,60,,55465,34,0,14,0,20,,55466,34,0,14,0,20,,55467,34,0,14,0,60,,55468,34,0,14,0,13,,55469,34,0,14,0,30,,55470,34,0,14,0,70,,55471,34,0,14,0,30,,55472,34,0,14,0,70,,55473,34,0,14,0,30,,55474,34,0,14,0,70,,55475,34,0,14,0,30,,55476,34,0,14,0,70,,55477,34,0,14,0
643504,'1382',624,,55478,34,0,14,0,30,,55479,34,0,14,0,60,,55480,34,0,14,0,17,,55481,34,0,14,0,15,,55482,34,0,14,0,55,,55483,34,0,14,0,15,,55484,34,0,14,0,15,,55485,34,0,14,0,15,,55486,34,0,14,0,55,,55487,34,0,14,0,13,,55488,34,0,14,0,17,,55489,34,0,14,0,20,,55490,34,0,14,0,60,,55491,34,0,14,0,20,,55492,34,0,14,0,20,,55493,34,0,14,0,60,,55494,34,0,14,0,20,,55495,34,0,14,0,20,,55496,34,0,14,0,60,,55497,34,0,14,0,20,,55498,34,0,14,0,20,,55499,34,0,14,0,60,,55500,34,0,14,0,20,,55501,34,0,14,0,20,,55502,34,0,14,0,60,,55503,34,0,14,0,20,,55504,34,0,14,0,20,,55505,34,0,14,0,50,,55506,34,0,14,0,10,,55507,34,0,14,0,20,,55508,34,0,14,0,10,,55509,34,0,14,0,10,,55510,34,0,14,0,60,,55511,34,0,14,0,10,,55512,34,0,14,0,10,,55513,34,0,14,0,20,,55514,34,0,14,0,60,,55515,34,0,14,0,20,,55516,34,0,14,0,20,,55517,34,0,14,0,60,,55518,34,0,14,0,20,,55519,34,0,14,0,20,,55520,34,0,14,0,60,,55521,34,0,14,0,13,,55522,34,0,14,0,30,,55523,34,0,14,0,70,,55524,34,0,14,0,30,,55525,34,0,14,0,70,,55526,34,0,14,0,30,,55527,34,0,14,0,70,,55528,34,0,14,0,30,,55529,34,0,14,0,70,,55530,34,0,14,0
721203,'1376',949,,55954,6,0,15,0,85,,55953,6,0,15,0,85,,55952,6,0,15,0,85,,55951,6,0,15,0,45,,55950,6,0,15,0,85,,55949,6,0,15,0,85,,55948,6,0,15,0,85,,55947,6,0,15,0,45,,55946,6,0,15,0,85,,55945,6,0,15,0,85,,55944,6,0,15,0,85,,55943,6,0,15,0,45,,55942,6,0,15,0,85,,55941,6,0,15,0
721203,'1377',649,,55955,6,0,15,0,85,,55956,6,0,15,0,85,,55957,6,0,15,0,85,,55958,6,0,15,0,45,,55959,6,0,15,0,85,,55960,6,0,15,0,70,,55961,6,0,15,0,30,,55962,6,0,15,0,70,,55963,6,0,15,0,30,,55964,6,0,15,0,70,,55965,6,0,15,0,30,,55966,6,0,15,0,70,,55967,6,0,15,0,30,,55968,6,0,15,0,70,,55969,6,0,15,0,30,,55970,6,0,15,0,70,,55971,6,0,15,0,30,,55972,6,0,15,0,70,,55973,6,0,15,0,30,,55974,6,0,15,0,70,,55975,6,0,15,0,30,,55976,6,0,15,0,85,,55977,6,0,15,0,85,,55978,6,0,15,0,45,,55979,6,0,15,0,85,,55980,6,0,15,0,85,,55981,6,0,15,0,85,,55982,6,0,15,0
721203,'1378',619,,55983,6,0,15,0,30,,55984,6,0,15,0,70,,55985,6,0,15,0,30,,55986,6,0,15,0,55,,55987,6,0,15,0,15,,55988,6,0,15,0,15,,55989,6,0,15,0,15,,55990,6,0,15,0,70,,55991,6,0,15,0,30,,55992,6,0,15,0,70,,55993,6,0,15,0,30,,55994,6,0,15,0,70,,55995,6,0,15,0,30,,55996,6,0,15,0,70,,55997,6,0,15,0,30,,55998,6,0,15,0,70,,55999,6,0,15,0,30,,56000,6,0,15,0,70,,56001,6,0,15,0,30,,56002,6,0,15,0,55,,56003,6,0,15,0,15,,56004,6,0,15,0,15,,56005,6,0,15,0,15,,56006,6,0,15,0,70,,56007,6,0,15,0,30,,56008,6,0,15,0,70,,56009,6,0,15,0,30,,56010,6,0,15,0,70,,56011,6,0,15,0,30,,56012,6,0,15,0,85,,56013,6,0,15,0,85,,56014,6,0,15,0,85,,56015,6,0,15,0,45,,56016,6,0,15,0,85,,56017,6,0,15,0,85,,56018,6,0,15,0
721203,'1379',619,,56019,6,0,15,0,30,,56020,6,0,15,0,70,,56021,6,0,15,0,30,,56022,6,0,15,0,55,,56023,6,0,15,0,15,,56024,6,0,15,0,15,,56025,6,0,15,0,15,,56026,6,0,15,0,70,,56027,6,0,15,0,30,,56028,6,0,15,0,70,,56029,6,0,15,0,30,,56030,6,0,15,0,70,,56031,6,0,15,0,30,,56032,6,0,15,0,70,,56033,6,0,15,0,30,,56034,6,0,15,0,70,,56035,6,0,15,0,30,,56036,6,0,15,0,70,,56037,6,0,15,0,30,,56038,6,0,15,0,55,,56039,6,0,15,0,15,,56040,6,0,15,0,15,,56041,6,0,15,0,15,,56042,6,0,15,0,70,,56043,6,0,15,0,30,,56044,6,0,15,0,70,,56045,6,0,15,0,30,,56046,6,0,15,0,70,,56047,6,0,15,0,30,,56048,6,0,15,0,85,,56049,6,0,15,0,85,,56050,6,0,15,0,85,,56051,6,0,15,0,45,,56052,6,0,15,0,85,,56053,6,0,15,0,85,,56054,6,0,15,0
721203,'1380',619,,56055,6,0,15,0,30,,56056,6,0,15,0,70,,56057,6,0,15,0,30,,56058,6,0,15,0,55,,56059,6,0,15,0,15,,56060,6,0,15,0,15,,56061,6,0,15,0,15,,56062,6,0,15,0,70,,56063,6,0,15,0,30,,56064,6,0,15,0,70,,56065,6,0,15,0,30,,56066,6,0,15,0,70,,56067,6,0,15,0,30,,56068,6,0,15,0,70,,56069,6,0,15,0,30,,56070,6,0,15,0,70,,56071,6,0,15,0,30,,56072,6,0,15,0,70,,56073,6,0,15,0,30,,56074,6,0,15,0,55,,56075,6,0,15,0,15,,56076,6,0,15,0,15,,56077,6,0,15,0,15,,56078,6,0,15,0,70,,56079,6,0,15,0,30,,56080,6,0,15,0,70,,56081,6,0,15,0,30,,56082,6,0,15,0,70,,56083,6,0,15,0,30,,56084,6,0,15,0,85,,56085,6,0,15,0,85,,56086,6,0,15,0,85,,56087,6,0,15,0,45,,56088,6,0,15,0,85,,56089,6,0,15,0,85,,56090,6,0,15,0
721203,'1381',619,,56091,6,0,15,0,30,,56092,6,0,15,0,70,,56093,6,0,15,0,30,,56094,6,0,15,0,55,,56095,6,0,15,0,15,,56096,6,0,15,0,15,,56097,6,0,15,0,15,,56098,6,0,15,0,70,,56099,6,0,15,0,30,,56100,6,0,15,0,70,,56101,6,0,15,0,30,,56102,6,0,15,0,70,,56103,6,0,15,0,30,,56104,6,0,15,0,70,,56105,6,0,15,0,30,,56106,6,0,15,0,70,,56107,6,0,15,0,30,,56108,6,0,15,0,70,,56109,6,0,15,0,30,,56110,6,0,15,0,55,,56111,6,0,15,0,15,,56112,6,0,15,0,15,,56113,6,0,15,0,15,,56114,6,0,15,0,70,,56115,6,0,15,0,30,,56116,6,0,15,0,70,,56117,6,0,15,0,30,,56118,6,0,15,0,70,,56119,6,0,15,0,30,,56120,6,0,15,0,85,,56121,6,0,15,0,85,,56122,6,0,15,0,85,,56123,6,0,15,0,45,,56124,6,0,15,0,85,,56125,6,0,15,0,85,,56126,6,0,15,0
721203,'1382',619,,56127,6,0,15,0,30,,56128,6,0,15,0,70,,56129,6,0,15,0,30,,56130,6,0,15,0,55,,56131,6,0,15,0,15,,56132,6,0,15,0,15,,56133,6,0,15,0,15,,56134,6,0,15,0,70,,56135,6,0,15,0,30,,56136,6,0,15,0,70,,56137,6,0,15,0,30,,56138,6,0,15,0,70,,56139,6,0,15,0,30,,56140,6,0,15,0,70,,56141,6,0,15,0,30,,56142,6,0,15,0,70,,56143,6,0,15,0,30,,56144,6,0,15,0,70,,56145,6,0,15,0,30,,56146,6,0,15,0,55,,56147,6,0,15,0,15,,56148,6,0,15,0,15,,56149,6,0,15,0,15,,56150,6,0,15,0,70,,56151,6,0,15,0,30,,56152,6,0,15,0,70,,56153,6,0,15,0,30,,56154,6,0,15,0,70,,56155,6,0,15,0,30,,56156,6,0,15,0,85,,56157,6,0,15,0,85,,56158,6,0,15,0,85,,56159,6,0,15,0,45,,56160,6,0,15,0,85,,56161,6,0,15,0,85,,56162,6,0,15,0
