1601,'1383',1015,,57984,7,,,0,30,,57983,7,,,0,85,,57982,7,,,0,70,,57981,7,,,0,30,,57980,7,,,0,70,,57979,7,,,0,30,,57978,7,,,0,70,,57977,7,,,0,30,,57976,7,,,0,70,,57975,7,,,0,30,,57974,7,,,0,70,,57973,7,,,0,30,,57972,7,,,0,70,,57971,7,,,0,30,,57970,7,,,0,15,,57985,7,,,0,55,,57969,7,,,0,30,,57968,7,,,0,70,,57967,7,,,0,30,,57966,7,,,0
1601,'1384',657,,57986,7,,,0,70,,57987,7,,,0,30,,57988,7,,,0,70,,57989,7,,,0,30,,57990,7,,,0,70,,57991,7,,,0,30,,57992,7,,,0,70,,57993,7,,,0,20,,57994,7,,,0,60,,57995,7,,,0,20,,57996,7,,,0,20,,57997,7,,,0,60,,57998,7,,,0,20,,57999,7,,,0,20,,58000,7,,,0,60,,58001,7,,,0,20,,58002,7,,,0,20,,58003,7,,,0,60,,58004,7,,,0,20,,58005,7,,,0,20,,58006,7,,,0,60,,58007,7,,,0,20,,58008,7,,,0,20,,58009,7,,,0,60,,58010,7,,,0,20,,58011,7,,,0,20,,58012,7,,,0,60,,58013,7,,,0,20,,58014,7,,,0,20,,58015,7,,,0,60,,58016,7,,,0,22,,58017,7,,,0,30,,58018,7,,,0,70,,58019,7,,,0,30,,58020,7,,,0,70,,58021,7,,,0,30,,58022,7,,,0,70,,58023,7,,,0,100,,58024,7,,,0
1601,'1385',609,,58025,7,,,0,37,,58026,7,,,0,70,,58027,7,,,0,20,,58028,7,,,0,20,,58029,7,,,0,60,,58030,7,,,0,20,,58031,7,,,0,20,,58032,7,,,0,60,,58033,7,,,0,20,,58034,7,,,0,20,,58035,7,,,0,60,,58036,7,,,0,20,,58037,7,,,0,20,,58038,7,,,0,60,,58039,7,,,0,20,,58040,7,,,0,20,,58041,7,,,0,60,,58042,7,,,0,20,,58043,7,,,0,20,,58044,7,,,0,60,,58045,7,,,0,20,,58046,7,,,0,20,,58047,7,,,0,60,,58048,7,,,0,20,,58049,7,,,0,20,,58050,7,,,0,60,,58051,7,,,0,20,,58052,7,,,0,20,,58053,7,,,0,60,,58054,7,,,0,20,,58055,7,,,0,20,,58056,7,,,0,60,,58057,7,,,0,20,,58058,7,,,0,20,,58059,7,,,0,60,,58060,7,,,0,15,,58061,7,,,0,70,,58062,7,,,0,30,,58063,7,,,0,70,,58064,7,,,0,30,,58065,7,,,0,70,,58066,7,,,0,30,,58067,7,,,0,100,,58068,7,,,0,100,,58069,7,,,0
1601,'1386',609,,58070,7,,,0,37,,58071,7,,,0,70,,58072,7,,,0,20,,58073,7,,,0,20,,58074,7,,,0,60,,58075,7,,,0,20,,58076,7,,,0,20,,58077,7,,,0,60,,58078,7,,,0,20,,58079,7,,,0,20,,58080,7,,,0,60,,58081,7,,,0,20,,58082,7,,,0,20,,58083,7,,,0,60,,58084,7,,,0,20,,58085,7,,,0,20,,58086,7,,,0,60,,58087,7,,,0,20,,58088,7,,,0,20,,58089,7,,,0,60,,58090,7,,,0,20,,58091,7,,,0,20,,58092,7,,,0,60,,58093,7,,,0,20,,58094,7,,,0,20,,58095,7,,,0,60,,58096,7,,,0,20,,58097,7,,,0,20,,58098,7,,,0,60,,58099,7,,,0,20,,58100,7,,,0,20,,58101,7,,,0,60,,58102,7,,,0,20,,58103,7,,,0,20,,58104,7,,,0,60,,58105,7,,,0,15,,58106,7,,,0,70,,58107,7,,,0,30,,58108,7,,,0,70,,58109,7,,,0,30,,58110,7,,,0,70,,58111,7,,,0,30,,58112,7,,,0,100,,58113,7,,,0,100,,58114,7,,,0
1601,'1387',609,,58115,7,,,0,37,,58116,7,,,0,70,,58117,7,,,0,20,,58118,7,,,0,20,,58119,7,,,0,60,,58120,7,,,0,20,,58121,7,,,0,20,,58122,7,,,0,60,,58123,7,,,0,20,,58124,7,,,0,20,,58125,7,,,0,60,,58126,7,,,0,20,,58127,7,,,0,20,,58128,7,,,0,60,,58129,7,,,0,20,,58130,7,,,0,20,,58131,7,,,0,60,,58132,7,,,0,20,,58133,7,,,0,20,,58134,7,,,0,60,,58135,7,,,0,20,,58136,7,,,0,20,,58137,7,,,0,60,,58138,7,,,0,20,,58139,7,,,0,20,,58140,7,,,0,60,,58141,7,,,0,20,,58142,7,,,0,20,,58143,7,,,0,60,,58144,7,,,0,20,,58145,7,,,0,20,,58146,7,,,0,60,,58147,7,,,0,20,,58148,7,,,0,20,,58149,7,,,0,60,,58150,7,,,0,15,,58151,7,,,0,70,,58152,7,,,0,30,,58153,7,,,0,70,,58154,7,,,0,30,,58155,7,,,0,70,,58156,7,,,0,30,,58157,7,,,0,100,,58158,7,,,0,100,,58159,7,,,0
1601,'1388',609,,58160,7,,,0,37,,58161,7,,,0,70,,58162,7,,,0,20,,58163,7,,,0,20,,58164,7,,,0,60,,58165,7,,,0,20,,58166,7,,,0,20,,58167,7,,,0,60,,58168,7,,,0,20,,58169,7,,,0,20,,58170,7,,,0,60,,58171,7,,,0,20,,58172,7,,,0,20,,58173,7,,,0,60,,58174,7,,,0,20,,58175,7,,,0,20,,58176,7,,,0,60,,58177,7,,,0,20,,58178,7,,,0,20,,58179,7,,,0,60,,58180,7,,,0,20,,58181,7,,,0,20,,58182,7,,,0,60,,58183,7,,,0,20,,58184,7,,,0,20,,58185,7,,,0,60,,58186,7,,,0,20,,58187,7,,,0,20,,58188,7,,,0,60,,58189,7,,,0,20,,58190,7,,,0,20,,58191,7,,,0,60,,58192,7,,,0,20,,58193,7,,,0,20,,58194,7,,,0,60,,58195,7,,,0,15,,58196,7,,,0,70,,58197,7,,,0,30,,58198,7,,,0,70,,58199,7,,,0,30,,58200,7,,,0,70,,58201,7,,,0,30,,58202,7,,,0,100,,58203,7,,,0,100,,58204,7,,,0
1601,'1389',609,,58205,7,,,0,37,,58206,7,,,0,70,,58207,7,,,0,20,,58208,7,,,0,20,,58209,7,,,0,60,,58210,7,,,0,20,,58211,7,,,0,20,,58212,7,,,0,60,,58213,7,,,0,20,,58214,7,,,0,20,,58215,7,,,0,60,,58216,7,,,0,20,,58217,7,,,0,20,,58218,7,,,0,60,,58219,7,,,0,20,,58220,7,,,0,20,,58221,7,,,0,60,,58222,7,,,0,20,,58223,7,,,0,20,,58224,7,,,0,60,,58225,7,,,0,20,,58226,7,,,0,20,,58227,7,,,0,60,,58228,7,,,0,20,,58229,7,,,0,20,,58230,7,,,0,60,,58231,7,,,0,20,,58232,7,,,0,20,,58233,7,,,0,60,,58234,7,,,0,20,,58235,7,,,0,20,,58236,7,,,0,60,,58237,7,,,0,20,,58238,7,,,0,20,,58239,7,,,0,60,,58240,7,,,0,15,,58241,7,,,0,70,,58242,7,,,0,30,,58243,7,,,0,70,,58244,7,,,0,30,,58245,7,,,0,70,,58246,7,,,0,30,,58247,7,,,0,100,,58248,7,,,0,100,,58249,7,,,0
1701,'1383',721,,58766,33,,,0,100,,58768,33,,,0,100,,58767,33,,,0,105,,58765,33,,,0,80,,58764,33,,,0,40,,58763,33,,,0,80,,58762,33,,,0,80,,58761,33,,,0,40,,58760,33,,,0,80,,58759,33,,,0,80,,58758,33,,,0,40,,58757,33,,,0,80,,58756,33,,,0,80,,58755,33,,,0,40,,58754,33,,,0,80,,58753,33,,,0,80,,58752,33,,,0,40,,58751,33,,,0
1701,'1384',556,,58794,33,,,0,70,,58795,33,,,0,30,,58796,33,,,0,70,,58797,33,,,0,30,,58798,33,,,0,70,,58799,33,,,0,30,,58800,33,,,0,70,,58769,33,,,0,30,,58770,33,,,0,70,,58771,33,,,0,20,,58772,33,,,0,60,,58773,33,,,0,20,,58774,33,,,0,20,,58775,33,,,0,60,,58776,33,,,0,20,,58777,33,,,0,20,,58778,33,,,0,60,,58779,33,,,0,20,,58780,33,,,0,20,,58781,33,,,0,60,,58782,33,,,0,20,,58783,33,,,0,20,,58784,33,,,0,60,,58785,33,,,0,20,,58786,33,,,0,20,,58787,33,,,0,60,,58788,33,,,0,20,,58789,33,,,0,20,,58790,33,,,0,60,,58791,33,,,0,20,,58801,33,,,0,20,,58792,33,,,0,60,,58793,33,,,0,20,,58802,33,,,0,30,,58803,33,,,0,70,,58804,33,,,0,30,,58805,33,,,0,70,,58806,33,,,0,30,,58807,33,,,0,70,,58808,33,,,0,30,,58809,33,,,0,70,,58810,33,,,0,30,,58811,33,,,0,70,,58812,33,,,0,30,,58813,33,,,0,70,,58814,33,,,0,30,,58815,33,,,0
1701,'1385',555,,58816,33,,,0,70,,58817,33,,,0,15,,58818,33,,,0,15,,58819,33,,,0,55,,58820,33,,,0,15,,58821,33,,,0,10,,58822,33,,,0,10,,58823,33,,,0,10,,58824,33,,,0,50,,58825,33,,,0,10,,58826,33,,,0,10,,58827,33,,,0,10,,58828,33,,,0,10,,58829,33,,,0,10,,58830,33,,,0,50,,58831,33,,,0,10,,58832,33,,,0,10,,58833,33,,,0,10,,58834,33,,,0,10,,58835,33,,,0,10,,58875,33,,,0,50,,58836,33,,,0,10,,58861,33,,,0,10,,58862,33,,,0,10,,58863,33,,,0,10,,58864,33,,,0,10,,58865,33,,,0,50,,58866,33,,,0,10,,58867,33,,,0,10,,58868,33,,,0,10,,58869,33,,,0,10,,58870,33,,,0,10,,58871,33,,,0,50,,58872,33,,,0,10,,58873,33,,,0,10,,58874,33,,,0,10,,58876,33,,,0,10,,58877,33,,,0,10,,58879,33,,,0,50,,58880,33,,,0,10,,58881,33,,,0,10,,58882,33,,,0,10,,58883,33,,,0,10,,58884,33,,,0,10,,58885,33,,,0,50,,58837,33,,,0,10,,58838,33,,,0,10,,58839,33,,,0,10,,58840,33,,,0,10,,58841,33,,,0,10,,58842,33,,,0,50,,58843,33,,,0,10,,58844,33,,,0,10,,58845,33,,,0,10,,58846,33,,,0,10,,58847,33,,,0,10,,58848,33,,,0,50,,58849,33,,,0,10,,58850,33,,,0,10,,58851,33,,,0,10,,58852,33,,,0,10,,58853,33,,,0,10,,58854,33,,,0,50,,58855,33,,,0,10,,58856,33,,,0,10,,58857,33,,,0,10,,58858,33,,,0,10,,58859,33,,,0,10,,58860,33,,,0,50,,58886,33,,,0,10,,58887,33,,,0,10,,58888,33,,,0,15,,58889,33,,,0,15,,58890,33,,,0,55,,58891,33,,,0,15,,58892,33,,,0,30,,58893,33,,,0,70,,58894,33,,,0,30,,58895,33,,,0,70,,58896,33,,,0,30,,58897,33,,,0,70,,58898,33,,,0,30,,58899,33,,,0,70,,58900,33,,,0,30,,58901,33,,,0,70,,58902,33,,,0,30,,58878,33,,,0
1701,'1386',555,,58903,33,,,0,70,,58904,33,,,0,15,,58905,33,,,0,15,,58906,33,,,0,55,,58907,33,,,0,15,,58908,33,,,0,10,,58909,33,,,0,10,,58910,33,,,0,10,,58911,33,,,0,50,,58912,33,,,0,10,,58913,33,,,0,10,,58914,33,,,0,10,,58915,33,,,0,10,,58916,33,,,0,10,,58917,33,,,0,50,,58918,33,,,0,10,,58919,33,,,0,10,,58920,33,,,0,10,,58921,33,,,0,10,,58922,33,,,0,10,,58962,33,,,0,50,,58923,33,,,0,10,,58948,33,,,0,10,,58949,33,,,0,10,,58950,33,,,0,10,,58951,33,,,0,10,,58952,33,,,0,50,,58953,33,,,0,10,,58954,33,,,0,10,,58955,33,,,0,10,,58956,33,,,0,10,,58957,33,,,0,10,,58958,33,,,0,50,,58959,33,,,0,10,,58960,33,,,0,10,,58961,33,,,0,10,,58963,33,,,0,10,,58964,33,,,0,10,,58966,33,,,0,50,,58967,33,,,0,10,,58968,33,,,0,10,,58969,33,,,0,10,,58970,33,,,0,10,,58971,33,,,0,10,,58972,33,,,0,50,,58924,33,,,0,10,,58925,33,,,0,10,,58926,33,,,0,10,,58927,33,,,0,10,,58928,33,,,0,10,,58929,33,,,0,50,,58930,33,,,0,10,,58931,33,,,0,10,,58932,33,,,0,10,,58933,33,,,0,10,,58934,33,,,0,10,,58935,33,,,0,50,,58936,33,,,0,10,,58937,33,,,0,10,,58938,33,,,0,10,,58939,33,,,0,10,,58940,33,,,0,10,,58941,33,,,0,50,,58942,33,,,0,10,,58943,33,,,0,10,,58944,33,,,0,10,,58945,33,,,0,10,,58946,33,,,0,10,,58947,33,,,0,50,,58973,33,,,0,10,,58974,33,,,0,10,,58975,33,,,0,15,,58976,33,,,0,15,,58977,33,,,0,55,,58978,33,,,0,15,,58979,33,,,0,30,,58980,33,,,0,70,,58981,33,,,0,30,,58982,33,,,0,70,,58983,33,,,0,30,,58984,33,,,0,70,,58985,33,,,0,30,,58986,33,,,0,70,,58987,33,,,0,30,,58988,33,,,0,70,,58989,33,,,0,30,,58965,33,,,0
1701,'1387',555,,58990,33,,,0,70,,58991,33,,,0,15,,58992,33,,,0,15,,58993,33,,,0,55,,58994,33,,,0,15,,58995,33,,,0,10,,58996,33,,,0,10,,58997,33,,,0,10,,58998,33,,,0,50,,58999,33,,,0,10,,59000,33,,,0,10,,59001,33,,,0,10,,59002,33,,,0,10,,59003,33,,,0,10,,59004,33,,,0,50,,59005,33,,,0,10,,59006,33,,,0,10,,59007,33,,,0,10,,59008,33,,,0,10,,59009,33,,,0,10,,59049,33,,,0,50,,59010,33,,,0,10,,59035,33,,,0,10,,59036,33,,,0,10,,59037,33,,,0,10,,59038,33,,,0,10,,59039,33,,,0,50,,59040,33,,,0,10,,59041,33,,,0,10,,59042,33,,,0,10,,59043,33,,,0,10,,59044,33,,,0,10,,59045,33,,,0,50,,59046,33,,,0,10,,59047,33,,,0,10,,59048,33,,,0,10,,59050,33,,,0,10,,59051,33,,,0,10,,59053,33,,,0,50,,59054,33,,,0,10,,59055,33,,,0,10,,59056,33,,,0,10,,59057,33,,,0,10,,59058,33,,,0,10,,59059,33,,,0,50,,59011,33,,,0,10,,59012,33,,,0,10,,59013,33,,,0,10,,59014,33,,,0,10,,59015,33,,,0,10,,59016,33,,,0,50,,59017,33,,,0,10,,59018,33,,,0,10,,59019,33,,,0,10,,59020,33,,,0,10,,59021,33,,,0,10,,59022,33,,,0,50,,59023,33,,,0,10,,59024,33,,,0,10,,59025,33,,,0,10,,59026,33,,,0,10,,59027,33,,,0,10,,59028,33,,,0,50,,59029,33,,,0,10,,59030,33,,,0,10,,59031,33,,,0,10,,59032,33,,,0,10,,59033,33,,,0,10,,59034,33,,,0,50,,59060,33,,,0,10,,59061,33,,,0,10,,59062,33,,,0,15,,59063,33,,,0,15,,59064,33,,,0,55,,59065,33,,,0,15,,59066,33,,,0,30,,59067,33,,,0,70,,59068,33,,,0,30,,59069,33,,,0,70,,59070,33,,,0,30,,59071,33,,,0,70,,59072,33,,,0,30,,59073,33,,,0,70,,59074,33,,,0,30,,59075,33,,,0,70,,59076,33,,,0,30,,59052,33,,,0
1701,'1388',555,,59077,33,,,0,70,,59078,33,,,0,15,,59079,33,,,0,15,,59080,33,,,0,55,,59081,33,,,0,15,,59082,33,,,0,10,,59083,33,,,0,10,,59084,33,,,0,10,,59085,33,,,0,50,,59086,33,,,0,10,,59087,33,,,0,10,,59088,33,,,0,10,,59089,33,,,0,10,,59090,33,,,0,10,,59091,33,,,0,50,,59092,33,,,0,10,,59093,33,,,0,10,,59094,33,,,0,10,,59095,33,,,0,10,,59096,33,,,0,10,,59136,33,,,0,50,,59097,33,,,0,10,,59122,33,,,0,10,,59123,33,,,0,10,,59124,33,,,0,10,,59125,33,,,0,10,,59126,33,,,0,50,,59127,33,,,0,10,,59128,33,,,0,10,,59129,33,,,0,10,,59130,33,,,0,10,,59131,33,,,0,10,,59132,33,,,0,50,,59133,33,,,0,10,,59134,33,,,0,10,,59135,33,,,0,10,,59137,33,,,0,10,,59138,33,,,0,10,,59140,33,,,0,50,,59141,33,,,0,10,,59142,33,,,0,10,,59143,33,,,0,10,,59144,33,,,0,10,,59145,33,,,0,10,,59146,33,,,0,50,,59098,33,,,0,10,,59099,33,,,0,10,,59100,33,,,0,10,,59101,33,,,0,10,,59102,33,,,0,10,,59103,33,,,0,50,,59104,33,,,0,10,,59105,33,,,0,10,,59106,33,,,0,10,,59107,33,,,0,10,,59108,33,,,0,10,,59109,33,,,0,50,,59110,33,,,0,10,,59111,33,,,0,10,,59112,33,,,0,10,,59113,33,,,0,10,,59114,33,,,0,10,,59115,33,,,0,50,,59116,33,,,0,10,,59117,33,,,0,10,,59118,33,,,0,10,,59119,33,,,0,10,,59120,33,,,0,10,,59121,33,,,0,50,,59147,33,,,0,10,,59148,33,,,0,10,,59149,33,,,0,15,,59150,33,,,0,15,,59151,33,,,0,55,,59152,33,,,0,15,,59153,33,,,0,30,,59154,33,,,0,70,,59155,33,,,0,30,,59156,33,,,0,70,,59157,33,,,0,30,,59158,33,,,0,70,,59159,33,,,0,30,,59160,33,,,0,70,,59161,33,,,0,30,,59162,33,,,0,70,,59163,33,,,0,30,,59139,33,,,0
1701,'1389',555,,59164,33,,,0,70,,59165,33,,,0,15,,59166,33,,,0,15,,59167,33,,,0,55,,59168,33,,,0,15,,59169,33,,,0,10,,59170,33,,,0,10,,59171,33,,,0,10,,59172,33,,,0,50,,59173,33,,,0,10,,59174,33,,,0,10,,59175,33,,,0,10,,59176,33,,,0,10,,59177,33,,,0,10,,59178,33,,,0,50,,59179,33,,,0,10,,59180,33,,,0,10,,59181,33,,,0,10,,59182,33,,,0,10,,59183,33,,,0,10,,59223,33,,,0,50,,59184,33,,,0,10,,59209,33,,,0,10,,59210,33,,,0,10,,59211,33,,,0,10,,59212,33,,,0,10,,59213,33,,,0,50,,59214,33,,,0,10,,59215,33,,,0,10,,59216,33,,,0,10,,59217,33,,,0,10,,59218,33,,,0,10,,59219,33,,,0,50,,59220,33,,,0,10,,59221,33,,,0,10,,59222,33,,,0,10,,59224,33,,,0,10,,59225,33,,,0,10,,59227,33,,,0,50,,59228,33,,,0,10,,59229,33,,,0,10,,59230,33,,,0,10,,59231,33,,,0,10,,59232,33,,,0,10,,59233,33,,,0,50,,59185,33,,,0,10,,59186,33,,,0,10,,59187,33,,,0,10,,59188,33,,,0,10,,59189,33,,,0,10,,59190,33,,,0,50,,59191,33,,,0,10,,59192,33,,,0,10,,59193,33,,,0,10,,59194,33,,,0,10,,59195,33,,,0,10,,59196,33,,,0,50,,59197,33,,,0,10,,59198,33,,,0,10,,59199,33,,,0,10,,59200,33,,,0,10,,59201,33,,,0,10,,59202,33,,,0,50,,59203,33,,,0,10,,59204,33,,,0,10,,59205,33,,,0,10,,59206,33,,,0,10,,59207,33,,,0,10,,59208,33,,,0,50,,59234,33,,,0,10,,59235,33,,,0,10,,59236,33,,,0,15,,59237,33,,,0,15,,59238,33,,,0,55,,59239,33,,,0,15,,59240,33,,,0,30,,59241,33,,,0,70,,59242,33,,,0,30,,59243,33,,,0,70,,59244,33,,,0,30,,59245,33,,,0,70,,59246,33,,,0,30,,59247,33,,,0,70,,59248,33,,,0,30,,59249,33,,,0,70,,59250,33,,,0,30,,59226,33,,,0
2001,'1383',908,,60813,7,,,0,45,,60812,7,,,0,85,,60811,7,,,0,85,,60810,7,,,0,85,,60809,7,,,0,45,,60808,7,,,0,85,,60807,7,,,0,85,,60806,7,,,0,85,,60805,7,,,0,45,,60804,7,,,0,85,,60803,7,,,0,85,,60802,7,,,0,85,,60801,7,,,0,45,,60800,7,,,0,85,,60799,7,,,0
2001,'1384',608,,60831,7,,,0,45,,60832,7,,,0,85,,60833,7,,,0,85,,60834,7,,,0,84,,60814,7,,,0,30,,60815,7,,,0,70,,60816,7,,,0,30,,60817,7,,,0,80,,60818,7,,,0,30,,60819,7,,,0,70,,60820,7,,,0,30,,60821,7,,,0,80,,60822,7,,,0,30,,60823,7,,,0,70,,60824,7,,,0,30,,60825,7,,,0,80,,60826,7,,,0,70,,60827,7,,,0,30,,60828,7,,,0,70,,60829,7,,,0,40,,60830,7,,,0,71,,60835,7,,,0,85,,60836,7,,,0,45,,60837,7,,,0,85,,60838,7,,,0,85,,60839,7,,,0,85,,60840,7,,,0,45,,60841,7,,,0,85,,60842,7,,,0,85,,60843,7,,,0
2001,'1385',548,,60844,7,,,0,60,,60845,7,,,0,20,,60846,7,,,0,20,,60847,7,,,0,60,,60848,7,,,0,20,,60849,7,,,0,20,,60850,7,,,0,60,,60851,7,,,0,20,,60852,7,,,0,20,,60853,7,,,0,60,,60854,7,,,0,20,,60855,7,,,0,20,,60856,7,,,0,60,,60857,7,,,0,20,,60858,7,,,0,20,,60859,7,,,0,60,,60860,7,,,0,20,,60861,7,,,0,20,,60862,7,,,0,60,,60863,7,,,0,20,,60864,7,,,0,20,,60865,7,,,0,60,,60866,7,,,0,20,,60867,7,,,0,20,,60868,7,,,0,60,,60869,7,,,0,20,,60870,7,,,0,20,,60871,7,,,0,60,,60872,7,,,0,20,,60873,7,,,0,20,,60874,7,,,0,60,,60875,7,,,0,20,,60876,7,,,0,20,,60877,7,,,0,60,,60878,7,,,0,20,,60879,7,,,0,20,,60880,7,,,0,60,,60881,7,,,0,45,,60882,7,,,0,85,,60883,7,,,0,85,,60884,7,,,0,85,,60885,7,,,0,45,,60886,7,,,0,85,,60887,7,,,0,85,,60888,7,,,0,85,,60889,7,,,0,45,,60890,7,,,0
2001,'1386',548,,60891,7,,,0,60,,60892,7,,,0,20,,60893,7,,,0,20,,60894,7,,,0,60,,60895,7,,,0,20,,60896,7,,,0,20,,60897,7,,,0,60,,60898,7,,,0,20,,60899,7,,,0,20,,60900,7,,,0,60,,60901,7,,,0,20,,60902,7,,,0,20,,60903,7,,,0,60,,60904,7,,,0,20,,60905,7,,,0,20,,60906,7,,,0,60,,60907,7,,,0,20,,60908,7,,,0,20,,60909,7,,,0,60,,60910,7,,,0,20,,60911,7,,,0,20,,60912,7,,,0,60,,60913,7,,,0,20,,60914,7,,,0,20,,60915,7,,,0,60,,60916,7,,,0,20,,60917,7,,,0,20,,60918,7,,,0,60,,60919,7,,,0,20,,60920,7,,,0,20,,60921,7,,,0,60,,60922,7,,,0,20,,60923,7,,,0,20,,60924,7,,,0,60,,60925,7,,,0,20,,60926,7,,,0,20,,60927,7,,,0,60,,60928,7,,,0,45,,60929,7,,,0,85,,60930,7,,,0,85,,60931,7,,,0,85,,60932,7,,,0,45,,60933,7,,,0,85,,60934,7,,,0,85,,60935,7,,,0,85,,60936,7,,,0,45,,60937,7,,,0
2001,'1387',548,,60938,7,,,0,60,,60939,7,,,0,20,,60940,7,,,0,20,,60941,7,,,0,60,,60942,7,,,0,20,,60943,7,,,0,20,,60944,7,,,0,60,,60945,7,,,0,20,,60946,7,,,0,20,,60947,7,,,0,60,,60948,7,,,0,20,,60949,7,,,0,20,,60950,7,,,0,60,,60951,7,,,0,20,,60952,7,,,0,20,,60953,7,,,0,60,,60954,7,,,0,20,,60955,7,,,0,20,,60956,7,,,0,60,,60957,7,,,0,20,,60958,7,,,0,20,,60959,7,,,0,60,,60960,7,,,0,20,,60961,7,,,0,20,,60962,7,,,0,60,,60963,7,,,0,20,,60964,7,,,0,20,,60965,7,,,0,60,,60966,7,,,0,20,,60967,7,,,0,20,,60968,7,,,0,60,,60969,7,,,0,20,,60970,7,,,0,20,,60971,7,,,0,60,,60972,7,,,0,20,,60973,7,,,0,20,,60974,7,,,0,60,,60975,7,,,0,45,,60976,7,,,0,85,,60977,7,,,0,85,,60978,7,,,0,85,,60979,7,,,0,45,,60980,7,,,0,85,,60981,7,,,0,85,,60982,7,,,0,85,,60983,7,,,0,45,,60984,7,,,0
2001,'1388',548,,60985,7,,,0,60,,60986,7,,,0,20,,60987,7,,,0,20,,60988,7,,,0,60,,60989,7,,,0,20,,60990,7,,,0,20,,60991,7,,,0,60,,60992,7,,,0,20,,60993,7,,,0,20,,60994,7,,,0,60,,60995,7,,,0,20,,60996,7,,,0,20,,60997,7,,,0,60,,60998,7,,,0,20,,60999,7,,,0,20,,61000,7,,,0,60,,61001,7,,,0,20,,61002,7,,,0,20,,61003,7,,,0,60,,61004,7,,,0,20,,61005,7,,,0,20,,61006,7,,,0,60,,61007,7,,,0,20,,61008,7,,,0,20,,61009,7,,,0,60,,61010,7,,,0,20,,61011,7,,,0,20,,61012,7,,,0,60,,61013,7,,,0,20,,61014,7,,,0,20,,61015,7,,,0,60,,61016,7,,,0,20,,61017,7,,,0,20,,61018,7,,,0,60,,61019,7,,,0,20,,61020,7,,,0,20,,61021,7,,,0,60,,61022,7,,,0,45,,61023,7,,,0,85,,61024,7,,,0,85,,61025,7,,,0,85,,61026,7,,,0,45,,61027,7,,,0,85,,61028,7,,,0,85,,61029,7,,,0,85,,61030,7,,,0,45,,61031,7,,,0
2001,'1389',548,,61032,7,,,0,60,,61033,7,,,0,20,,61034,7,,,0,20,,61035,7,,,0,60,,61036,7,,,0,20,,61037,7,,,0,20,,61038,7,,,0,60,,61039,7,,,0,20,,61040,7,,,0,20,,61041,7,,,0,60,,61042,7,,,0,20,,61043,7,,,0,20,,61044,7,,,0,60,,61045,7,,,0,20,,61046,7,,,0,20,,61047,7,,,0,60,,61048,7,,,0,20,,61049,7,,,0,20,,61050,7,,,0,60,,61051,7,,,0,20,,61052,7,,,0,20,,61053,7,,,0,60,,61054,7,,,0,20,,61055,7,,,0,20,,61056,7,,,0,60,,61057,7,,,0,20,,61058,7,,,0,20,,61059,7,,,0,60,,61060,7,,,0,20,,61061,7,,,0,20,,61062,7,,,0,60,,61063,7,,,0,20,,61064,7,,,0,20,,61065,7,,,0,60,,61066,7,,,0,20,,61067,7,,,0,20,,61068,7,,,0,60,,61069,7,,,0,45,,61070,7,,,0,85,,61071,7,,,0,85,,61072,7,,,0,85,,61073,7,,,0,45,,61074,7,,,0,85,,61075,7,,,0,85,,61076,7,,,0,85,,61077,7,,,0,45,,61078,7,,,0
