70101,'1370',745,,46926,61,4,,0,170,,46927,61,4,,0,130,,46928,61,4,,0,170,,46929,61,4,,0,130,,46930,61,4,,0,170,,46931,61,4,,0,130,,46932,61,4,,0,170,,46933,61,4,,0
70101,'1371',745,,46934,61,4,,0,85,,46935,61,4,,0,85,,46936,61,4,,0,85,,46937,61,4,,0,45,,46938,61,4,,0,170,,46939,61,4,,0,130,,46940,61,4,,0,85,,46941,61,4,,0,85,,46942,61,4,,0,85,,46943,61,4,,0,45,,46944,61,4,,0,85,,46945,61,4,,0,85,,46946,61,4,,0,85,,46947,61,4,,0
70101,'1372',745,,46948,61,4,,0,85,,46949,61,4,,0,85,,46950,61,4,,0,85,,46951,61,4,,0,45,,46952,61,4,,0,170,,46953,61,4,,0,130,,46954,61,4,,0,85,,46955,61,4,,0,85,,46956,61,4,,0,85,,46957,61,4,,0,45,,46958,61,4,,0,85,,46959,61,4,,0,85,,46960,61,4,,0,85,,46961,61,4,,0
70101,'1373',745,,46962,61,4,,0,85,,46963,61,4,,0,85,,46964,61,4,,0,85,,46965,61,4,,0,45,,46966,61,4,,0,170,,46967,61,4,,0,130,,46968,61,4,,0,85,,46969,61,4,,0,85,,46970,61,4,,0,85,,46971,61,4,,0,45,,46972,61,4,,0,85,,46973,61,4,,0,85,,46974,61,4,,0,85,,46975,61,4,,0
70101,'1374',745,,46976,61,4,,0,85,,46977,61,4,,0,85,,46978,61,4,,0,85,,46979,61,4,,0,45,,46980,61,4,,0,170,,46981,61,4,,0,130,,46982,61,4,,0,85,,46983,61,4,,0,85,,46984,61,4,,0,85,,46985,61,4,,0,45,,46986,61,4,,0,85,,46987,61,4,,0,85,,46988,61,4,,0,85,,46989,61,4,,0
70101,'1375',745,,46990,61,4,,0,85,,46991,61,4,,0,85,,46992,61,4,,0,85,,46993,61,4,,0,45,,46994,61,4,,0,170,,46995,61,4,,0,130,,46996,61,4,,0,85,,46997,61,4,,0,85,,46998,61,4,,0,85,,46999,61,4,,0,45,,47000,61,4,,0,85,,47001,61,4,,0,85,,47002,61,4,,0,85,,47003,61,4,,0
70102,'1370',750,,47004,1,0,16,0,170,,47005,1,0,16,0,130,,47006,1,0,16,0,170,,47007,1,0,16,0,130,,47008,1,0,16,0,170,,47009,1,0,16,0,130,,47010,1,0,16,0,170,,47011,1,0,16,0
70102,'1371',705,,47012,1,0,16,0,45,,47013,1,0,16,0,85,,47014,1,0,16,0,85,,47015,1,0,16,0,85,,47016,1,0,16,0,45,,47017,1,0,16,0,170,,47018,1,0,16,0,130,,47019,1,0,16,0,85,,47020,1,0,16,0,85,,47021,1,0,16,0,85,,47022,1,0,16,0,45,,47023,1,0,16,0,85,,47024,1,0,16,0,85,,47025,1,0,16,0
70102,'1372',705,,47026,1,0,16,0,45,,47027,1,0,16,0,85,,47028,1,0,16,0,85,,47029,1,0,16,0,85,,47030,1,0,16,0,45,,47031,1,0,16,0,170,,47032,1,0,16,0,130,,47033,1,0,16,0,85,,47034,1,0,16,0,85,,47035,1,0,16,0,85,,47036,1,0,16,0,45,,47037,1,0,16,0,85,,47038,1,0,16,0,85,,47039,1,0,16,0
70102,'1373',705,,47040,1,0,16,0,45,,47041,1,0,16,0,85,,47042,1,0,16,0,85,,47043,1,0,16,0,85,,47044,1,0,16,0,45,,47045,1,0,16,0,170,,47046,1,0,16,0,130,,47047,1,0,16,0,85,,47048,1,0,16,0,85,,47049,1,0,16,0,85,,47050,1,0,16,0,45,,47051,1,0,16,0,85,,47052,1,0,16,0,85,,47053,1,0,16,0
70102,'1374',705,,47054,1,0,16,0,45,,47055,1,0,16,0,85,,47056,1,0,16,0,85,,47057,1,0,16,0,85,,47058,1,0,16,0,45,,47059,1,0,16,0,170,,47060,1,0,16,0,130,,47061,1,0,16,0,85,,47062,1,0,16,0,85,,47063,1,0,16,0,85,,47064,1,0,16,0,45,,47065,1,0,16,0,85,,47066,1,0,16,0,85,,47067,1,0,16,0
70102,'1375',705,,47068,1,0,16,0,45,,47069,1,0,16,0,85,,47070,1,0,16,0,85,,47071,1,0,16,0,85,,47072,1,0,16,0,45,,47073,1,0,16,0,170,,47074,1,0,16,0,130,,47075,1,0,16,0,85,,47076,1,0,16,0,85,,47077,1,0,16,0,85,,47078,1,0,16,0,45,,47079,1,0,16,0,85,,47080,1,0,16,0,85,,47081,1,0,16,0
400100,'1369',951,,47097,4,4,,0,75,,47096,4,4,,0,75,,47095,4,4,,0,35,,47094,4,4,,0,75,,47093,4,4,,0,35,,47092,4,4,,0,75,,47091,4,4,,0,35,,47090,4,4,,0,75,,47089,4,4,,0,75,,47088,4,4,,0,35,,47087,4,4,,0,75,,47086,4,4,,0,35,,47085,4,4,,0,75,,47084,4,4,,0,75,,47083,4,4,,0,35,,47082,4,4,,0
400100,'1370',816,,47098,4,4,,0,35,,47099,4,4,,0,75,,47100,4,4,,0,75,,47101,4,4,,0,35,,47102,4,4,,0,75,,47103,4,4,,0,35,,47104,4,4,,0,75,,47105,4,4,,0,35,,47106,4,4,,0,75,,47107,4,4,,0,75,,47108,4,4,,0,35,,47109,4,4,,0,75,,47110,4,4,,0,35,,47111,4,4,,0,75,,47112,4,4,,0,75,,47113,4,4,,0,35,,47114,4,4,,0,75,,47115,4,4,,0,35,,47116,4,4,,0,75,,47117,4,4,,0
400100,'1371',716,,47118,4,4,,0,35,,47119,4,4,,0,75,,47120,4,4,,0,75,,47121,4,4,,0,35,,47122,4,4,,0,75,,47123,4,4,,0,35,,47124,4,4,,0,75,,47125,4,4,,0,35,,47126,4,4,,0,75,,47127,4,4,,0,75,,47128,4,4,,0,35,,47129,4,4,,0,75,,47130,4,4,,0,35,,47131,4,4,,0,75,,47132,4,4,,0,75,,47133,4,4,,0,35,,47134,4,4,,0,75,,47135,4,4,,0,35,,47136,4,4,,0,75,,47137,4,4,,0,35,,47138,4,4,,0,75,,47139,4,4,,0,75,,47140,4,4,,0,35,,47141,4,4,,0,75,,47142,4,4,,0,35,,47143,4,4,,0,75,,47144,4,4,,0
400100,'1372',716,,47145,4,4,,0,35,,47146,4,4,,0,75,,47147,4,4,,0,75,,47148,4,4,,0,35,,47149,4,4,,0,75,,47150,4,4,,0,35,,47151,4,4,,0,75,,47152,4,4,,0,35,,47153,4,4,,0,75,,47154,4,4,,0,75,,47155,4,4,,0,35,,47156,4,4,,0,75,,47157,4,4,,0,35,,47158,4,4,,0,75,,47159,4,4,,0,75,,47160,4,4,,0,35,,47161,4,4,,0,75,,47162,4,4,,0,35,,47163,4,4,,0,75,,47164,4,4,,0,35,,47165,4,4,,0,75,,47166,4,4,,0,75,,47167,4,4,,0,35,,47168,4,4,,0,75,,47169,4,4,,0,35,,47170,4,4,,0,75,,47171,4,4,,0
400100,'1373',716,,47172,4,4,,0,35,,47173,4,4,,0,75,,47174,4,4,,0,75,,47175,4,4,,0,35,,47176,4,4,,0,75,,47177,4,4,,0,35,,47178,4,4,,0,75,,47179,4,4,,0,35,,47180,4,4,,0,75,,47181,4,4,,0,75,,47182,4,4,,0,35,,47183,4,4,,0,75,,47184,4,4,,0,35,,47185,4,4,,0,75,,47186,4,4,,0,75,,47187,4,4,,0,35,,47188,4,4,,0,75,,47189,4,4,,0,35,,47190,4,4,,0,75,,47191,4,4,,0,35,,47192,4,4,,0,75,,47193,4,4,,0,75,,47194,4,4,,0,35,,47195,4,4,,0,75,,47196,4,4,,0,35,,47197,4,4,,0,75,,47198,4,4,,0
400100,'1374',716,,47199,4,4,,0,35,,47200,4,4,,0,75,,47201,4,4,,0,75,,47202,4,4,,0,35,,47203,4,4,,0,75,,47204,4,4,,0,35,,47205,4,4,,0,75,,47206,4,4,,0,35,,47207,4,4,,0,75,,47208,4,4,,0,75,,47209,4,4,,0,35,,47210,4,4,,0,75,,47211,4,4,,0,35,,47212,4,4,,0,75,,47213,4,4,,0,75,,47214,4,4,,0,35,,47215,4,4,,0,75,,47216,4,4,,0,35,,47217,4,4,,0,75,,47218,4,4,,0,35,,47219,4,4,,0,75,,47220,4,4,,0,75,,47221,4,4,,0,35,,47222,4,4,,0,75,,47223,4,4,,0,35,,47224,4,4,,0,75,,47225,4,4,,0
400100,'1375',716,,47226,4,4,,0,35,,47227,4,4,,0,75,,47228,4,4,,0,75,,47229,4,4,,0,35,,47230,4,4,,0,75,,47231,4,4,,0,35,,47232,4,4,,0,75,,47233,4,4,,0,35,,47234,4,4,,0,75,,47235,4,4,,0,75,,47236,4,4,,0,35,,47237,4,4,,0,75,,47238,4,4,,0,35,,47239,4,4,,0,75,,47240,4,4,,0,75,,47241,4,4,,0,35,,47242,4,4,,0,75,,47243,4,4,,0,35,,47244,4,4,,0,75,,47245,4,4,,0,35,,47246,4,4,,0,75,,47247,4,4,,0,75,,47248,4,4,,0,35,,47249,4,4,,0,75,,47250,4,4,,0,35,,47251,4,4,,0,75,,47252,4,4,,0
400101,'1369',955,,47268,1,0,11,0,75,,47267,1,0,11,0,75,,47266,1,0,11,0,35,,47265,1,0,11,0,75,,47264,1,0,11,0,35,,47263,1,0,11,0,75,,47262,1,0,11,0,75,,47261,1,0,11,0,35,,47260,1,0,11,0,75,,47259,1,0,11,0,35,,47258,1,0,11,0,75,,47257,1,0,11,0,35,,47256,1,0,11,0,75,,47255,1,0,11,0,75,,47254,1,0,11,0,35,,47253,1,0,11,0
400101,'1370',820,,47269,1,0,11,0,35,,47270,1,0,11,0,75,,47271,1,0,11,0,75,,47272,1,0,11,0,35,,47273,1,0,11,0,75,,47274,1,0,11,0,35,,47275,1,0,11,0,75,,47276,1,0,11,0,75,,47277,1,0,11,0,35,,47278,1,0,11,0,75,,47279,1,0,11,0,35,,47280,1,0,11,0,75,,47281,1,0,11,0,35,,47282,1,0,11,0,75,,47283,1,0,11,0,75,,47284,1,0,11,0,35,,47285,1,0,11,0,75,,47286,1,0,11,0,35,,47287,1,0,11,0,75,,47288,1,0,11,0
400101,'1371',720,,47289,1,0,11,0,35,,47290,1,0,11,0,75,,47291,1,0,11,0,75,,47292,1,0,11,0,35,,47293,1,0,11,0,75,,47294,1,0,11,0,35,,47295,1,0,11,0,75,,47296,1,0,11,0,75,,47297,1,0,11,0,35,,47298,1,0,11,0,75,,47299,1,0,11,0,35,,47300,1,0,11,0,75,,47301,1,0,11,0,35,,47302,1,0,11,0,75,,47303,1,0,11,0,75,,47304,1,0,11,0,35,,47305,1,0,11,0,75,,47306,1,0,11,0,35,,47307,1,0,11,0,75,,47308,1,0,11,0,75,,47309,1,0,11,0,35,,47310,1,0,11,0,75,,47311,1,0,11,0,35,,47312,1,0,11,0,75,,47313,1,0,11,0,35,,47314,1,0,11,0,75,,47315,1,0,11,0
400101,'1372',720,,47316,1,0,11,0,35,,47317,1,0,11,0,75,,47318,1,0,11,0,75,,47319,1,0,11,0,35,,47320,1,0,11,0,75,,47321,1,0,11,0,35,,47322,1,0,11,0,75,,47323,1,0,11,0,75,,47324,1,0,11,0,35,,47325,1,0,11,0,75,,47326,1,0,11,0,35,,47327,1,0,11,0,75,,47328,1,0,11,0,35,,47329,1,0,11,0,75,,47330,1,0,11,0,75,,47331,1,0,11,0,35,,47332,1,0,11,0,75,,47333,1,0,11,0,35,,47334,1,0,11,0,75,,47335,1,0,11,0,75,,47336,1,0,11,0,35,,47337,1,0,11,0,75,,47338,1,0,11,0,35,,47339,1,0,11,0,75,,47340,1,0,11,0,35,,47341,1,0,11,0,75,,47342,1,0,11,0
400101,'1373',720,,47343,1,0,11,0,35,,47344,1,0,11,0,75,,47345,1,0,11,0,75,,47346,1,0,11,0,35,,47347,1,0,11,0,75,,47348,1,0,11,0,35,,47349,1,0,11,0,75,,47350,1,0,11,0,75,,47351,1,0,11,0,35,,47352,1,0,11,0,75,,47353,1,0,11,0,35,,47354,1,0,11,0,75,,47355,1,0,11,0,35,,47356,1,0,11,0,75,,47357,1,0,11,0,75,,47358,1,0,11,0,35,,47359,1,0,11,0,75,,47360,1,0,11,0,35,,47361,1,0,11,0,75,,47362,1,0,11,0,75,,47363,1,0,11,0,35,,47364,1,0,11,0,75,,47365,1,0,11,0,35,,47366,1,0,11,0,75,,47367,1,0,11,0,35,,47368,1,0,11,0,75,,47369,1,0,11,0
400101,'1374',720,,47370,1,0,11,0,35,,47371,1,0,11,0,75,,47372,1,0,11,0,75,,47373,1,0,11,0,35,,47374,1,0,11,0,75,,47375,1,0,11,0,35,,47376,1,0,11,0,75,,47377,1,0,11,0,75,,47378,1,0,11,0,35,,47379,1,0,11,0,75,,47380,1,0,11,0,35,,47381,1,0,11,0,75,,47382,1,0,11,0,35,,47383,1,0,11,0,75,,47384,1,0,11,0,75,,47385,1,0,11,0,35,,47386,1,0,11,0,75,,47387,1,0,11,0,35,,47388,1,0,11,0,75,,47389,1,0,11,0,75,,47390,1,0,11,0,35,,47391,1,0,11,0,75,,47392,1,0,11,0,35,,47393,1,0,11,0,75,,47394,1,0,11,0,35,,47395,1,0,11,0,75,,47396,1,0,11,0
400101,'1375',720,,47397,1,0,11,0,35,,47398,1,0,11,0,75,,47399,1,0,11,0,75,,47400,1,0,11,0,35,,47401,1,0,11,0,75,,47402,1,0,11,0,35,,47403,1,0,11,0,75,,47404,1,0,11,0,75,,47405,1,0,11,0,35,,47406,1,0,11,0,75,,47407,1,0,11,0,35,,47408,1,0,11,0,75,,47409,1,0,11,0,35,,47410,1,0,11,0,75,,47411,1,0,11,0,75,,47412,1,0,11,0,35,,47413,1,0,11,0,75,,47414,1,0,11,0,35,,47415,1,0,11,0,75,,47416,1,0,11,0,75,,47417,1,0,11,0,35,,47418,1,0,11,0,75,,47419,1,0,11,0,35,,47420,1,0,11,0,75,,47421,1,0,11,0,35,,47422,1,0,11,0,75,,47423,1,0,11,0
643503,'1369',930,,47729,1,0,15,0,70,,47728,1,0,15,0,30,,47727,1,0,15,0,70,,47726,1,0,15,0,30,,47725,1,0,15,0,70,,47724,1,0,15,0,30,,47723,1,0,15,0,70,,47722,1,0,15,0,30,,47721,1,0,15,0,70,,47720,1,0,15,0,30,,47719,1,0,15,0,70,,47718,1,0,15,0,30,,47717,1,0,15,0,70,,47716,1,0,15,0,30,,47715,1,0,15,0,70,,47714,1,0,15,0,30,,47713,1,0,15,0,70,,47712,1,0,15,0,30,,47711,1,0,15,0,100,,47710,1,0,15,0
643503,'1370',730,,47730,1,0,15,0,100,,47731,1,0,15,0,70,,47732,1,0,15,0,30,,47733,1,0,15,0,70,,47734,1,0,15,0,30,,47735,1,0,15,0,70,,47736,1,0,15,0,30,,47737,1,0,15,0,70,,47738,1,0,15,0,30,,47739,1,0,15,0,70,,47740,1,0,15,0,30,,47741,1,0,15,0,70,,47742,1,0,15,0,30,,47743,1,0,15,0,70,,47744,1,0,15,0,30,,47745,1,0,15,0,70,,47746,1,0,15,0,30,,47747,1,0,15,0,70,,47748,1,0,15,0,30,,47749,1,0,15,0,70,,47750,1,0,15,0,30,,47751,1,0,15,0,70,,47752,1,0,15,0,30,,47753,1,0,15,0,100,,47754,1,0,15,0,100,,47755,1,0,15,0,100,,47756,1,0,15,0
643503,'1371',630,,47757,1,0,15,0,70,,47758,1,0,15,0,20,,47759,1,0,15,0,10,,47760,1,0,15,0,10,,47761,1,0,15,0,15,,47762,1,0,15,0,55,,47763,1,0,15,0,15,,47764,1,0,15,0,15,,47765,1,0,15,0,15,,47766,1,0,15,0,65,,47767,1,0,15,0,20,,47768,1,0,15,0,60,,47769,1,0,15,0,20,,47770,1,0,15,0,20,,47771,1,0,15,0,60,,47772,1,0,15,0,20,,47773,1,0,15,0,20,,47774,1,0,15,0,60,,47775,1,0,15,0,20,,47776,1,0,15,0,20,,47777,1,0,15,0,60,,47778,1,0,15,0,20,,47779,1,0,15,0,20,,47780,1,0,15,0,60,,47781,1,0,15,0,20,,47782,1,0,15,0,10,,47783,1,0,15,0,10,,47784,1,0,15,0,60,,47785,1,0,15,0,10,,47786,1,0,15,0,10,,47787,1,0,15,0,20,,47788,1,0,15,0,10,,47789,1,0,15,0,50,,47790,1,0,15,0,20,,47791,1,0,15,0,20,,47792,1,0,15,0,60,,47793,1,0,15,0,20,,47794,1,0,15,0,20,,47795,1,0,15,0,60,,47796,1,0,15,0,20,,47797,1,0,15,0,20,,47798,1,0,15,0,60,,47799,1,0,15,0,30,,47800,1,0,15,0,70,,47801,1,0,15,0,30,,47802,1,0,15,0,70,,47803,1,0,15,0,30,,47804,1,0,15,0,70,,47805,1,0,15,0,30,,47806,1,0,15,0,70,,47807,1,0,15,0,30,,47808,1,0,15,0
643503,'1372',630,,47809,1,0,15,0,70,,47810,1,0,15,0,20,,47811,1,0,15,0,10,,47812,1,0,15,0,10,,47813,1,0,15,0,15,,47814,1,0,15,0,55,,47815,1,0,15,0,15,,47816,1,0,15,0,15,,47817,1,0,15,0,15,,47818,1,0,15,0,65,,47819,1,0,15,0,20,,47820,1,0,15,0,60,,47821,1,0,15,0,20,,47822,1,0,15,0,20,,47823,1,0,15,0,60,,47824,1,0,15,0,20,,47825,1,0,15,0,20,,47826,1,0,15,0,60,,47827,1,0,15,0,20,,47828,1,0,15,0,20,,47829,1,0,15,0,60,,47830,1,0,15,0,20,,47831,1,0,15,0,20,,47832,1,0,15,0,60,,47833,1,0,15,0,20,,47834,1,0,15,0,10,,47835,1,0,15,0,10,,47836,1,0,15,0,60,,47837,1,0,15,0,10,,47838,1,0,15,0,10,,47839,1,0,15,0,20,,47840,1,0,15,0,10,,47841,1,0,15,0,50,,47842,1,0,15,0,20,,47843,1,0,15,0,20,,47844,1,0,15,0,60,,47845,1,0,15,0,20,,47846,1,0,15,0,20,,47847,1,0,15,0,60,,47848,1,0,15,0,20,,47849,1,0,15,0,20,,47850,1,0,15,0,60,,47851,1,0,15,0,30,,47852,1,0,15,0,70,,47853,1,0,15,0,30,,47854,1,0,15,0,70,,47855,1,0,15,0,30,,47856,1,0,15,0,70,,47857,1,0,15,0,30,,47858,1,0,15,0,70,,47859,1,0,15,0,30,,47860,1,0,15,0
643503,'1373',630,,47861,1,0,15,0,70,,47862,1,0,15,0,20,,47863,1,0,15,0,10,,47864,1,0,15,0,10,,47865,1,0,15,0,15,,47866,1,0,15,0,55,,47867,1,0,15,0,15,,47868,1,0,15,0,15,,47869,1,0,15,0,15,,47870,1,0,15,0,65,,47871,1,0,15,0,20,,47872,1,0,15,0,60,,47873,1,0,15,0,20,,47874,1,0,15,0,20,,47875,1,0,15,0,60,,47876,1,0,15,0,20,,47877,1,0,15,0,20,,47878,1,0,15,0,60,,47879,1,0,15,0,20,,47880,1,0,15,0,20,,47881,1,0,15,0,60,,47882,1,0,15,0,20,,47883,1,0,15,0,20,,47884,1,0,15,0,60,,47885,1,0,15,0,20,,47886,1,0,15,0,10,,47887,1,0,15,0,10,,47888,1,0,15,0,60,,47889,1,0,15,0,10,,47890,1,0,15,0,10,,47891,1,0,15,0,20,,47892,1,0,15,0,10,,47893,1,0,15,0,50,,47894,1,0,15,0,20,,47895,1,0,15,0,20,,47896,1,0,15,0,60,,47897,1,0,15,0,20,,47898,1,0,15,0,20,,47899,1,0,15,0,60,,47900,1,0,15,0,20,,47901,1,0,15,0,20,,47902,1,0,15,0,60,,47903,1,0,15,0,30,,47904,1,0,15,0,70,,47905,1,0,15,0,30,,47906,1,0,15,0,70,,47907,1,0,15,0,30,,47908,1,0,15,0,70,,47909,1,0,15,0,30,,47910,1,0,15,0,70,,47911,1,0,15,0,30,,47912,1,0,15,0
643503,'1374',630,,47913,1,0,15,0,70,,47914,1,0,15,0,20,,47915,1,0,15,0,10,,47916,1,0,15,0,10,,47917,1,0,15,0,15,,47918,1,0,15,0,55,,47919,1,0,15,0,15,,47920,1,0,15,0,15,,47921,1,0,15,0,15,,47922,1,0,15,0,65,,47923,1,0,15,0,20,,47924,1,0,15,0,60,,47925,1,0,15,0,20,,47926,1,0,15,0,20,,47927,1,0,15,0,60,,47928,1,0,15,0,20,,47929,1,0,15,0,20,,47930,1,0,15,0,60,,47931,1,0,15,0,20,,47932,1,0,15,0,20,,47933,1,0,15,0,60,,47934,1,0,15,0,20,,47935,1,0,15,0,20,,47936,1,0,15,0,60,,47937,1,0,15,0,20,,47938,1,0,15,0,10,,47939,1,0,15,0,10,,47940,1,0,15,0,60,,47941,1,0,15,0,10,,47942,1,0,15,0,10,,47943,1,0,15,0,20,,47944,1,0,15,0,10,,47945,1,0,15,0,50,,47946,1,0,15,0,20,,47947,1,0,15,0,20,,47948,1,0,15,0,60,,47949,1,0,15,0,20,,47950,1,0,15,0,20,,47951,1,0,15,0,60,,47952,1,0,15,0,20,,47953,1,0,15,0,20,,47954,1,0,15,0,60,,47955,1,0,15,0,30,,47956,1,0,15,0,70,,47957,1,0,15,0,30,,47958,1,0,15,0,70,,47959,1,0,15,0,30,,47960,1,0,15,0,70,,47961,1,0,15,0,30,,47962,1,0,15,0,70,,47963,1,0,15,0,30,,47964,1,0,15,0
643503,'1375',630,,47965,1,0,15,0,70,,47966,1,0,15,0,20,,47967,1,0,15,0,10,,47968,1,0,15,0,10,,47969,1,0,15,0,15,,47970,1,0,15,0,55,,47971,1,0,15,0,15,,47972,1,0,15,0,15,,47973,1,0,15,0,15,,47974,1,0,15,0,65,,47975,1,0,15,0,20,,47976,1,0,15,0,60,,47977,1,0,15,0,20,,47978,1,0,15,0,20,,47979,1,0,15,0,60,,47980,1,0,15,0,20,,47981,1,0,15,0,20,,47982,1,0,15,0,60,,47983,1,0,15,0,20,,47984,1,0,15,0,20,,47985,1,0,15,0,60,,47986,1,0,15,0,20,,47987,1,0,15,0,20,,47988,1,0,15,0,60,,47989,1,0,15,0,20,,47990,1,0,15,0,10,,47991,1,0,15,0,10,,47992,1,0,15,0,60,,47993,1,0,15,0,10,,47994,1,0,15,0,10,,47995,1,0,15,0,20,,47996,1,0,15,0,10,,47997,1,0,15,0,50,,47998,1,0,15,0,20,,47999,1,0,15,0,20,,48000,1,0,15,0,60,,48001,1,0,15,0,20,,48002,1,0,15,0,20,,48003,1,0,15,0,60,,48004,1,0,15,0,20,,48005,1,0,15,0,20,,48006,1,0,15,0,60,,48007,1,0,15,0,30,,48008,1,0,15,0,70,,48009,1,0,15,0,30,,48010,1,0,15,0,70,,48011,1,0,15,0,30,,48012,1,0,15,0,70,,48013,1,0,15,0,30,,48014,1,0,15,0,70,,48015,1,0,15,0,30,,48016,1,0,15,0
643504,'1369',929,,48036,39,4,,0,100,,48035,39,4,,0,30,,48034,39,4,,0,70,,48033,39,4,,0,30,,48032,39,4,,0,70,,48031,39,4,,0,30,,48030,39,4,,0,70,,48029,39,4,,0,30,,48028,39,4,,0,70,,48027,39,4,,0,30,,48026,39,4,,0,70,,48025,39,4,,0,30,,48024,39,4,,0,70,,48023,39,4,,0,30,,48022,39,4,,0,70,,48021,39,4,,0,30,,48020,39,4,,0,70,,48019,39,4,,0,30,,48018,39,4,,0,70,,48017,39,4,,0
643504,'1370',729,,48037,39,4,,0,100,,48038,39,4,,0,100,,48039,39,4,,0,30,,48040,39,4,,0,70,,48041,39,4,,0,30,,48042,39,4,,0,70,,48043,39,4,,0,30,,48044,39,4,,0,70,,48045,39,4,,0,30,,48046,39,4,,0,70,,48047,39,4,,0,30,,48048,39,4,,0,70,,48049,39,4,,0,30,,48050,39,4,,0,70,,48051,39,4,,0,30,,48052,39,4,,0,70,,48053,39,4,,0,30,,48054,39,4,,0,70,,48055,39,4,,0,30,,48056,39,4,,0,70,,48057,39,4,,0,30,,48058,39,4,,0,70,,48059,39,4,,0,30,,48060,39,4,,0,70,,48061,39,4,,0,100,,48062,39,4,,0,100,,48063,39,4,,0
643504,'1371',629,,48064,39,4,,0,30,,48065,39,4,,0,60,,48066,39,4,,0,17,,48067,39,4,,0,15,,48068,39,4,,0,55,,48069,39,4,,0,15,,48070,39,4,,0,15,,48071,39,4,,0,15,,48072,39,4,,0,55,,48073,39,4,,0,13,,48074,39,4,,0,17,,48075,39,4,,0,20,,48076,39,4,,0,60,,48077,39,4,,0,20,,48078,39,4,,0,20,,48079,39,4,,0,60,,48080,39,4,,0,20,,48081,39,4,,0,20,,48082,39,4,,0,60,,48083,39,4,,0,20,,48084,39,4,,0,20,,48085,39,4,,0,60,,48086,39,4,,0,20,,48087,39,4,,0,20,,48088,39,4,,0,60,,48089,39,4,,0,20,,48090,39,4,,0,20,,48091,39,4,,0,50,,48092,39,4,,0,10,,48093,39,4,,0,20,,48094,39,4,,0,10,,48095,39,4,,0,10,,48096,39,4,,0,60,,48097,39,4,,0,10,,48098,39,4,,0,10,,48099,39,4,,0,20,,48100,39,4,,0,60,,48101,39,4,,0,20,,48102,39,4,,0,20,,48103,39,4,,0,60,,48104,39,4,,0,20,,48105,39,4,,0,20,,48106,39,4,,0,60,,48107,39,4,,0,13,,48108,39,4,,0,30,,48109,39,4,,0,70,,48110,39,4,,0,30,,48111,39,4,,0,70,,48112,39,4,,0,30,,48113,39,4,,0,70,,48114,39,4,,0,30,,48115,39,4,,0,70,,48116,39,4,,0
643504,'1372',629,,48117,39,4,,0,30,,48118,39,4,,0,60,,48119,39,4,,0,17,,48120,39,4,,0,15,,48121,39,4,,0,55,,48122,39,4,,0,15,,48123,39,4,,0,15,,48124,39,4,,0,15,,48125,39,4,,0,55,,48126,39,4,,0,13,,48127,39,4,,0,17,,48128,39,4,,0,20,,48129,39,4,,0,60,,48130,39,4,,0,20,,48131,39,4,,0,20,,48132,39,4,,0,60,,48133,39,4,,0,20,,48134,39,4,,0,20,,48135,39,4,,0,60,,48136,39,4,,0,20,,48137,39,4,,0,20,,48138,39,4,,0,60,,48139,39,4,,0,20,,48140,39,4,,0,20,,48141,39,4,,0,60,,48142,39,4,,0,20,,48143,39,4,,0,20,,48144,39,4,,0,50,,48145,39,4,,0,10,,48146,39,4,,0,20,,48147,39,4,,0,10,,48148,39,4,,0,10,,48149,39,4,,0,60,,48150,39,4,,0,10,,48151,39,4,,0,10,,48152,39,4,,0,20,,48153,39,4,,0,60,,48154,39,4,,0,20,,48155,39,4,,0,20,,48156,39,4,,0,60,,48157,39,4,,0,20,,48158,39,4,,0,20,,48159,39,4,,0,60,,48160,39,4,,0,13,,48161,39,4,,0,30,,48162,39,4,,0,70,,48163,39,4,,0,30,,48164,39,4,,0,70,,48165,39,4,,0,30,,48166,39,4,,0,70,,48167,39,4,,0,30,,48168,39,4,,0,70,,48169,39,4,,0
643504,'1373',629,,48170,39,4,,0,30,,48171,39,4,,0,60,,48172,39,4,,0,17,,48173,39,4,,0,15,,48174,39,4,,0,55,,48175,39,4,,0,15,,48176,39,4,,0,15,,48177,39,4,,0,15,,48178,39,4,,0,55,,48179,39,4,,0,13,,48180,39,4,,0,17,,48181,39,4,,0,20,,48182,39,4,,0,60,,48183,39,4,,0,20,,48184,39,4,,0,20,,48185,39,4,,0,60,,48186,39,4,,0,20,,48187,39,4,,0,20,,48188,39,4,,0,60,,48189,39,4,,0,20,,48190,39,4,,0,20,,48191,39,4,,0,60,,48192,39,4,,0,20,,48193,39,4,,0,20,,48194,39,4,,0,60,,48195,39,4,,0,20,,48196,39,4,,0,20,,48197,39,4,,0,50,,48198,39,4,,0,10,,48199,39,4,,0,20,,48200,39,4,,0,10,,48201,39,4,,0,10,,48202,39,4,,0,60,,48203,39,4,,0,10,,48204,39,4,,0,10,,48205,39,4,,0,20,,48206,39,4,,0,60,,48207,39,4,,0,20,,48208,39,4,,0,20,,48209,39,4,,0,60,,48210,39,4,,0,20,,48211,39,4,,0,20,,48212,39,4,,0,60,,48213,39,4,,0,13,,48214,39,4,,0,30,,48215,39,4,,0,70,,48216,39,4,,0,30,,48217,39,4,,0,70,,48218,39,4,,0,30,,48219,39,4,,0,70,,48220,39,4,,0,30,,48221,39,4,,0,70,,48222,39,4,,0
643504,'1374',629,,48223,39,4,,0,30,,48224,39,4,,0,60,,48225,39,4,,0,17,,48226,39,4,,0,15,,48227,39,4,,0,55,,48228,39,4,,0,15,,48229,39,4,,0,15,,48230,39,4,,0,15,,48231,39,4,,0,55,,48232,39,4,,0,13,,48233,39,4,,0,17,,48234,39,4,,0,20,,48235,39,4,,0,60,,48236,39,4,,0,20,,48237,39,4,,0,20,,48238,39,4,,0,60,,48239,39,4,,0,20,,48240,39,4,,0,20,,48241,39,4,,0,60,,48242,39,4,,0,20,,48243,39,4,,0,20,,48244,39,4,,0,60,,48245,39,4,,0,20,,48246,39,4,,0,20,,48247,39,4,,0,60,,48248,39,4,,0,20,,48249,39,4,,0,20,,48250,39,4,,0,50,,48251,39,4,,0,10,,48252,39,4,,0,20,,48253,39,4,,0,10,,48254,39,4,,0,10,,48255,39,4,,0,60,,48256,39,4,,0,10,,48257,39,4,,0,10,,48258,39,4,,0,20,,48259,39,4,,0,60,,48260,39,4,,0,20,,48261,39,4,,0,20,,48262,39,4,,0,60,,48263,39,4,,0,20,,48264,39,4,,0,20,,48265,39,4,,0,60,,48266,39,4,,0,13,,48267,39,4,,0,30,,48268,39,4,,0,70,,48269,39,4,,0,30,,48270,39,4,,0,70,,48271,39,4,,0,30,,48272,39,4,,0,70,,48273,39,4,,0,30,,48274,39,4,,0,70,,48275,39,4,,0
643504,'1375',629,,48276,39,4,,0,30,,48277,39,4,,0,60,,48278,39,4,,0,17,,48279,39,4,,0,15,,48280,39,4,,0,55,,48281,39,4,,0,15,,48282,39,4,,0,15,,48283,39,4,,0,15,,48284,39,4,,0,55,,48285,39,4,,0,13,,48286,39,4,,0,17,,48287,39,4,,0,20,,48288,39,4,,0,60,,48289,39,4,,0,20,,48290,39,4,,0,20,,48291,39,4,,0,60,,48292,39,4,,0,20,,48293,39,4,,0,20,,48294,39,4,,0,60,,48295,39,4,,0,20,,48296,39,4,,0,20,,48297,39,4,,0,60,,48298,39,4,,0,20,,48299,39,4,,0,20,,48300,39,4,,0,60,,48301,39,4,,0,20,,48302,39,4,,0,20,,48303,39,4,,0,50,,48304,39,4,,0,10,,48305,39,4,,0,20,,48306,39,4,,0,10,,48307,39,4,,0,10,,48308,39,4,,0,60,,48309,39,4,,0,10,,48310,39,4,,0,10,,48311,39,4,,0,20,,48312,39,4,,0,60,,48313,39,4,,0,20,,48314,39,4,,0,20,,48315,39,4,,0,60,,48316,39,4,,0,20,,48317,39,4,,0,20,,48318,39,4,,0,60,,48319,39,4,,0,13,,48320,39,4,,0,30,,48321,39,4,,0,70,,48322,39,4,,0,30,,48323,39,4,,0,70,,48324,39,4,,0,30,,48325,39,4,,0,70,,48326,39,4,,0,30,,48327,39,4,,0,70,,48328,39,4,,0
647703,'1369',930,,48347,1,0,15,0,70,,48346,1,0,15,0,30,,48345,1,0,15,0,70,,48344,1,0,15,0,30,,48343,1,0,15,0,70,,48342,1,0,15,0,30,,48341,1,0,15,0,70,,48340,1,0,15,0,30,,48339,1,0,15,0,70,,48338,1,0,15,0,30,,48337,1,0,15,0,70,,48336,1,0,15,0,30,,48335,1,0,15,0,70,,48334,1,0,15,0,30,,48333,1,0,15,0,70,,48332,1,0,15,0,30,,48331,1,0,15,0,100,,48330,1,0,15,0,100,,48329,1,0,15,0
647703,'1370',830,,48348,1,0,15,0,70,,48349,1,0,15,0,30,,48350,1,0,15,0,70,,48351,1,0,15,0,30,,48352,1,0,15,0,70,,48353,1,0,15,0,30,,48354,1,0,15,0,70,,48355,1,0,15,0,30,,48356,1,0,15,0,70,,48357,1,0,15,0,30,,48358,1,0,15,0,70,,48359,1,0,15,0,30,,48360,1,0,15,0,70,,48361,1,0,15,0,30,,48362,1,0,15,0,70,,48363,1,0,15,0,30,,48364,1,0,15,0,70,,48365,1,0,15,0,30,,48366,1,0,15,0,70,,48367,1,0,15,0,30,,48368,1,0,15,0,70,,48369,1,0,15,0,30,,48370,1,0,15,0,100,,48371,1,0,15,0,100,,48372,1,0,15,0,100,,48373,1,0,15,0
647703,'1371',630,,48374,1,0,15,0,70,,48375,1,0,15,0,30,,48376,1,0,15,0,70,,48377,1,0,15,0,30,,48378,1,0,15,0,70,,48379,1,0,15,0,30,,48380,1,0,15,0,70,,48381,1,0,15,0,30,,48382,1,0,15,0,70,,48383,1,0,15,0,30,,48384,1,0,15,0,70,,48385,1,0,15,0,30,,48386,1,0,15,0,70,,48387,1,0,15,0,30,,48388,1,0,15,0,70,,48389,1,0,15,0,30,,48390,1,0,15,0,70,,48391,1,0,15,0,30,,48392,1,0,15,0,70,,48393,1,0,15,0,30,,48394,1,0,15,0,70,,48395,1,0,15,0,30,,48396,1,0,15,0,70,,48397,1,0,15,0,30,,48398,1,0,15,0,70,,48399,1,0,15,0,30,,48400,1,0,15,0,70,,48401,1,0,15,0,30,,48402,1,0,15,0,100,,48403,1,0,15,0,100,,48404,1,0,15,0,100,,48405,1,0,15,0
647703,'1372',630,,48406,1,0,15,0,70,,48407,1,0,15,0,30,,48408,1,0,15,0,70,,48409,1,0,15,0,30,,48410,1,0,15,0,70,,48411,1,0,15,0,30,,48412,1,0,15,0,70,,48413,1,0,15,0,30,,48414,1,0,15,0,70,,48415,1,0,15,0,30,,48416,1,0,15,0,70,,48417,1,0,15,0,30,,48418,1,0,15,0,70,,48419,1,0,15,0,30,,48420,1,0,15,0,70,,48421,1,0,15,0,30,,48422,1,0,15,0,70,,48423,1,0,15,0,30,,48424,1,0,15,0,70,,48425,1,0,15,0,30,,48426,1,0,15,0,70,,48427,1,0,15,0,30,,48428,1,0,15,0,70,,48429,1,0,15,0,30,,48430,1,0,15,0,70,,48431,1,0,15,0,30,,48432,1,0,15,0,70,,48433,1,0,15,0,30,,48434,1,0,15,0,100,,48435,1,0,15,0,100,,48436,1,0,15,0,100,,48437,1,0,15,0
647703,'1373',630,,48438,1,0,15,0,70,,48439,1,0,15,0,30,,48440,1,0,15,0,70,,48441,1,0,15,0,30,,48442,1,0,15,0,70,,48443,1,0,15,0,30,,48444,1,0,15,0,70,,48445,1,0,15,0,30,,48446,1,0,15,0,70,,48447,1,0,15,0,30,,48448,1,0,15,0,70,,48449,1,0,15,0,30,,48450,1,0,15,0,70,,48451,1,0,15,0,30,,48452,1,0,15,0,70,,48453,1,0,15,0,30,,48454,1,0,15,0,70,,48455,1,0,15,0,30,,48456,1,0,15,0,70,,48457,1,0,15,0,30,,48458,1,0,15,0,70,,48459,1,0,15,0,30,,48460,1,0,15,0,70,,48461,1,0,15,0,30,,48462,1,0,15,0,70,,48463,1,0,15,0,30,,48464,1,0,15,0,70,,48465,1,0,15,0,30,,48466,1,0,15,0,100,,48467,1,0,15,0,100,,48468,1,0,15,0,100,,48469,1,0,15,0
647703,'1374',630,,48470,1,0,15,0,70,,48471,1,0,15,0,30,,48472,1,0,15,0,70,,48473,1,0,15,0,30,,48474,1,0,15,0,70,,48475,1,0,15,0,30,,48476,1,0,15,0,70,,48477,1,0,15,0,30,,48478,1,0,15,0,70,,48479,1,0,15,0,30,,48480,1,0,15,0,70,,48481,1,0,15,0,30,,48482,1,0,15,0,70,,48483,1,0,15,0,30,,48484,1,0,15,0,70,,48485,1,0,15,0,30,,48486,1,0,15,0,70,,48487,1,0,15,0,30,,48488,1,0,15,0,70,,48489,1,0,15,0,30,,48490,1,0,15,0,70,,48491,1,0,15,0,30,,48492,1,0,15,0,70,,48493,1,0,15,0,30,,48494,1,0,15,0,70,,48495,1,0,15,0,30,,48496,1,0,15,0,70,,48497,1,0,15,0,30,,48498,1,0,15,0,100,,48499,1,0,15,0,100,,48500,1,0,15,0,100,,48501,1,0,15,0
647703,'1375',630,,48502,1,0,15,0,70,,48503,1,0,15,0,30,,48504,1,0,15,0,70,,48505,1,0,15,0,30,,48506,1,0,15,0,70,,48507,1,0,15,0,30,,48508,1,0,15,0,70,,48509,1,0,15,0,30,,48510,1,0,15,0,70,,48511,1,0,15,0,30,,48512,1,0,15,0,70,,48513,1,0,15,0,30,,48514,1,0,15,0,70,,48515,1,0,15,0,30,,48516,1,0,15,0,70,,48517,1,0,15,0,30,,48518,1,0,15,0,70,,48519,1,0,15,0,30,,48520,1,0,15,0,70,,48521,1,0,15,0,30,,48522,1,0,15,0,70,,48523,1,0,15,0,30,,48524,1,0,15,0,70,,48525,1,0,15,0,30,,48526,1,0,15,0,70,,48527,1,0,15,0,30,,48528,1,0,15,0,70,,48529,1,0,15,0,30,,48530,1,0,15,0,100,,48531,1,0,15,0,100,,48532,1,0,15,0,100,,48533,1,0,15,0
647704,'1369',928,,48552,36,4,,0,100,,48551,36,4,,0,30,,48550,36,4,,0,70,,48549,36,4,,0,30,,48548,36,4,,0,70,,48547,36,4,,0,30,,48546,36,4,,0,70,,48545,36,4,,0,30,,48544,36,4,,0,70,,48543,36,4,,0,30,,48542,36,4,,0,70,,48541,36,4,,0,30,,48540,36,4,,0,70,,48539,36,4,,0,30,,48538,36,4,,0,70,,48537,36,4,,0,30,,48536,36,4,,0,70,,48535,36,4,,0,100,,48534,36,4,,0
647704,'1370',828,,48553,36,4,,0,100,,48554,36,4,,0,30,,48555,36,4,,0,70,,48556,36,4,,0,30,,48557,36,4,,0,70,,48558,36,4,,0,30,,48559,36,4,,0,70,,48560,36,4,,0,30,,48561,36,4,,0,70,,48562,36,4,,0,30,,48563,36,4,,0,70,,48564,36,4,,0,30,,48565,36,4,,0,70,,48566,36,4,,0,30,,48567,36,4,,0,70,,48568,36,4,,0,30,,48569,36,4,,0,70,,48570,36,4,,0,30,,48571,36,4,,0,70,,48572,36,4,,0,30,,48573,36,4,,0,70,,48574,36,4,,0,30,,48575,36,4,,0,70,,48576,36,4,,0,100,,48577,36,4,,0,100,,48578,36,4,,0
647704,'1371',628,,48579,36,4,,0,100,,48580,36,4,,0,30,,48581,36,4,,0,70,,48582,36,4,,0,30,,48583,36,4,,0,70,,48584,36,4,,0,30,,48585,36,4,,0,70,,48586,36,4,,0,30,,48587,36,4,,0,70,,48588,36,4,,0,30,,48589,36,4,,0,70,,48590,36,4,,0,30,,48591,36,4,,0,70,,48592,36,4,,0,30,,48593,36,4,,0,70,,48594,36,4,,0,30,,48595,36,4,,0,70,,48596,36,4,,0,30,,48597,36,4,,0,70,,48598,36,4,,0,30,,48599,36,4,,0,70,,48600,36,4,,0,30,,48601,36,4,,0,70,,48602,36,4,,0,30,,48603,36,4,,0,70,,48604,36,4,,0,30,,48605,36,4,,0,70,,48606,36,4,,0,30,,48607,36,4,,0,70,,48608,36,4,,0,100,,48609,36,4,,0,100,,48610,36,4,,0
647704,'1372',628,,48611,36,4,,0,100,,48612,36,4,,0,30,,48613,36,4,,0,70,,48614,36,4,,0,30,,48615,36,4,,0,70,,48616,36,4,,0,30,,48617,36,4,,0,70,,48618,36,4,,0,30,,48619,36,4,,0,70,,48620,36,4,,0,30,,48621,36,4,,0,70,,48622,36,4,,0,30,,48623,36,4,,0,70,,48624,36,4,,0,30,,48625,36,4,,0,70,,48626,36,4,,0,30,,48627,36,4,,0,70,,48628,36,4,,0,30,,48629,36,4,,0,70,,48630,36,4,,0,30,,48631,36,4,,0,70,,48632,36,4,,0,30,,48633,36,4,,0,70,,48634,36,4,,0,30,,48635,36,4,,0,70,,48636,36,4,,0,30,,48637,36,4,,0,70,,48638,36,4,,0,30,,48639,36,4,,0,70,,48640,36,4,,0,100,,48641,36,4,,0,100,,48642,36,4,,0
647704,'1373',628,,48643,36,4,,0,100,,48644,36,4,,0,30,,48645,36,4,,0,70,,48646,36,4,,0,30,,48647,36,4,,0,70,,48648,36,4,,0,30,,48649,36,4,,0,70,,48650,36,4,,0,30,,48651,36,4,,0,70,,48652,36,4,,0,30,,48653,36,4,,0,70,,48654,36,4,,0,30,,48655,36,4,,0,70,,48656,36,4,,0,30,,48657,36,4,,0,70,,48658,36,4,,0,30,,48659,36,4,,0,70,,48660,36,4,,0,30,,48661,36,4,,0,70,,48662,36,4,,0,30,,48663,36,4,,0,70,,48664,36,4,,0,30,,48665,36,4,,0,70,,48666,36,4,,0,30,,48667,36,4,,0,70,,48668,36,4,,0,30,,48669,36,4,,0,70,,48670,36,4,,0,30,,48671,36,4,,0,70,,48672,36,4,,0,100,,48673,36,4,,0,100,,48674,36,4,,0
647704,'1374',628,,48675,36,4,,0,100,,48676,36,4,,0,30,,48677,36,4,,0,70,,48678,36,4,,0,30,,48679,36,4,,0,70,,48680,36,4,,0,30,,48681,36,4,,0,70,,48682,36,4,,0,30,,48683,36,4,,0,70,,48684,36,4,,0,30,,48685,36,4,,0,70,,48686,36,4,,0,30,,48687,36,4,,0,70,,48688,36,4,,0,30,,48689,36,4,,0,70,,48690,36,4,,0,30,,48691,36,4,,0,70,,48692,36,4,,0,30,,48693,36,4,,0,70,,48694,36,4,,0,30,,48695,36,4,,0,70,,48696,36,4,,0,30,,48697,36,4,,0,70,,48698,36,4,,0,30,,48699,36,4,,0,70,,48700,36,4,,0,30,,48701,36,4,,0,70,,48702,36,4,,0,30,,48703,36,4,,0,70,,48704,36,4,,0,100,,48705,36,4,,0,100,,48706,36,4,,0
647704,'1375',628,,48707,36,4,,0,100,,48708,36,4,,0,30,,48709,36,4,,0,70,,48710,36,4,,0,30,,48711,36,4,,0,70,,48712,36,4,,0,30,,48713,36,4,,0,70,,48714,36,4,,0,30,,48715,36,4,,0,70,,48716,36,4,,0,30,,48717,36,4,,0,70,,48718,36,4,,0,30,,48719,36,4,,0,70,,48720,36,4,,0,30,,48721,36,4,,0,70,,48722,36,4,,0,30,,48723,36,4,,0,70,,48724,36,4,,0,30,,48725,36,4,,0,70,,48726,36,4,,0,30,,48727,36,4,,0,70,,48728,36,4,,0,30,,48729,36,4,,0,70,,48730,36,4,,0,30,,48731,36,4,,0,70,,48732,36,4,,0,30,,48733,36,4,,0,70,,48734,36,4,,0,30,,48735,36,4,,0,70,,48736,36,4,,0,100,,48737,36,4,,0,100,,48738,36,4,,0
721203,'1369',944,,48752,1,0,15,0,85,,48751,1,0,15,0,85,,48750,1,0,15,0,45,,48749,1,0,15,0,85,,48748,1,0,15,0,85,,48747,1,0,15,0,85,,48746,1,0,15,0,45,,48745,1,0,15,0,85,,48744,1,0,15,0,85,,48743,1,0,15,0,85,,48742,1,0,15,0,45,,48741,1,0,15,0,85,,48740,1,0,15,0,85,,48739,1,0,15,0
721203,'1370',644,,48753,1,0,15,0,85,,48754,1,0,15,0,85,,48755,1,0,15,0,45,,48756,1,0,15,0,85,,48757,1,0,15,0,85,,48758,1,0,15,0,30,,48759,1,0,15,0,70,,48760,1,0,15,0,30,,48761,1,0,15,0,70,,48762,1,0,15,0,30,,48763,1,0,15,0,70,,48764,1,0,15,0,30,,48765,1,0,15,0,70,,48766,1,0,15,0,30,,48767,1,0,15,0,70,,48768,1,0,15,0,30,,48769,1,0,15,0,70,,48770,1,0,15,0,30,,48771,1,0,15,0,70,,48772,1,0,15,0,30,,48773,1,0,15,0,70,,48774,1,0,15,0,85,,48775,1,0,15,0,45,,48776,1,0,15,0,85,,48777,1,0,15,0,85,,48778,1,0,15,0,85,,48779,1,0,15,0,45,,48780,1,0,15,0
721203,'1371',614,,48781,1,0,15,0,30,,48782,1,0,15,0,70,,48783,1,0,15,0,30,,48784,1,0,15,0,15,,48785,1,0,15,0,55,,48786,1,0,15,0,15,,48787,1,0,15,0,15,,48788,1,0,15,0,70,,48789,1,0,15,0,30,,48790,1,0,15,0,70,,48791,1,0,15,0,30,,48792,1,0,15,0,70,,48793,1,0,15,0,30,,48794,1,0,15,0,70,,48795,1,0,15,0,30,,48796,1,0,15,0,70,,48797,1,0,15,0,30,,48798,1,0,15,0,70,,48799,1,0,15,0,30,,48800,1,0,15,0,15,,48801,1,0,15,0,55,,48802,1,0,15,0,15,,48803,1,0,15,0,15,,48804,1,0,15,0,70,,48805,1,0,15,0,30,,48806,1,0,15,0,70,,48807,1,0,15,0,30,,48808,1,0,15,0,70,,48809,1,0,15,0,30,,48810,1,0,15,0,85,,48811,1,0,15,0,85,,48812,1,0,15,0,45,,48813,1,0,15,0,85,,48814,1,0,15,0,85,,48815,1,0,15,0,85,,48816,1,0,15,0
721203,'1372',614,,48817,1,0,15,0,30,,48818,1,0,15,0,70,,48819,1,0,15,0,30,,48820,1,0,15,0,15,,48821,1,0,15,0,55,,48822,1,0,15,0,15,,48823,1,0,15,0,15,,48824,1,0,15,0,70,,48825,1,0,15,0,30,,48826,1,0,15,0,70,,48827,1,0,15,0,30,,48828,1,0,15,0,70,,48829,1,0,15,0,30,,48830,1,0,15,0,70,,48831,1,0,15,0,30,,48832,1,0,15,0,70,,48833,1,0,15,0,30,,48834,1,0,15,0,70,,48835,1,0,15,0,30,,48836,1,0,15,0,15,,48837,1,0,15,0,55,,48838,1,0,15,0,15,,48839,1,0,15,0,15,,48840,1,0,15,0,70,,48841,1,0,15,0,30,,48842,1,0,15,0,70,,48843,1,0,15,0,30,,48844,1,0,15,0,70,,48845,1,0,15,0,30,,48846,1,0,15,0,85,,48847,1,0,15,0,85,,48848,1,0,15,0,45,,48849,1,0,15,0,85,,48850,1,0,15,0,85,,48851,1,0,15,0,85,,48852,1,0,15,0
721203,'1373',614,,48853,1,0,15,0,30,,48854,1,0,15,0,70,,48855,1,0,15,0,30,,48856,1,0,15,0,15,,48857,1,0,15,0,55,,48858,1,0,15,0,15,,48859,1,0,15,0,15,,48860,1,0,15,0,70,,48861,1,0,15,0,30,,48862,1,0,15,0,70,,48863,1,0,15,0,30,,48864,1,0,15,0,70,,48865,1,0,15,0,30,,48866,1,0,15,0,70,,48867,1,0,15,0,30,,48868,1,0,15,0,70,,48869,1,0,15,0,30,,48870,1,0,15,0,70,,48871,1,0,15,0,30,,48872,1,0,15,0,15,,48873,1,0,15,0,55,,48874,1,0,15,0,15,,48875,1,0,15,0,15,,48876,1,0,15,0,70,,48877,1,0,15,0,30,,48878,1,0,15,0,70,,48879,1,0,15,0,30,,48880,1,0,15,0,70,,48881,1,0,15,0,30,,48882,1,0,15,0,85,,48883,1,0,15,0,85,,48884,1,0,15,0,45,,48885,1,0,15,0,85,,48886,1,0,15,0,85,,48887,1,0,15,0,85,,48888,1,0,15,0
721203,'1374',614,,48889,1,0,15,0,30,,48890,1,0,15,0,70,,48891,1,0,15,0,30,,48892,1,0,15,0,15,,48893,1,0,15,0,55,,48894,1,0,15,0,15,,48895,1,0,15,0,15,,48896,1,0,15,0,70,,48897,1,0,15,0,30,,48898,1,0,15,0,70,,48899,1,0,15,0,30,,48900,1,0,15,0,70,,48901,1,0,15,0,30,,48902,1,0,15,0,70,,48903,1,0,15,0,30,,48904,1,0,15,0,70,,48905,1,0,15,0,30,,48906,1,0,15,0,70,,48907,1,0,15,0,30,,48908,1,0,15,0,15,,48909,1,0,15,0,55,,48910,1,0,15,0,15,,48911,1,0,15,0,15,,48912,1,0,15,0,70,,48913,1,0,15,0,30,,48914,1,0,15,0,70,,48915,1,0,15,0,30,,48916,1,0,15,0,70,,48917,1,0,15,0,30,,48918,1,0,15,0,85,,48919,1,0,15,0,85,,48920,1,0,15,0,45,,48921,1,0,15,0,85,,48922,1,0,15,0,85,,48923,1,0,15,0,85,,48924,1,0,15,0
721203,'1375',614,,48925,1,0,15,0,30,,48926,1,0,15,0,70,,48927,1,0,15,0,30,,48928,1,0,15,0,15,,48929,1,0,15,0,55,,48930,1,0,15,0,15,,48931,1,0,15,0,15,,48932,1,0,15,0,70,,48933,1,0,15,0,30,,48934,1,0,15,0,70,,48935,1,0,15,0,30,,48936,1,0,15,0,70,,48937,1,0,15,0,30,,48938,1,0,15,0,70,,48939,1,0,15,0,30,,48940,1,0,15,0,70,,48941,1,0,15,0,30,,48942,1,0,15,0,70,,48943,1,0,15,0,30,,48944,1,0,15,0,15,,48945,1,0,15,0,55,,48946,1,0,15,0,15,,48947,1,0,15,0,15,,48948,1,0,15,0,70,,48949,1,0,15,0,30,,48950,1,0,15,0,70,,48951,1,0,15,0,30,,48952,1,0,15,0,70,,48953,1,0,15,0,30,,48954,1,0,15,0,85,,48955,1,0,15,0,85,,48956,1,0,15,0,45,,48957,1,0,15,0,85,,48958,1,0,15,0,85,,48959,1,0,15,0,85,,48960,1,0,15,0
721204,'1369',942,,48974,54,4,,0,85,,48973,54,4,,0,85,,48972,54,4,,0,45,,48971,54,4,,0,85,,48970,54,4,,0,85,,48969,54,4,,0,85,,48968,54,4,,0,45,,48967,54,4,,0,85,,48966,54,4,,0,85,,48965,54,4,,0,85,,48964,54,4,,0,45,,48963,54,4,,0,85,,48962,54,4,,0,85,,48961,54,4,,0
721204,'1370',642,,48975,54,4,,0,85,,48976,54,4,,0,85,,48977,54,4,,0,45,,48978,54,4,,0,85,,48979,54,4,,0,85,,48980,54,4,,0,30,,48981,54,4,,0,70,,48982,54,4,,0,30,,48983,54,4,,0,70,,48984,54,4,,0,30,,48985,54,4,,0,70,,48986,54,4,,0,30,,48987,54,4,,0,70,,48988,54,4,,0,30,,48989,54,4,,0,70,,48990,54,4,,0,30,,48991,54,4,,0,70,,48992,54,4,,0,30,,48993,54,4,,0,70,,48994,54,4,,0,30,,48995,54,4,,0,70,,48996,54,4,,0,85,,48997,54,4,,0,45,,48998,54,4,,0,85,,48999,54,4,,0,85,,49000,54,4,,0,85,,49001,54,4,,0,45,,49002,54,4,,0
721204,'1371',642,,49003,54,4,,0,70,,49004,54,4,,0,30,,49005,54,4,,0,15,,49006,54,4,,0,55,,49007,54,4,,0,15,,49008,54,4,,0,15,,49009,54,4,,0,70,,49010,54,4,,0,30,,49011,54,4,,0,70,,49012,54,4,,0,30,,49013,54,4,,0,70,,49014,54,4,,0,30,,49015,54,4,,0,70,,49016,54,4,,0,30,,49017,54,4,,0,70,,49018,54,4,,0,30,,49019,54,4,,0,70,,49020,54,4,,0,30,,49021,54,4,,0,15,,49022,54,4,,0,55,,49023,54,4,,0,15,,49024,54,4,,0,15,,49025,54,4,,0,70,,49026,54,4,,0,30,,49027,54,4,,0,70,,49028,54,4,,0,30,,49029,54,4,,0,70,,49030,54,4,,0,30,,49031,54,4,,0,85,,49032,54,4,,0,85,,49033,54,4,,0,45,,49034,54,4,,0,85,,49035,54,4,,0,85,,49036,54,4,,0,85,,49037,54,4,,0
721204,'1372',642,,49038,54,4,,0,70,,49039,54,4,,0,30,,49040,54,4,,0,15,,49041,54,4,,0,55,,49042,54,4,,0,15,,49043,54,4,,0,15,,49044,54,4,,0,70,,49045,54,4,,0,30,,49046,54,4,,0,70,,49047,54,4,,0,30,,49048,54,4,,0,70,,49049,54,4,,0,30,,49050,54,4,,0,70,,49051,54,4,,0,30,,49052,54,4,,0,70,,49053,54,4,,0,30,,49054,54,4,,0,70,,49055,54,4,,0,30,,49056,54,4,,0,15,,49057,54,4,,0,55,,49058,54,4,,0,15,,49059,54,4,,0,15,,49060,54,4,,0,70,,49061,54,4,,0,30,,49062,54,4,,0,70,,49063,54,4,,0,30,,49064,54,4,,0,70,,49065,54,4,,0,30,,49066,54,4,,0,85,,49067,54,4,,0,85,,49068,54,4,,0,45,,49069,54,4,,0,85,,49070,54,4,,0,85,,49071,54,4,,0,85,,49072,54,4,,0
721204,'1373',642,,49073,54,4,,0,70,,49074,54,4,,0,30,,49075,54,4,,0,15,,49076,54,4,,0,55,,49077,54,4,,0,15,,49078,54,4,,0,15,,49079,54,4,,0,70,,49080,54,4,,0,30,,49081,54,4,,0,70,,49082,54,4,,0,30,,49083,54,4,,0,70,,49084,54,4,,0,30,,49085,54,4,,0,70,,49086,54,4,,0,30,,49087,54,4,,0,70,,49088,54,4,,0,30,,49089,54,4,,0,70,,49090,54,4,,0,30,,49091,54,4,,0,15,,49092,54,4,,0,55,,49093,54,4,,0,15,,49094,54,4,,0,15,,49095,54,4,,0,70,,49096,54,4,,0,30,,49097,54,4,,0,70,,49098,54,4,,0,30,,49099,54,4,,0,70,,49100,54,4,,0,30,,49101,54,4,,0,85,,49102,54,4,,0,85,,49103,54,4,,0,45,,49104,54,4,,0,85,,49105,54,4,,0,85,,49106,54,4,,0,85,,49107,54,4,,0
721204,'1374',642,,49108,54,4,,0,70,,49109,54,4,,0,30,,49110,54,4,,0,15,,49111,54,4,,0,55,,49112,54,4,,0,15,,49113,54,4,,0,15,,49114,54,4,,0,70,,49115,54,4,,0,30,,49116,54,4,,0,70,,49117,54,4,,0,30,,49118,54,4,,0,70,,49119,54,4,,0,30,,49120,54,4,,0,70,,49121,54,4,,0,30,,49122,54,4,,0,70,,49123,54,4,,0,30,,49124,54,4,,0,70,,49125,54,4,,0,30,,49126,54,4,,0,15,,49127,54,4,,0,55,,49128,54,4,,0,15,,49129,54,4,,0,15,,49130,54,4,,0,70,,49131,54,4,,0,30,,49132,54,4,,0,70,,49133,54,4,,0,30,,49134,54,4,,0,70,,49135,54,4,,0,30,,49136,54,4,,0,85,,49137,54,4,,0,85,,49138,54,4,,0,45,,49139,54,4,,0,85,,49140,54,4,,0,85,,49141,54,4,,0,85,,49142,54,4,,0
721204,'1375',642,,49143,54,4,,0,70,,49144,54,4,,0,30,,49145,54,4,,0,15,,49146,54,4,,0,55,,49147,54,4,,0,15,,49148,54,4,,0,15,,49149,54,4,,0,70,,49150,54,4,,0,30,,49151,54,4,,0,70,,49152,54,4,,0,30,,49153,54,4,,0,70,,49154,54,4,,0,30,,49155,54,4,,0,70,,49156,54,4,,0,30,,49157,54,4,,0,70,,49158,54,4,,0,30,,49159,54,4,,0,70,,49160,54,4,,0,30,,49161,54,4,,0,15,,49162,54,4,,0,55,,49163,54,4,,0,15,,49164,54,4,,0,15,,49165,54,4,,0,70,,49166,54,4,,0,30,,49167,54,4,,0,70,,49168,54,4,,0,30,,49169,54,4,,0,70,,49170,54,4,,0,30,,49171,54,4,,0,85,,49172,54,4,,0,85,,49173,54,4,,0,45,,49174,54,4,,0,85,,49175,54,4,,0,85,,49176,54,4,,0,85,,49177,54,4,,0
721501,'1369',929,,49948,27,0,17,0,100,,49947,27,0,17,0,100,,49946,27,0,17,0,100,,49945,27,0,17,0,100,,49944,27,0,17,0,100,,49943,27,0,17,0,100,,49942,27,0,17,0,100,,49941,27,0,17,0,100,,49940,27,0,17,0,100,,49939,27,0,17,0,100,,49938,27,0,17,0
721501,'1370',729,,49949,27,0,17,0,100,,49950,27,0,17,0,100,,49951,27,0,17,0,100,,49952,27,0,17,0,100,,49953,27,0,17,0,100,,49954,27,0,17,0,30,,49955,27,0,17,0,70,,49956,27,0,17,0,30,,49957,27,0,17,0,70,,49958,27,0,17,0,30,,49959,27,0,17,0,70,,49960,27,0,17,0,30,,49961,27,0,17,0,70,,49962,27,0,17,0,30,,49963,27,0,17,0,70,,49964,27,0,17,0,30,,49965,27,0,17,0,70,,49966,27,0,17,0,100,,49967,27,0,17,0
721501,'1371',729,,49968,27,0,17,0,30,,49969,27,0,17,0,70,,49970,27,0,17,0,30,,49971,27,0,17,0,70,,49972,27,0,17,0,30,,49973,27,0,17,0,70,,49974,27,0,17,0,30,,49975,27,0,17,0,70,,49976,27,0,17,0,30,,49977,27,0,17,0,70,,49978,27,0,17,0,30,,49979,27,0,17,0,70,,49980,27,0,17,0,30,,49981,27,0,17,0,70,,49982,27,0,17,0,30,,49983,27,0,17,0,70,,49984,27,0,17,0,30,,49985,27,0,17,0,70,,49986,27,0,17,0,30,,49987,27,0,17,0,70,,49988,27,0,17,0,30,,49989,27,0,17,0,70,,49990,27,0,17,0,30,,49991,27,0,17,0,70,,49992,27,0,17,0,100,,49993,27,0,17,0,100,,49994,27,0,17,0,100,,49995,27,0,17,0
721501,'1372',729,,49996,27,0,17,0,30,,49997,27,0,17,0,70,,49998,27,0,17,0,30,,49999,27,0,17,0,70,,50000,27,0,17,0,30,,50001,27,0,17,0,70,,50002,27,0,17,0,30,,50003,27,0,17,0,70,,50004,27,0,17,0,30,,50005,27,0,17,0,70,,50006,27,0,17,0,30,,50007,27,0,17,0,70,,50008,27,0,17,0,30,,50009,27,0,17,0,70,,50010,27,0,17,0,30,,50011,27,0,17,0,70,,50012,27,0,17,0,30,,50013,27,0,17,0,70,,50014,27,0,17,0,30,,50015,27,0,17,0,70,,50016,27,0,17,0,30,,50017,27,0,17,0,70,,50018,27,0,17,0,30,,50019,27,0,17,0,70,,50020,27,0,17,0,100,,50021,27,0,17,0,100,,50022,27,0,17,0,100,,50023,27,0,17,0
721501,'1373',729,,50024,27,0,17,0,30,,50025,27,0,17,0,70,,50026,27,0,17,0,30,,50027,27,0,17,0,70,,50028,27,0,17,0,30,,50029,27,0,17,0,70,,50030,27,0,17,0,30,,50031,27,0,17,0,70,,50032,27,0,17,0,30,,50033,27,0,17,0,70,,50034,27,0,17,0,30,,50035,27,0,17,0,70,,50036,27,0,17,0,30,,50037,27,0,17,0,70,,50038,27,0,17,0,30,,50039,27,0,17,0,70,,50040,27,0,17,0,30,,50041,27,0,17,0,70,,50042,27,0,17,0,30,,50043,27,0,17,0,70,,50044,27,0,17,0,30,,50045,27,0,17,0,70,,50046,27,0,17,0,30,,50047,27,0,17,0,70,,50048,27,0,17,0,100,,50049,27,0,17,0,100,,50050,27,0,17,0,100,,50051,27,0,17,0
721501,'1374',729,,50052,27,0,17,0,30,,50053,27,0,17,0,70,,50054,27,0,17,0,30,,50055,27,0,17,0,70,,50056,27,0,17,0,30,,50057,27,0,17,0,70,,50058,27,0,17,0,30,,50059,27,0,17,0,70,,50060,27,0,17,0,30,,50061,27,0,17,0,70,,50062,27,0,17,0,30,,50063,27,0,17,0,70,,50064,27,0,17,0,30,,50065,27,0,17,0,70,,50066,27,0,17,0,30,,50067,27,0,17,0,70,,50068,27,0,17,0,30,,50069,27,0,17,0,70,,50070,27,0,17,0,30,,50071,27,0,17,0,70,,50072,27,0,17,0,30,,50073,27,0,17,0,70,,50074,27,0,17,0,30,,50075,27,0,17,0,70,,50076,27,0,17,0,100,,50077,27,0,17,0,100,,50078,27,0,17,0,100,,50079,27,0,17,0
721501,'1375',729,,50080,27,0,17,0,30,,50081,27,0,17,0,70,,50082,27,0,17,0,30,,50083,27,0,17,0,70,,50084,27,0,17,0,30,,50085,27,0,17,0,70,,50086,27,0,17,0,30,,50087,27,0,17,0,70,,50088,27,0,17,0,30,,50089,27,0,17,0,70,,50090,27,0,17,0,30,,50091,27,0,17,0,70,,50092,27,0,17,0,30,,50093,27,0,17,0,70,,50094,27,0,17,0,30,,50095,27,0,17,0,70,,50096,27,0,17,0,30,,50097,27,0,17,0,70,,50098,27,0,17,0,30,,50099,27,0,17,0,70,,50100,27,0,17,0,30,,50101,27,0,17,0,70,,50102,27,0,17,0,30,,50103,27,0,17,0,70,,50104,27,0,17,0,100,,50105,27,0,17,0,100,,50106,27,0,17,0,100,,50107,27,0,17,0
721502,'1369',924,,50118,27,0,16,0,100,,50117,27,0,16,0,100,,50116,27,0,16,0,100,,50115,27,0,16,0,100,,50114,27,0,16,0,100,,50113,27,0,16,0,100,,50112,27,0,16,0,100,,50111,27,0,16,0,100,,50110,27,0,16,0,100,,50109,27,0,16,0,100,,50108,27,0,16,0
721502,'1370',724,,50119,27,0,16,0,100,,50120,27,0,16,0,100,,50121,27,0,16,0,100,,50122,27,0,16,0,100,,50123,27,0,16,0,100,,50124,27,0,16,0,100,,50125,27,0,16,0,30,,50126,27,0,16,0,70,,50127,27,0,16,0,30,,50128,27,0,16,0,70,,50129,27,0,16,0,30,,50130,27,0,16,0,70,,50131,27,0,16,0,30,,50132,27,0,16,0,70,,50133,27,0,16,0,30,,50134,27,0,16,0,70,,50135,27,0,16,0,30,,50136,27,0,16,0,70,,50137,27,0,16,0
721502,'1371',724,,50139,27,0,16,0,30,,50140,27,0,16,0,70,,50141,27,0,16,0,30,,50142,27,0,16,0,70,,50143,27,0,16,0,30,,50144,27,0,16,0,70,,50145,27,0,16,0,30,,50146,27,0,16,0,70,,50147,27,0,16,0,30,,50148,27,0,16,0,70,,50149,27,0,16,0,30,,50150,27,0,16,0,70,,50151,27,0,16,0,30,,50152,27,0,16,0,70,,50153,27,0,16,0,30,,50154,27,0,16,0,70,,50155,27,0,16,0,30,,50156,27,0,16,0,70,,50157,27,0,16,0,30,,50158,27,0,16,0,70,,50159,27,0,16,0,30,,50160,27,0,16,0,70,,50161,27,0,16,0,30,,50162,27,0,16,0,70,,50163,27,0,16,0,100,,50164,27,0,16,0,100,,50165,27,0,16,0,100,,50166,27,0,16,0
721502,'1372',724,,50168,27,0,16,0,30,,50169,27,0,16,0,70,,50170,27,0,16,0,30,,50171,27,0,16,0,70,,50172,27,0,16,0,30,,50173,27,0,16,0,70,,50174,27,0,16,0,30,,50175,27,0,16,0,70,,50176,27,0,16,0,30,,50177,27,0,16,0,70,,50178,27,0,16,0,30,,50179,27,0,16,0,70,,50180,27,0,16,0,30,,50181,27,0,16,0,70,,50182,27,0,16,0,30,,50183,27,0,16,0,70,,50184,27,0,16,0,30,,50185,27,0,16,0,70,,50186,27,0,16,0,30,,50187,27,0,16,0,70,,50188,27,0,16,0,30,,50189,27,0,16,0,70,,50190,27,0,16,0,30,,50191,27,0,16,0,70,,50192,27,0,16,0,100,,50193,27,0,16,0,100,,50194,27,0,16,0,100,,50195,27,0,16,0
721502,'1373',724,,50197,27,0,16,0,30,,50198,27,0,16,0,70,,50199,27,0,16,0,30,,50200,27,0,16,0,70,,50201,27,0,16,0,30,,50202,27,0,16,0,70,,50203,27,0,16,0,30,,50204,27,0,16,0,70,,50205,27,0,16,0,30,,50206,27,0,16,0,70,,50207,27,0,16,0,30,,50208,27,0,16,0,70,,50209,27,0,16,0,30,,50210,27,0,16,0,70,,50211,27,0,16,0,30,,50212,27,0,16,0,70,,50213,27,0,16,0,30,,50214,27,0,16,0,70,,50215,27,0,16,0,30,,50216,27,0,16,0,70,,50217,27,0,16,0,30,,50218,27,0,16,0,70,,50219,27,0,16,0,30,,50220,27,0,16,0,70,,50221,27,0,16,0,100,,50222,27,0,16,0,100,,50223,27,0,16,0,100,,50224,27,0,16,0
721502,'1374',724,,50226,27,0,16,0,30,,50227,27,0,16,0,70,,50228,27,0,16,0,30,,50229,27,0,16,0,70,,50230,27,0,16,0,30,,50231,27,0,16,0,70,,50232,27,0,16,0,30,,50233,27,0,16,0,70,,50234,27,0,16,0,30,,50235,27,0,16,0,70,,50236,27,0,16,0,30,,50237,27,0,16,0,70,,50238,27,0,16,0,30,,50239,27,0,16,0,70,,50240,27,0,16,0,30,,50241,27,0,16,0,70,,50242,27,0,16,0,30,,50243,27,0,16,0,70,,50244,27,0,16,0,30,,50245,27,0,16,0,70,,50246,27,0,16,0,30,,50247,27,0,16,0,70,,50248,27,0,16,0,30,,50249,27,0,16,0,70,,50250,27,0,16,0,100,,50251,27,0,16,0,100,,50252,27,0,16,0,100,,50253,27,0,16,0
721502,'1375',724,,50255,27,0,16,0,30,,50256,27,0,16,0,70,,50257,27,0,16,0,30,,50258,27,0,16,0,70,,50259,27,0,16,0,30,,50260,27,0,16,0,70,,50261,27,0,16,0,30,,50262,27,0,16,0,70,,50263,27,0,16,0,30,,50264,27,0,16,0,70,,50265,27,0,16,0,30,,50266,27,0,16,0,70,,50267,27,0,16,0,30,,50268,27,0,16,0,70,,50269,27,0,16,0,30,,50270,27,0,16,0,70,,50271,27,0,16,0,30,,50272,27,0,16,0,70,,50273,27,0,16,0,30,,50274,27,0,16,0,70,,50275,27,0,16,0,30,,50276,27,0,16,0,70,,50277,27,0,16,0,30,,50278,27,0,16,0,70,,50279,27,0,16,0,100,,50280,27,0,16,0,100,,50281,27,0,16,0,100,,50282,27,0,16,0
