1800,'1383',739,,59268,59,,,0,100,,59267,59,,,0,100,,59266,59,,,0,80,,59265,59,,,0,40,,59264,59,,,0,85,,59263,59,,,0,80,,59262,59,,,0,80,,59261,59,,,0,40,,59260,59,,,0,80,,59259,59,,,0,80,,59258,59,,,0,40,,59257,59,,,0,80,,59256,59,,,0,80,,59255,59,,,0,40,,59254,59,,,0,80,,59253,59,,,0,80,,59252,59,,,0,40,,59251,59,,,0
1800,'1384',558,,59269,59,,,0,85,,59270,59,,,0,70,,59271,59,,,0,30,,59272,59,,,0,70,,59273,59,,,0,30,,59274,59,,,0,70,,59275,59,,,0,30,,59276,59,,,0,70,,59277,59,,,0,30,,59278,59,,,0,60,,59279,59,,,0,20,,59280,59,,,0,20,,59281,59,,,0,60,,59282,59,,,0,20,,59283,59,,,0,20,,59284,59,,,0,60,,59285,59,,,0,20,,59286,59,,,0,20,,59287,59,,,0,60,,59288,59,,,0,20,,59289,59,,,0,20,,59290,59,,,0,60,,59291,59,,,0,20,,59292,59,,,0,20,,59293,59,,,0,60,,59294,59,,,0,20,,59295,59,,,0,20,,59296,59,,,0,60,,59297,59,,,0,20,,59298,59,,,0,20,,59299,59,,,0,60,,59300,59,,,0,20,,59301,59,,,0,20,,59302,59,,,0,70,,59303,59,,,0,30,,59304,59,,,0,70,,59305,59,,,0,30,,59306,59,,,0,70,,59307,59,,,0,30,,59308,59,,,0,70,,59309,59,,,0,30,,59310,59,,,0,70,,59311,59,,,0,30,,59312,59,,,0,70,,59313,59,,,0,30,,59314,59,,,0,70,,59315,59,,,0
1800,'1385',559,,59352,59,,,0,75,,59353,59,,,0,15,,59316,59,,,0,55,,59317,59,,,0,15,,59318,59,,,0,15,,59319,59,,,0,15,,59320,59,,,0,10,,59321,59,,,0,50,,59322,59,,,0,10,,59323,59,,,0,10,,59324,59,,,0,10,,59325,59,,,0,10,,59326,59,,,0,9,,59354,59,,,0,55,,59355,59,,,0,15,,59356,59,,,0,15,,59357,59,,,0,15,,59358,59,,,0,55,,59359,59,,,0,15,,59360,59,,,0,13,,59361,59,,,0,15,,59362,59,,,0,55,,59363,59,,,0,15,,59364,59,,,0,15,,59365,59,,,0,15,,59366,59,,,0,55,,59367,59,,,0,15,,59368,59,,,0,15,,59369,59,,,0,15,,59370,59,,,0,55,,59371,59,,,0,15,,59372,59,,,0,20,,59327,59,,,0,60,,59328,59,,,0,15,,59329,59,,,0,15,,59330,59,,,0,15,,59331,59,,,0,50,,59332,59,,,0,10,,59333,59,,,0,10,,59334,59,,,0,10,,59335,59,,,0,10,,59336,59,,,0,10,,59337,59,,,0,50,,59338,59,,,0,10,,59339,59,,,0,10,,59340,59,,,0,10,,59341,59,,,0,10,,59342,59,,,0,10,,59343,59,,,0,50,,59344,59,,,0,10,,59345,59,,,0,10,,59346,59,,,0,10,,59347,59,,,0,10,,59348,59,,,0,10,,59349,59,,,0,55,,59350,59,,,0,15,,59351,59,,,0,21,,59373,59,,,0,70,,59374,59,,,0,30,,59375,59,,,0,70,,59376,59,,,0,30,,59377,59,,,0,70,,59378,59,,,0,30,,59379,59,,,0,70,,59380,59,,,0,30,,59381,59,,,0,70,,59382,59,,,0,30,,59383,59,,,0,70,,59384,59,,,0,30,,59385,59,,,0,70,,59386,59,,,0
1800,'1386',559,,59423,59,,,0,75,,59424,59,,,0,15,,59387,59,,,0,55,,59388,59,,,0,15,,59389,59,,,0,15,,59390,59,,,0,15,,59391,59,,,0,10,,59392,59,,,0,50,,59393,59,,,0,10,,59394,59,,,0,10,,59395,59,,,0,10,,59396,59,,,0,10,,59397,59,,,0,9,,59425,59,,,0,55,,59426,59,,,0,15,,59427,59,,,0,15,,59428,59,,,0,15,,59429,59,,,0,55,,59430,59,,,0,15,,59431,59,,,0,13,,59432,59,,,0,15,,59433,59,,,0,55,,59434,59,,,0,15,,59435,59,,,0,15,,59436,59,,,0,15,,59437,59,,,0,55,,59438,59,,,0,15,,59439,59,,,0,15,,59440,59,,,0,15,,59441,59,,,0,55,,59442,59,,,0,15,,59443,59,,,0,20,,59398,59,,,0,60,,59399,59,,,0,15,,59400,59,,,0,15,,59401,59,,,0,15,,59402,59,,,0,50,,59403,59,,,0,10,,59404,59,,,0,10,,59405,59,,,0,10,,59406,59,,,0,10,,59407,59,,,0,10,,59408,59,,,0,50,,59409,59,,,0,10,,59410,59,,,0,10,,59411,59,,,0,10,,59412,59,,,0,10,,59413,59,,,0,10,,59414,59,,,0,50,,59415,59,,,0,10,,59416,59,,,0,10,,59417,59,,,0,10,,59418,59,,,0,10,,59419,59,,,0,10,,59420,59,,,0,55,,59421,59,,,0,15,,59422,59,,,0,21,,59444,59,,,0,70,,59445,59,,,0,30,,59446,59,,,0,70,,59447,59,,,0,30,,59448,59,,,0,70,,59449,59,,,0,30,,59450,59,,,0,70,,59451,59,,,0,30,,59452,59,,,0,70,,59453,59,,,0,30,,59454,59,,,0,70,,59455,59,,,0,30,,59456,59,,,0,70,,59457,59,,,0
1800,'1387',559,,59494,59,,,0,75,,59495,59,,,0,15,,59458,59,,,0,55,,59459,59,,,0,15,,59460,59,,,0,15,,59461,59,,,0,15,,59462,59,,,0,10,,59463,59,,,0,50,,59464,59,,,0,10,,59465,59,,,0,10,,59466,59,,,0,10,,59467,59,,,0,10,,59468,59,,,0,9,,59496,59,,,0,55,,59497,59,,,0,15,,59498,59,,,0,15,,59499,59,,,0,15,,59500,59,,,0,55,,59501,59,,,0,15,,59502,59,,,0,13,,59503,59,,,0,15,,59504,59,,,0,55,,59505,59,,,0,15,,59506,59,,,0,15,,59507,59,,,0,15,,59508,59,,,0,55,,59509,59,,,0,15,,59510,59,,,0,15,,59511,59,,,0,15,,59512,59,,,0,55,,59513,59,,,0,15,,59514,59,,,0,20,,59469,59,,,0,60,,59470,59,,,0,15,,59471,59,,,0,15,,59472,59,,,0,15,,59473,59,,,0,50,,59474,59,,,0,10,,59475,59,,,0,10,,59476,59,,,0,10,,59477,59,,,0,10,,59478,59,,,0,10,,59479,59,,,0,50,,59480,59,,,0,10,,59481,59,,,0,10,,59482,59,,,0,10,,59483,59,,,0,10,,59484,59,,,0,10,,59485,59,,,0,50,,59486,59,,,0,10,,59487,59,,,0,10,,59488,59,,,0,10,,59489,59,,,0,10,,59490,59,,,0,10,,59491,59,,,0,55,,59492,59,,,0,15,,59493,59,,,0,21,,59515,59,,,0,70,,59516,59,,,0,30,,59517,59,,,0,70,,59518,59,,,0,30,,59519,59,,,0,70,,59520,59,,,0,30,,59521,59,,,0,70,,59522,59,,,0,30,,59523,59,,,0,70,,59524,59,,,0,30,,59525,59,,,0,70,,59526,59,,,0,30,,59527,59,,,0,70,,59528,59,,,0
1800,'1388',559,,59565,59,,,0,75,,59566,59,,,0,15,,59529,59,,,0,55,,59530,59,,,0,15,,59531,59,,,0,15,,59532,59,,,0,15,,59533,59,,,0,10,,59534,59,,,0,50,,59535,59,,,0,10,,59536,59,,,0,10,,59537,59,,,0,10,,59538,59,,,0,10,,59539,59,,,0,9,,59567,59,,,0,55,,59568,59,,,0,15,,59569,59,,,0,15,,59570,59,,,0,15,,59571,59,,,0,55,,59572,59,,,0,15,,59573,59,,,0,13,,59574,59,,,0,15,,59575,59,,,0,55,,59576,59,,,0,15,,59577,59,,,0,15,,59578,59,,,0,15,,59579,59,,,0,55,,59580,59,,,0,15,,59581,59,,,0,15,,59582,59,,,0,15,,59583,59,,,0,55,,59584,59,,,0,15,,59585,59,,,0,20,,59540,59,,,0,60,,59541,59,,,0,15,,59542,59,,,0,15,,59543,59,,,0,15,,59544,59,,,0,50,,59545,59,,,0,10,,59546,59,,,0,10,,59547,59,,,0,10,,59548,59,,,0,10,,59549,59,,,0,10,,59550,59,,,0,50,,59551,59,,,0,10,,59552,59,,,0,10,,59553,59,,,0,10,,59554,59,,,0,10,,59555,59,,,0,10,,59556,59,,,0,50,,59557,59,,,0,10,,59558,59,,,0,10,,59559,59,,,0,10,,59560,59,,,0,10,,59561,59,,,0,10,,59562,59,,,0,55,,59563,59,,,0,15,,59564,59,,,0,21,,59586,59,,,0,70,,59587,59,,,0,30,,59588,59,,,0,70,,59589,59,,,0,30,,59590,59,,,0,70,,59591,59,,,0,30,,59592,59,,,0,70,,59593,59,,,0,30,,59594,59,,,0,70,,59595,59,,,0,30,,59596,59,,,0,70,,59597,59,,,0,30,,59598,59,,,0,70,,59599,59,,,0
1800,'1389',559,,59636,59,,,0,75,,59637,59,,,0,15,,59600,59,,,0,55,,59601,59,,,0,15,,59602,59,,,0,15,,59603,59,,,0,15,,59604,59,,,0,10,,59605,59,,,0,50,,59606,59,,,0,10,,59607,59,,,0,10,,59608,59,,,0,10,,59609,59,,,0,10,,59610,59,,,0,9,,59638,59,,,0,55,,59639,59,,,0,15,,59640,59,,,0,15,,59641,59,,,0,15,,59642,59,,,0,55,,59643,59,,,0,15,,59644,59,,,0,13,,59645,59,,,0,15,,59646,59,,,0,55,,59647,59,,,0,15,,59648,59,,,0,15,,59649,59,,,0,15,,59650,59,,,0,55,,59651,59,,,0,15,,59652,59,,,0,15,,59653,59,,,0,15,,59654,59,,,0,55,,59655,59,,,0,15,,59656,59,,,0,20,,59611,59,,,0,60,,59612,59,,,0,15,,59613,59,,,0,15,,59614,59,,,0,15,,59615,59,,,0,50,,59616,59,,,0,10,,59617,59,,,0,10,,59618,59,,,0,10,,59619,59,,,0,10,,59620,59,,,0,10,,59621,59,,,0,50,,59622,59,,,0,10,,59623,59,,,0,10,,59624,59,,,0,10,,59625,59,,,0,10,,59626,59,,,0,10,,59627,59,,,0,50,,59628,59,,,0,10,,59629,59,,,0,10,,59630,59,,,0,10,,59631,59,,,0,10,,59632,59,,,0,10,,59633,59,,,0,55,,59634,59,,,0,15,,59635,59,,,0,21,,59657,59,,,0,70,,59658,59,,,0,30,,59659,59,,,0,70,,59660,59,,,0,30,,59661,59,,,0,70,,59662,59,,,0,30,,59663,59,,,0,70,,59664,59,,,0,30,,59665,59,,,0,70,,59666,59,,,0,30,,59667,59,,,0,70,,59668,59,,,0,30,,59669,59,,,0,70,,59670,59,,,0
1900,'1383',932,,60107,52,,,0,100,,60106,52,,,0,100,,60105,52,,,0,100,,60104,52,,,0,100,,60103,52,,,0,100,,60102,52,,,0,100,,60101,52,,,0,100,,60099,52,,,0,100,,60098,52,,,0,100,,60097,52,,,0,100,,60096,52,,,0,100,,60100,52,,,0
1900,'1384',832,,60108,52,,,0,100,,60109,52,,,0,100,,60110,52,,,0,70,,60111,52,,,0,30,,60112,52,,,0,70,,60113,52,,,0,30,,60114,52,,,0,70,,60115,52,,,0,30,,60116,52,,,0,70,,60117,52,,,0,30,,60118,52,,,0,70,,60119,52,,,0,30,,60120,52,,,0,70,,60121,52,,,0,30,,60122,52,,,0,70,,60123,52,,,0,30,,60124,52,,,0,70,,60125,52,,,0,30,,60126,52,,,0,70,,60127,52,,,0,30,,60128,52,,,0,70,,60129,52,,,0,30,,60130,52,,,0,100,,60131,52,,,0,100,,60132,52,,,0,100,,60133,52,,,0
1900,'1385',632,,60134,52,,,0,70,,60135,52,,,0,30,,60136,52,,,0,70,,60137,52,,,0,30,,60138,52,,,0,70,,60139,52,,,0,30,,60140,52,,,0,70,,60141,52,,,0,30,,60142,52,,,0,70,,60143,52,,,0,30,,60144,52,,,0,70,,60145,52,,,0,30,,60146,52,,,0,70,,60147,52,,,0,30,,60148,52,,,0,70,,60149,52,,,0,30,,60150,52,,,0,70,,60151,52,,,0,30,,60152,52,,,0,70,,60153,52,,,0,30,,60154,52,,,0,70,,60155,52,,,0,30,,60156,52,,,0,70,,60157,52,,,0,30,,60158,52,,,0,70,,60159,52,,,0,30,,60160,52,,,0,70,,60161,52,,,0,30,,60162,52,,,0,70,,60163,52,,,0,30,,60164,52,,,0,70,,60165,52,,,0,100,,60166,52,,,0,100,,60167,52,,,0
1900,'1386',632,,60168,52,,,0,70,,60169,52,,,0,30,,60170,52,,,0,70,,60171,52,,,0,30,,60172,52,,,0,70,,60173,52,,,0,30,,60174,52,,,0,70,,60175,52,,,0,30,,60176,52,,,0,70,,60177,52,,,0,30,,60178,52,,,0,70,,60179,52,,,0,30,,60180,52,,,0,70,,60181,52,,,0,30,,60182,52,,,0,70,,60183,52,,,0,30,,60184,52,,,0,70,,60185,52,,,0,30,,60186,52,,,0,70,,60187,52,,,0,30,,60188,52,,,0,70,,60189,52,,,0,30,,60190,52,,,0,70,,60191,52,,,0,30,,60192,52,,,0,70,,60193,52,,,0,30,,60194,52,,,0,70,,60195,52,,,0,30,,60196,52,,,0,70,,60197,52,,,0,30,,60198,52,,,0,70,,60199,52,,,0,100,,60200,52,,,0,100,,60201,52,,,0
1900,'1387',632,,60202,52,,,0,70,,60203,52,,,0,30,,60204,52,,,0,70,,60205,52,,,0,30,,60206,52,,,0,70,,60207,52,,,0,30,,60208,52,,,0,70,,60209,52,,,0,30,,60210,52,,,0,70,,60211,52,,,0,30,,60212,52,,,0,70,,60213,52,,,0,30,,60214,52,,,0,70,,60215,52,,,0,30,,60216,52,,,0,70,,60217,52,,,0,30,,60218,52,,,0,70,,60219,52,,,0,30,,60220,52,,,0,70,,60221,52,,,0,30,,60222,52,,,0,70,,60223,52,,,0,30,,60224,52,,,0,70,,60225,52,,,0,30,,60226,52,,,0,70,,60227,52,,,0,30,,60228,52,,,0,70,,60229,52,,,0,30,,60230,52,,,0,70,,60231,52,,,0,30,,60232,52,,,0,70,,60233,52,,,0,100,,60234,52,,,0,100,,60235,52,,,0
1900,'1388',632,,60236,52,,,0,70,,60237,52,,,0,30,,60238,52,,,0,70,,60239,52,,,0,30,,60240,52,,,0,70,,60241,52,,,0,30,,60242,52,,,0,70,,60243,52,,,0,30,,60244,52,,,0,70,,60245,52,,,0,30,,60246,52,,,0,70,,60247,52,,,0,30,,60248,52,,,0,70,,60249,52,,,0,30,,60250,52,,,0,70,,60251,52,,,0,30,,60252,52,,,0,70,,60253,52,,,0,30,,60254,52,,,0,70,,60255,52,,,0,30,,60256,52,,,0,70,,60257,52,,,0,30,,60258,52,,,0,70,,60259,52,,,0,30,,60260,52,,,0,70,,60261,52,,,0,30,,60262,52,,,0,70,,60263,52,,,0,30,,60264,52,,,0,70,,60265,52,,,0,30,,60266,52,,,0,70,,60267,52,,,0,100,,60268,52,,,0,100,,60269,52,,,0
1900,'1389',632,,60270,52,,,0,70,,60271,52,,,0,30,,60272,52,,,0,70,,60273,52,,,0,30,,60274,52,,,0,70,,60275,52,,,0,30,,60276,52,,,0,70,,60277,52,,,0,30,,60278,52,,,0,70,,60279,52,,,0,30,,60280,52,,,0,70,,60281,52,,,0,30,,60282,52,,,0,70,,60283,52,,,0,30,,60284,52,,,0,70,,60285,52,,,0,30,,60286,52,,,0,70,,60287,52,,,0,30,,60288,52,,,0,70,,60289,52,,,0,30,,60290,52,,,0,70,,60291,52,,,0,30,,60292,52,,,0,70,,60293,52,,,0,30,,60294,52,,,0,70,,60295,52,,,0,30,,60296,52,,,0,70,,60297,52,,,0,30,,60298,52,,,0,70,,60299,52,,,0,30,,60300,52,,,0,70,,60301,52,,,0,100,,60302,52,,,0,100,,60303,52,,,0
