1900,'1376',925,,52905,45,,,0,100,,52904,45,,,0,100,,52903,45,,,0,100,,52902,45,,,0,100,,52901,45,,,0,100,,52900,45,,,0,100,,52899,45,,,0,100,,52898,45,,,0,100,,52897,45,,,0,100,,52896,45,,,0,100,,52895,45,,,0,100,,52894,45,,,0
1900,'1377',825,,52906,45,,,0,100,,52907,45,,,0,100,,52908,45,,,0,30,,52909,45,,,0,70,,52910,45,,,0,30,,52911,45,,,0,70,,52912,45,,,0,30,,52913,45,,,0,70,,52914,45,,,0,30,,52915,45,,,0,70,,52916,45,,,0,30,,52917,45,,,0,70,,52918,45,,,0,30,,52919,45,,,0,70,,52920,45,,,0,30,,52921,45,,,0,70,,52922,45,,,0,30,,52923,45,,,0,70,,52924,45,,,0,30,,52925,45,,,0,70,,52926,45,,,0,30,,52927,45,,,0,70,,52928,45,,,0,100,,52929,45,,,0,100,,52930,45,,,0,100,,52931,45,,,0
1900,'1378',625,,52932,45,,,0,30,,52933,45,,,0,70,,52934,45,,,0,30,,52935,45,,,0,70,,52936,45,,,0,30,,52937,45,,,0,70,,52938,45,,,0,30,,52939,45,,,0,70,,52940,45,,,0,30,,52941,45,,,0,70,,52942,45,,,0,30,,52943,45,,,0,70,,52944,45,,,0,30,,52945,45,,,0,70,,52946,45,,,0,30,,52947,45,,,0,70,,52948,45,,,0,30,,52949,45,,,0,70,,52950,45,,,0,30,,52951,45,,,0,70,,52952,45,,,0,30,,52953,45,,,0,70,,52954,45,,,0,30,,52955,45,,,0,70,,52956,45,,,0,30,,52957,45,,,0,70,,52958,45,,,0,30,,52959,45,,,0,70,,52960,45,,,0,30,,52961,45,,,0,70,,52962,45,,,0,30,,52963,45,,,0,100,,52964,45,,,0,100,,52965,45,,,0
1900,'1379',625,,52966,45,,,0,30,,52967,45,,,0,70,,52968,45,,,0,30,,52969,45,,,0,70,,52970,45,,,0,30,,52971,45,,,0,70,,52972,45,,,0,30,,52973,45,,,0,70,,52974,45,,,0,30,,52975,45,,,0,70,,52976,45,,,0,30,,52977,45,,,0,70,,52978,45,,,0,30,,52979,45,,,0,70,,52980,45,,,0,30,,52981,45,,,0,70,,52982,45,,,0,30,,52983,45,,,0,70,,52984,45,,,0,30,,52985,45,,,0,70,,52986,45,,,0,30,,52987,45,,,0,70,,52988,45,,,0,30,,52989,45,,,0,70,,52990,45,,,0,30,,52991,45,,,0,70,,52992,45,,,0,30,,52993,45,,,0,70,,52994,45,,,0,30,,52995,45,,,0,70,,52996,45,,,0,30,,52997,45,,,0,100,,52998,45,,,0,100,,52999,45,,,0
1900,'1380',625,,53000,45,,,0,30,,53001,45,,,0,70,,53002,45,,,0,30,,53003,45,,,0,70,,53004,45,,,0,30,,53005,45,,,0,70,,53006,45,,,0,30,,53007,45,,,0,70,,53008,45,,,0,30,,53009,45,,,0,70,,53010,45,,,0,30,,53011,45,,,0,70,,53012,45,,,0,30,,53013,45,,,0,70,,53014,45,,,0,30,,53015,45,,,0,70,,53016,45,,,0,30,,53017,45,,,0,70,,53018,45,,,0,30,,53019,45,,,0,70,,53020,45,,,0,30,,53021,45,,,0,70,,53022,45,,,0,30,,53023,45,,,0,70,,53024,45,,,0,30,,53025,45,,,0,70,,53026,45,,,0,30,,53027,45,,,0,70,,53028,45,,,0,30,,53029,45,,,0,70,,53030,45,,,0,30,,53031,45,,,0,100,,53032,45,,,0,100,,53033,45,,,0
1900,'1381',625,,53034,45,,,0,30,,53035,45,,,0,70,,53036,45,,,0,30,,53037,45,,,0,70,,53038,45,,,0,30,,53039,45,,,0,70,,53040,45,,,0,30,,53041,45,,,0,70,,53042,45,,,0,30,,53043,45,,,0,70,,53044,45,,,0,30,,53045,45,,,0,70,,53046,45,,,0,30,,53047,45,,,0,70,,53048,45,,,0,30,,53049,45,,,0,70,,53050,45,,,0,30,,53051,45,,,0,70,,53052,45,,,0,30,,53053,45,,,0,70,,53054,45,,,0,30,,53055,45,,,0,70,,53056,45,,,0,30,,53057,45,,,0,70,,53058,45,,,0,30,,53059,45,,,0,70,,53060,45,,,0,30,,53061,45,,,0,70,,53062,45,,,0,30,,53063,45,,,0,70,,53064,45,,,0,30,,53065,45,,,0,100,,53066,45,,,0,100,,53067,45,,,0
1900,'1382',625,,53068,45,,,0,30,,53069,45,,,0,70,,53070,45,,,0,30,,53071,45,,,0,70,,53072,45,,,0,30,,53073,45,,,0,70,,53074,45,,,0,30,,53075,45,,,0,70,,53076,45,,,0,30,,53077,45,,,0,70,,53078,45,,,0,30,,53079,45,,,0,70,,53080,45,,,0,30,,53081,45,,,0,70,,53082,45,,,0,30,,53083,45,,,0,70,,53084,45,,,0,30,,53085,45,,,0,70,,53086,45,,,0,30,,53087,45,,,0,70,,53088,45,,,0,30,,53089,45,,,0,70,,53090,45,,,0,30,,53091,45,,,0,70,,53092,45,,,0,30,,53093,45,,,0,70,,53094,45,,,0,30,,53095,45,,,0,70,,53096,45,,,0,30,,53097,45,,,0,70,,53098,45,,,0,30,,53099,45,,,0,100,,53100,45,,,0,100,,53101,45,,,0
721403,'1376',1001,,56905,38,0,15,0,110,,56904,38,0,15,0,110,,56903,38,0,15,0,110,,56902,38,0,15,0,110,,56901,38,0,15,0,110,,56900,38,0,15,0,150,,56899,38,0,15,0,110,,56898,38,0,15,0
721403,'1377',900,,56906,38,0,15,0,110,,56907,38,0,15,0,110,,56908,38,0,15,0,110,,56909,38,0,15,0,117,,56910,38,0,15,0,155,,56911,38,0,15,0,45,,56912,38,0,15,0,85,,56913,38,0,15,0,85,,56914,38,0,15,0,85,,56915,38,0,15,0,45,,56916,38,0,15,0,85,,56917,38,0,15,0,85,,56918,38,0,15,0
721403,'1378',732,,56919,38,0,15,0,100,,56920,38,0,15,0,85,,56921,38,0,15,0,85,,56922,38,0,15,0,45,,56923,38,0,15,0,85,,56924,38,0,15,0,85,,56925,38,0,15,0,85,,56926,38,0,15,0,45,,56927,38,0,15,0,85,,56928,38,0,15,0,85,,56929,38,0,15,0,85,,56930,38,0,15,0,45,,56931,38,0,15,0,85,,56932,38,0,15,0,85,,56933,38,0,15,0,85,,56934,38,0,15,0,45,,56935,38,0,15,0,85,,56936,38,0,15,0,85,,56937,38,0,15,0,85,,56938,38,0,15,0
721403,'1379',732,,56939,38,0,15,0,100,,56940,38,0,15,0,85,,56941,38,0,15,0,85,,56942,38,0,15,0,45,,56943,38,0,15,0,85,,56944,38,0,15,0,85,,56945,38,0,15,0,85,,56946,38,0,15,0,45,,56947,38,0,15,0,85,,56948,38,0,15,0,85,,56949,38,0,15,0,85,,56950,38,0,15,0,45,,56951,38,0,15,0,85,,56952,38,0,15,0,85,,56953,38,0,15,0,85,,56954,38,0,15,0,45,,56955,38,0,15,0,85,,56956,38,0,15,0,85,,56957,38,0,15,0,85,,56958,38,0,15,0
721403,'1380',732,,56959,38,0,15,0,100,,56960,38,0,15,0,85,,56961,38,0,15,0,85,,56962,38,0,15,0,45,,56963,38,0,15,0,85,,56964,38,0,15,0,85,,56965,38,0,15,0,85,,56966,38,0,15,0,45,,56967,38,0,15,0,85,,56968,38,0,15,0,85,,56969,38,0,15,0,85,,56970,38,0,15,0,45,,56971,38,0,15,0,85,,56972,38,0,15,0,85,,56973,38,0,15,0,85,,56974,38,0,15,0,45,,56975,38,0,15,0,85,,56976,38,0,15,0,85,,56977,38,0,15,0,85,,56978,38,0,15,0
721403,'1381',732,,56979,38,0,15,0,100,,56980,38,0,15,0,85,,56981,38,0,15,0,85,,56982,38,0,15,0,45,,56983,38,0,15,0,85,,56984,38,0,15,0,85,,56985,38,0,15,0,85,,56986,38,0,15,0,45,,56987,38,0,15,0,85,,56988,38,0,15,0,85,,56989,38,0,15,0,85,,56990,38,0,15,0,45,,56991,38,0,15,0,85,,56992,38,0,15,0,85,,56993,38,0,15,0,85,,56994,38,0,15,0,45,,56995,38,0,15,0,85,,56996,38,0,15,0,85,,56997,38,0,15,0,85,,56998,38,0,15,0
721403,'1382',732,,56999,38,0,15,0,100,,57000,38,0,15,0,85,,57001,38,0,15,0,85,,57002,38,0,15,0,45,,57003,38,0,15,0,85,,57004,38,0,15,0,85,,57005,38,0,15,0,85,,57006,38,0,15,0,45,,57007,38,0,15,0,85,,57008,38,0,15,0,85,,57009,38,0,15,0,85,,57010,38,0,15,0,45,,57011,38,0,15,0,85,,57012,38,0,15,0,85,,57013,38,0,15,0,85,,57014,38,0,15,0,45,,57015,38,0,15,0,85,,57016,38,0,15,0,85,,57017,38,0,15,0,85,,57018,38,0,15,0
