721204,'1383',924,,63373,30,0,14,0,85,,63372,30,0,14,0,45,,63371,30,0,14,0,85,,63370,30,0,14,0,85,,63369,30,0,14,0,85,,63368,30,0,14,0,45,,63367,30,0,14,0,85,,63366,30,0,14,0,85,,63378,30,0,14,0,85,,63377,30,0,14,0,45,,63376,30,0,14,0,85,,63375,30,0,14,0,85,,63374,30,0,14,0,85,,63365,30,0,14,0
721204,'1384',624,,63379,30,0,14,0,85,,63380,30,0,14,0,45,,63381,30,0,14,0,85,,63382,30,0,14,0,85,,63383,30,0,14,0,85,,63384,30,0,14,0,30,,63385,30,0,14,0,70,,63386,30,0,14,0,30,,63387,30,0,14,0,70,,63388,30,0,14,0,30,,63389,30,0,14,0,70,,63390,30,0,14,0,30,,63391,30,0,14,0,70,,63392,30,0,14,0,30,,63393,30,0,14,0,70,,63394,30,0,14,0,30,,63395,30,0,14,0,70,,63396,30,0,14,0,30,,63397,30,0,14,0,70,,63398,30,0,14,0,30,,63399,30,0,14,0,70,,63400,30,0,14,0,45,,63401,30,0,14,0,85,,63402,30,0,14,0,85,,63403,30,0,14,0,85,,63404,30,0,14,0,45,,63405,30,0,14,0,85,,63406,30,0,14,0
721204,'1385',624,,63407,30,0,14,0,30,,63408,30,0,14,0,70,,63409,30,0,14,0,15,,63410,30,0,14,0,15,,63411,30,0,14,0,55,,63412,30,0,14,0,15,,63413,30,0,14,0,30,,63414,30,0,14,0,70,,63415,30,0,14,0,30,,63416,30,0,14,0,70,,63417,30,0,14,0,30,,63418,30,0,14,0,70,,63419,30,0,14,0,30,,63420,30,0,14,0,70,,63421,30,0,14,0,30,,63422,30,0,14,0,70,,63423,30,0,14,0,30,,63424,30,0,14,0,70,,63425,30,0,14,0,15,,63426,30,0,14,0,15,,63427,30,0,14,0,55,,63428,30,0,14,0,15,,63429,30,0,14,0,30,,63430,30,0,14,0,70,,63431,30,0,14,0,30,,63432,30,0,14,0,70,,63433,30,0,14,0,30,,63434,30,0,14,0,70,,63435,30,0,14,0,85,,63436,30,0,14,0,45,,63437,30,0,14,0,85,,63438,30,0,14,0,85,,63439,30,0,14,0,85,,63440,30,0,14,0,45,,63441,30,0,14,0
721204,'1386',624,,63442,30,0,14,0,30,,63443,30,0,14,0,70,,63444,30,0,14,0,15,,63445,30,0,14,0,15,,63446,30,0,14,0,55,,63447,30,0,14,0,15,,63448,30,0,14,0,30,,63449,30,0,14,0,70,,63450,30,0,14,0,30,,63451,30,0,14,0,70,,63452,30,0,14,0,30,,63453,30,0,14,0,70,,63454,30,0,14,0,30,,63455,30,0,14,0,70,,63456,30,0,14,0,30,,63457,30,0,14,0,70,,63458,30,0,14,0,30,,63459,30,0,14,0,70,,63460,30,0,14,0,15,,63461,30,0,14,0,15,,63462,30,0,14,0,55,,63463,30,0,14,0,15,,63464,30,0,14,0,30,,63465,30,0,14,0,70,,63466,30,0,14,0,30,,63467,30,0,14,0,70,,63468,30,0,14,0,30,,63469,30,0,14,0,70,,63470,30,0,14,0,85,,63471,30,0,14,0,45,,63472,30,0,14,0,85,,63473,30,0,14,0,85,,63474,30,0,14,0,85,,63475,30,0,14,0,45,,63476,30,0,14,0
721204,'1387',624,,63477,30,0,14,0,30,,63478,30,0,14,0,70,,63479,30,0,14,0,15,,63480,30,0,14,0,15,,63481,30,0,14,0,55,,63482,30,0,14,0,15,,63483,30,0,14,0,30,,63484,30,0,14,0,70,,63485,30,0,14,0,30,,63486,30,0,14,0,70,,63487,30,0,14,0,30,,63488,30,0,14,0,70,,63489,30,0,14,0,30,,63490,30,0,14,0,70,,63491,30,0,14,0,30,,63492,30,0,14,0,70,,63493,30,0,14,0,30,,63494,30,0,14,0,70,,63495,30,0,14,0,15,,63496,30,0,14,0,15,,63497,30,0,14,0,55,,63498,30,0,14,0,15,,63499,30,0,14,0,30,,63500,30,0,14,0,70,,63501,30,0,14,0,30,,63502,30,0,14,0,70,,63503,30,0,14,0,30,,63504,30,0,14,0,70,,63505,30,0,14,0,85,,63506,30,0,14,0,45,,63507,30,0,14,0,85,,63508,30,0,14,0,85,,63509,30,0,14,0,85,,63510,30,0,14,0,45,,63511,30,0,14,0
721204,'1388',624,,63512,30,0,14,0,30,,63513,30,0,14,0,70,,63514,30,0,14,0,15,,63515,30,0,14,0,15,,63516,30,0,14,0,55,,63517,30,0,14,0,15,,63518,30,0,14,0,30,,63519,30,0,14,0,70,,63520,30,0,14,0,30,,63521,30,0,14,0,70,,63522,30,0,14,0,30,,63523,30,0,14,0,70,,63524,30,0,14,0,30,,63525,30,0,14,0,70,,63526,30,0,14,0,30,,63527,30,0,14,0,70,,63528,30,0,14,0,30,,63529,30,0,14,0,70,,63530,30,0,14,0,15,,63531,30,0,14,0,15,,63532,30,0,14,0,55,,63533,30,0,14,0,15,,63534,30,0,14,0,30,,63535,30,0,14,0,70,,63536,30,0,14,0,30,,63537,30,0,14,0,70,,63538,30,0,14,0,30,,63539,30,0,14,0,70,,63540,30,0,14,0,85,,63541,30,0,14,0,45,,63542,30,0,14,0,85,,63543,30,0,14,0,85,,63544,30,0,14,0,85,,63545,30,0,14,0,45,,63546,30,0,14,0
721204,'1389',624,,63547,30,0,14,0,30,,63548,30,0,14,0,70,,63549,30,0,14,0,15,,63550,30,0,14,0,15,,63551,30,0,14,0,55,,63552,30,0,14,0,15,,63553,30,0,14,0,30,,63554,30,0,14,0,70,,63555,30,0,14,0,30,,63556,30,0,14,0,70,,63557,30,0,14,0,30,,63558,30,0,14,0,70,,63559,30,0,14,0,30,,63560,30,0,14,0,70,,63561,30,0,14,0,30,,63562,30,0,14,0,70,,63563,30,0,14,0,30,,63564,30,0,14,0,70,,63565,30,0,14,0,15,,63566,30,0,14,0,15,,63567,30,0,14,0,55,,63568,30,0,14,0,15,,63569,30,0,14,0,30,,63570,30,0,14,0,70,,63571,30,0,14,0,30,,63572,30,0,14,0,70,,63573,30,0,14,0,30,,63574,30,0,14,0,70,,63575,30,0,14,0,85,,63576,30,0,14,0,45,,63577,30,0,14,0,85,,63578,30,0,14,0,85,,63579,30,0,14,0,85,,63580,30,0,14,0,45,,63581,30,0,14,0
721501,'1383',940,,64352,34,0,17,0,100,,64351,34,0,17,0,100,,64350,34,0,17,0,100,,64349,34,0,17,0,100,,64348,34,0,17,0,100,,64347,34,0,17,0,100,,64346,34,0,17,0,100,,64345,34,0,17,0,100,,64344,34,0,17,0,100,,64343,34,0,17,0,100,,64342,34,0,17,0
721501,'1384',740,,64353,34,0,17,0,100,,64354,34,0,17,0,100,,64355,34,0,17,0,100,,64356,34,0,17,0,100,,64357,34,0,17,0,100,,64358,34,0,17,0,70,,64359,34,0,17,0,30,,64360,34,0,17,0,70,,64361,34,0,17,0,30,,64362,34,0,17,0,70,,64363,34,0,17,0,30,,64364,34,0,17,0,70,,64365,34,0,17,0,30,,64366,34,0,17,0,70,,64367,34,0,17,0,30,,64368,34,0,17,0,70,,64369,34,0,17,0,30,,64370,34,0,17,0,100,,64371,34,0,17,0
721501,'1385',740,,64372,34,0,17,0,70,,64373,34,0,17,0,30,,64374,34,0,17,0,70,,64375,34,0,17,0,30,,64376,34,0,17,0,70,,64377,34,0,17,0,30,,64378,34,0,17,0,70,,64379,34,0,17,0,30,,64380,34,0,17,0,70,,64381,34,0,17,0,30,,64382,34,0,17,0,70,,64383,34,0,17,0,30,,64384,34,0,17,0,70,,64385,34,0,17,0,30,,64386,34,0,17,0,70,,64387,34,0,17,0,30,,64388,34,0,17,0,70,,64389,34,0,17,0,30,,64390,34,0,17,0,70,,64391,34,0,17,0,30,,64392,34,0,17,0,70,,64393,34,0,17,0,30,,64394,34,0,17,0,70,,64395,34,0,17,0,30,,64396,34,0,17,0,100,,64397,34,0,17,0,100,,64398,34,0,17,0,100,,64399,34,0,17,0
721501,'1386',740,,64400,34,0,17,0,70,,64401,34,0,17,0,30,,64402,34,0,17,0,70,,64403,34,0,17,0,30,,64404,34,0,17,0,70,,64405,34,0,17,0,30,,64406,34,0,17,0,70,,64407,34,0,17,0,30,,64408,34,0,17,0,70,,64409,34,0,17,0,30,,64410,34,0,17,0,70,,64411,34,0,17,0,30,,64412,34,0,17,0,70,,64413,34,0,17,0,30,,64414,34,0,17,0,70,,64415,34,0,17,0,30,,64416,34,0,17,0,70,,64417,34,0,17,0,30,,64418,34,0,17,0,70,,64419,34,0,17,0,30,,64420,34,0,17,0,70,,64421,34,0,17,0,30,,64422,34,0,17,0,70,,64423,34,0,17,0,30,,64424,34,0,17,0,100,,64425,34,0,17,0,100,,64426,34,0,17,0,100,,64427,34,0,17,0
721501,'1387',740,,64428,34,0,17,0,70,,64429,34,0,17,0,30,,64430,34,0,17,0,70,,64431,34,0,17,0,30,,64432,34,0,17,0,70,,64433,34,0,17,0,30,,64434,34,0,17,0,70,,64435,34,0,17,0,30,,64436,34,0,17,0,70,,64437,34,0,17,0,30,,64438,34,0,17,0,70,,64439,34,0,17,0,30,,64440,34,0,17,0,70,,64441,34,0,17,0,30,,64442,34,0,17,0,70,,64443,34,0,17,0,30,,64444,34,0,17,0,70,,64445,34,0,17,0,30,,64446,34,0,17,0,70,,64447,34,0,17,0,30,,64448,34,0,17,0,70,,64449,34,0,17,0,30,,64450,34,0,17,0,70,,64451,34,0,17,0,30,,64452,34,0,17,0,100,,64453,34,0,17,0,100,,64454,34,0,17,0,100,,64455,34,0,17,0
721501,'1388',740,,64456,34,0,17,0,70,,64457,34,0,17,0,30,,64458,34,0,17,0,70,,64459,34,0,17,0,30,,64460,34,0,17,0,70,,64461,34,0,17,0,30,,64462,34,0,17,0,70,,64463,34,0,17,0,30,,64464,34,0,17,0,70,,64465,34,0,17,0,30,,64466,34,0,17,0,70,,64467,34,0,17,0,30,,64468,34,0,17,0,70,,64469,34,0,17,0,30,,64470,34,0,17,0,70,,64471,34,0,17,0,30,,64472,34,0,17,0,70,,64473,34,0,17,0,30,,64474,34,0,17,0,70,,64475,34,0,17,0,30,,64476,34,0,17,0,70,,64477,34,0,17,0,30,,64478,34,0,17,0,70,,64479,34,0,17,0,30,,64480,34,0,17,0,100,,64481,34,0,17,0,100,,64482,34,0,17,0,100,,64483,34,0,17,0
721501,'1389',740,,64484,34,0,17,0,70,,64485,34,0,17,0,30,,64486,34,0,17,0,70,,64487,34,0,17,0,30,,64488,34,0,17,0,70,,64489,34,0,17,0,30,,64490,34,0,17,0,70,,64491,34,0,17,0,30,,64492,34,0,17,0,70,,64493,34,0,17,0,30,,64494,34,0,17,0,70,,64495,34,0,17,0,30,,64496,34,0,17,0,70,,64497,34,0,17,0,30,,64498,34,0,17,0,70,,64499,34,0,17,0,30,,64500,34,0,17,0,70,,64501,34,0,17,0,30,,64502,34,0,17,0,70,,64503,34,0,17,0,30,,64504,34,0,17,0,70,,64505,34,0,17,0,30,,64506,34,0,17,0,70,,64507,34,0,17,0,30,,64508,34,0,17,0,100,,64509,34,0,17,0,100,,64510,34,0,17,0,100,,64511,34,0,17,0
