722501,'1385',543,,64687,40,0,17,0,160,,64688,40,0,17,0,100,,64689,40,0,17,0,100,,64690,40,0,17,0,100,,64691,40,0,17,0,100,,64692,40,0,17,0,100,,64693,40,0,17,0,100,,64694,40,0,17,0,100,,64695,40,0,17,0,100,,64696,40,0,17,0,100,,64697,40,0,17,0,100,,64698,40,0,17,0,100,,64699,40,0,17,0,100,,64700,40,0,17,0,100,,64701,40,0,17,0,100,,64702,40,0,17,0,100,,64703,40,0,17,0,100,,64704,40,0,17,0
722501,'1386',543,,64705,40,0,17,0,160,,64706,40,0,17,0,100,,64707,40,0,17,0,100,,64708,40,0,17,0,100,,64709,40,0,17,0,100,,64710,40,0,17,0,100,,64711,40,0,17,0,100,,64712,40,0,17,0,100,,64713,40,0,17,0,100,,64714,40,0,17,0,100,,64715,40,0,17,0,100,,64716,40,0,17,0,100,,64717,40,0,17,0,100,,64718,40,0,17,0,100,,64719,40,0,17,0,100,,64720,40,0,17,0,100,,64721,40,0,17,0,100,,64722,40,0,17,0
722501,'1387',543,,64723,40,0,17,0,160,,64724,40,0,17,0,100,,64725,40,0,17,0,100,,64726,40,0,17,0,100,,64727,40,0,17,0,100,,64728,40,0,17,0,100,,64729,40,0,17,0,100,,64730,40,0,17,0,100,,64731,40,0,17,0,100,,64732,40,0,17,0,100,,64733,40,0,17,0,100,,64734,40,0,17,0,100,,64735,40,0,17,0,100,,64736,40,0,17,0,100,,64737,40,0,17,0,100,,64738,40,0,17,0,100,,64739,40,0,17,0,100,,64740,40,0,17,0
722501,'1388',543,,64741,40,0,17,0,160,,64742,40,0,17,0,100,,64743,40,0,17,0,100,,64744,40,0,17,0,100,,64745,40,0,17,0,100,,64746,40,0,17,0,100,,64747,40,0,17,0,100,,64748,40,0,17,0,100,,64749,40,0,17,0,100,,64750,40,0,17,0,100,,64751,40,0,17,0,100,,64752,40,0,17,0,100,,64753,40,0,17,0,100,,64754,40,0,17,0,100,,64755,40,0,17,0,100,,64756,40,0,17,0,100,,64757,40,0,17,0,100,,64758,40,0,17,0
722501,'1389',543,,64759,40,0,17,0,160,,64760,40,0,17,0,100,,64761,40,0,17,0,100,,64762,40,0,17,0,100,,64763,40,0,17,0,100,,64764,40,0,17,0,100,,64765,40,0,17,0,100,,64766,40,0,17,0,100,,64767,40,0,17,0,100,,64768,40,0,17,0,100,,64769,40,0,17,0,100,,64770,40,0,17,0,100,,64771,40,0,17,0,100,,64772,40,0,17,0,100,,64773,40,0,17,0,100,,64774,40,0,17,0,100,,64775,40,0,17,0,100,,64776,40,0,17,0
722502,'1385',555,,64777,22,0,16,0,100,,64778,22,0,16,0,100,,64779,22,0,16,0,100,,64780,22,0,16,0,100,,64781,22,0,16,0,100,,64782,22,0,16,0,100,,64783,22,0,16,0,100,,64784,22,0,16,0,100,,64785,22,0,16,0,100,,64786,22,0,16,0,100,,64787,22,0,16,0,100,,64788,22,0,16,0,100,,64789,22,0,16,0,100,,64790,22,0,16,0,100,,64791,22,0,16,0,100,,64792,22,0,16,0,100,,64793,22,0,16,0,100,,64794,22,0,16,0
722502,'1386',555,,64795,22,0,16,0,100,,64796,22,0,16,0,100,,64797,22,0,16,0,100,,64798,22,0,16,0,100,,64799,22,0,16,0,100,,64800,22,0,16,0,100,,64801,22,0,16,0,100,,64802,22,0,16,0,100,,64803,22,0,16,0,100,,64804,22,0,16,0,100,,64805,22,0,16,0,100,,64806,22,0,16,0,100,,64807,22,0,16,0,100,,64808,22,0,16,0,100,,64809,22,0,16,0,100,,64810,22,0,16,0,100,,64811,22,0,16,0,100,,64812,22,0,16,0
722502,'1387',555,,64813,22,0,16,0,100,,64814,22,0,16,0,100,,64815,22,0,16,0,100,,64816,22,0,16,0,100,,64817,22,0,16,0,100,,64818,22,0,16,0,100,,64819,22,0,16,0,100,,64820,22,0,16,0,100,,64821,22,0,16,0,100,,64822,22,0,16,0,100,,64823,22,0,16,0,100,,64824,22,0,16,0,100,,64825,22,0,16,0,100,,64826,22,0,16,0,100,,64827,22,0,16,0,100,,64828,22,0,16,0,100,,64829,22,0,16,0,100,,64830,22,0,16,0
722502,'1388',555,,64831,22,0,16,0,100,,64832,22,0,16,0,100,,64833,22,0,16,0,100,,64834,22,0,16,0,100,,64835,22,0,16,0,100,,64836,22,0,16,0,100,,64837,22,0,16,0,100,,64838,22,0,16,0,100,,64839,22,0,16,0,100,,64840,22,0,16,0,100,,64841,22,0,16,0,100,,64842,22,0,16,0,100,,64843,22,0,16,0,100,,64844,22,0,16,0,100,,64845,22,0,16,0,100,,64846,22,0,16,0,100,,64847,22,0,16,0,100,,64848,22,0,16,0
722502,'1389',555,,64849,22,0,16,0,100,,64850,22,0,16,0,100,,64851,22,0,16,0,100,,64852,22,0,16,0,100,,64853,22,0,16,0,100,,64854,22,0,16,0,100,,64855,22,0,16,0,100,,64856,22,0,16,0,100,,64857,22,0,16,0,100,,64858,22,0,16,0,100,,64859,22,0,16,0,100,,64860,22,0,16,0,100,,64861,22,0,16,0,100,,64862,22,0,16,0,100,,64863,22,0,16,0,100,,64864,22,0,16,0,100,,64865,22,0,16,0,100,,64866,22,0,16,0
