1701,'1369',737,,44364,53,,,0,100,,44363,53,,,0,100,,44362,53,,,0,108,,44361,53,,,0,80,,44360,53,,,0,80,,44359,53,,,0,40,,44358,53,,,0,80,,44357,53,,,0,80,,44356,53,,,0,40,,44355,53,,,0,80,,44354,53,,,0,80,,44353,53,,,0,40,,44352,53,,,0,80,,44351,53,,,0,80,,44350,53,,,0,40,,44349,53,,,0,80,,44348,53,,,0,80,,44347,53,,,0
1701,'1370',615,,44390,53,,,0,30,,44391,53,,,0,70,,44392,53,,,0,30,,44393,53,,,0,70,,44394,53,,,0,30,,44395,53,,,0,70,,44396,53,,,0,30,,44365,53,,,0,70,,44366,53,,,0,30,,44367,53,,,0,60,,44368,53,,,0,20,,44369,53,,,0,20,,44370,53,,,0,60,,44371,53,,,0,20,,44372,53,,,0,20,,44373,53,,,0,60,,44374,53,,,0,20,,44375,53,,,0,20,,44376,53,,,0,60,,44377,53,,,0,20,,44378,53,,,0,20,,44379,53,,,0,60,,44380,53,,,0,20,,44381,53,,,0,20,,44382,53,,,0,60,,44383,53,,,0,20,,44384,53,,,0,20,,44385,53,,,0,60,,44386,53,,,0,20,,44387,53,,,0,20,,44397,53,,,0,60,,44388,53,,,0,20,,44389,53,,,0,20,,44398,53,,,0,70,,44399,53,,,0,30,,44400,53,,,0,70,,44401,53,,,0,30,,44402,53,,,0,70,,44403,53,,,0,30,,44404,53,,,0,70,,44405,53,,,0,30,,44406,53,,,0,70,,44407,53,,,0,30,,44408,53,,,0,70,,44409,53,,,0,30,,44410,53,,,0,70,,44411,53,,,0
1701,'1371',613,,44412,53,,,0,30,,44413,53,,,0,15,,44414,53,,,0,55,,44415,53,,,0,15,,44416,53,,,0,15,,44417,53,,,0,10,,44418,53,,,0,50,,44419,53,,,0,10,,44420,53,,,0,10,,44421,53,,,0,10,,44422,53,,,0,10,,44423,53,,,0,10,,44424,53,,,0,50,,44425,53,,,0,10,,44426,53,,,0,10,,44427,53,,,0,10,,44428,53,,,0,10,,44429,53,,,0,10,,44430,53,,,0,50,,44431,53,,,0,10,,44432,53,,,0,10,,44433,53,,,0,10,,44434,53,,,0,10,,44435,53,,,0,10,,44436,53,,,0,50,,44437,53,,,0,10,,44438,53,,,0,10,,44439,53,,,0,10,,44440,53,,,0,10,,44441,53,,,0,10,,44442,53,,,0,50,,44443,53,,,0,10,,44444,53,,,0,10,,44445,53,,,0,10,,44446,53,,,0,10,,44447,53,,,0,10,,44448,53,,,0,50,,44449,53,,,0,10,,44450,53,,,0,10,,44451,53,,,0,10,,44452,53,,,0,10,,44453,53,,,0,10,,44454,53,,,0,50,,44455,53,,,0,10,,44456,53,,,0,10,,44457,53,,,0,10,,44458,53,,,0,10,,44459,53,,,0,10,,44460,53,,,0,50,,44461,53,,,0,10,,44462,53,,,0,10,,44463,53,,,0,10,,44464,53,,,0,10,,44465,53,,,0,10,,44466,53,,,0,50,,44467,53,,,0,10,,44468,53,,,0,10,,44469,53,,,0,10,,44470,53,,,0,10,,44471,53,,,0,10,,44472,53,,,0,50,,44473,53,,,0,10,,44474,53,,,0,10,,44475,53,,,0,10,,44476,53,,,0,10,,44477,53,,,0,10,,44478,53,,,0,50,,44479,53,,,0,10,,44480,53,,,0,10,,44481,53,,,0,10,,44482,53,,,0,10,,44483,53,,,0,15,,44484,53,,,0,55,,44485,53,,,0,15,,44486,53,,,0,15,,44487,53,,,0,70,,44488,53,,,0,30,,44489,53,,,0,70,,44490,53,,,0,30,,44491,53,,,0,70,,44492,53,,,0,30,,44493,53,,,0,70,,44494,53,,,0,30,,44495,53,,,0,70,,44496,53,,,0,30,,44497,53,,,0,70,,44498,53,,,0
1701,'1372',613,,44499,53,,,0,30,,44500,53,,,0,15,,44501,53,,,0,55,,44502,53,,,0,15,,44503,53,,,0,15,,44504,53,,,0,10,,44505,53,,,0,50,,44506,53,,,0,10,,44507,53,,,0,10,,44508,53,,,0,10,,44509,53,,,0,10,,44510,53,,,0,10,,44511,53,,,0,50,,44512,53,,,0,10,,44513,53,,,0,10,,44514,53,,,0,10,,44515,53,,,0,10,,44516,53,,,0,10,,44517,53,,,0,50,,44518,53,,,0,10,,44519,53,,,0,10,,44520,53,,,0,10,,44521,53,,,0,10,,44522,53,,,0,10,,44523,53,,,0,50,,44524,53,,,0,10,,44525,53,,,0,10,,44526,53,,,0,10,,44527,53,,,0,10,,44528,53,,,0,10,,44529,53,,,0,50,,44530,53,,,0,10,,44531,53,,,0,10,,44532,53,,,0,10,,44533,53,,,0,10,,44534,53,,,0,10,,44535,53,,,0,50,,44536,53,,,0,10,,44537,53,,,0,10,,44538,53,,,0,10,,44539,53,,,0,10,,44540,53,,,0,10,,44541,53,,,0,50,,44542,53,,,0,10,,44543,53,,,0,10,,44544,53,,,0,10,,44545,53,,,0,10,,44546,53,,,0,10,,44547,53,,,0,50,,44548,53,,,0,10,,44549,53,,,0,10,,44550,53,,,0,10,,44551,53,,,0,10,,44552,53,,,0,10,,44553,53,,,0,50,,44554,53,,,0,10,,44555,53,,,0,10,,44556,53,,,0,10,,44557,53,,,0,10,,44558,53,,,0,10,,44559,53,,,0,50,,44560,53,,,0,10,,44561,53,,,0,10,,44562,53,,,0,10,,44563,53,,,0,10,,44564,53,,,0,10,,44565,53,,,0,50,,44566,53,,,0,10,,44567,53,,,0,10,,44568,53,,,0,10,,44569,53,,,0,10,,44570,53,,,0,15,,44571,53,,,0,55,,44572,53,,,0,15,,44573,53,,,0,15,,44574,53,,,0,70,,44575,53,,,0,30,,44576,53,,,0,70,,44577,53,,,0,30,,44578,53,,,0,70,,44579,53,,,0,30,,44580,53,,,0,70,,44581,53,,,0,30,,44582,53,,,0,70,,44583,53,,,0,30,,44584,53,,,0,70,,44585,53,,,0
1701,'1373',613,,44586,53,,,0,30,,44587,53,,,0,15,,44588,53,,,0,55,,44589,53,,,0,15,,44590,53,,,0,15,,44591,53,,,0,10,,44592,53,,,0,50,,44593,53,,,0,10,,44594,53,,,0,10,,44595,53,,,0,10,,44596,53,,,0,10,,44597,53,,,0,10,,44598,53,,,0,50,,44599,53,,,0,10,,44600,53,,,0,10,,44601,53,,,0,10,,44602,53,,,0,10,,44603,53,,,0,10,,44604,53,,,0,50,,44605,53,,,0,10,,44606,53,,,0,10,,44607,53,,,0,10,,44608,53,,,0,10,,44609,53,,,0,10,,44610,53,,,0,50,,44611,53,,,0,10,,44612,53,,,0,10,,44613,53,,,0,10,,44614,53,,,0,10,,44615,53,,,0,10,,44616,53,,,0,50,,44617,53,,,0,10,,44618,53,,,0,10,,44619,53,,,0,10,,44620,53,,,0,10,,44621,53,,,0,10,,44622,53,,,0,50,,44623,53,,,0,10,,44624,53,,,0,10,,44625,53,,,0,10,,44626,53,,,0,10,,44627,53,,,0,10,,44628,53,,,0,50,,44629,53,,,0,10,,44630,53,,,0,10,,44631,53,,,0,10,,44632,53,,,0,10,,44633,53,,,0,10,,44634,53,,,0,50,,44635,53,,,0,10,,44636,53,,,0,10,,44637,53,,,0,10,,44638,53,,,0,10,,44639,53,,,0,10,,44640,53,,,0,50,,44641,53,,,0,10,,44642,53,,,0,10,,44643,53,,,0,10,,44644,53,,,0,10,,44645,53,,,0,10,,44646,53,,,0,50,,44647,53,,,0,10,,44648,53,,,0,10,,44649,53,,,0,10,,44650,53,,,0,10,,44651,53,,,0,10,,44652,53,,,0,50,,44653,53,,,0,10,,44654,53,,,0,10,,44655,53,,,0,10,,44656,53,,,0,10,,44657,53,,,0,15,,44658,53,,,0,55,,44659,53,,,0,15,,44660,53,,,0,15,,44661,53,,,0,70,,44662,53,,,0,30,,44663,53,,,0,70,,44664,53,,,0,30,,44665,53,,,0,70,,44666,53,,,0,30,,44667,53,,,0,70,,44668,53,,,0,30,,44669,53,,,0,70,,44670,53,,,0,30,,44671,53,,,0,70,,44672,53,,,0
1701,'1374',613,,44673,53,,,0,30,,44674,53,,,0,15,,44675,53,,,0,55,,44676,53,,,0,15,,44677,53,,,0,15,,44678,53,,,0,10,,44679,53,,,0,50,,44680,53,,,0,10,,44681,53,,,0,10,,44682,53,,,0,10,,44683,53,,,0,10,,44684,53,,,0,10,,44685,53,,,0,50,,44686,53,,,0,10,,44687,53,,,0,10,,44688,53,,,0,10,,44689,53,,,0,10,,44690,53,,,0,10,,44691,53,,,0,50,,44692,53,,,0,10,,44693,53,,,0,10,,44694,53,,,0,10,,44695,53,,,0,10,,44696,53,,,0,10,,44697,53,,,0,50,,44698,53,,,0,10,,44699,53,,,0,10,,44700,53,,,0,10,,44701,53,,,0,10,,44702,53,,,0,10,,44703,53,,,0,50,,44704,53,,,0,10,,44705,53,,,0,10,,44706,53,,,0,10,,44707,53,,,0,10,,44708,53,,,0,10,,44709,53,,,0,50,,44710,53,,,0,10,,44711,53,,,0,10,,44712,53,,,0,10,,44713,53,,,0,10,,44714,53,,,0,10,,44715,53,,,0,50,,44716,53,,,0,10,,44717,53,,,0,10,,44718,53,,,0,10,,44719,53,,,0,10,,44720,53,,,0,10,,44721,53,,,0,50,,44722,53,,,0,10,,44723,53,,,0,10,,44724,53,,,0,10,,44725,53,,,0,10,,44726,53,,,0,10,,44727,53,,,0,50,,44728,53,,,0,10,,44729,53,,,0,10,,44730,53,,,0,10,,44731,53,,,0,10,,44732,53,,,0,10,,44733,53,,,0,50,,44734,53,,,0,10,,44735,53,,,0,10,,44736,53,,,0,10,,44737,53,,,0,10,,44738,53,,,0,10,,44739,53,,,0,50,,44740,53,,,0,10,,44741,53,,,0,10,,44742,53,,,0,10,,44743,53,,,0,10,,44744,53,,,0,15,,44745,53,,,0,55,,44746,53,,,0,15,,44747,53,,,0,15,,44748,53,,,0,70,,44749,53,,,0,30,,44750,53,,,0,70,,44751,53,,,0,30,,44752,53,,,0,70,,44753,53,,,0,30,,44754,53,,,0,70,,44755,53,,,0,30,,44756,53,,,0,70,,44757,53,,,0,30,,44758,53,,,0,70,,44759,53,,,0
1701,'1375',613,,44760,53,,,0,30,,44761,53,,,0,15,,44762,53,,,0,55,,44763,53,,,0,15,,44764,53,,,0,15,,44765,53,,,0,10,,44766,53,,,0,50,,44767,53,,,0,10,,44768,53,,,0,10,,44769,53,,,0,10,,44770,53,,,0,10,,44771,53,,,0,10,,44772,53,,,0,50,,44773,53,,,0,10,,44774,53,,,0,10,,44775,53,,,0,10,,44776,53,,,0,10,,44777,53,,,0,10,,44778,53,,,0,50,,44779,53,,,0,10,,44780,53,,,0,10,,44781,53,,,0,10,,44782,53,,,0,10,,44783,53,,,0,10,,44784,53,,,0,50,,44785,53,,,0,10,,44786,53,,,0,10,,44787,53,,,0,10,,44788,53,,,0,10,,44789,53,,,0,10,,44790,53,,,0,50,,44791,53,,,0,10,,44792,53,,,0,10,,44793,53,,,0,10,,44794,53,,,0,10,,44795,53,,,0,10,,44796,53,,,0,50,,44797,53,,,0,10,,44798,53,,,0,10,,44799,53,,,0,10,,44800,53,,,0,10,,44801,53,,,0,10,,44802,53,,,0,50,,44803,53,,,0,10,,44804,53,,,0,10,,44805,53,,,0,10,,44806,53,,,0,10,,44807,53,,,0,10,,44808,53,,,0,50,,44809,53,,,0,10,,44810,53,,,0,10,,44811,53,,,0,10,,44812,53,,,0,10,,44813,53,,,0,10,,44814,53,,,0,50,,44815,53,,,0,10,,44816,53,,,0,10,,44817,53,,,0,10,,44818,53,,,0,10,,44819,53,,,0,10,,44820,53,,,0,50,,44821,53,,,0,10,,44822,53,,,0,10,,44823,53,,,0,10,,44824,53,,,0,10,,44825,53,,,0,10,,44826,53,,,0,50,,44827,53,,,0,10,,44828,53,,,0,10,,44829,53,,,0,10,,44830,53,,,0,10,,44831,53,,,0,15,,44832,53,,,0,55,,44833,53,,,0,15,,44834,53,,,0,15,,44835,53,,,0,70,,44836,53,,,0,30,,44837,53,,,0,70,,44838,53,,,0,30,,44839,53,,,0,70,,44840,53,,,0,30,,44841,53,,,0,70,,44842,53,,,0,30,,44843,53,,,0,70,,44844,53,,,0,30,,44845,53,,,0,70,,44846,53,,,0
1901,'1369',939,,45911,55,,,0,100,,45910,55,,,0,100,,45909,55,,,0,100,,45908,55,,,0,100,,45907,55,,,0,100,,45906,55,,,0,100,,45905,55,,,0,100,,45904,55,,,0,100,,45903,55,,,0,100,,45902,55,,,0,100,,45901,55,,,0,100,,45900,55,,,0
1901,'1370',839,,45912,55,,,0,100,,45913,55,,,0,100,,45914,55,,,0,70,,45915,55,,,0,30,,45916,55,,,0,70,,45917,55,,,0,30,,45918,55,,,0,70,,45919,55,,,0,30,,45920,55,,,0,70,,45921,55,,,0,30,,45922,55,,,0,70,,45923,55,,,0,30,,45924,55,,,0,70,,45925,55,,,0,30,,45926,55,,,0,70,,45927,55,,,0,30,,45928,55,,,0,70,,45929,55,,,0,30,,45930,55,,,0,70,,45931,55,,,0,30,,45932,55,,,0,70,,45933,55,,,0,30,,45934,55,,,0,100,,45935,55,,,0,100,,45936,55,,,0,100,,45937,55,,,0
1901,'1371',639,,45938,55,,,0,70,,45939,55,,,0,30,,45940,55,,,0,70,,45941,55,,,0,30,,45942,55,,,0,70,,45943,55,,,0,30,,45944,55,,,0,70,,45945,55,,,0,30,,45946,55,,,0,70,,45947,55,,,0,30,,45948,55,,,0,70,,45949,55,,,0,30,,45950,55,,,0,70,,45951,55,,,0,30,,45952,55,,,0,70,,45953,55,,,0,30,,45954,55,,,0,70,,45955,55,,,0,30,,45956,55,,,0,70,,45957,55,,,0,30,,45958,55,,,0,70,,45959,55,,,0,30,,45960,55,,,0,70,,45961,55,,,0,30,,45962,55,,,0,70,,45963,55,,,0,30,,45964,55,,,0,70,,45965,55,,,0,30,,45966,55,,,0,70,,45967,55,,,0,30,,45968,55,,,0,70,,45969,55,,,0,100,,45970,55,,,0,100,,45971,55,,,0
1901,'1372',639,,45972,55,,,0,70,,45973,55,,,0,30,,45974,55,,,0,70,,45975,55,,,0,30,,45976,55,,,0,70,,45977,55,,,0,30,,45978,55,,,0,70,,45979,55,,,0,30,,45980,55,,,0,70,,45981,55,,,0,30,,45982,55,,,0,70,,45983,55,,,0,30,,45984,55,,,0,70,,45985,55,,,0,30,,45986,55,,,0,70,,45987,55,,,0,30,,45988,55,,,0,70,,45989,55,,,0,30,,45990,55,,,0,70,,45991,55,,,0,30,,45992,55,,,0,70,,45993,55,,,0,30,,45994,55,,,0,70,,45995,55,,,0,30,,45996,55,,,0,70,,45997,55,,,0,30,,45998,55,,,0,70,,45999,55,,,0,30,,46000,55,,,0,70,,46001,55,,,0,30,,46002,55,,,0,70,,46003,55,,,0,100,,46004,55,,,0,100,,46005,55,,,0
1901,'1373',639,,46006,55,,,0,70,,46007,55,,,0,30,,46008,55,,,0,70,,46009,55,,,0,30,,46010,55,,,0,70,,46011,55,,,0,30,,46012,55,,,0,70,,46013,55,,,0,30,,46014,55,,,0,70,,46015,55,,,0,30,,46016,55,,,0,70,,46017,55,,,0,30,,46018,55,,,0,70,,46019,55,,,0,30,,46020,55,,,0,70,,46021,55,,,0,30,,46022,55,,,0,70,,46023,55,,,0,30,,46024,55,,,0,70,,46025,55,,,0,30,,46026,55,,,0,70,,46027,55,,,0,30,,46028,55,,,0,70,,46029,55,,,0,30,,46030,55,,,0,70,,46031,55,,,0,30,,46032,55,,,0,70,,46033,55,,,0,30,,46034,55,,,0,70,,46035,55,,,0,30,,46036,55,,,0,70,,46037,55,,,0,100,,46038,55,,,0,100,,46039,55,,,0
1901,'1374',639,,46040,55,,,0,70,,46041,55,,,0,30,,46042,55,,,0,70,,46043,55,,,0,30,,46044,55,,,0,70,,46045,55,,,0,30,,46046,55,,,0,70,,46047,55,,,0,30,,46048,55,,,0,70,,46049,55,,,0,30,,46050,55,,,0,70,,46051,55,,,0,30,,46052,55,,,0,70,,46053,55,,,0,30,,46054,55,,,0,70,,46055,55,,,0,30,,46056,55,,,0,70,,46057,55,,,0,30,,46058,55,,,0,70,,46059,55,,,0,30,,46060,55,,,0,70,,46061,55,,,0,30,,46062,55,,,0,70,,46063,55,,,0,30,,46064,55,,,0,70,,46065,55,,,0,30,,46066,55,,,0,70,,46067,55,,,0,30,,46068,55,,,0,70,,46069,55,,,0,30,,46070,55,,,0,70,,46071,55,,,0,100,,46072,55,,,0,100,,46073,55,,,0
1901,'1375',639,,46074,55,,,0,70,,46075,55,,,0,30,,46076,55,,,0,70,,46077,55,,,0,30,,46078,55,,,0,70,,46079,55,,,0,30,,46080,55,,,0,70,,46081,55,,,0,30,,46082,55,,,0,70,,46083,55,,,0,30,,46084,55,,,0,70,,46085,55,,,0,30,,46086,55,,,0,70,,46087,55,,,0,30,,46088,55,,,0,70,,46089,55,,,0,30,,46090,55,,,0,70,,46091,55,,,0,30,,46092,55,,,0,70,,46093,55,,,0,30,,46094,55,,,0,70,,46095,55,,,0,30,,46096,55,,,0,70,,46097,55,,,0,30,,46098,55,,,0,70,,46099,55,,,0,30,,46100,55,,,0,70,,46101,55,,,0,30,,46102,55,,,0,70,,46103,55,,,0,30,,46104,55,,,0,70,,46105,55,,,0,100,,46106,55,,,0,100,,46107,55,,,0
