1801,'1383',717,,59688,25,,,0,100,,59687,25,,,0,100,,59686,25,,,0,105,,59685,25,,,0,80,,59684,25,,,0,40,,59683,25,,,0,80,,59682,25,,,0,80,,59681,25,,,0,40,,59680,25,,,0,80,,59679,25,,,0,80,,59678,25,,,0,40,,59677,25,,,0,80,,59676,25,,,0,80,,59675,25,,,0,40,,59674,25,,,0,80,,59673,25,,,0,80,,59672,25,,,0,40,,59671,25,,,0
1801,'1384',552,,59689,25,,,0,70,,59690,25,,,0,30,,59691,25,,,0,70,,59692,25,,,0,30,,59693,25,,,0,70,,59694,25,,,0,30,,59695,25,,,0,70,,59696,25,,,0,30,,59697,25,,,0,70,,59698,25,,,0,20,,59699,25,,,0,60,,59700,25,,,0,20,,59701,25,,,0,20,,59702,25,,,0,60,,59703,25,,,0,20,,59704,25,,,0,20,,59705,25,,,0,60,,59706,25,,,0,20,,59707,25,,,0,20,,59708,25,,,0,60,,59709,25,,,0,20,,59710,25,,,0,20,,59711,25,,,0,60,,59712,25,,,0,20,,59713,25,,,0,20,,59714,25,,,0,60,,59715,25,,,0,20,,59716,25,,,0,20,,59717,25,,,0,60,,59718,25,,,0,20,,59719,25,,,0,20,,59720,25,,,0,60,,59721,25,,,0,20,,59722,25,,,0,35,,59723,25,,,0,65,,59724,25,,,0,30,,59725,25,,,0,70,,59726,25,,,0,30,,59727,25,,,0,70,,59728,25,,,0,30,,59729,25,,,0,70,,59730,25,,,0,30,,59731,25,,,0,70,,59732,25,,,0,30,,59733,25,,,0,70,,59734,25,,,0,30,,59735,25,,,0
1801,'1385',550,,59774,25,,,0,70,,59775,25,,,0,15,,59741,25,,,0,16,,59740,25,,,0,55,,59739,25,,,0,15,,59738,25,,,0,10,,59737,25,,,0,10,,59736,25,,,0,10,,59742,25,,,0,50,,59743,25,,,0,10,,59744,25,,,0,10,,59745,25,,,0,15,,59746,25,,,0,15,,59747,25,,,0,55,,59748,25,,,0,14,,59776,25,,,0,15,,59777,25,,,0,15,,59778,25,,,0,55,,59779,25,,,0,15,,59780,25,,,0,15,,59781,25,,,0,15,,59782,25,,,0,55,,59783,25,,,0,15,,59784,25,,,0,15,,59785,25,,,0,15,,59786,25,,,0,55,,59787,25,,,0,15,,59788,25,,,0,10,,59807,9,,,0,5,,59789,25,,,0,15,,59790,25,,,0,55,,59791,25,,,0,15,,59792,25,,,0,18,,59749,25,,,0,15,,59750,25,,,0,55,,59773,25,,,0,15,,59772,25,,,0,10,,59771,25,,,0,10,,59770,25,,,0,10,,59769,25,,,0,50,,59768,25,,,0,10,,59767,25,,,0,10,,59766,25,,,0,10,,59765,25,,,0,10,,59764,25,,,0,10,,59763,25,,,0,50,,59762,25,,,0,10,,59751,25,,,0,10,,59752,25,,,0,10,,59753,25,,,0,10,,59754,25,,,0,10,,59755,25,,,0,50,,59756,25,,,0,10,,59757,25,,,0,10,,59758,25,,,0,15,,59759,25,,,0,15,,59760,25,,,0,55,,59761,25,,,0,13,,59793,25,,,0,30,,59794,25,,,0,70,,59795,25,,,0,30,,59796,25,,,0,70,,59797,25,,,0,30,,59798,25,,,0,70,,59799,25,,,0,30,,59800,25,,,0,70,,59801,25,,,0,30,,59802,25,,,0,70,,59803,25,,,0,30,,59804,25,,,0,70,,59805,25,,,0,30,,59806,25,,,0
1801,'1386',550,,59846,25,,,0,70,,59847,25,,,0,15,,59812,25,,,0,16,,59811,25,,,0,55,,59810,25,,,0,15,,59809,25,,,0,10,,59808,25,,,0,10,,59813,25,,,0,10,,59814,25,,,0,50,,59815,25,,,0,10,,59816,25,,,0,10,,59817,25,,,0,15,,59818,25,,,0,15,,59819,25,,,0,55,,59820,25,,,0,14,,59848,25,,,0,15,,59849,25,,,0,15,,59850,25,,,0,55,,59851,25,,,0,15,,59852,25,,,0,15,,59853,25,,,0,15,,59854,25,,,0,55,,59855,25,,,0,15,,59856,25,,,0,15,,59857,25,,,0,15,,59858,25,,,0,55,,59859,25,,,0,15,,59860,25,,,0,10,,59879,9,,,0,5,,59861,25,,,0,15,,59862,25,,,0,55,,59863,25,,,0,15,,59864,25,,,0,18,,59821,25,,,0,15,,59822,25,,,0,55,,59845,25,,,0,15,,59844,25,,,0,10,,59843,25,,,0,10,,59842,25,,,0,10,,59841,25,,,0,50,,59840,25,,,0,10,,59839,25,,,0,10,,59838,25,,,0,10,,59837,25,,,0,10,,59836,25,,,0,10,,59835,25,,,0,50,,59834,25,,,0,10,,59823,25,,,0,10,,59824,25,,,0,10,,59825,25,,,0,10,,59826,25,,,0,10,,59827,25,,,0,50,,59828,25,,,0,10,,59829,25,,,0,10,,59830,25,,,0,15,,59831,25,,,0,15,,59832,25,,,0,55,,59833,25,,,0,13,,59865,25,,,0,30,,59866,25,,,0,70,,59867,25,,,0,30,,59868,25,,,0,70,,59869,25,,,0,30,,59870,25,,,0,70,,59871,25,,,0,30,,59872,25,,,0,70,,59873,25,,,0,30,,59874,25,,,0,70,,59875,25,,,0,30,,59876,25,,,0,70,,59877,25,,,0,30,,59878,25,,,0
1801,'1387',550,,59918,25,,,0,70,,59919,25,,,0,15,,59884,25,,,0,16,,59883,25,,,0,55,,59882,25,,,0,15,,59881,25,,,0,10,,59880,25,,,0,10,,59885,25,,,0,10,,59886,25,,,0,50,,59887,25,,,0,10,,59888,25,,,0,10,,59889,25,,,0,15,,59890,25,,,0,15,,59891,25,,,0,55,,59892,25,,,0,14,,59920,25,,,0,15,,59921,25,,,0,15,,59922,25,,,0,55,,59923,25,,,0,15,,59924,25,,,0,15,,59925,25,,,0,15,,59926,25,,,0,55,,59927,25,,,0,15,,59928,25,,,0,15,,59929,25,,,0,15,,59930,25,,,0,55,,59931,25,,,0,15,,59932,25,,,0,10,,59951,9,,,0,5,,59933,25,,,0,15,,59934,25,,,0,55,,59935,25,,,0,15,,59936,25,,,0,18,,59893,25,,,0,15,,59894,25,,,0,55,,59917,25,,,0,15,,59916,25,,,0,10,,59915,25,,,0,10,,59914,25,,,0,10,,59913,25,,,0,50,,59912,25,,,0,10,,59911,25,,,0,10,,59910,25,,,0,10,,59909,25,,,0,10,,59908,25,,,0,10,,59907,25,,,0,50,,59906,25,,,0,10,,59895,25,,,0,10,,59896,25,,,0,10,,59897,25,,,0,10,,59898,25,,,0,10,,59899,25,,,0,50,,59900,25,,,0,10,,59901,25,,,0,10,,59902,25,,,0,15,,59903,25,,,0,15,,59904,25,,,0,55,,59905,25,,,0,13,,59937,25,,,0,30,,59938,25,,,0,70,,59939,25,,,0,30,,59940,25,,,0,70,,59941,25,,,0,30,,59942,25,,,0,70,,59943,25,,,0,30,,59944,25,,,0,70,,59945,25,,,0,30,,59946,25,,,0,70,,59947,25,,,0,30,,59948,25,,,0,70,,59949,25,,,0,30,,59950,25,,,0
1801,'1388',550,,59990,25,,,0,70,,59991,25,,,0,15,,59956,25,,,0,16,,59955,25,,,0,55,,59954,25,,,0,15,,59953,25,,,0,10,,59952,25,,,0,10,,59957,25,,,0,10,,59958,25,,,0,50,,59959,25,,,0,10,,59960,25,,,0,10,,59961,25,,,0,15,,59962,25,,,0,15,,59963,25,,,0,55,,59964,25,,,0,14,,59992,25,,,0,15,,59993,25,,,0,15,,59994,25,,,0,55,,59995,25,,,0,15,,59996,25,,,0,15,,59997,25,,,0,15,,59998,25,,,0,55,,59999,25,,,0,15,,60000,25,,,0,15,,60001,25,,,0,15,,60002,25,,,0,55,,60003,25,,,0,15,,60004,25,,,0,10,,60023,9,,,0,5,,60005,25,,,0,15,,60006,25,,,0,55,,60007,25,,,0,15,,60008,25,,,0,18,,59965,25,,,0,15,,59966,25,,,0,55,,59989,25,,,0,15,,59988,25,,,0,10,,59987,25,,,0,10,,59986,25,,,0,10,,59985,25,,,0,50,,59984,25,,,0,10,,59983,25,,,0,10,,59982,25,,,0,10,,59981,25,,,0,10,,59980,25,,,0,10,,59979,25,,,0,50,,59978,25,,,0,10,,59967,25,,,0,10,,59968,25,,,0,10,,59969,25,,,0,10,,59970,25,,,0,10,,59971,25,,,0,50,,59972,25,,,0,10,,59973,25,,,0,10,,59974,25,,,0,15,,59975,25,,,0,15,,59976,25,,,0,55,,59977,25,,,0,13,,60009,25,,,0,30,,60010,25,,,0,70,,60011,25,,,0,30,,60012,25,,,0,70,,60013,25,,,0,30,,60014,25,,,0,70,,60015,25,,,0,30,,60016,25,,,0,70,,60017,25,,,0,30,,60018,25,,,0,70,,60019,25,,,0,30,,60020,25,,,0,70,,60021,25,,,0,30,,60022,25,,,0
1801,'1389',550,,60062,25,,,0,70,,60063,25,,,0,15,,60028,25,,,0,16,,60027,25,,,0,55,,60026,25,,,0,15,,60025,25,,,0,10,,60024,25,,,0,10,,60029,25,,,0,10,,60030,25,,,0,50,,60031,25,,,0,10,,60032,25,,,0,10,,60033,25,,,0,15,,60034,25,,,0,15,,60035,25,,,0,55,,60036,25,,,0,14,,60064,25,,,0,15,,60065,25,,,0,15,,60066,25,,,0,55,,60067,25,,,0,15,,60068,25,,,0,15,,60069,25,,,0,15,,60070,25,,,0,55,,60071,25,,,0,15,,60072,25,,,0,15,,60073,25,,,0,15,,60074,25,,,0,55,,60075,25,,,0,15,,60076,25,,,0,10,,60095,9,,,0,5,,60077,25,,,0,15,,60078,25,,,0,55,,60079,25,,,0,15,,60080,25,,,0,18,,60037,25,,,0,15,,60038,25,,,0,55,,60061,25,,,0,15,,60060,25,,,0,10,,60059,25,,,0,10,,60058,25,,,0,10,,60057,25,,,0,50,,60056,25,,,0,10,,60055,25,,,0,10,,60054,25,,,0,10,,60053,25,,,0,10,,60052,25,,,0,10,,60051,25,,,0,50,,60050,25,,,0,10,,60039,25,,,0,10,,60040,25,,,0,10,,60041,25,,,0,10,,60042,25,,,0,10,,60043,25,,,0,50,,60044,25,,,0,10,,60045,25,,,0,10,,60046,25,,,0,15,,60047,25,,,0,15,,60048,25,,,0,55,,60049,25,,,0,13,,60081,25,,,0,30,,60082,25,,,0,70,,60083,25,,,0,30,,60084,25,,,0,70,,60085,25,,,0,30,,60086,25,,,0,70,,60087,25,,,0,30,,60088,25,,,0,70,,60089,25,,,0,30,,60090,25,,,0,70,,60091,25,,,0,30,,60092,25,,,0,70,,60093,25,,,0,30,,60094,25,,,0
1901,'1383',921,,60309,27,,,0,100,,60310,27,,,0,100,,60311,27,,,0,100,,60312,27,,,0,100,,60313,27,,,0,100,,60315,27,,,0,100,,60314,27,,,0,100,,60308,27,,,0,100,,60307,27,,,0,100,,60306,27,,,0,100,,60305,27,,,0,100,,60304,27,,,0
1901,'1384',821,,60316,27,,,0,100,,60317,27,,,0,100,,60318,27,,,0,30,,60319,27,,,0,70,,60320,27,,,0,30,,60321,27,,,0,70,,60322,27,,,0,30,,60323,27,,,0,70,,60324,27,,,0,30,,60325,27,,,0,70,,60326,27,,,0,30,,60327,27,,,0,70,,60328,27,,,0,30,,60329,27,,,0,70,,60330,27,,,0,30,,60331,27,,,0,70,,60332,27,,,0,30,,60333,27,,,0,70,,60334,27,,,0,30,,60335,27,,,0,70,,60336,27,,,0,30,,60337,27,,,0,70,,60338,27,,,0,100,,60339,27,,,0,100,,60340,27,,,0,100,,60341,27,,,0
1901,'1385',621,,60342,27,,,0,30,,60343,27,,,0,70,,60344,27,,,0,30,,60345,27,,,0,70,,60346,27,,,0,30,,60347,27,,,0,70,,60348,27,,,0,30,,60349,27,,,0,70,,60350,27,,,0,30,,60351,27,,,0,70,,60352,27,,,0,30,,60353,27,,,0,70,,60354,27,,,0,30,,60355,27,,,0,70,,60356,27,,,0,30,,60357,27,,,0,70,,60358,27,,,0,30,,60359,27,,,0,70,,60360,27,,,0,30,,60361,27,,,0,70,,60362,27,,,0,30,,60363,27,,,0,70,,60364,27,,,0,30,,60365,27,,,0,70,,60366,27,,,0,30,,60367,27,,,0,70,,60368,27,,,0,30,,60369,27,,,0,70,,60370,27,,,0,30,,60371,27,,,0,70,,60372,27,,,0,30,,60373,27,,,0,100,,60374,27,,,0,100,,60375,27,,,0
1901,'1386',621,,60376,27,,,0,30,,60377,27,,,0,70,,60378,27,,,0,30,,60379,27,,,0,70,,60380,27,,,0,30,,60381,27,,,0,70,,60382,27,,,0,30,,60383,27,,,0,70,,60384,27,,,0,30,,60385,27,,,0,70,,60386,27,,,0,30,,60387,27,,,0,70,,60388,27,,,0,30,,60389,27,,,0,70,,60390,27,,,0,30,,60391,27,,,0,70,,60392,27,,,0,30,,60393,27,,,0,70,,60394,27,,,0,30,,60395,27,,,0,70,,60396,27,,,0,30,,60397,27,,,0,70,,60398,27,,,0,30,,60399,27,,,0,70,,60400,27,,,0,30,,60401,27,,,0,70,,60402,27,,,0,30,,60403,27,,,0,70,,60404,27,,,0,30,,60405,27,,,0,70,,60406,27,,,0,30,,60407,27,,,0,100,,60408,27,,,0,100,,60409,27,,,0
1901,'1387',621,,60410,27,,,0,30,,60411,27,,,0,70,,60412,27,,,0,30,,60413,27,,,0,70,,60414,27,,,0,30,,60415,27,,,0,70,,60416,27,,,0,30,,60417,27,,,0,70,,60418,27,,,0,30,,60419,27,,,0,70,,60420,27,,,0,30,,60421,27,,,0,70,,60422,27,,,0,30,,60423,27,,,0,70,,60424,27,,,0,30,,60425,27,,,0,70,,60426,27,,,0,30,,60427,27,,,0,70,,60428,27,,,0,30,,60429,27,,,0,70,,60430,27,,,0,30,,60431,27,,,0,70,,60432,27,,,0,30,,60433,27,,,0,70,,60434,27,,,0,30,,60435,27,,,0,70,,60436,27,,,0,30,,60437,27,,,0,70,,60438,27,,,0,30,,60439,27,,,0,70,,60440,27,,,0,30,,60441,27,,,0,100,,60442,27,,,0,100,,60443,27,,,0
1901,'1388',621,,60444,27,,,0,30,,60445,27,,,0,70,,60446,27,,,0,30,,60447,27,,,0,70,,60448,27,,,0,30,,60449,27,,,0,70,,60450,27,,,0,30,,60451,27,,,0,70,,60452,27,,,0,30,,60453,27,,,0,70,,60454,27,,,0,30,,60455,27,,,0,70,,60456,27,,,0,30,,60457,27,,,0,70,,60458,27,,,0,30,,60459,27,,,0,70,,60460,27,,,0,30,,60461,27,,,0,70,,60462,27,,,0,30,,60463,27,,,0,70,,60464,27,,,0,30,,60465,27,,,0,70,,60466,27,,,0,30,,60467,27,,,0,70,,60468,27,,,0,30,,60469,27,,,0,70,,60470,27,,,0,30,,60471,27,,,0,70,,60472,27,,,0,30,,60473,27,,,0,70,,60474,27,,,0,30,,60475,27,,,0,100,,60476,27,,,0,100,,60477,27,,,0
1901,'1389',621,,60478,27,,,0,30,,60479,27,,,0,70,,60480,27,,,0,30,,60481,27,,,0,70,,60482,27,,,0,30,,60483,27,,,0,70,,60484,27,,,0,30,,60485,27,,,0,70,,60486,27,,,0,30,,60487,27,,,0,70,,60488,27,,,0,30,,60489,27,,,0,70,,60490,27,,,0,30,,60491,27,,,0,70,,60492,27,,,0,30,,60493,27,,,0,70,,60494,27,,,0,30,,60495,27,,,0,70,,60496,27,,,0,30,,60497,27,,,0,70,,60498,27,,,0,30,,60499,27,,,0,70,,60500,27,,,0,30,,60501,27,,,0,70,,60502,27,,,0,30,,60503,27,,,0,70,,60504,27,,,0,30,,60505,27,,,0,70,,60506,27,,,0,30,,60507,27,,,0,70,,60508,27,,,0,30,,60509,27,,,0,100,,60510,27,,,0,100,,60511,27,,,0
