1700,'1383',657,,58253,84,,,0,100,,58252,84,,,0,100,,58251,84,,,0,100,,58250,84,,,0,154,,58254,84,,,0,40,,58255,84,,,0,80,,58256,84,,,0,80,,58257,84,,,0,40,,58258,84,,,0,80,,58259,84,,,0,80,,58260,84,,,0,40,,58261,84,,,0,80,,58262,84,,,0,80,,58263,84,,,0,40,,58264,84,,,0,80,,58265,84,,,0,80,,58266,84,,,0,40,,58267,84,,,0,80,,58268,84,,,0
1700,'1384',619,,58269,84,,,0,35,,58270,84,,,0,70,,58271,84,,,0,30,,58272,84,,,0,70,,58273,84,,,0,30,,58274,84,,,0,70,,58275,84,,,0,30,,58276,84,,,0,70,,58277,84,,,0,30,,58278,84,,,0,79,,58287,84,,,0,20,,58288,84,,,0,60,,58289,84,,,0,20,,58290,84,,,0,20,,58291,84,,,0,60,,58292,84,,,0,20,,58293,84,,,0,20,,58294,84,,,0,60,,58295,84,,,0,20,,58296,84,,,0,20,,58297,84,,,0,60,,58298,84,,,0,20,,58299,84,,,0,20,,58300,84,,,0,60,,58301,84,,,0,20,,58302,84,,,0,20,,58303,84,,,0,60,,58304,84,,,0,20,,58305,84,,,0,20,,58306,84,,,0,60,,58307,84,,,0,20,,58308,84,,,0,20,,58309,84,,,0,60,,58310,84,,,0,15,,58311,84,,,0,30,,58312,84,,,0,70,,58313,84,,,0,30,,58314,84,,,0,70,,58315,84,,,0,26,,58279,84,,,0,70,,58280,84,,,0,30,,58281,84,,,0,70,,58282,84,,,0,30,,58283,84,,,0,70,,58284,84,,,0,30,,58285,84,,,0,70,,58286,84,,,0
1700,'1385',617,,58316,84,,,0,29,,58317,45,,,0,59,,58335,84,,,0,15,,58334,84,,,0,15,,58333,84,,,0,15,,58332,84,,,0,55,,58331,84,,,0,10,,58330,84,,,0,10,,58329,84,,,0,10,,58328,84,,,0,10,,58327,84,,,0,10,,58326,84,,,0,50,,58325,84,,,0,10,,58324,84,,,0,10,,58323,84,,,0,10,,58318,84,,,0,10,,58319,84,,,0,10,,58320,84,,,0,50,,58321,84,,,0,10,,58322,84,,,0,10,,58336,84,,,0,10,,58361,84,,,0,10,,58362,84,,,0,10,,58363,84,,,0,50,,58364,84,,,0,10,,58365,84,,,0,10,,58366,84,,,0,10,,58367,84,,,0,10,,58368,84,,,0,10,,58369,84,,,0,50,,58370,84,,,0,10,,58371,84,,,0,10,,58372,84,,,0,10,,58373,84,,,0,10,,58374,84,,,0,10,,58375,84,,,0,50,,58376,84,,,0,10,,58379,84,,,0,10,,58380,84,,,0,10,,58381,84,,,0,10,,58382,84,,,0,10,,58383,84,,,0,50,,58384,84,,,0,10,,58385,84,,,0,10,,58386,84,,,0,10,,58337,84,,,0,10,,58338,84,,,0,10,,58339,84,,,0,50,,58340,84,,,0,10,,58341,84,,,0,10,,58342,84,,,0,10,,58343,84,,,0,10,,58344,84,,,0,10,,58345,84,,,0,50,,58346,84,,,0,10,,58347,84,,,0,10,,58348,84,,,0,10,,58349,84,,,0,10,,58350,84,,,0,10,,58351,84,,,0,50,,58352,84,,,0,10,,58353,84,,,0,10,,58354,84,,,0,10,,58355,84,,,0,10,,58356,84,,,0,10,,58357,84,,,0,50,,58358,84,,,0,10,,58359,84,,,0,10,,58360,84,,,0,10,,58387,84,,,0,10,,58388,84,,,0,10,,58389,84,,,0,50,,58390,84,,,0,15,,58391,84,,,0,15,,58392,84,,,0,15,,58393,84,,,0,70,,58394,84,,,0,30,,58395,84,,,0,70,,58396,84,,,0,30,,58397,84,,,0,70,,58398,84,,,0,30,,58399,84,,,0,70,,58400,84,,,0,30,,58401,84,,,0,70,,58402,84,,,0,30,,58377,84,,,0,70,,58378,84,,,0
1700,'1386',617,,58403,84,,,0,29,,58404,45,,,0,59,,58422,84,,,0,15,,58421,84,,,0,15,,58420,84,,,0,15,,58419,84,,,0,55,,58418,84,,,0,10,,58417,84,,,0,10,,58416,84,,,0,10,,58415,84,,,0,10,,58414,84,,,0,10,,58413,84,,,0,50,,58412,84,,,0,10,,58411,84,,,0,10,,58410,84,,,0,10,,58405,84,,,0,10,,58406,84,,,0,10,,58407,84,,,0,50,,58408,84,,,0,10,,58409,84,,,0,10,,58423,84,,,0,10,,58448,84,,,0,10,,58449,84,,,0,10,,58450,84,,,0,50,,58451,84,,,0,10,,58452,84,,,0,10,,58453,84,,,0,10,,58454,84,,,0,10,,58455,84,,,0,10,,58456,84,,,0,50,,58457,84,,,0,10,,58458,84,,,0,10,,58459,84,,,0,10,,58460,84,,,0,10,,58461,84,,,0,10,,58462,84,,,0,50,,58463,84,,,0,10,,58466,84,,,0,10,,58467,84,,,0,10,,58468,84,,,0,10,,58469,84,,,0,10,,58470,84,,,0,50,,58471,84,,,0,10,,58472,84,,,0,10,,58473,84,,,0,10,,58424,84,,,0,10,,58425,84,,,0,10,,58426,84,,,0,50,,58427,84,,,0,10,,58428,84,,,0,10,,58429,84,,,0,10,,58430,84,,,0,10,,58431,84,,,0,10,,58432,84,,,0,50,,58433,84,,,0,10,,58434,84,,,0,10,,58435,84,,,0,10,,58436,84,,,0,10,,58437,84,,,0,10,,58438,84,,,0,50,,58439,84,,,0,10,,58440,84,,,0,10,,58441,84,,,0,10,,58442,84,,,0,10,,58443,84,,,0,10,,58444,84,,,0,50,,58445,84,,,0,10,,58446,84,,,0,10,,58447,84,,,0,10,,58474,84,,,0,10,,58475,84,,,0,10,,58476,84,,,0,50,,58477,84,,,0,15,,58478,84,,,0,15,,58479,84,,,0,15,,58480,84,,,0,70,,58481,84,,,0,30,,58482,84,,,0,70,,58483,84,,,0,30,,58484,84,,,0,70,,58485,84,,,0,30,,58486,84,,,0,70,,58487,84,,,0,30,,58488,84,,,0,70,,58489,84,,,0,30,,58464,84,,,0,70,,58465,84,,,0
1700,'1387',617,,58490,84,,,0,29,,58491,45,,,0,59,,58509,84,,,0,15,,58508,84,,,0,15,,58507,84,,,0,15,,58506,84,,,0,55,,58505,84,,,0,10,,58504,84,,,0,10,,58503,84,,,0,10,,58502,84,,,0,10,,58501,84,,,0,10,,58500,84,,,0,50,,58499,84,,,0,10,,58498,84,,,0,10,,58497,84,,,0,10,,58492,84,,,0,10,,58493,84,,,0,10,,58494,84,,,0,50,,58495,84,,,0,10,,58496,84,,,0,10,,58510,84,,,0,10,,58535,84,,,0,10,,58536,84,,,0,10,,58537,84,,,0,50,,58538,84,,,0,10,,58539,84,,,0,10,,58540,84,,,0,10,,58541,84,,,0,10,,58542,84,,,0,10,,58543,84,,,0,50,,58544,84,,,0,10,,58545,84,,,0,10,,58546,84,,,0,10,,58547,84,,,0,10,,58548,84,,,0,10,,58549,84,,,0,50,,58550,84,,,0,10,,58553,84,,,0,10,,58554,84,,,0,10,,58555,84,,,0,10,,58556,84,,,0,10,,58557,84,,,0,50,,58558,84,,,0,10,,58559,84,,,0,10,,58560,84,,,0,10,,58511,84,,,0,10,,58512,84,,,0,10,,58513,84,,,0,50,,58514,84,,,0,10,,58515,84,,,0,10,,58516,84,,,0,10,,58517,84,,,0,10,,58518,84,,,0,10,,58519,84,,,0,50,,58520,84,,,0,10,,58521,84,,,0,10,,58522,84,,,0,10,,58523,84,,,0,10,,58524,84,,,0,10,,58525,84,,,0,50,,58526,84,,,0,10,,58527,84,,,0,10,,58528,84,,,0,10,,58529,84,,,0,10,,58530,84,,,0,10,,58531,84,,,0,50,,58532,84,,,0,10,,58533,84,,,0,10,,58534,84,,,0,10,,58561,84,,,0,10,,58562,84,,,0,10,,58563,84,,,0,50,,58564,84,,,0,15,,58565,84,,,0,15,,58566,84,,,0,15,,58567,84,,,0,70,,58568,84,,,0,30,,58569,84,,,0,70,,58570,84,,,0,30,,58571,84,,,0,70,,58572,84,,,0,30,,58573,84,,,0,70,,58574,84,,,0,30,,58575,84,,,0,70,,58576,84,,,0,30,,58551,84,,,0,70,,58552,84,,,0
1700,'1388',617,,58577,84,,,0,29,,58578,45,,,0,59,,58596,84,,,0,15,,58595,84,,,0,15,,58594,84,,,0,15,,58593,84,,,0,55,,58592,84,,,0,10,,58591,84,,,0,10,,58590,84,,,0,10,,58589,84,,,0,10,,58588,84,,,0,10,,58587,84,,,0,50,,58586,84,,,0,10,,58585,84,,,0,10,,58584,84,,,0,10,,58579,84,,,0,10,,58580,84,,,0,10,,58581,84,,,0,50,,58582,84,,,0,10,,58583,84,,,0,10,,58597,84,,,0,10,,58622,84,,,0,10,,58623,84,,,0,10,,58624,84,,,0,50,,58625,84,,,0,10,,58626,84,,,0,10,,58627,84,,,0,10,,58628,84,,,0,10,,58629,84,,,0,10,,58630,84,,,0,50,,58631,84,,,0,10,,58632,84,,,0,10,,58633,84,,,0,10,,58634,84,,,0,10,,58635,84,,,0,10,,58636,84,,,0,50,,58637,84,,,0,10,,58640,84,,,0,10,,58641,84,,,0,10,,58642,84,,,0,10,,58643,84,,,0,10,,58644,84,,,0,50,,58645,84,,,0,10,,58646,84,,,0,10,,58647,84,,,0,10,,58598,84,,,0,10,,58599,84,,,0,10,,58600,84,,,0,50,,58601,84,,,0,10,,58602,84,,,0,10,,58603,84,,,0,10,,58604,84,,,0,10,,58605,84,,,0,10,,58606,84,,,0,50,,58607,84,,,0,10,,58608,84,,,0,10,,58609,84,,,0,10,,58610,84,,,0,10,,58611,84,,,0,10,,58612,84,,,0,50,,58613,84,,,0,10,,58614,84,,,0,10,,58615,84,,,0,10,,58616,84,,,0,10,,58617,84,,,0,10,,58618,84,,,0,50,,58619,84,,,0,10,,58620,84,,,0,10,,58621,84,,,0,10,,58648,84,,,0,10,,58649,84,,,0,10,,58650,84,,,0,50,,58651,84,,,0,15,,58652,84,,,0,15,,58653,84,,,0,15,,58654,84,,,0,70,,58655,84,,,0,30,,58656,84,,,0,70,,58657,84,,,0,30,,58658,84,,,0,70,,58659,84,,,0,30,,58660,84,,,0,70,,58661,84,,,0,30,,58662,84,,,0,70,,58663,84,,,0,30,,58638,84,,,0,70,,58639,84,,,0
1700,'1389',617,,58664,84,,,0,29,,58665,45,,,0,59,,58683,84,,,0,15,,58682,84,,,0,15,,58681,84,,,0,15,,58680,84,,,0,55,,58679,84,,,0,10,,58678,84,,,0,10,,58677,84,,,0,10,,58676,84,,,0,10,,58675,84,,,0,10,,58674,84,,,0,50,,58673,84,,,0,10,,58672,84,,,0,10,,58671,84,,,0,10,,58666,84,,,0,10,,58667,84,,,0,10,,58668,84,,,0,50,,58669,84,,,0,10,,58670,84,,,0,10,,58684,84,,,0,10,,58709,84,,,0,10,,58710,84,,,0,10,,58711,84,,,0,50,,58712,84,,,0,10,,58713,84,,,0,10,,58714,84,,,0,10,,58715,84,,,0,10,,58716,84,,,0,10,,58717,84,,,0,50,,58718,84,,,0,10,,58719,84,,,0,10,,58720,84,,,0,10,,58721,84,,,0,10,,58722,84,,,0,10,,58723,84,,,0,50,,58724,84,,,0,10,,58727,84,,,0,10,,58728,84,,,0,10,,58729,84,,,0,10,,58730,84,,,0,10,,58731,84,,,0,50,,58732,84,,,0,10,,58733,84,,,0,10,,58734,84,,,0,10,,58685,84,,,0,10,,58686,84,,,0,10,,58687,84,,,0,50,,58688,84,,,0,10,,58689,84,,,0,10,,58690,84,,,0,10,,58691,84,,,0,10,,58692,84,,,0,10,,58693,84,,,0,50,,58694,84,,,0,10,,58695,84,,,0,10,,58696,84,,,0,10,,58697,84,,,0,10,,58698,84,,,0,10,,58699,84,,,0,50,,58700,84,,,0,10,,58701,84,,,0,10,,58702,84,,,0,10,,58703,84,,,0,10,,58704,84,,,0,10,,58705,84,,,0,50,,58706,84,,,0,10,,58707,84,,,0,10,,58708,84,,,0,10,,58735,84,,,0,10,,58736,84,,,0,10,,58737,84,,,0,50,,58738,84,,,0,15,,58739,84,,,0,15,,58740,84,,,0,15,,58741,84,,,0,70,,58742,84,,,0,30,,58743,84,,,0,70,,58744,84,,,0,30,,58745,84,,,0,70,,58746,84,,,0,30,,58747,84,,,0,70,,58748,84,,,0,30,,58749,84,,,0,70,,58750,84,,,0,30,,58725,84,,,0,70,,58726,84,,,0
1900,'1383',951,,60107,86,,,0,100,,60106,86,,,0,100,,60105,86,,,0,100,,60104,86,,,0,100,,60103,86,,,0,100,,60102,86,,,0,100,,60101,86,,,0,100,,60099,86,,,0,100,,60098,86,,,0,100,,60097,86,,,0,100,,60096,86,,,0,100,,60100,86,,,0
1900,'1384',851,,60108,86,,,0,100,,60109,86,,,0,100,,60110,86,,,0,70,,60111,86,,,0,30,,60112,86,,,0,70,,60113,86,,,0,30,,60114,86,,,0,70,,60115,86,,,0,30,,60116,86,,,0,70,,60117,86,,,0,30,,60118,86,,,0,70,,60119,86,,,0,30,,60120,86,,,0,70,,60121,86,,,0,30,,60122,86,,,0,70,,60123,86,,,0,30,,60124,86,,,0,70,,60125,86,,,0,30,,60126,86,,,0,70,,60127,86,,,0,30,,60128,86,,,0,70,,60129,86,,,0,30,,60130,86,,,0,100,,60131,86,,,0,100,,60132,86,,,0,100,,60133,86,,,0
1900,'1385',651,,60134,86,,,0,70,,60135,86,,,0,30,,60136,86,,,0,70,,60137,86,,,0,30,,60138,86,,,0,70,,60139,86,,,0,30,,60140,86,,,0,70,,60141,86,,,0,30,,60142,86,,,0,70,,60143,86,,,0,30,,60144,86,,,0,70,,60145,86,,,0,30,,60146,86,,,0,70,,60147,86,,,0,30,,60148,86,,,0,70,,60149,86,,,0,30,,60150,86,,,0,70,,60151,86,,,0,30,,60152,86,,,0,70,,60153,86,,,0,30,,60154,86,,,0,70,,60155,86,,,0,30,,60156,86,,,0,70,,60157,86,,,0,30,,60158,86,,,0,70,,60159,86,,,0,30,,60160,86,,,0,70,,60161,86,,,0,30,,60162,86,,,0,70,,60163,86,,,0,30,,60164,86,,,0,70,,60165,86,,,0,100,,60166,86,,,0,100,,60167,86,,,0
1900,'1386',651,,60168,86,,,0,70,,60169,86,,,0,30,,60170,86,,,0,70,,60171,86,,,0,30,,60172,86,,,0,70,,60173,86,,,0,30,,60174,86,,,0,70,,60175,86,,,0,30,,60176,86,,,0,70,,60177,86,,,0,30,,60178,86,,,0,70,,60179,86,,,0,30,,60180,86,,,0,70,,60181,86,,,0,30,,60182,86,,,0,70,,60183,86,,,0,30,,60184,86,,,0,70,,60185,86,,,0,30,,60186,86,,,0,70,,60187,86,,,0,30,,60188,86,,,0,70,,60189,86,,,0,30,,60190,86,,,0,70,,60191,86,,,0,30,,60192,86,,,0,70,,60193,86,,,0,30,,60194,86,,,0,70,,60195,86,,,0,30,,60196,86,,,0,70,,60197,86,,,0,30,,60198,86,,,0,70,,60199,86,,,0,100,,60200,86,,,0,100,,60201,86,,,0
1900,'1387',651,,60202,86,,,0,70,,60203,86,,,0,30,,60204,86,,,0,70,,60205,86,,,0,30,,60206,86,,,0,70,,60207,86,,,0,30,,60208,86,,,0,70,,60209,86,,,0,30,,60210,86,,,0,70,,60211,86,,,0,30,,60212,86,,,0,70,,60213,86,,,0,30,,60214,86,,,0,70,,60215,86,,,0,30,,60216,86,,,0,70,,60217,86,,,0,30,,60218,86,,,0,70,,60219,86,,,0,30,,60220,86,,,0,70,,60221,86,,,0,30,,60222,86,,,0,70,,60223,86,,,0,30,,60224,86,,,0,70,,60225,86,,,0,30,,60226,86,,,0,70,,60227,86,,,0,30,,60228,86,,,0,70,,60229,86,,,0,30,,60230,86,,,0,70,,60231,86,,,0,30,,60232,86,,,0,70,,60233,86,,,0,100,,60234,86,,,0,100,,60235,86,,,0
1900,'1388',651,,60236,86,,,0,70,,60237,86,,,0,30,,60238,86,,,0,70,,60239,86,,,0,30,,60240,86,,,0,70,,60241,86,,,0,30,,60242,86,,,0,70,,60243,86,,,0,30,,60244,86,,,0,70,,60245,86,,,0,30,,60246,86,,,0,70,,60247,86,,,0,30,,60248,86,,,0,70,,60249,86,,,0,30,,60250,86,,,0,70,,60251,86,,,0,30,,60252,86,,,0,70,,60253,86,,,0,30,,60254,86,,,0,70,,60255,86,,,0,30,,60256,86,,,0,70,,60257,86,,,0,30,,60258,86,,,0,70,,60259,86,,,0,30,,60260,86,,,0,70,,60261,86,,,0,30,,60262,86,,,0,70,,60263,86,,,0,30,,60264,86,,,0,70,,60265,86,,,0,30,,60266,86,,,0,70,,60267,86,,,0,100,,60268,86,,,0,100,,60269,86,,,0
1900,'1389',651,,60270,86,,,0,70,,60271,86,,,0,30,,60272,86,,,0,70,,60273,86,,,0,30,,60274,86,,,0,70,,60275,86,,,0,30,,60276,86,,,0,70,,60277,86,,,0,30,,60278,86,,,0,70,,60279,86,,,0,30,,60280,86,,,0,70,,60281,86,,,0,30,,60282,86,,,0,70,,60283,86,,,0,30,,60284,86,,,0,70,,60285,86,,,0,30,,60286,86,,,0,70,,60287,86,,,0,30,,60288,86,,,0,70,,60289,86,,,0,30,,60290,86,,,0,70,,60291,86,,,0,30,,60292,86,,,0,70,,60293,86,,,0,30,,60294,86,,,0,70,,60295,86,,,0,30,,60296,86,,,0,70,,60297,86,,,0,30,,60298,86,,,0,70,,60299,86,,,0,30,,60300,86,,,0,70,,60301,86,,,0,100,,60302,86,,,0,100,,60303,86,,,0
