1701,'1383',704,,58766,4,,,0,100,,58768,4,,,0,100,,58767,4,,,0,102,,58765,4,,,0,40,,58764,4,,,0,80,,58763,4,,,0,80,,58762,4,,,0,40,,58761,4,,,0,80,,58760,4,,,0,80,,58759,4,,,0,40,,58758,4,,,0,80,,58757,4,,,0,80,,58756,4,,,0,40,,58755,4,,,0,80,,58754,4,,,0,80,,58753,4,,,0,40,,58752,4,,,0,80,,58751,4,,,0
1701,'1384',536,,58794,4,,,0,70,,58795,4,,,0,30,,58796,4,,,0,70,,58797,4,,,0,30,,58798,4,,,0,70,,58799,4,,,0,30,,58800,4,,,0,70,,58769,4,,,0,30,,58770,4,,,0,70,,58771,4,,,0,20,,58772,4,,,0,20,,58773,4,,,0,60,,58774,4,,,0,20,,58775,4,,,0,20,,58776,4,,,0,60,,58777,4,,,0,20,,58778,4,,,0,20,,58779,4,,,0,60,,58780,4,,,0,20,,58781,4,,,0,20,,58782,4,,,0,60,,58783,4,,,0,20,,58784,4,,,0,20,,58785,4,,,0,60,,58786,4,,,0,20,,58787,4,,,0,20,,58788,4,,,0,60,,58789,4,,,0,20,,58790,4,,,0,20,,58791,4,,,0,60,,58801,4,,,0,20,,58792,4,,,0,20,,58793,4,,,0,60,,58802,4,,,0,30,,58803,4,,,0,70,,58804,4,,,0,30,,58805,4,,,0,70,,58806,4,,,0,30,,58807,4,,,0,70,,58808,4,,,0,30,,58809,4,,,0,70,,58810,4,,,0,30,,58811,4,,,0,70,,58812,4,,,0,30,,58813,4,,,0,70,,58814,4,,,0,30,,58815,4,,,0
1701,'1385',536,,58816,4,,,0,70,,58817,4,,,0,15,,58818,4,,,0,15,,58819,4,,,0,15,,58820,4,,,0,55,,58821,4,,,0,10,,58822,4,,,0,10,,58823,4,,,0,10,,58824,4,,,0,10,,58825,4,,,0,10,,58826,4,,,0,50,,58827,4,,,0,10,,58828,4,,,0,10,,58829,4,,,0,10,,58830,4,,,0,10,,58831,4,,,0,10,,58832,4,,,0,50,,58833,4,,,0,10,,58834,4,,,0,10,,58835,4,,,0,10,,58875,4,,,0,10,,58836,4,,,0,10,,58861,4,,,0,50,,58862,4,,,0,10,,58863,4,,,0,10,,58864,4,,,0,10,,58865,4,,,0,10,,58866,4,,,0,10,,58867,4,,,0,50,,58868,4,,,0,10,,58869,4,,,0,10,,58870,4,,,0,10,,58871,4,,,0,10,,58872,4,,,0,10,,58873,4,,,0,50,,58874,4,,,0,10,,58876,4,,,0,10,,58877,4,,,0,10,,58879,4,,,0,10,,58880,4,,,0,10,,58881,4,,,0,50,,58882,4,,,0,10,,58883,4,,,0,10,,58884,4,,,0,10,,58885,4,,,0,10,,58837,4,,,0,10,,58838,4,,,0,50,,58839,4,,,0,10,,58840,4,,,0,10,,58841,4,,,0,10,,58842,4,,,0,10,,58843,4,,,0,10,,58844,4,,,0,50,,58845,4,,,0,10,,58846,4,,,0,10,,58847,4,,,0,10,,58848,4,,,0,10,,58849,4,,,0,10,,58850,4,,,0,50,,58851,4,,,0,10,,58852,4,,,0,10,,58853,4,,,0,10,,58854,4,,,0,10,,58855,4,,,0,10,,58856,4,,,0,50,,58857,4,,,0,10,,58858,4,,,0,10,,58859,4,,,0,10,,58860,4,,,0,10,,58886,4,,,0,10,,58887,4,,,0,50,,58888,4,,,0,15,,58889,4,,,0,15,,58890,4,,,0,15,,58891,4,,,0,55,,58892,4,,,0,30,,58893,4,,,0,70,,58894,4,,,0,30,,58895,4,,,0,70,,58896,4,,,0,30,,58897,4,,,0,70,,58898,4,,,0,30,,58899,4,,,0,70,,58900,4,,,0,30,,58901,4,,,0,70,,58902,4,,,0,30,,58878,4,,,0
1701,'1386',536,,58903,4,,,0,70,,58904,4,,,0,15,,58905,4,,,0,15,,58906,4,,,0,15,,58907,4,,,0,55,,58908,4,,,0,10,,58909,4,,,0,10,,58910,4,,,0,10,,58911,4,,,0,10,,58912,4,,,0,10,,58913,4,,,0,50,,58914,4,,,0,10,,58915,4,,,0,10,,58916,4,,,0,10,,58917,4,,,0,10,,58918,4,,,0,10,,58919,4,,,0,50,,58920,4,,,0,10,,58921,4,,,0,10,,58922,4,,,0,10,,58962,4,,,0,10,,58923,4,,,0,10,,58948,4,,,0,50,,58949,4,,,0,10,,58950,4,,,0,10,,58951,4,,,0,10,,58952,4,,,0,10,,58953,4,,,0,10,,58954,4,,,0,50,,58955,4,,,0,10,,58956,4,,,0,10,,58957,4,,,0,10,,58958,4,,,0,10,,58959,4,,,0,10,,58960,4,,,0,50,,58961,4,,,0,10,,58963,4,,,0,10,,58964,4,,,0,10,,58966,4,,,0,10,,58967,4,,,0,10,,58968,4,,,0,50,,58969,4,,,0,10,,58970,4,,,0,10,,58971,4,,,0,10,,58972,4,,,0,10,,58924,4,,,0,10,,58925,4,,,0,50,,58926,4,,,0,10,,58927,4,,,0,10,,58928,4,,,0,10,,58929,4,,,0,10,,58930,4,,,0,10,,58931,4,,,0,50,,58932,4,,,0,10,,58933,4,,,0,10,,58934,4,,,0,10,,58935,4,,,0,10,,58936,4,,,0,10,,58937,4,,,0,50,,58938,4,,,0,10,,58939,4,,,0,10,,58940,4,,,0,10,,58941,4,,,0,10,,58942,4,,,0,10,,58943,4,,,0,50,,58944,4,,,0,10,,58945,4,,,0,10,,58946,4,,,0,10,,58947,4,,,0,10,,58973,4,,,0,10,,58974,4,,,0,50,,58975,4,,,0,15,,58976,4,,,0,15,,58977,4,,,0,15,,58978,4,,,0,55,,58979,4,,,0,30,,58980,4,,,0,70,,58981,4,,,0,30,,58982,4,,,0,70,,58983,4,,,0,30,,58984,4,,,0,70,,58985,4,,,0,30,,58986,4,,,0,70,,58987,4,,,0,30,,58988,4,,,0,70,,58989,4,,,0,30,,58965,4,,,0
1701,'1387',536,,58990,4,,,0,70,,58991,4,,,0,15,,58992,4,,,0,15,,58993,4,,,0,15,,58994,4,,,0,55,,58995,4,,,0,10,,58996,4,,,0,10,,58997,4,,,0,10,,58998,4,,,0,10,,58999,4,,,0,10,,59000,4,,,0,50,,59001,4,,,0,10,,59002,4,,,0,10,,59003,4,,,0,10,,59004,4,,,0,10,,59005,4,,,0,10,,59006,4,,,0,50,,59007,4,,,0,10,,59008,4,,,0,10,,59009,4,,,0,10,,59049,4,,,0,10,,59010,4,,,0,10,,59035,4,,,0,50,,59036,4,,,0,10,,59037,4,,,0,10,,59038,4,,,0,10,,59039,4,,,0,10,,59040,4,,,0,10,,59041,4,,,0,50,,59042,4,,,0,10,,59043,4,,,0,10,,59044,4,,,0,10,,59045,4,,,0,10,,59046,4,,,0,10,,59047,4,,,0,50,,59048,4,,,0,10,,59050,4,,,0,10,,59051,4,,,0,10,,59053,4,,,0,10,,59054,4,,,0,10,,59055,4,,,0,50,,59056,4,,,0,10,,59057,4,,,0,10,,59058,4,,,0,10,,59059,4,,,0,10,,59011,4,,,0,10,,59012,4,,,0,50,,59013,4,,,0,10,,59014,4,,,0,10,,59015,4,,,0,10,,59016,4,,,0,10,,59017,4,,,0,10,,59018,4,,,0,50,,59019,4,,,0,10,,59020,4,,,0,10,,59021,4,,,0,10,,59022,4,,,0,10,,59023,4,,,0,10,,59024,4,,,0,50,,59025,4,,,0,10,,59026,4,,,0,10,,59027,4,,,0,10,,59028,4,,,0,10,,59029,4,,,0,10,,59030,4,,,0,50,,59031,4,,,0,10,,59032,4,,,0,10,,59033,4,,,0,10,,59034,4,,,0,10,,59060,4,,,0,10,,59061,4,,,0,50,,59062,4,,,0,15,,59063,4,,,0,15,,59064,4,,,0,15,,59065,4,,,0,55,,59066,4,,,0,30,,59067,4,,,0,70,,59068,4,,,0,30,,59069,4,,,0,70,,59070,4,,,0,30,,59071,4,,,0,70,,59072,4,,,0,30,,59073,4,,,0,70,,59074,4,,,0,30,,59075,4,,,0,70,,59076,4,,,0,30,,59052,4,,,0
1701,'1388',536,,59077,4,,,0,70,,59078,4,,,0,15,,59079,4,,,0,15,,59080,4,,,0,15,,59081,4,,,0,55,,59082,4,,,0,10,,59083,4,,,0,10,,59084,4,,,0,10,,59085,4,,,0,10,,59086,4,,,0,10,,59087,4,,,0,50,,59088,4,,,0,10,,59089,4,,,0,10,,59090,4,,,0,10,,59091,4,,,0,10,,59092,4,,,0,10,,59093,4,,,0,50,,59094,4,,,0,10,,59095,4,,,0,10,,59096,4,,,0,10,,59136,4,,,0,10,,59097,4,,,0,10,,59122,4,,,0,50,,59123,4,,,0,10,,59124,4,,,0,10,,59125,4,,,0,10,,59126,4,,,0,10,,59127,4,,,0,10,,59128,4,,,0,50,,59129,4,,,0,10,,59130,4,,,0,10,,59131,4,,,0,10,,59132,4,,,0,10,,59133,4,,,0,10,,59134,4,,,0,50,,59135,4,,,0,10,,59137,4,,,0,10,,59138,4,,,0,10,,59140,4,,,0,10,,59141,4,,,0,10,,59142,4,,,0,50,,59143,4,,,0,10,,59144,4,,,0,10,,59145,4,,,0,10,,59146,4,,,0,10,,59098,4,,,0,10,,59099,4,,,0,50,,59100,4,,,0,10,,59101,4,,,0,10,,59102,4,,,0,10,,59103,4,,,0,10,,59104,4,,,0,10,,59105,4,,,0,50,,59106,4,,,0,10,,59107,4,,,0,10,,59108,4,,,0,10,,59109,4,,,0,10,,59110,4,,,0,10,,59111,4,,,0,50,,59112,4,,,0,10,,59113,4,,,0,10,,59114,4,,,0,10,,59115,4,,,0,10,,59116,4,,,0,10,,59117,4,,,0,50,,59118,4,,,0,10,,59119,4,,,0,10,,59120,4,,,0,10,,59121,4,,,0,10,,59147,4,,,0,10,,59148,4,,,0,50,,59149,4,,,0,15,,59150,4,,,0,15,,59151,4,,,0,15,,59152,4,,,0,55,,59153,4,,,0,30,,59154,4,,,0,70,,59155,4,,,0,30,,59156,4,,,0,70,,59157,4,,,0,30,,59158,4,,,0,70,,59159,4,,,0,30,,59160,4,,,0,70,,59161,4,,,0,30,,59162,4,,,0,70,,59163,4,,,0,30,,59139,4,,,0
1701,'1389',536,,59164,4,,,0,70,,59165,4,,,0,15,,59166,4,,,0,15,,59167,4,,,0,15,,59168,4,,,0,55,,59169,4,,,0,10,,59170,4,,,0,10,,59171,4,,,0,10,,59172,4,,,0,10,,59173,4,,,0,10,,59174,4,,,0,50,,59175,4,,,0,10,,59176,4,,,0,10,,59177,4,,,0,10,,59178,4,,,0,10,,59179,4,,,0,10,,59180,4,,,0,50,,59181,4,,,0,10,,59182,4,,,0,10,,59183,4,,,0,10,,59223,4,,,0,10,,59184,4,,,0,10,,59209,4,,,0,50,,59210,4,,,0,10,,59211,4,,,0,10,,59212,4,,,0,10,,59213,4,,,0,10,,59214,4,,,0,10,,59215,4,,,0,50,,59216,4,,,0,10,,59217,4,,,0,10,,59218,4,,,0,10,,59219,4,,,0,10,,59220,4,,,0,10,,59221,4,,,0,50,,59222,4,,,0,10,,59224,4,,,0,10,,59225,4,,,0,10,,59227,4,,,0,10,,59228,4,,,0,10,,59229,4,,,0,50,,59230,4,,,0,10,,59231,4,,,0,10,,59232,4,,,0,10,,59233,4,,,0,10,,59185,4,,,0,10,,59186,4,,,0,50,,59187,4,,,0,10,,59188,4,,,0,10,,59189,4,,,0,10,,59190,4,,,0,10,,59191,4,,,0,10,,59192,4,,,0,50,,59193,4,,,0,10,,59194,4,,,0,10,,59195,4,,,0,10,,59196,4,,,0,10,,59197,4,,,0,10,,59198,4,,,0,50,,59199,4,,,0,10,,59200,4,,,0,10,,59201,4,,,0,10,,59202,4,,,0,10,,59203,4,,,0,10,,59204,4,,,0,50,,59205,4,,,0,10,,59206,4,,,0,10,,59207,4,,,0,10,,59208,4,,,0,10,,59234,4,,,0,10,,59235,4,,,0,50,,59236,4,,,0,15,,59237,4,,,0,15,,59238,4,,,0,15,,59239,4,,,0,55,,59240,4,,,0,30,,59241,4,,,0,70,,59242,4,,,0,30,,59243,4,,,0,70,,59244,4,,,0,30,,59245,4,,,0,70,,59246,4,,,0,30,,59247,4,,,0,70,,59248,4,,,0,30,,59249,4,,,0,70,,59250,4,,,0,30,,59226,4,,,0
1801,'1383',702,,59688,4,,,0,100,,59687,4,,,0,100,,59686,4,,,0,105,,59685,4,,,0,40,,59684,4,,,0,80,,59683,4,,,0,80,,59682,4,,,0,40,,59681,4,,,0,80,,59680,4,,,0,80,,59679,4,,,0,40,,59678,4,,,0,80,,59677,4,,,0,80,,59676,4,,,0,40,,59675,4,,,0,80,,59674,4,,,0,80,,59673,4,,,0,40,,59672,4,,,0,80,,59671,4,,,0
1801,'1384',537,,59689,4,,,0,70,,59690,4,,,0,30,,59691,4,,,0,70,,59692,4,,,0,30,,59693,4,,,0,70,,59694,4,,,0,30,,59695,4,,,0,70,,59696,4,,,0,30,,59697,4,,,0,70,,59698,4,,,0,20,,59699,4,,,0,20,,59700,4,,,0,60,,59701,4,,,0,20,,59702,4,,,0,20,,59703,4,,,0,60,,59704,4,,,0,20,,59705,4,,,0,20,,59706,4,,,0,60,,59707,4,,,0,20,,59708,4,,,0,20,,59709,4,,,0,60,,59710,4,,,0,20,,59711,4,,,0,20,,59712,4,,,0,60,,59713,4,,,0,20,,59714,4,,,0,20,,59715,4,,,0,60,,59716,4,,,0,20,,59717,4,,,0,20,,59718,4,,,0,60,,59719,4,,,0,20,,59720,4,,,0,20,,59721,4,,,0,60,,59722,4,,,0,35,,59723,4,,,0,65,,59724,4,,,0,30,,59725,4,,,0,70,,59726,4,,,0,30,,59727,4,,,0,70,,59728,4,,,0,30,,59729,4,,,0,70,,59730,4,,,0,30,,59731,4,,,0,70,,59732,4,,,0,30,,59733,4,,,0,70,,59734,4,,,0,30,,59735,4,,,0
1801,'1385',535,,59774,4,,,0,70,,59775,4,,,0,15,,59741,4,,,0,15,,59740,4,,,0,15,,59739,4,,,0,55,,59738,4,,,0,10,,59737,4,,,0,10,,59736,4,,,0,10,,59742,4,,,0,10,,59743,4,,,0,10,,59744,4,,,0,50,,59745,4,,,0,15,,59746,4,,,0,15,,59747,4,,,0,15,,59748,4,,,0,55,,59776,4,,,0,15,,59777,4,,,0,15,,59778,4,,,0,15,,59779,4,,,0,55,,59780,4,,,0,15,,59781,4,,,0,15,,59782,4,,,0,15,,59783,4,,,0,55,,59784,4,,,0,15,,59785,4,,,0,15,,59786,4,,,0,15,,59787,4,,,0,55,,59788,4,,,0,15,,59789,4,,,0,15,,59790,4,,,0,15,,59791,4,,,0,55,,59792,4,,,0,17,,59749,4,,,0,15,,59750,4,,,0,15,,59773,4,,,0,55,,59772,4,,,0,10,,59771,4,,,0,10,,59770,4,,,0,10,,59769,4,,,0,10,,59768,4,,,0,10,,59767,4,,,0,50,,59766,4,,,0,10,,59765,4,,,0,10,,59764,4,,,0,10,,59763,4,,,0,10,,59762,4,,,0,10,,59751,4,,,0,50,,59752,4,,,0,10,,59753,4,,,0,10,,59754,4,,,0,10,,59755,4,,,0,10,,59756,4,,,0,10,,59757,4,,,0,50,,59758,4,,,0,15,,59759,4,,,0,15,,59760,4,,,0,15,,59761,4,,,0,54,,59793,4,,,0,30,,59794,4,,,0,70,,59795,4,,,0,30,,59796,4,,,0,70,,59797,4,,,0,30,,59798,4,,,0,70,,59799,4,,,0,30,,59800,4,,,0,70,,59801,4,,,0,30,,59802,4,,,0,70,,59803,4,,,0,30,,59804,4,,,0,70,,59805,4,,,0,30,,59806,4,,,0
1801,'1386',535,,59846,4,,,0,70,,59847,4,,,0,15,,59812,4,,,0,15,,59811,4,,,0,15,,59810,4,,,0,55,,59809,4,,,0,10,,59808,4,,,0,10,,59813,4,,,0,10,,59814,4,,,0,10,,59815,4,,,0,10,,59816,4,,,0,50,,59817,4,,,0,15,,59818,4,,,0,15,,59819,4,,,0,15,,59820,4,,,0,55,,59848,4,,,0,15,,59849,4,,,0,15,,59850,4,,,0,15,,59851,4,,,0,55,,59852,4,,,0,15,,59853,4,,,0,15,,59854,4,,,0,15,,59855,4,,,0,55,,59856,4,,,0,15,,59857,4,,,0,15,,59858,4,,,0,15,,59859,4,,,0,55,,59860,4,,,0,15,,59861,4,,,0,15,,59862,4,,,0,15,,59863,4,,,0,55,,59864,4,,,0,17,,59821,4,,,0,15,,59822,4,,,0,15,,59845,4,,,0,55,,59844,4,,,0,10,,59843,4,,,0,10,,59842,4,,,0,10,,59841,4,,,0,10,,59840,4,,,0,10,,59839,4,,,0,50,,59838,4,,,0,10,,59837,4,,,0,10,,59836,4,,,0,10,,59835,4,,,0,10,,59834,4,,,0,10,,59823,4,,,0,50,,59824,4,,,0,10,,59825,4,,,0,10,,59826,4,,,0,10,,59827,4,,,0,10,,59828,4,,,0,10,,59829,4,,,0,50,,59830,4,,,0,15,,59831,4,,,0,15,,59832,4,,,0,15,,59833,4,,,0,54,,59865,4,,,0,30,,59866,4,,,0,70,,59867,4,,,0,30,,59868,4,,,0,70,,59869,4,,,0,30,,59870,4,,,0,70,,59871,4,,,0,30,,59872,4,,,0,70,,59873,4,,,0,30,,59874,4,,,0,70,,59875,4,,,0,30,,59876,4,,,0,70,,59877,4,,,0,30,,59878,4,,,0
1801,'1387',535,,59918,4,,,0,70,,59919,4,,,0,15,,59884,4,,,0,15,,59883,4,,,0,15,,59882,4,,,0,55,,59881,4,,,0,10,,59880,4,,,0,10,,59885,4,,,0,10,,59886,4,,,0,10,,59887,4,,,0,10,,59888,4,,,0,50,,59889,4,,,0,15,,59890,4,,,0,15,,59891,4,,,0,15,,59892,4,,,0,55,,59920,4,,,0,15,,59921,4,,,0,15,,59922,4,,,0,15,,59923,4,,,0,55,,59924,4,,,0,15,,59925,4,,,0,15,,59926,4,,,0,15,,59927,4,,,0,55,,59928,4,,,0,15,,59929,4,,,0,15,,59930,4,,,0,15,,59931,4,,,0,55,,59932,4,,,0,15,,59933,4,,,0,15,,59934,4,,,0,15,,59935,4,,,0,55,,59936,4,,,0,17,,59893,4,,,0,15,,59894,4,,,0,15,,59917,4,,,0,55,,59916,4,,,0,10,,59915,4,,,0,10,,59914,4,,,0,10,,59913,4,,,0,10,,59912,4,,,0,10,,59911,4,,,0,50,,59910,4,,,0,10,,59909,4,,,0,10,,59908,4,,,0,10,,59907,4,,,0,10,,59906,4,,,0,10,,59895,4,,,0,50,,59896,4,,,0,10,,59897,4,,,0,10,,59898,4,,,0,10,,59899,4,,,0,10,,59900,4,,,0,10,,59901,4,,,0,50,,59902,4,,,0,15,,59903,4,,,0,15,,59904,4,,,0,15,,59905,4,,,0,54,,59937,4,,,0,30,,59938,4,,,0,70,,59939,4,,,0,30,,59940,4,,,0,70,,59941,4,,,0,30,,59942,4,,,0,70,,59943,4,,,0,30,,59944,4,,,0,70,,59945,4,,,0,30,,59946,4,,,0,70,,59947,4,,,0,30,,59948,4,,,0,70,,59949,4,,,0,30,,59950,4,,,0
1801,'1388',535,,59990,4,,,0,70,,59991,4,,,0,15,,59956,4,,,0,15,,59955,4,,,0,15,,59954,4,,,0,55,,59953,4,,,0,10,,59952,4,,,0,10,,59957,4,,,0,10,,59958,4,,,0,10,,59959,4,,,0,10,,59960,4,,,0,50,,59961,4,,,0,15,,59962,4,,,0,15,,59963,4,,,0,15,,59964,4,,,0,55,,59992,4,,,0,15,,59993,4,,,0,15,,59994,4,,,0,15,,59995,4,,,0,55,,59996,4,,,0,15,,59997,4,,,0,15,,59998,4,,,0,15,,59999,4,,,0,55,,60000,4,,,0,15,,60001,4,,,0,15,,60002,4,,,0,15,,60003,4,,,0,55,,60004,4,,,0,15,,60005,4,,,0,15,,60006,4,,,0,15,,60007,4,,,0,55,,60008,4,,,0,17,,59965,4,,,0,15,,59966,4,,,0,15,,59989,4,,,0,55,,59988,4,,,0,10,,59987,4,,,0,10,,59986,4,,,0,10,,59985,4,,,0,10,,59984,4,,,0,10,,59983,4,,,0,50,,59982,4,,,0,10,,59981,4,,,0,10,,59980,4,,,0,10,,59979,4,,,0,10,,59978,4,,,0,10,,59967,4,,,0,50,,59968,4,,,0,10,,59969,4,,,0,10,,59970,4,,,0,10,,59971,4,,,0,10,,59972,4,,,0,10,,59973,4,,,0,50,,59974,4,,,0,15,,59975,4,,,0,15,,59976,4,,,0,15,,59977,4,,,0,54,,60009,4,,,0,30,,60010,4,,,0,70,,60011,4,,,0,30,,60012,4,,,0,70,,60013,4,,,0,30,,60014,4,,,0,70,,60015,4,,,0,30,,60016,4,,,0,70,,60017,4,,,0,30,,60018,4,,,0,70,,60019,4,,,0,30,,60020,4,,,0,70,,60021,4,,,0,30,,60022,4,,,0
1801,'1389',535,,60062,4,,,0,70,,60063,4,,,0,15,,60028,4,,,0,15,,60027,4,,,0,15,,60026,4,,,0,55,,60025,4,,,0,10,,60024,4,,,0,10,,60029,4,,,0,10,,60030,4,,,0,10,,60031,4,,,0,10,,60032,4,,,0,50,,60033,4,,,0,15,,60034,4,,,0,15,,60035,4,,,0,15,,60036,4,,,0,55,,60064,4,,,0,15,,60065,4,,,0,15,,60066,4,,,0,15,,60067,4,,,0,55,,60068,4,,,0,15,,60069,4,,,0,15,,60070,4,,,0,15,,60071,4,,,0,55,,60072,4,,,0,15,,60073,4,,,0,15,,60074,4,,,0,15,,60075,4,,,0,55,,60076,4,,,0,15,,60077,4,,,0,15,,60078,4,,,0,15,,60079,4,,,0,55,,60080,4,,,0,17,,60037,4,,,0,15,,60038,4,,,0,15,,60061,4,,,0,55,,60060,4,,,0,10,,60059,4,,,0,10,,60058,4,,,0,10,,60057,4,,,0,10,,60056,4,,,0,10,,60055,4,,,0,50,,60054,4,,,0,10,,60053,4,,,0,10,,60052,4,,,0,10,,60051,4,,,0,10,,60050,4,,,0,10,,60039,4,,,0,50,,60040,4,,,0,10,,60041,4,,,0,10,,60042,4,,,0,10,,60043,4,,,0,10,,60044,4,,,0,10,,60045,4,,,0,50,,60046,4,,,0,15,,60047,4,,,0,15,,60048,4,,,0,15,,60049,4,,,0,54,,60081,4,,,0,30,,60082,4,,,0,70,,60083,4,,,0,30,,60084,4,,,0,70,,60085,4,,,0,30,,60086,4,,,0,70,,60087,4,,,0,30,,60088,4,,,0,70,,60089,4,,,0,30,,60090,4,,,0,70,,60091,4,,,0,30,,60092,4,,,0,70,,60093,4,,,0,30,,60094,4,,,0
