1701,'1369',704,,44364,5,,,0,100,,44363,5,,,0,100,,44362,5,,,0,102,,44361,5,,,0,40,,44360,5,,,0,80,,44359,5,,,0,80,,44358,5,,,0,40,,44357,5,,,0,80,,44356,5,,,0,80,,44355,5,,,0,40,,44354,5,,,0,80,,44353,5,,,0,80,,44352,5,,,0,40,,44351,5,,,0,80,,44350,5,,,0,80,,44349,5,,,0,40,,44348,5,,,0,80,,44347,5,,,0
1701,'1370',536,,44390,5,,,0,70,,44391,5,,,0,30,,44392,5,,,0,70,,44393,5,,,0,30,,44394,5,,,0,70,,44395,5,,,0,30,,44396,5,,,0,70,,44365,5,,,0,30,,44366,5,,,0,70,,44367,5,,,0,20,,44368,5,,,0,20,,44369,5,,,0,60,,44370,5,,,0,20,,44371,5,,,0,20,,44372,5,,,0,60,,44373,5,,,0,20,,44374,5,,,0,20,,44375,5,,,0,60,,44376,5,,,0,20,,44377,5,,,0,20,,44378,5,,,0,60,,44379,5,,,0,20,,44380,5,,,0,20,,44381,5,,,0,60,,44382,5,,,0,20,,44383,5,,,0,20,,44384,5,,,0,60,,44385,5,,,0,20,,44386,5,,,0,20,,44387,5,,,0,60,,44397,5,,,0,20,,44388,5,,,0,20,,44389,5,,,0,60,,44398,5,,,0,30,,44399,5,,,0,70,,44400,5,,,0,30,,44401,5,,,0,70,,44402,5,,,0,30,,44403,5,,,0,70,,44404,5,,,0,30,,44405,5,,,0,70,,44406,5,,,0,30,,44407,5,,,0,70,,44408,5,,,0,30,,44409,5,,,0,70,,44410,5,,,0,30,,44411,5,,,0
1701,'1371',536,,44412,5,,,0,70,,44413,5,,,0,15,,44414,5,,,0,15,,44415,5,,,0,15,,44416,5,,,0,55,,44417,5,,,0,10,,44418,5,,,0,10,,44419,5,,,0,10,,44420,5,,,0,10,,44421,5,,,0,10,,44422,5,,,0,50,,44423,5,,,0,10,,44424,5,,,0,10,,44425,5,,,0,10,,44426,5,,,0,10,,44427,5,,,0,10,,44428,5,,,0,50,,44429,5,,,0,10,,44430,5,,,0,10,,44431,5,,,0,10,,44432,5,,,0,10,,44433,5,,,0,10,,44434,5,,,0,50,,44435,5,,,0,10,,44436,5,,,0,10,,44437,5,,,0,10,,44438,5,,,0,10,,44439,5,,,0,10,,44440,5,,,0,50,,44441,5,,,0,10,,44442,5,,,0,10,,44443,5,,,0,10,,44444,5,,,0,10,,44445,5,,,0,10,,44446,5,,,0,50,,44447,5,,,0,10,,44448,5,,,0,10,,44449,5,,,0,10,,44450,5,,,0,10,,44451,5,,,0,10,,44452,5,,,0,50,,44453,5,,,0,10,,44454,5,,,0,10,,44455,5,,,0,10,,44456,5,,,0,10,,44457,5,,,0,10,,44458,5,,,0,50,,44459,5,,,0,10,,44460,5,,,0,10,,44461,5,,,0,10,,44462,5,,,0,10,,44463,5,,,0,10,,44464,5,,,0,50,,44465,5,,,0,10,,44466,5,,,0,10,,44467,5,,,0,10,,44468,5,,,0,10,,44469,5,,,0,10,,44470,5,,,0,50,,44471,5,,,0,10,,44472,5,,,0,10,,44473,5,,,0,10,,44474,5,,,0,10,,44475,5,,,0,10,,44476,5,,,0,50,,44477,5,,,0,10,,44478,5,,,0,10,,44479,5,,,0,10,,44480,5,,,0,10,,44481,5,,,0,10,,44482,5,,,0,50,,44483,5,,,0,15,,44484,5,,,0,15,,44485,5,,,0,15,,44486,5,,,0,55,,44487,5,,,0,30,,44488,5,,,0,70,,44489,5,,,0,30,,44490,5,,,0,70,,44491,5,,,0,30,,44492,5,,,0,70,,44493,5,,,0,30,,44494,5,,,0,70,,44495,5,,,0,30,,44496,5,,,0,70,,44497,5,,,0,30,,44498,5,,,0
1701,'1372',536,,44499,5,,,0,70,,44500,5,,,0,15,,44501,5,,,0,15,,44502,5,,,0,15,,44503,5,,,0,55,,44504,5,,,0,10,,44505,5,,,0,10,,44506,5,,,0,10,,44507,5,,,0,10,,44508,5,,,0,10,,44509,5,,,0,50,,44510,5,,,0,10,,44511,5,,,0,10,,44512,5,,,0,10,,44513,5,,,0,10,,44514,5,,,0,10,,44515,5,,,0,50,,44516,5,,,0,10,,44517,5,,,0,10,,44518,5,,,0,10,,44519,5,,,0,10,,44520,5,,,0,10,,44521,5,,,0,50,,44522,5,,,0,10,,44523,5,,,0,10,,44524,5,,,0,10,,44525,5,,,0,10,,44526,5,,,0,10,,44527,5,,,0,50,,44528,5,,,0,10,,44529,5,,,0,10,,44530,5,,,0,10,,44531,5,,,0,10,,44532,5,,,0,10,,44533,5,,,0,50,,44534,5,,,0,10,,44535,5,,,0,10,,44536,5,,,0,10,,44537,5,,,0,10,,44538,5,,,0,10,,44539,5,,,0,50,,44540,5,,,0,10,,44541,5,,,0,10,,44542,5,,,0,10,,44543,5,,,0,10,,44544,5,,,0,10,,44545,5,,,0,50,,44546,5,,,0,10,,44547,5,,,0,10,,44548,5,,,0,10,,44549,5,,,0,10,,44550,5,,,0,10,,44551,5,,,0,50,,44552,5,,,0,10,,44553,5,,,0,10,,44554,5,,,0,10,,44555,5,,,0,10,,44556,5,,,0,10,,44557,5,,,0,50,,44558,5,,,0,10,,44559,5,,,0,10,,44560,5,,,0,10,,44561,5,,,0,10,,44562,5,,,0,10,,44563,5,,,0,50,,44564,5,,,0,10,,44565,5,,,0,10,,44566,5,,,0,10,,44567,5,,,0,10,,44568,5,,,0,10,,44569,5,,,0,50,,44570,5,,,0,15,,44571,5,,,0,15,,44572,5,,,0,15,,44573,5,,,0,55,,44574,5,,,0,30,,44575,5,,,0,70,,44576,5,,,0,30,,44577,5,,,0,70,,44578,5,,,0,30,,44579,5,,,0,70,,44580,5,,,0,30,,44581,5,,,0,70,,44582,5,,,0,30,,44583,5,,,0,70,,44584,5,,,0,30,,44585,5,,,0
1701,'1373',536,,44586,5,,,0,70,,44587,5,,,0,15,,44588,5,,,0,15,,44589,5,,,0,15,,44590,5,,,0,55,,44591,5,,,0,10,,44592,5,,,0,10,,44593,5,,,0,10,,44594,5,,,0,10,,44595,5,,,0,10,,44596,5,,,0,50,,44597,5,,,0,10,,44598,5,,,0,10,,44599,5,,,0,10,,44600,5,,,0,10,,44601,5,,,0,10,,44602,5,,,0,50,,44603,5,,,0,10,,44604,5,,,0,10,,44605,5,,,0,10,,44606,5,,,0,10,,44607,5,,,0,10,,44608,5,,,0,50,,44609,5,,,0,10,,44610,5,,,0,10,,44611,5,,,0,10,,44612,5,,,0,10,,44613,5,,,0,10,,44614,5,,,0,50,,44615,5,,,0,10,,44616,5,,,0,10,,44617,5,,,0,10,,44618,5,,,0,10,,44619,5,,,0,10,,44620,5,,,0,50,,44621,5,,,0,10,,44622,5,,,0,10,,44623,5,,,0,10,,44624,5,,,0,10,,44625,5,,,0,10,,44626,5,,,0,50,,44627,5,,,0,10,,44628,5,,,0,10,,44629,5,,,0,10,,44630,5,,,0,10,,44631,5,,,0,10,,44632,5,,,0,50,,44633,5,,,0,10,,44634,5,,,0,10,,44635,5,,,0,10,,44636,5,,,0,10,,44637,5,,,0,10,,44638,5,,,0,50,,44639,5,,,0,10,,44640,5,,,0,10,,44641,5,,,0,10,,44642,5,,,0,10,,44643,5,,,0,10,,44644,5,,,0,50,,44645,5,,,0,10,,44646,5,,,0,10,,44647,5,,,0,10,,44648,5,,,0,10,,44649,5,,,0,10,,44650,5,,,0,50,,44651,5,,,0,10,,44652,5,,,0,10,,44653,5,,,0,10,,44654,5,,,0,10,,44655,5,,,0,10,,44656,5,,,0,50,,44657,5,,,0,15,,44658,5,,,0,15,,44659,5,,,0,15,,44660,5,,,0,55,,44661,5,,,0,30,,44662,5,,,0,70,,44663,5,,,0,30,,44664,5,,,0,70,,44665,5,,,0,30,,44666,5,,,0,70,,44667,5,,,0,30,,44668,5,,,0,70,,44669,5,,,0,30,,44670,5,,,0,70,,44671,5,,,0,30,,44672,5,,,0
1701,'1374',536,,44673,5,,,0,70,,44674,5,,,0,15,,44675,5,,,0,15,,44676,5,,,0,15,,44677,5,,,0,55,,44678,5,,,0,10,,44679,5,,,0,10,,44680,5,,,0,10,,44681,5,,,0,10,,44682,5,,,0,10,,44683,5,,,0,50,,44684,5,,,0,10,,44685,5,,,0,10,,44686,5,,,0,10,,44687,5,,,0,10,,44688,5,,,0,10,,44689,5,,,0,50,,44690,5,,,0,10,,44691,5,,,0,10,,44692,5,,,0,10,,44693,5,,,0,10,,44694,5,,,0,10,,44695,5,,,0,50,,44696,5,,,0,10,,44697,5,,,0,10,,44698,5,,,0,10,,44699,5,,,0,10,,44700,5,,,0,10,,44701,5,,,0,50,,44702,5,,,0,10,,44703,5,,,0,10,,44704,5,,,0,10,,44705,5,,,0,10,,44706,5,,,0,10,,44707,5,,,0,50,,44708,5,,,0,10,,44709,5,,,0,10,,44710,5,,,0,10,,44711,5,,,0,10,,44712,5,,,0,10,,44713,5,,,0,50,,44714,5,,,0,10,,44715,5,,,0,10,,44716,5,,,0,10,,44717,5,,,0,10,,44718,5,,,0,10,,44719,5,,,0,50,,44720,5,,,0,10,,44721,5,,,0,10,,44722,5,,,0,10,,44723,5,,,0,10,,44724,5,,,0,10,,44725,5,,,0,50,,44726,5,,,0,10,,44727,5,,,0,10,,44728,5,,,0,10,,44729,5,,,0,10,,44730,5,,,0,10,,44731,5,,,0,50,,44732,5,,,0,10,,44733,5,,,0,10,,44734,5,,,0,10,,44735,5,,,0,10,,44736,5,,,0,10,,44737,5,,,0,50,,44738,5,,,0,10,,44739,5,,,0,10,,44740,5,,,0,10,,44741,5,,,0,10,,44742,5,,,0,10,,44743,5,,,0,50,,44744,5,,,0,15,,44745,5,,,0,15,,44746,5,,,0,15,,44747,5,,,0,55,,44748,5,,,0,30,,44749,5,,,0,70,,44750,5,,,0,30,,44751,5,,,0,70,,44752,5,,,0,30,,44753,5,,,0,70,,44754,5,,,0,30,,44755,5,,,0,70,,44756,5,,,0,30,,44757,5,,,0,70,,44758,5,,,0,30,,44759,5,,,0
1701,'1375',536,,44760,5,,,0,70,,44761,5,,,0,15,,44762,5,,,0,15,,44763,5,,,0,15,,44764,5,,,0,55,,44765,5,,,0,10,,44766,5,,,0,10,,44767,5,,,0,10,,44768,5,,,0,10,,44769,5,,,0,10,,44770,5,,,0,50,,44771,5,,,0,10,,44772,5,,,0,10,,44773,5,,,0,10,,44774,5,,,0,10,,44775,5,,,0,10,,44776,5,,,0,50,,44777,5,,,0,10,,44778,5,,,0,10,,44779,5,,,0,10,,44780,5,,,0,10,,44781,5,,,0,10,,44782,5,,,0,50,,44783,5,,,0,10,,44784,5,,,0,10,,44785,5,,,0,10,,44786,5,,,0,10,,44787,5,,,0,10,,44788,5,,,0,50,,44789,5,,,0,10,,44790,5,,,0,10,,44791,5,,,0,10,,44792,5,,,0,10,,44793,5,,,0,10,,44794,5,,,0,50,,44795,5,,,0,10,,44796,5,,,0,10,,44797,5,,,0,10,,44798,5,,,0,10,,44799,5,,,0,10,,44800,5,,,0,50,,44801,5,,,0,10,,44802,5,,,0,10,,44803,5,,,0,10,,44804,5,,,0,10,,44805,5,,,0,10,,44806,5,,,0,50,,44807,5,,,0,10,,44808,5,,,0,10,,44809,5,,,0,10,,44810,5,,,0,10,,44811,5,,,0,10,,44812,5,,,0,50,,44813,5,,,0,10,,44814,5,,,0,10,,44815,5,,,0,10,,44816,5,,,0,10,,44817,5,,,0,10,,44818,5,,,0,50,,44819,5,,,0,10,,44820,5,,,0,10,,44821,5,,,0,10,,44822,5,,,0,10,,44823,5,,,0,10,,44824,5,,,0,50,,44825,5,,,0,10,,44826,5,,,0,10,,44827,5,,,0,10,,44828,5,,,0,10,,44829,5,,,0,10,,44830,5,,,0,50,,44831,5,,,0,15,,44832,5,,,0,15,,44833,5,,,0,15,,44834,5,,,0,55,,44835,5,,,0,30,,44836,5,,,0,70,,44837,5,,,0,30,,44838,5,,,0,70,,44839,5,,,0,30,,44840,5,,,0,70,,44841,5,,,0,30,,44842,5,,,0,70,,44843,5,,,0,30,,44844,5,,,0,70,,44845,5,,,0,30,,44846,5,,,0
1801,'1371',635,,45335,5,,,0,15,,45334,5,,,0,55,,45333,5,,,0,10,,45332,5,,,0,10,,45337,5,,,0,10,,45338,5,,,0,10,,45339,5,,,0,10,,45340,5,,,0,50,,45341,5,,,0,15,,45342,5,,,0,15,,45343,5,,,0,15,,45344,5,,,0,472,,45345,5,,,0,15,,45346,5,,,0,15,,45347,5,,,0,55,,45348,5,,,0,10,,45349,5,,,0,10,,45350,5,,,0,10,,45351,5,,,0,10,,45352,5,,,0,10,,45353,5,,,0,50,,45354,5,,,0,10,,45355,5,,,0,10,,45356,5,,,0,10,,45357,5,,,0,10,,45358,5,,,0,10,,45359,5,,,0,50,,45360,5,,,0,10,,45361,5,,,0,10,,45362,5,,,0,10,,45363,5,,,0,10,,45364,5,,,0,10,,45365,5,,,0,50,,45366,5,,,0,15,,45367,5,,,0,15,,45368,5,,,0,15,,45369,5,,,0
1801,'1372',635,,45406,5,,,0,15,,45405,5,,,0,55,,45404,5,,,0,10,,45408,5,,,0,10,,45409,5,,,0,10,,45410,5,,,0,10,,45411,5,,,0,10,,45412,5,,,0,50,,45413,5,,,0,15,,45414,5,,,0,15,,45415,5,,,0,15,,45416,5,,,0,472,,45417,5,,,0,15,,45418,5,,,0,15,,45419,5,,,0,55,,45420,5,,,0,10,,45421,5,,,0,10,,45422,5,,,0,10,,45423,5,,,0,10,,45424,5,,,0,10,,45425,5,,,0,50,,45426,5,,,0,10,,45427,5,,,0,10,,45428,5,,,0,10,,45429,5,,,0,10,,45430,5,,,0,10,,45431,5,,,0,50,,45432,5,,,0,10,,45433,5,,,0,10,,45434,5,,,0,10,,45435,5,,,0,10,,45436,5,,,0,10,,45437,5,,,0,50,,45438,5,,,0,15,,45439,5,,,0,15,,45440,5,,,0,15,,45441,5,,,0
1801,'1373',635,,45478,5,,,0,15,,45477,5,,,0,55,,45476,5,,,0,10,,45480,5,,,0,10,,45481,5,,,0,10,,45482,5,,,0,10,,45483,5,,,0,10,,45484,5,,,0,50,,45485,5,,,0,15,,45486,5,,,0,15,,45487,5,,,0,15,,45488,5,,,0,472,,45489,5,,,0,15,,45490,5,,,0,15,,45491,5,,,0,55,,45492,5,,,0,10,,45493,5,,,0,10,,45494,5,,,0,10,,45495,5,,,0,10,,45496,5,,,0,10,,45497,5,,,0,50,,45498,5,,,0,10,,45499,5,,,0,10,,45500,5,,,0,10,,45501,5,,,0,10,,45502,5,,,0,10,,45503,5,,,0,50,,45504,5,,,0,10,,45505,5,,,0,10,,45506,5,,,0,10,,45507,5,,,0,10,,45508,5,,,0,10,,45509,5,,,0,50,,45510,5,,,0,15,,45511,5,,,0,15,,45512,5,,,0,15,,45513,5,,,0
1801,'1374',635,,45550,5,,,0,15,,45549,5,,,0,55,,45548,5,,,0,10,,45552,5,,,0,10,,45553,5,,,0,10,,45554,5,,,0,10,,45555,5,,,0,10,,45556,5,,,0,50,,45557,5,,,0,15,,45558,5,,,0,15,,45559,5,,,0,15,,45560,5,,,0,472,,45561,5,,,0,15,,45562,5,,,0,15,,45563,5,,,0,55,,45564,5,,,0,10,,45565,5,,,0,10,,45566,5,,,0,10,,45567,5,,,0,10,,45568,5,,,0,10,,45569,5,,,0,50,,45570,5,,,0,10,,45571,5,,,0,10,,45572,5,,,0,10,,45573,5,,,0,10,,45574,5,,,0,10,,45575,5,,,0,50,,45576,5,,,0,10,,45577,5,,,0,10,,45578,5,,,0,10,,45579,5,,,0,10,,45580,5,,,0,10,,45581,5,,,0,50,,45582,5,,,0,15,,45583,5,,,0,15,,45584,5,,,0,15,,45585,5,,,0
1801,'1375',635,,45622,5,,,0,15,,45621,5,,,0,55,,45620,5,,,0,10,,45624,5,,,0,10,,45625,5,,,0,10,,45626,5,,,0,10,,45627,5,,,0,10,,45628,5,,,0,50,,45629,5,,,0,15,,45630,5,,,0,15,,45631,5,,,0,15,,45632,5,,,0,472,,45633,5,,,0,15,,45634,5,,,0,15,,45635,5,,,0,55,,45636,5,,,0,10,,45637,5,,,0,10,,45638,5,,,0,10,,45639,5,,,0,10,,45640,5,,,0,10,,45641,5,,,0,50,,45642,5,,,0,10,,45643,5,,,0,10,,45644,5,,,0,10,,45645,5,,,0,10,,45646,5,,,0,10,,45647,5,,,0,50,,45648,5,,,0,10,,45649,5,,,0,10,,45650,5,,,0,10,,45651,5,,,0,10,,45652,5,,,0,10,,45653,5,,,0,50,,45654,5,,,0,15,,45655,5,,,0,15,,45656,5,,,0,15,,45657,5,,,0
