1900,'1383',858,,60107,1,,,0,100,,60106,1,,,0,100,,60105,1,,,0,100,,60104,1,,,0,100,,60103,1,,,0,100,,60102,1,,,0,100,,60101,1,,,0,100,,60099,1,,,0,100,,60098,1,,,0,100,,60097,1,,,0,100,,60096,1,,,0,100,,60100,1,,,0
1900,'1384',758,,60108,1,,,0,100,,60109,1,,,0,100,,60110,1,,,0,70,,60111,1,,,0,30,,60112,1,,,0,70,,60113,1,,,0,30,,60114,1,,,0,70,,60115,1,,,0,30,,60116,1,,,0,70,,60117,1,,,0,30,,60118,1,,,0,70,,60119,1,,,0,30,,60120,1,,,0,70,,60121,1,,,0,30,,60122,1,,,0,70,,60123,1,,,0,30,,60124,1,,,0,70,,60125,1,,,0,30,,60126,1,,,0,70,,60127,1,,,0,30,,60128,1,,,0,70,,60129,1,,,0,30,,60130,1,,,0,100,,60131,1,,,0,100,,60132,1,,,0,100,,60133,1,,,0
1900,'1385',558,,60134,1,,,0,70,,60135,1,,,0,30,,60136,1,,,0,70,,60137,1,,,0,30,,60138,1,,,0,70,,60139,1,,,0,30,,60140,1,,,0,70,,60141,1,,,0,30,,60142,1,,,0,70,,60143,1,,,0,30,,60144,1,,,0,70,,60145,1,,,0,30,,60146,1,,,0,70,,60147,1,,,0,30,,60148,1,,,0,70,,60149,1,,,0,30,,60150,1,,,0,70,,60151,1,,,0,30,,60152,1,,,0,70,,60153,1,,,0,30,,60154,1,,,0,70,,60155,1,,,0,30,,60156,1,,,0,70,,60157,1,,,0,30,,60158,1,,,0,70,,60159,1,,,0,30,,60160,1,,,0,70,,60161,1,,,0,30,,60162,1,,,0,70,,60163,1,,,0,30,,60164,1,,,0,70,,60165,1,,,0,100,,60166,1,,,0,100,,60167,1,,,0
1900,'1386',558,,60168,1,,,0,70,,60169,1,,,0,30,,60170,1,,,0,70,,60171,1,,,0,30,,60172,1,,,0,70,,60173,1,,,0,30,,60174,1,,,0,70,,60175,1,,,0,30,,60176,1,,,0,70,,60177,1,,,0,30,,60178,1,,,0,70,,60179,1,,,0,30,,60180,1,,,0,70,,60181,1,,,0,30,,60182,1,,,0,70,,60183,1,,,0,30,,60184,1,,,0,70,,60185,1,,,0,30,,60186,1,,,0,70,,60187,1,,,0,30,,60188,1,,,0,70,,60189,1,,,0,30,,60190,1,,,0,70,,60191,1,,,0,30,,60192,1,,,0,70,,60193,1,,,0,30,,60194,1,,,0,70,,60195,1,,,0,30,,60196,1,,,0,70,,60197,1,,,0,30,,60198,1,,,0,70,,60199,1,,,0,100,,60200,1,,,0,100,,60201,1,,,0
1900,'1387',558,,60202,1,,,0,70,,60203,1,,,0,30,,60204,1,,,0,70,,60205,1,,,0,30,,60206,1,,,0,70,,60207,1,,,0,30,,60208,1,,,0,70,,60209,1,,,0,30,,60210,1,,,0,70,,60211,1,,,0,30,,60212,1,,,0,70,,60213,1,,,0,30,,60214,1,,,0,70,,60215,1,,,0,30,,60216,1,,,0,70,,60217,1,,,0,30,,60218,1,,,0,70,,60219,1,,,0,30,,60220,1,,,0,70,,60221,1,,,0,30,,60222,1,,,0,70,,60223,1,,,0,30,,60224,1,,,0,70,,60225,1,,,0,30,,60226,1,,,0,70,,60227,1,,,0,30,,60228,1,,,0,70,,60229,1,,,0,30,,60230,1,,,0,70,,60231,1,,,0,30,,60232,1,,,0,70,,60233,1,,,0,100,,60234,1,,,0,100,,60235,1,,,0
1900,'1388',558,,60236,1,,,0,70,,60237,1,,,0,30,,60238,1,,,0,70,,60239,1,,,0,30,,60240,1,,,0,70,,60241,1,,,0,30,,60242,1,,,0,70,,60243,1,,,0,30,,60244,1,,,0,70,,60245,1,,,0,30,,60246,1,,,0,70,,60247,1,,,0,30,,60248,1,,,0,70,,60249,1,,,0,30,,60250,1,,,0,70,,60251,1,,,0,30,,60252,1,,,0,70,,60253,1,,,0,30,,60254,1,,,0,70,,60255,1,,,0,30,,60256,1,,,0,70,,60257,1,,,0,30,,60258,1,,,0,70,,60259,1,,,0,30,,60260,1,,,0,70,,60261,1,,,0,30,,60262,1,,,0,70,,60263,1,,,0,30,,60264,1,,,0,70,,60265,1,,,0,30,,60266,1,,,0,70,,60267,1,,,0,100,,60268,1,,,0,100,,60269,1,,,0
1900,'1389',558,,60270,1,,,0,70,,60271,1,,,0,30,,60272,1,,,0,70,,60273,1,,,0,30,,60274,1,,,0,70,,60275,1,,,0,30,,60276,1,,,0,70,,60277,1,,,0,30,,60278,1,,,0,70,,60279,1,,,0,30,,60280,1,,,0,70,,60281,1,,,0,30,,60282,1,,,0,70,,60283,1,,,0,30,,60284,1,,,0,70,,60285,1,,,0,30,,60286,1,,,0,70,,60287,1,,,0,30,,60288,1,,,0,70,,60289,1,,,0,30,,60290,1,,,0,70,,60291,1,,,0,30,,60292,1,,,0,70,,60293,1,,,0,30,,60294,1,,,0,70,,60295,1,,,0,30,,60296,1,,,0,70,,60297,1,,,0,30,,60298,1,,,0,70,,60299,1,,,0,30,,60300,1,,,0,70,,60301,1,,,0,100,,60302,1,,,0,100,,60303,1,,,0
1901,'1383',955,,60309,77,4,,0,100,,60310,77,4,,0,100,,60311,77,4,,0,100,,60312,77,4,,0,100,,60313,77,4,,0,100,,60315,77,4,,0,100,,60314,77,4,,0,100,,60308,77,4,,0,100,,60307,77,4,,0,100,,60306,77,4,,0,100,,60305,77,4,,0,100,,60304,77,4,,0
1901,'1384',855,,60316,77,4,,0,100,,60317,77,4,,0,100,,60318,77,4,,0,70,,60319,77,4,,0,30,,60320,77,4,,0,70,,60321,77,4,,0,30,,60322,77,4,,0,70,,60323,77,4,,0,30,,60324,77,4,,0,70,,60325,77,4,,0,30,,60326,77,4,,0,70,,60327,77,4,,0,30,,60328,77,4,,0,70,,60329,77,4,,0,30,,60330,77,4,,0,70,,60331,77,4,,0,30,,60332,77,4,,0,70,,60333,77,4,,0,30,,60334,77,4,,0,70,,60335,77,4,,0,30,,60336,77,4,,0,70,,60337,77,4,,0,30,,60338,77,4,,0,100,,60339,77,4,,0,100,,60340,77,4,,0,100,,60341,77,4,,0
1901,'1385',655,,60342,77,4,,0,70,,60343,77,4,,0,30,,60344,77,4,,0,70,,60345,77,4,,0,30,,60346,77,4,,0,70,,60347,77,4,,0,30,,60348,77,4,,0,70,,60349,77,4,,0,30,,60350,77,4,,0,70,,60351,77,4,,0,30,,60352,77,4,,0,70,,60353,77,4,,0,30,,60354,77,4,,0,70,,60355,77,4,,0,30,,60356,77,4,,0,70,,60357,77,4,,0,30,,60358,77,4,,0,70,,60359,77,4,,0,30,,60360,77,4,,0,70,,60361,77,4,,0,30,,60362,77,4,,0,70,,60363,77,4,,0,30,,60364,77,4,,0,70,,60365,77,4,,0,30,,60366,77,4,,0,70,,60367,77,4,,0,30,,60368,77,4,,0,70,,60369,77,4,,0,30,,60370,77,4,,0,70,,60371,77,4,,0,30,,60372,77,4,,0,70,,60373,77,4,,0,100,,60374,77,4,,0,100,,60375,77,4,,0
1901,'1386',655,,60376,77,4,,0,70,,60377,77,4,,0,30,,60378,77,4,,0,70,,60379,77,4,,0,30,,60380,77,4,,0,70,,60381,77,4,,0,30,,60382,77,4,,0,70,,60383,77,4,,0,30,,60384,77,4,,0,70,,60385,77,4,,0,30,,60386,77,4,,0,70,,60387,77,4,,0,30,,60388,77,4,,0,70,,60389,77,4,,0,30,,60390,77,4,,0,70,,60391,77,4,,0,30,,60392,77,4,,0,70,,60393,77,4,,0,30,,60394,77,4,,0,70,,60395,77,4,,0,30,,60396,77,4,,0,70,,60397,77,4,,0,30,,60398,77,4,,0,70,,60399,77,4,,0,30,,60400,77,4,,0,70,,60401,77,4,,0,30,,60402,77,4,,0,70,,60403,77,4,,0,30,,60404,77,4,,0,70,,60405,77,4,,0,30,,60406,77,4,,0,70,,60407,77,4,,0,100,,60408,77,4,,0,100,,60409,77,4,,0
1901,'1387',655,,60410,77,4,,0,70,,60411,77,4,,0,30,,60412,77,4,,0,70,,60413,77,4,,0,30,,60414,77,4,,0,70,,60415,77,4,,0,30,,60416,77,4,,0,70,,60417,77,4,,0,30,,60418,77,4,,0,70,,60419,77,4,,0,30,,60420,77,4,,0,70,,60421,77,4,,0,30,,60422,77,4,,0,70,,60423,77,4,,0,30,,60424,77,4,,0,70,,60425,77,4,,0,30,,60426,77,4,,0,70,,60427,77,4,,0,30,,60428,77,4,,0,70,,60429,77,4,,0,30,,60430,77,4,,0,70,,60431,77,4,,0,30,,60432,77,4,,0,70,,60433,77,4,,0,30,,60434,77,4,,0,70,,60435,77,4,,0,30,,60436,77,4,,0,70,,60437,77,4,,0,30,,60438,77,4,,0,70,,60439,77,4,,0,30,,60440,77,4,,0,70,,60441,77,4,,0,100,,60442,77,4,,0,100,,60443,77,4,,0
1901,'1388',655,,60444,77,4,,0,70,,60445,77,4,,0,30,,60446,77,4,,0,70,,60447,77,4,,0,30,,60448,77,4,,0,70,,60449,77,4,,0,30,,60450,77,4,,0,70,,60451,77,4,,0,30,,60452,77,4,,0,70,,60453,77,4,,0,30,,60454,77,4,,0,70,,60455,77,4,,0,30,,60456,77,4,,0,70,,60457,77,4,,0,30,,60458,77,4,,0,70,,60459,77,4,,0,30,,60460,77,4,,0,70,,60461,77,4,,0,30,,60462,77,4,,0,70,,60463,77,4,,0,30,,60464,77,4,,0,70,,60465,77,4,,0,30,,60466,77,4,,0,70,,60467,77,4,,0,30,,60468,77,4,,0,70,,60469,77,4,,0,30,,60470,77,4,,0,70,,60471,77,4,,0,30,,60472,77,4,,0,70,,60473,77,4,,0,30,,60474,77,4,,0,70,,60475,77,4,,0,100,,60476,77,4,,0,100,,60477,77,4,,0
1901,'1389',655,,60478,77,4,,0,70,,60479,77,4,,0,30,,60480,77,4,,0,70,,60481,77,4,,0,30,,60482,77,4,,0,70,,60483,77,4,,0,30,,60484,77,4,,0,70,,60485,77,4,,0,30,,60486,77,4,,0,70,,60487,77,4,,0,30,,60488,77,4,,0,70,,60489,77,4,,0,30,,60490,77,4,,0,70,,60491,77,4,,0,30,,60492,77,4,,0,70,,60493,77,4,,0,30,,60494,77,4,,0,70,,60495,77,4,,0,30,,60496,77,4,,0,70,,60497,77,4,,0,30,,60498,77,4,,0,70,,60499,77,4,,0,30,,60500,77,4,,0,70,,60501,77,4,,0,30,,60502,77,4,,0,70,,60503,77,4,,0,30,,60504,77,4,,0,70,,60505,77,4,,0,30,,60506,77,4,,0,70,,60507,77,4,,0,30,,60508,77,4,,0,70,,60509,77,4,,0,100,,60510,77,4,,0,100,,60511,77,4,,0
722502,'1385',612,,64777,40,0,16,0,100,,64778,40,0,16,0,100,,64779,40,0,16,0,100,,64780,40,0,16,0,100,,64781,40,0,16,0,100,,64782,40,0,16,0,100,,64783,40,0,16,0,100,,64784,40,0,16,0,100,,64785,40,0,16,0,100,,64786,40,0,16,0,100,,64787,40,0,16,0,100,,64788,40,0,16,0,100,,64789,40,0,16,0,100,,64790,40,0,16,0,100,,64791,40,0,16,0,100,,64792,40,0,16,0,100,,64793,40,0,16,0,100,,64794,40,0,16,0
722502,'1386',612,,64795,40,0,16,0,100,,64796,40,0,16,0,100,,64797,40,0,16,0,100,,64798,40,0,16,0,100,,64799,40,0,16,0,100,,64800,40,0,16,0,100,,64801,40,0,16,0,100,,64802,40,0,16,0,100,,64803,40,0,16,0,100,,64804,40,0,16,0,100,,64805,40,0,16,0,100,,64806,40,0,16,0,100,,64807,40,0,16,0,100,,64808,40,0,16,0,100,,64809,40,0,16,0,100,,64810,40,0,16,0,100,,64811,40,0,16,0,100,,64812,40,0,16,0
722502,'1387',612,,64813,40,0,16,0,100,,64814,40,0,16,0,100,,64815,40,0,16,0,100,,64816,40,0,16,0,100,,64817,40,0,16,0,100,,64818,40,0,16,0,100,,64819,40,0,16,0,100,,64820,40,0,16,0,100,,64821,40,0,16,0,100,,64822,40,0,16,0,100,,64823,40,0,16,0,100,,64824,40,0,16,0,100,,64825,40,0,16,0,100,,64826,40,0,16,0,100,,64827,40,0,16,0,100,,64828,40,0,16,0,100,,64829,40,0,16,0,100,,64830,40,0,16,0
722502,'1388',612,,64831,40,0,16,0,100,,64832,40,0,16,0,100,,64833,40,0,16,0,100,,64834,40,0,16,0,100,,64835,40,0,16,0,100,,64836,40,0,16,0,100,,64837,40,0,16,0,100,,64838,40,0,16,0,100,,64839,40,0,16,0,100,,64840,40,0,16,0,100,,64841,40,0,16,0,100,,64842,40,0,16,0,100,,64843,40,0,16,0,100,,64844,40,0,16,0,100,,64845,40,0,16,0,100,,64846,40,0,16,0,100,,64847,40,0,16,0,100,,64848,40,0,16,0
722502,'1389',612,,64849,40,0,16,0,100,,64850,40,0,16,0,100,,64851,40,0,16,0,100,,64852,40,0,16,0,100,,64853,40,0,16,0,100,,64854,40,0,16,0,100,,64855,40,0,16,0,100,,64856,40,0,16,0,100,,64857,40,0,16,0,100,,64858,40,0,16,0,100,,64859,40,0,16,0,100,,64860,40,0,16,0,100,,64861,40,0,16,0,100,,64862,40,0,16,0,100,,64863,40,0,16,0,100,,64864,40,0,16,0,100,,64865,40,0,16,0,100,,64866,40,0,16,0
