721204,'1383',924,,63373,31,0,14,0,85,,63372,31,0,14,0,45,,63371,31,0,14,0,85,,63370,31,0,14,0,85,,63369,31,0,14,0,85,,63368,31,0,14,0,45,,63367,31,0,14,0,85,,63366,31,0,14,0,85,,63378,31,0,14,0,85,,63377,31,0,14,0,45,,63376,31,0,14,0,85,,63375,31,0,14,0,85,,63374,31,0,14,0,85,,63365,31,0,14,0
721204,'1384',624,,63379,31,0,14,0,85,,63380,31,0,14,0,45,,63381,31,0,14,0,85,,63382,31,0,14,0,85,,63383,31,0,14,0,85,,63384,31,0,14,0,30,,63385,31,0,14,0,70,,63386,31,0,14,0,30,,63387,31,0,14,0,70,,63388,31,0,14,0,30,,63389,31,0,14,0,70,,63390,31,0,14,0,30,,63391,31,0,14,0,70,,63392,31,0,14,0,30,,63393,31,0,14,0,70,,63394,31,0,14,0,30,,63395,31,0,14,0,70,,63396,31,0,14,0,30,,63397,31,0,14,0,70,,63398,31,0,14,0,30,,63399,31,0,14,0,70,,63400,31,0,14,0,45,,63401,31,0,14,0,85,,63402,31,0,14,0,85,,63403,31,0,14,0,85,,63404,31,0,14,0,45,,63405,31,0,14,0,85,,63406,31,0,14,0
721204,'1385',624,,63407,31,0,14,0,30,,63408,31,0,14,0,70,,63409,31,0,14,0,15,,63410,31,0,14,0,15,,63411,31,0,14,0,55,,63412,31,0,14,0,15,,63413,31,0,14,0,30,,63414,31,0,14,0,70,,63415,31,0,14,0,30,,63416,31,0,14,0,70,,63417,31,0,14,0,30,,63418,31,0,14,0,70,,63419,31,0,14,0,30,,63420,31,0,14,0,70,,63421,31,0,14,0,30,,63422,31,0,14,0,70,,63423,31,0,14,0,30,,63424,31,0,14,0,70,,63425,31,0,14,0,15,,63426,31,0,14,0,15,,63427,31,0,14,0,55,,63428,31,0,14,0,15,,63429,31,0,14,0,30,,63430,31,0,14,0,70,,63431,31,0,14,0,30,,63432,31,0,14,0,70,,63433,31,0,14,0,30,,63434,31,0,14,0,70,,63435,31,0,14,0,85,,63436,31,0,14,0,45,,63437,31,0,14,0,85,,63438,31,0,14,0,85,,63439,31,0,14,0,85,,63440,31,0,14,0,45,,63441,31,0,14,0
721204,'1386',624,,63442,31,0,14,0,30,,63443,31,0,14,0,70,,63444,31,0,14,0,15,,63445,31,0,14,0,15,,63446,31,0,14,0,55,,63447,31,0,14,0,15,,63448,31,0,14,0,30,,63449,31,0,14,0,70,,63450,31,0,14,0,30,,63451,31,0,14,0,70,,63452,31,0,14,0,30,,63453,31,0,14,0,70,,63454,31,0,14,0,30,,63455,31,0,14,0,70,,63456,31,0,14,0,30,,63457,31,0,14,0,70,,63458,31,0,14,0,30,,63459,31,0,14,0,70,,63460,31,0,14,0,15,,63461,31,0,14,0,15,,63462,31,0,14,0,55,,63463,31,0,14,0,15,,63464,31,0,14,0,30,,63465,31,0,14,0,70,,63466,31,0,14,0,30,,63467,31,0,14,0,70,,63468,31,0,14,0,30,,63469,31,0,14,0,70,,63470,31,0,14,0,85,,63471,31,0,14,0,45,,63472,31,0,14,0,85,,63473,31,0,14,0,85,,63474,31,0,14,0,85,,63475,31,0,14,0,45,,63476,31,0,14,0
721204,'1387',624,,63477,31,0,14,0,30,,63478,31,0,14,0,70,,63479,31,0,14,0,15,,63480,31,0,14,0,15,,63481,31,0,14,0,55,,63482,31,0,14,0,15,,63483,31,0,14,0,30,,63484,31,0,14,0,70,,63485,31,0,14,0,30,,63486,31,0,14,0,70,,63487,31,0,14,0,30,,63488,31,0,14,0,70,,63489,31,0,14,0,30,,63490,31,0,14,0,70,,63491,31,0,14,0,30,,63492,31,0,14,0,70,,63493,31,0,14,0,30,,63494,31,0,14,0,70,,63495,31,0,14,0,15,,63496,31,0,14,0,15,,63497,31,0,14,0,55,,63498,31,0,14,0,15,,63499,31,0,14,0,30,,63500,31,0,14,0,70,,63501,31,0,14,0,30,,63502,31,0,14,0,70,,63503,31,0,14,0,30,,63504,31,0,14,0,70,,63505,31,0,14,0,85,,63506,31,0,14,0,45,,63507,31,0,14,0,85,,63508,31,0,14,0,85,,63509,31,0,14,0,85,,63510,31,0,14,0,45,,63511,31,0,14,0
721204,'1388',624,,63512,31,0,14,0,30,,63513,31,0,14,0,70,,63514,31,0,14,0,15,,63515,31,0,14,0,15,,63516,31,0,14,0,55,,63517,31,0,14,0,15,,63518,31,0,14,0,30,,63519,31,0,14,0,70,,63520,31,0,14,0,30,,63521,31,0,14,0,70,,63522,31,0,14,0,30,,63523,31,0,14,0,70,,63524,31,0,14,0,30,,63525,31,0,14,0,70,,63526,31,0,14,0,30,,63527,31,0,14,0,70,,63528,31,0,14,0,30,,63529,31,0,14,0,70,,63530,31,0,14,0,15,,63531,31,0,14,0,15,,63532,31,0,14,0,55,,63533,31,0,14,0,15,,63534,31,0,14,0,30,,63535,31,0,14,0,70,,63536,31,0,14,0,30,,63537,31,0,14,0,70,,63538,31,0,14,0,30,,63539,31,0,14,0,70,,63540,31,0,14,0,85,,63541,31,0,14,0,45,,63542,31,0,14,0,85,,63543,31,0,14,0,85,,63544,31,0,14,0,85,,63545,31,0,14,0,45,,63546,31,0,14,0
721204,'1389',624,,63547,31,0,14,0,30,,63548,31,0,14,0,70,,63549,31,0,14,0,15,,63550,31,0,14,0,15,,63551,31,0,14,0,55,,63552,31,0,14,0,15,,63553,31,0,14,0,30,,63554,31,0,14,0,70,,63555,31,0,14,0,30,,63556,31,0,14,0,70,,63557,31,0,14,0,30,,63558,31,0,14,0,70,,63559,31,0,14,0,30,,63560,31,0,14,0,70,,63561,31,0,14,0,30,,63562,31,0,14,0,70,,63563,31,0,14,0,30,,63564,31,0,14,0,70,,63565,31,0,14,0,15,,63566,31,0,14,0,15,,63567,31,0,14,0,55,,63568,31,0,14,0,15,,63569,31,0,14,0,30,,63570,31,0,14,0,70,,63571,31,0,14,0,30,,63572,31,0,14,0,70,,63573,31,0,14,0,30,,63574,31,0,14,0,70,,63575,31,0,14,0,85,,63576,31,0,14,0,45,,63577,31,0,14,0,85,,63578,31,0,14,0,85,,63579,31,0,14,0,85,,63580,31,0,14,0,45,,63581,31,0,14,0
721501,'1383',940,,64352,35,0,17,0,100,,64351,35,0,17,0,100,,64350,35,0,17,0,100,,64349,35,0,17,0,100,,64348,35,0,17,0,100,,64347,35,0,17,0,100,,64346,35,0,17,0,100,,64345,35,0,17,0,100,,64344,35,0,17,0,100,,64343,35,0,17,0,100,,64342,35,0,17,0
721501,'1384',740,,64353,35,0,17,0,100,,64354,35,0,17,0,100,,64355,35,0,17,0,100,,64356,35,0,17,0,100,,64357,35,0,17,0,100,,64358,35,0,17,0,70,,64359,35,0,17,0,30,,64360,35,0,17,0,70,,64361,35,0,17,0,30,,64362,35,0,17,0,70,,64363,35,0,17,0,30,,64364,35,0,17,0,70,,64365,35,0,17,0,30,,64366,35,0,17,0,70,,64367,35,0,17,0,30,,64368,35,0,17,0,70,,64369,35,0,17,0,30,,64370,35,0,17,0,100,,64371,35,0,17,0
721501,'1385',740,,64372,35,0,17,0,70,,64373,35,0,17,0,30,,64374,35,0,17,0,70,,64375,35,0,17,0,30,,64376,35,0,17,0,70,,64377,35,0,17,0,30,,64378,35,0,17,0,70,,64379,35,0,17,0,30,,64380,35,0,17,0,70,,64381,35,0,17,0,30,,64382,35,0,17,0,70,,64383,35,0,17,0,30,,64384,35,0,17,0,70,,64385,35,0,17,0,30,,64386,35,0,17,0,70,,64387,35,0,17,0,30,,64388,35,0,17,0,70,,64389,35,0,17,0,30,,64390,35,0,17,0,70,,64391,35,0,17,0,30,,64392,35,0,17,0,70,,64393,35,0,17,0,30,,64394,35,0,17,0,70,,64395,35,0,17,0,30,,64396,35,0,17,0,100,,64397,35,0,17,0,100,,64398,35,0,17,0,100,,64399,35,0,17,0
721501,'1386',740,,64400,35,0,17,0,70,,64401,35,0,17,0,30,,64402,35,0,17,0,70,,64403,35,0,17,0,30,,64404,35,0,17,0,70,,64405,35,0,17,0,30,,64406,35,0,17,0,70,,64407,35,0,17,0,30,,64408,35,0,17,0,70,,64409,35,0,17,0,30,,64410,35,0,17,0,70,,64411,35,0,17,0,30,,64412,35,0,17,0,70,,64413,35,0,17,0,30,,64414,35,0,17,0,70,,64415,35,0,17,0,30,,64416,35,0,17,0,70,,64417,35,0,17,0,30,,64418,35,0,17,0,70,,64419,35,0,17,0,30,,64420,35,0,17,0,70,,64421,35,0,17,0,30,,64422,35,0,17,0,70,,64423,35,0,17,0,30,,64424,35,0,17,0,100,,64425,35,0,17,0,100,,64426,35,0,17,0,100,,64427,35,0,17,0
721501,'1387',740,,64428,35,0,17,0,70,,64429,35,0,17,0,30,,64430,35,0,17,0,70,,64431,35,0,17,0,30,,64432,35,0,17,0,70,,64433,35,0,17,0,30,,64434,35,0,17,0,70,,64435,35,0,17,0,30,,64436,35,0,17,0,70,,64437,35,0,17,0,30,,64438,35,0,17,0,70,,64439,35,0,17,0,30,,64440,35,0,17,0,70,,64441,35,0,17,0,30,,64442,35,0,17,0,70,,64443,35,0,17,0,30,,64444,35,0,17,0,70,,64445,35,0,17,0,30,,64446,35,0,17,0,70,,64447,35,0,17,0,30,,64448,35,0,17,0,70,,64449,35,0,17,0,30,,64450,35,0,17,0,70,,64451,35,0,17,0,30,,64452,35,0,17,0,100,,64453,35,0,17,0,100,,64454,35,0,17,0,100,,64455,35,0,17,0
721501,'1388',740,,64456,35,0,17,0,70,,64457,35,0,17,0,30,,64458,35,0,17,0,70,,64459,35,0,17,0,30,,64460,35,0,17,0,70,,64461,35,0,17,0,30,,64462,35,0,17,0,70,,64463,35,0,17,0,30,,64464,35,0,17,0,70,,64465,35,0,17,0,30,,64466,35,0,17,0,70,,64467,35,0,17,0,30,,64468,35,0,17,0,70,,64469,35,0,17,0,30,,64470,35,0,17,0,70,,64471,35,0,17,0,30,,64472,35,0,17,0,70,,64473,35,0,17,0,30,,64474,35,0,17,0,70,,64475,35,0,17,0,30,,64476,35,0,17,0,70,,64477,35,0,17,0,30,,64478,35,0,17,0,70,,64479,35,0,17,0,30,,64480,35,0,17,0,100,,64481,35,0,17,0,100,,64482,35,0,17,0,100,,64483,35,0,17,0
721501,'1389',740,,64484,35,0,17,0,70,,64485,35,0,17,0,30,,64486,35,0,17,0,70,,64487,35,0,17,0,30,,64488,35,0,17,0,70,,64489,35,0,17,0,30,,64490,35,0,17,0,70,,64491,35,0,17,0,30,,64492,35,0,17,0,70,,64493,35,0,17,0,30,,64494,35,0,17,0,70,,64495,35,0,17,0,30,,64496,35,0,17,0,70,,64497,35,0,17,0,30,,64498,35,0,17,0,70,,64499,35,0,17,0,30,,64500,35,0,17,0,70,,64501,35,0,17,0,30,,64502,35,0,17,0,70,,64503,35,0,17,0,30,,64504,35,0,17,0,70,,64505,35,0,17,0,30,,64506,35,0,17,0,70,,64507,35,0,17,0,30,,64508,35,0,17,0,100,,64509,35,0,17,0,100,,64510,35,0,17,0,100,,64511,35,0,17,0
