1601,'1383',1015,,57984,6,,,0,30,,57983,6,,,0,85,,57982,6,,,0,70,,57981,6,,,0,30,,57980,6,,,0,70,,57979,6,,,0,30,,57978,6,,,0,70,,57977,6,,,0,30,,57976,6,,,0,70,,57975,6,,,0,30,,57974,6,,,0,70,,57973,6,,,0,30,,57972,6,,,0,70,,57971,6,,,0,30,,57970,6,,,0,15,,57985,6,,,0,55,,57969,6,,,0,30,,57968,6,,,0,70,,57967,6,,,0,30,,57966,6,,,0
1601,'1384',657,,57986,6,,,0,70,,57987,6,,,0,30,,57988,6,,,0,70,,57989,6,,,0,30,,57990,6,,,0,70,,57991,6,,,0,30,,57992,6,,,0,70,,57993,6,,,0,20,,57994,6,,,0,60,,57995,6,,,0,20,,57996,6,,,0,20,,57997,6,,,0,60,,57998,6,,,0,20,,57999,6,,,0,20,,58000,6,,,0,60,,58001,6,,,0,20,,58002,6,,,0,20,,58003,6,,,0,60,,58004,6,,,0,20,,58005,6,,,0,20,,58006,6,,,0,60,,58007,6,,,0,20,,58008,6,,,0,20,,58009,6,,,0,60,,58010,6,,,0,20,,58011,6,,,0,20,,58012,6,,,0,60,,58013,6,,,0,20,,58014,6,,,0,20,,58015,6,,,0,60,,58016,6,,,0,22,,58017,6,,,0,30,,58018,6,,,0,70,,58019,6,,,0,30,,58020,6,,,0,70,,58021,6,,,0,30,,58022,6,,,0,70,,58023,6,,,0,100,,58024,6,,,0
1601,'1385',608,,58025,6,,,0,37,,58026,6,,,0,70,,58027,6,,,0,20,,58028,6,,,0,20,,58029,6,,,0,60,,58030,6,,,0,20,,58031,6,,,0,20,,58032,6,,,0,60,,58033,6,,,0,20,,58034,6,,,0,20,,58035,6,,,0,60,,58036,6,,,0,20,,58037,6,,,0,20,,58038,6,,,0,60,,58039,6,,,0,20,,58040,6,,,0,20,,58041,6,,,0,60,,58042,6,,,0,20,,58043,6,,,0,20,,58044,6,,,0,60,,58045,6,,,0,20,,58046,6,,,0,20,,58047,6,,,0,60,,58048,6,,,0,20,,58049,6,,,0,20,,58050,6,,,0,60,,58051,6,,,0,20,,58052,6,,,0,20,,58053,6,,,0,60,,58054,6,,,0,20,,58055,6,,,0,20,,58056,6,,,0,60,,58057,6,,,0,20,,58058,6,,,0,20,,58059,6,,,0,60,,58060,6,,,0,15,,58061,6,,,0,70,,58062,6,,,0,30,,58063,6,,,0,70,,58064,6,,,0,30,,58065,6,,,0,70,,58066,6,,,0,30,,58067,6,,,0,100,,58068,6,,,0,100,,58069,6,,,0
1601,'1386',608,,58070,6,,,0,37,,58071,6,,,0,70,,58072,6,,,0,20,,58073,6,,,0,20,,58074,6,,,0,60,,58075,6,,,0,20,,58076,6,,,0,20,,58077,6,,,0,60,,58078,6,,,0,20,,58079,6,,,0,20,,58080,6,,,0,60,,58081,6,,,0,20,,58082,6,,,0,20,,58083,6,,,0,60,,58084,6,,,0,20,,58085,6,,,0,20,,58086,6,,,0,60,,58087,6,,,0,20,,58088,6,,,0,20,,58089,6,,,0,60,,58090,6,,,0,20,,58091,6,,,0,20,,58092,6,,,0,60,,58093,6,,,0,20,,58094,6,,,0,20,,58095,6,,,0,60,,58096,6,,,0,20,,58097,6,,,0,20,,58098,6,,,0,60,,58099,6,,,0,20,,58100,6,,,0,20,,58101,6,,,0,60,,58102,6,,,0,20,,58103,6,,,0,20,,58104,6,,,0,60,,58105,6,,,0,15,,58106,6,,,0,70,,58107,6,,,0,30,,58108,6,,,0,70,,58109,6,,,0,30,,58110,6,,,0,70,,58111,6,,,0,30,,58112,6,,,0,100,,58113,6,,,0,100,,58114,6,,,0
1601,'1387',608,,58115,6,,,0,37,,58116,6,,,0,70,,58117,6,,,0,20,,58118,6,,,0,20,,58119,6,,,0,60,,58120,6,,,0,20,,58121,6,,,0,20,,58122,6,,,0,60,,58123,6,,,0,20,,58124,6,,,0,20,,58125,6,,,0,60,,58126,6,,,0,20,,58127,6,,,0,20,,58128,6,,,0,60,,58129,6,,,0,20,,58130,6,,,0,20,,58131,6,,,0,60,,58132,6,,,0,20,,58133,6,,,0,20,,58134,6,,,0,60,,58135,6,,,0,20,,58136,6,,,0,20,,58137,6,,,0,60,,58138,6,,,0,20,,58139,6,,,0,20,,58140,6,,,0,60,,58141,6,,,0,20,,58142,6,,,0,20,,58143,6,,,0,60,,58144,6,,,0,20,,58145,6,,,0,20,,58146,6,,,0,60,,58147,6,,,0,20,,58148,6,,,0,20,,58149,6,,,0,60,,58150,6,,,0,15,,58151,6,,,0,70,,58152,6,,,0,30,,58153,6,,,0,70,,58154,6,,,0,30,,58155,6,,,0,70,,58156,6,,,0,30,,58157,6,,,0,100,,58158,6,,,0,100,,58159,6,,,0
1601,'1388',608,,58160,6,,,0,37,,58161,6,,,0,70,,58162,6,,,0,20,,58163,6,,,0,20,,58164,6,,,0,60,,58165,6,,,0,20,,58166,6,,,0,20,,58167,6,,,0,60,,58168,6,,,0,20,,58169,6,,,0,20,,58170,6,,,0,60,,58171,6,,,0,20,,58172,6,,,0,20,,58173,6,,,0,60,,58174,6,,,0,20,,58175,6,,,0,20,,58176,6,,,0,60,,58177,6,,,0,20,,58178,6,,,0,20,,58179,6,,,0,60,,58180,6,,,0,20,,58181,6,,,0,20,,58182,6,,,0,60,,58183,6,,,0,20,,58184,6,,,0,20,,58185,6,,,0,60,,58186,6,,,0,20,,58187,6,,,0,20,,58188,6,,,0,60,,58189,6,,,0,20,,58190,6,,,0,20,,58191,6,,,0,60,,58192,6,,,0,20,,58193,6,,,0,20,,58194,6,,,0,60,,58195,6,,,0,15,,58196,6,,,0,70,,58197,6,,,0,30,,58198,6,,,0,70,,58199,6,,,0,30,,58200,6,,,0,70,,58201,6,,,0,30,,58202,6,,,0,100,,58203,6,,,0,100,,58204,6,,,0
1601,'1389',608,,58205,6,,,0,37,,58206,6,,,0,70,,58207,6,,,0,20,,58208,6,,,0,20,,58209,6,,,0,60,,58210,6,,,0,20,,58211,6,,,0,20,,58212,6,,,0,60,,58213,6,,,0,20,,58214,6,,,0,20,,58215,6,,,0,60,,58216,6,,,0,20,,58217,6,,,0,20,,58218,6,,,0,60,,58219,6,,,0,20,,58220,6,,,0,20,,58221,6,,,0,60,,58222,6,,,0,20,,58223,6,,,0,20,,58224,6,,,0,60,,58225,6,,,0,20,,58226,6,,,0,20,,58227,6,,,0,60,,58228,6,,,0,20,,58229,6,,,0,20,,58230,6,,,0,60,,58231,6,,,0,20,,58232,6,,,0,20,,58233,6,,,0,60,,58234,6,,,0,20,,58235,6,,,0,20,,58236,6,,,0,60,,58237,6,,,0,20,,58238,6,,,0,20,,58239,6,,,0,60,,58240,6,,,0,15,,58241,6,,,0,70,,58242,6,,,0,30,,58243,6,,,0,70,,58244,6,,,0,30,,58245,6,,,0,70,,58246,6,,,0,30,,58247,6,,,0,100,,58248,6,,,0,100,,58249,6,,,0
1701,'1383',721,,58766,32,,,0,100,,58768,32,,,0,100,,58767,32,,,0,104,,58765,32,,,0,80,,58764,32,,,0,40,,58763,32,,,0,80,,58762,32,,,0,80,,58761,32,,,0,40,,58760,32,,,0,80,,58759,32,,,0,80,,58758,32,,,0,40,,58757,32,,,0,80,,58756,32,,,0,80,,58755,32,,,0,40,,58754,32,,,0,80,,58753,32,,,0,80,,58752,32,,,0,40,,58751,32,,,0
1701,'1384',555,,58794,32,,,0,70,,58795,32,,,0,30,,58796,32,,,0,70,,58797,32,,,0,30,,58798,32,,,0,70,,58799,32,,,0,30,,58800,32,,,0,70,,58769,32,,,0,30,,58770,32,,,0,70,,58771,32,,,0,20,,58772,32,,,0,60,,58773,32,,,0,20,,58774,32,,,0,20,,58775,32,,,0,60,,58776,32,,,0,20,,58777,32,,,0,20,,58778,32,,,0,60,,58779,32,,,0,20,,58780,32,,,0,20,,58781,32,,,0,60,,58782,32,,,0,20,,58783,32,,,0,20,,58784,32,,,0,60,,58785,32,,,0,20,,58786,32,,,0,20,,58787,32,,,0,60,,58788,32,,,0,20,,58789,32,,,0,20,,58790,32,,,0,60,,58791,32,,,0,20,,58801,32,,,0,20,,58792,32,,,0,60,,58793,32,,,0,20,,58802,32,,,0,30,,58803,32,,,0,70,,58804,32,,,0,30,,58805,32,,,0,70,,58806,32,,,0,30,,58807,32,,,0,70,,58808,32,,,0,30,,58809,32,,,0,70,,58810,32,,,0,30,,58811,32,,,0,70,,58812,32,,,0,30,,58813,32,,,0,70,,58814,32,,,0,30,,58815,32,,,0
1701,'1385',554,,58816,32,,,0,70,,58817,32,,,0,15,,58818,32,,,0,15,,58819,32,,,0,55,,58820,32,,,0,15,,58821,32,,,0,10,,58822,32,,,0,10,,58823,32,,,0,10,,58824,32,,,0,50,,58825,32,,,0,10,,58826,32,,,0,10,,58827,32,,,0,10,,58828,32,,,0,10,,58829,32,,,0,10,,58830,32,,,0,50,,58831,32,,,0,10,,58832,32,,,0,10,,58833,32,,,0,10,,58834,32,,,0,10,,58835,32,,,0,10,,58875,32,,,0,50,,58836,32,,,0,10,,58861,32,,,0,10,,58862,32,,,0,10,,58863,32,,,0,10,,58864,32,,,0,10,,58865,32,,,0,50,,58866,32,,,0,10,,58867,32,,,0,10,,58868,32,,,0,10,,58869,32,,,0,10,,58870,32,,,0,10,,58871,32,,,0,50,,58872,32,,,0,10,,58873,32,,,0,10,,58874,32,,,0,10,,58876,32,,,0,10,,58877,32,,,0,10,,58879,32,,,0,50,,58880,32,,,0,10,,58881,32,,,0,10,,58882,32,,,0,10,,58883,32,,,0,10,,58884,32,,,0,10,,58885,32,,,0,50,,58837,32,,,0,10,,58838,32,,,0,10,,58839,32,,,0,10,,58840,32,,,0,10,,58841,32,,,0,10,,58842,32,,,0,50,,58843,32,,,0,10,,58844,32,,,0,10,,58845,32,,,0,10,,58846,32,,,0,10,,58847,32,,,0,10,,58848,32,,,0,50,,58849,32,,,0,10,,58850,32,,,0,10,,58851,32,,,0,10,,58852,32,,,0,10,,58853,32,,,0,10,,58854,32,,,0,50,,58855,32,,,0,10,,58856,32,,,0,10,,58857,32,,,0,10,,58858,32,,,0,10,,58859,32,,,0,10,,58860,32,,,0,50,,58886,32,,,0,10,,58887,32,,,0,10,,58888,32,,,0,15,,58889,32,,,0,15,,58890,32,,,0,55,,58891,32,,,0,15,,58892,32,,,0,30,,58893,32,,,0,70,,58894,32,,,0,30,,58895,32,,,0,70,,58896,32,,,0,30,,58897,32,,,0,70,,58898,32,,,0,30,,58899,32,,,0,70,,58900,32,,,0,30,,58901,32,,,0,70,,58902,32,,,0,30,,58878,32,,,0
1701,'1386',554,,58903,32,,,0,70,,58904,32,,,0,15,,58905,32,,,0,15,,58906,32,,,0,55,,58907,32,,,0,15,,58908,32,,,0,10,,58909,32,,,0,10,,58910,32,,,0,10,,58911,32,,,0,50,,58912,32,,,0,10,,58913,32,,,0,10,,58914,32,,,0,10,,58915,32,,,0,10,,58916,32,,,0,10,,58917,32,,,0,50,,58918,32,,,0,10,,58919,32,,,0,10,,58920,32,,,0,10,,58921,32,,,0,10,,58922,32,,,0,10,,58962,32,,,0,50,,58923,32,,,0,10,,58948,32,,,0,10,,58949,32,,,0,10,,58950,32,,,0,10,,58951,32,,,0,10,,58952,32,,,0,50,,58953,32,,,0,10,,58954,32,,,0,10,,58955,32,,,0,10,,58956,32,,,0,10,,58957,32,,,0,10,,58958,32,,,0,50,,58959,32,,,0,10,,58960,32,,,0,10,,58961,32,,,0,10,,58963,32,,,0,10,,58964,32,,,0,10,,58966,32,,,0,50,,58967,32,,,0,10,,58968,32,,,0,10,,58969,32,,,0,10,,58970,32,,,0,10,,58971,32,,,0,10,,58972,32,,,0,50,,58924,32,,,0,10,,58925,32,,,0,10,,58926,32,,,0,10,,58927,32,,,0,10,,58928,32,,,0,10,,58929,32,,,0,50,,58930,32,,,0,10,,58931,32,,,0,10,,58932,32,,,0,10,,58933,32,,,0,10,,58934,32,,,0,10,,58935,32,,,0,50,,58936,32,,,0,10,,58937,32,,,0,10,,58938,32,,,0,10,,58939,32,,,0,10,,58940,32,,,0,10,,58941,32,,,0,50,,58942,32,,,0,10,,58943,32,,,0,10,,58944,32,,,0,10,,58945,32,,,0,10,,58946,32,,,0,10,,58947,32,,,0,50,,58973,32,,,0,10,,58974,32,,,0,10,,58975,32,,,0,15,,58976,32,,,0,15,,58977,32,,,0,55,,58978,32,,,0,15,,58979,32,,,0,30,,58980,32,,,0,70,,58981,32,,,0,30,,58982,32,,,0,70,,58983,32,,,0,30,,58984,32,,,0,70,,58985,32,,,0,30,,58986,32,,,0,70,,58987,32,,,0,30,,58988,32,,,0,70,,58989,32,,,0,30,,58965,32,,,0
1701,'1387',554,,58990,32,,,0,70,,58991,32,,,0,15,,58992,32,,,0,15,,58993,32,,,0,55,,58994,32,,,0,15,,58995,32,,,0,10,,58996,32,,,0,10,,58997,32,,,0,10,,58998,32,,,0,50,,58999,32,,,0,10,,59000,32,,,0,10,,59001,32,,,0,10,,59002,32,,,0,10,,59003,32,,,0,10,,59004,32,,,0,50,,59005,32,,,0,10,,59006,32,,,0,10,,59007,32,,,0,10,,59008,32,,,0,10,,59009,32,,,0,10,,59049,32,,,0,50,,59010,32,,,0,10,,59035,32,,,0,10,,59036,32,,,0,10,,59037,32,,,0,10,,59038,32,,,0,10,,59039,32,,,0,50,,59040,32,,,0,10,,59041,32,,,0,10,,59042,32,,,0,10,,59043,32,,,0,10,,59044,32,,,0,10,,59045,32,,,0,50,,59046,32,,,0,10,,59047,32,,,0,10,,59048,32,,,0,10,,59050,32,,,0,10,,59051,32,,,0,10,,59053,32,,,0,50,,59054,32,,,0,10,,59055,32,,,0,10,,59056,32,,,0,10,,59057,32,,,0,10,,59058,32,,,0,10,,59059,32,,,0,50,,59011,32,,,0,10,,59012,32,,,0,10,,59013,32,,,0,10,,59014,32,,,0,10,,59015,32,,,0,10,,59016,32,,,0,50,,59017,32,,,0,10,,59018,32,,,0,10,,59019,32,,,0,10,,59020,32,,,0,10,,59021,32,,,0,10,,59022,32,,,0,50,,59023,32,,,0,10,,59024,32,,,0,10,,59025,32,,,0,10,,59026,32,,,0,10,,59027,32,,,0,10,,59028,32,,,0,50,,59029,32,,,0,10,,59030,32,,,0,10,,59031,32,,,0,10,,59032,32,,,0,10,,59033,32,,,0,10,,59034,32,,,0,50,,59060,32,,,0,10,,59061,32,,,0,10,,59062,32,,,0,15,,59063,32,,,0,15,,59064,32,,,0,55,,59065,32,,,0,15,,59066,32,,,0,30,,59067,32,,,0,70,,59068,32,,,0,30,,59069,32,,,0,70,,59070,32,,,0,30,,59071,32,,,0,70,,59072,32,,,0,30,,59073,32,,,0,70,,59074,32,,,0,30,,59075,32,,,0,70,,59076,32,,,0,30,,59052,32,,,0
1701,'1388',554,,59077,32,,,0,70,,59078,32,,,0,15,,59079,32,,,0,15,,59080,32,,,0,55,,59081,32,,,0,15,,59082,32,,,0,10,,59083,32,,,0,10,,59084,32,,,0,10,,59085,32,,,0,50,,59086,32,,,0,10,,59087,32,,,0,10,,59088,32,,,0,10,,59089,32,,,0,10,,59090,32,,,0,10,,59091,32,,,0,50,,59092,32,,,0,10,,59093,32,,,0,10,,59094,32,,,0,10,,59095,32,,,0,10,,59096,32,,,0,10,,59136,32,,,0,50,,59097,32,,,0,10,,59122,32,,,0,10,,59123,32,,,0,10,,59124,32,,,0,10,,59125,32,,,0,10,,59126,32,,,0,50,,59127,32,,,0,10,,59128,32,,,0,10,,59129,32,,,0,10,,59130,32,,,0,10,,59131,32,,,0,10,,59132,32,,,0,50,,59133,32,,,0,10,,59134,32,,,0,10,,59135,32,,,0,10,,59137,32,,,0,10,,59138,32,,,0,10,,59140,32,,,0,50,,59141,32,,,0,10,,59142,32,,,0,10,,59143,32,,,0,10,,59144,32,,,0,10,,59145,32,,,0,10,,59146,32,,,0,50,,59098,32,,,0,10,,59099,32,,,0,10,,59100,32,,,0,10,,59101,32,,,0,10,,59102,32,,,0,10,,59103,32,,,0,50,,59104,32,,,0,10,,59105,32,,,0,10,,59106,32,,,0,10,,59107,32,,,0,10,,59108,32,,,0,10,,59109,32,,,0,50,,59110,32,,,0,10,,59111,32,,,0,10,,59112,32,,,0,10,,59113,32,,,0,10,,59114,32,,,0,10,,59115,32,,,0,50,,59116,32,,,0,10,,59117,32,,,0,10,,59118,32,,,0,10,,59119,32,,,0,10,,59120,32,,,0,10,,59121,32,,,0,50,,59147,32,,,0,10,,59148,32,,,0,10,,59149,32,,,0,15,,59150,32,,,0,15,,59151,32,,,0,55,,59152,32,,,0,15,,59153,32,,,0,30,,59154,32,,,0,70,,59155,32,,,0,30,,59156,32,,,0,70,,59157,32,,,0,30,,59158,32,,,0,70,,59159,32,,,0,30,,59160,32,,,0,70,,59161,32,,,0,30,,59162,32,,,0,70,,59163,32,,,0,30,,59139,32,,,0
1701,'1389',554,,59164,32,,,0,70,,59165,32,,,0,15,,59166,32,,,0,15,,59167,32,,,0,55,,59168,32,,,0,15,,59169,32,,,0,10,,59170,32,,,0,10,,59171,32,,,0,10,,59172,32,,,0,50,,59173,32,,,0,10,,59174,32,,,0,10,,59175,32,,,0,10,,59176,32,,,0,10,,59177,32,,,0,10,,59178,32,,,0,50,,59179,32,,,0,10,,59180,32,,,0,10,,59181,32,,,0,10,,59182,32,,,0,10,,59183,32,,,0,10,,59223,32,,,0,50,,59184,32,,,0,10,,59209,32,,,0,10,,59210,32,,,0,10,,59211,32,,,0,10,,59212,32,,,0,10,,59213,32,,,0,50,,59214,32,,,0,10,,59215,32,,,0,10,,59216,32,,,0,10,,59217,32,,,0,10,,59218,32,,,0,10,,59219,32,,,0,50,,59220,32,,,0,10,,59221,32,,,0,10,,59222,32,,,0,10,,59224,32,,,0,10,,59225,32,,,0,10,,59227,32,,,0,50,,59228,32,,,0,10,,59229,32,,,0,10,,59230,32,,,0,10,,59231,32,,,0,10,,59232,32,,,0,10,,59233,32,,,0,50,,59185,32,,,0,10,,59186,32,,,0,10,,59187,32,,,0,10,,59188,32,,,0,10,,59189,32,,,0,10,,59190,32,,,0,50,,59191,32,,,0,10,,59192,32,,,0,10,,59193,32,,,0,10,,59194,32,,,0,10,,59195,32,,,0,10,,59196,32,,,0,50,,59197,32,,,0,10,,59198,32,,,0,10,,59199,32,,,0,10,,59200,32,,,0,10,,59201,32,,,0,10,,59202,32,,,0,50,,59203,32,,,0,10,,59204,32,,,0,10,,59205,32,,,0,10,,59206,32,,,0,10,,59207,32,,,0,10,,59208,32,,,0,50,,59234,32,,,0,10,,59235,32,,,0,10,,59236,32,,,0,15,,59237,32,,,0,15,,59238,32,,,0,55,,59239,32,,,0,15,,59240,32,,,0,30,,59241,32,,,0,70,,59242,32,,,0,30,,59243,32,,,0,70,,59244,32,,,0,30,,59245,32,,,0,70,,59246,32,,,0,30,,59247,32,,,0,70,,59248,32,,,0,30,,59249,32,,,0,70,,59250,32,,,0,30,,59226,32,,,0
2001,'1383',908,,60813,6,,,0,45,,60812,6,,,0,85,,60811,6,,,0,85,,60810,6,,,0,85,,60809,6,,,0,45,,60808,6,,,0,85,,60807,6,,,0,85,,60806,6,,,0,85,,60805,6,,,0,45,,60804,6,,,0,85,,60803,6,,,0,85,,60802,6,,,0,85,,60801,6,,,0,45,,60800,6,,,0,85,,60799,6,,,0
2001,'1384',608,,60831,6,,,0,45,,60832,6,,,0,85,,60833,6,,,0,85,,60834,6,,,0,84,,60814,6,,,0,30,,60815,6,,,0,70,,60816,6,,,0,30,,60817,6,,,0,80,,60818,6,,,0,30,,60819,6,,,0,70,,60820,6,,,0,30,,60821,6,,,0,80,,60822,6,,,0,30,,60823,6,,,0,70,,60824,6,,,0,30,,60825,6,,,0,80,,60826,6,,,0,70,,60827,6,,,0,30,,60828,6,,,0,70,,60829,6,,,0,40,,60830,6,,,0,71,,60835,6,,,0,85,,60836,6,,,0,45,,60837,6,,,0,85,,60838,6,,,0,85,,60839,6,,,0,85,,60840,6,,,0,45,,60841,6,,,0,85,,60842,6,,,0,85,,60843,6,,,0
2001,'1385',548,,60844,6,,,0,60,,60845,6,,,0,20,,60846,6,,,0,20,,60847,6,,,0,60,,60848,6,,,0,20,,60849,6,,,0,20,,60850,6,,,0,60,,60851,6,,,0,20,,60852,6,,,0,20,,60853,6,,,0,60,,60854,6,,,0,20,,60855,6,,,0,20,,60856,6,,,0,60,,60857,6,,,0,20,,60858,6,,,0,20,,60859,6,,,0,60,,60860,6,,,0,20,,60861,6,,,0,20,,60862,6,,,0,60,,60863,6,,,0,20,,60864,6,,,0,20,,60865,6,,,0,60,,60866,6,,,0,20,,60867,6,,,0,20,,60868,6,,,0,60,,60869,6,,,0,20,,60870,6,,,0,20,,60871,6,,,0,60,,60872,6,,,0,20,,60873,6,,,0,20,,60874,6,,,0,60,,60875,6,,,0,20,,60876,6,,,0,20,,60877,6,,,0,60,,60878,6,,,0,20,,60879,6,,,0,20,,60880,6,,,0,60,,60881,6,,,0,45,,60882,6,,,0,85,,60883,6,,,0,85,,60884,6,,,0,85,,60885,6,,,0,45,,60886,6,,,0,85,,60887,6,,,0,85,,60888,6,,,0,85,,60889,6,,,0,45,,60890,6,,,0
2001,'1386',548,,60891,6,,,0,60,,60892,6,,,0,20,,60893,6,,,0,20,,60894,6,,,0,60,,60895,6,,,0,20,,60896,6,,,0,20,,60897,6,,,0,60,,60898,6,,,0,20,,60899,6,,,0,20,,60900,6,,,0,60,,60901,6,,,0,20,,60902,6,,,0,20,,60903,6,,,0,60,,60904,6,,,0,20,,60905,6,,,0,20,,60906,6,,,0,60,,60907,6,,,0,20,,60908,6,,,0,20,,60909,6,,,0,60,,60910,6,,,0,20,,60911,6,,,0,20,,60912,6,,,0,60,,60913,6,,,0,20,,60914,6,,,0,20,,60915,6,,,0,60,,60916,6,,,0,20,,60917,6,,,0,20,,60918,6,,,0,60,,60919,6,,,0,20,,60920,6,,,0,20,,60921,6,,,0,60,,60922,6,,,0,20,,60923,6,,,0,20,,60924,6,,,0,60,,60925,6,,,0,20,,60926,6,,,0,20,,60927,6,,,0,60,,60928,6,,,0,45,,60929,6,,,0,85,,60930,6,,,0,85,,60931,6,,,0,85,,60932,6,,,0,45,,60933,6,,,0,85,,60934,6,,,0,85,,60935,6,,,0,85,,60936,6,,,0,45,,60937,6,,,0
2001,'1387',548,,60938,6,,,0,60,,60939,6,,,0,20,,60940,6,,,0,20,,60941,6,,,0,60,,60942,6,,,0,20,,60943,6,,,0,20,,60944,6,,,0,60,,60945,6,,,0,20,,60946,6,,,0,20,,60947,6,,,0,60,,60948,6,,,0,20,,60949,6,,,0,20,,60950,6,,,0,60,,60951,6,,,0,20,,60952,6,,,0,20,,60953,6,,,0,60,,60954,6,,,0,20,,60955,6,,,0,20,,60956,6,,,0,60,,60957,6,,,0,20,,60958,6,,,0,20,,60959,6,,,0,60,,60960,6,,,0,20,,60961,6,,,0,20,,60962,6,,,0,60,,60963,6,,,0,20,,60964,6,,,0,20,,60965,6,,,0,60,,60966,6,,,0,20,,60967,6,,,0,20,,60968,6,,,0,60,,60969,6,,,0,20,,60970,6,,,0,20,,60971,6,,,0,60,,60972,6,,,0,20,,60973,6,,,0,20,,60974,6,,,0,60,,60975,6,,,0,45,,60976,6,,,0,85,,60977,6,,,0,85,,60978,6,,,0,85,,60979,6,,,0,45,,60980,6,,,0,85,,60981,6,,,0,85,,60982,6,,,0,85,,60983,6,,,0,45,,60984,6,,,0
2001,'1388',548,,60985,6,,,0,60,,60986,6,,,0,20,,60987,6,,,0,20,,60988,6,,,0,60,,60989,6,,,0,20,,60990,6,,,0,20,,60991,6,,,0,60,,60992,6,,,0,20,,60993,6,,,0,20,,60994,6,,,0,60,,60995,6,,,0,20,,60996,6,,,0,20,,60997,6,,,0,60,,60998,6,,,0,20,,60999,6,,,0,20,,61000,6,,,0,60,,61001,6,,,0,20,,61002,6,,,0,20,,61003,6,,,0,60,,61004,6,,,0,20,,61005,6,,,0,20,,61006,6,,,0,60,,61007,6,,,0,20,,61008,6,,,0,20,,61009,6,,,0,60,,61010,6,,,0,20,,61011,6,,,0,20,,61012,6,,,0,60,,61013,6,,,0,20,,61014,6,,,0,20,,61015,6,,,0,60,,61016,6,,,0,20,,61017,6,,,0,20,,61018,6,,,0,60,,61019,6,,,0,20,,61020,6,,,0,20,,61021,6,,,0,60,,61022,6,,,0,45,,61023,6,,,0,85,,61024,6,,,0,85,,61025,6,,,0,85,,61026,6,,,0,45,,61027,6,,,0,85,,61028,6,,,0,85,,61029,6,,,0,85,,61030,6,,,0,45,,61031,6,,,0
2001,'1389',548,,61032,6,,,0,60,,61033,6,,,0,20,,61034,6,,,0,20,,61035,6,,,0,60,,61036,6,,,0,20,,61037,6,,,0,20,,61038,6,,,0,60,,61039,6,,,0,20,,61040,6,,,0,20,,61041,6,,,0,60,,61042,6,,,0,20,,61043,6,,,0,20,,61044,6,,,0,60,,61045,6,,,0,20,,61046,6,,,0,20,,61047,6,,,0,60,,61048,6,,,0,20,,61049,6,,,0,20,,61050,6,,,0,60,,61051,6,,,0,20,,61052,6,,,0,20,,61053,6,,,0,60,,61054,6,,,0,20,,61055,6,,,0,20,,61056,6,,,0,60,,61057,6,,,0,20,,61058,6,,,0,20,,61059,6,,,0,60,,61060,6,,,0,20,,61061,6,,,0,20,,61062,6,,,0,60,,61063,6,,,0,20,,61064,6,,,0,20,,61065,6,,,0,60,,61066,6,,,0,20,,61067,6,,,0,20,,61068,6,,,0,60,,61069,6,,,0,45,,61070,6,,,0,85,,61071,6,,,0,85,,61072,6,,,0,85,,61073,6,,,0,45,,61074,6,,,0,85,,61075,6,,,0,85,,61076,6,,,0,85,,61077,6,,,0,45,,61078,6,,,0
