1600,'1383',1049,,57705,23,,,0,70,,57704,23,,,0,85,,57703,23,,,0,30,,57702,23,,,0,70,,57701,23,,,0,30,,57700,23,,,0,70,,57699,23,,,0,30,,57698,23,,,0,70,,57697,23,,,0,30,,57696,23,,,0,70,,57695,23,,,0,30,,57694,23,,,0,70,,57693,23,,,0,20,,57692,23,,,0,10,,57691,23,,,0,70,,57690,23,,,0,20,,57689,23,,,0,10,,57688,23,,,0,70,,57687,23,,,0,30,,57686,23,,,0,70,,57685,23,,,0
1600,'1384',737,,57706,23,,,0,70,,57707,23,,,0,30,,57708,23,,,0,70,,57709,23,,,0,30,,57710,23,,,0,70,,57711,23,,,0,30,,57712,23,,,0,70,,57713,23,,,0,20,,57714,23,,,0,20,,57715,23,,,0,60,,57716,23,,,0,20,,57717,23,,,0,20,,57718,23,,,0,60,,57719,23,,,0,20,,57720,23,,,0,20,,57721,23,,,0,60,,57722,23,,,0,20,,57723,23,,,0,20,,57724,23,,,0,60,,57725,23,,,0,20,,57726,23,,,0,20,,57727,23,,,0,60,,57728,23,,,0,20,,57729,23,,,0,20,,57730,23,,,0,60,,57731,23,,,0,20,,57732,23,,,0,20,,57733,23,,,0,60,,57734,23,,,0,20,,57735,23,,,0,5,,57736,23,,,0,15,,57737,23,,,0,60,,57738,23,,,0,30,,57739,23,,,0,70,,57740,23,,,0,30,,57741,23,,,0,70,,57742,23,,,0,30,,57743,23,,,0,70,,57744,23,,,0,100,,57745,23,,,0
1600,'1385',646,,57759,23,,,0,74,,57746,23,,,0,31,,57760,23,,,0,60,,57761,23,,,0,20,,57762,23,,,0,20,,57763,23,,,0,60,,57764,23,,,0,20,,57765,23,,,0,20,,57766,23,,,0,60,,57747,23,,,0,20,,57748,23,,,0,20,,57749,23,,,0,60,,57750,23,,,0,20,,57751,23,,,0,20,,57752,23,,,0,60,,57753,23,,,0,20,,57754,23,,,0,20,,57755,23,,,0,60,,57756,23,,,0,20,,57757,23,,,0,20,,57758,23,,,0,60,,57779,23,,,0,20,,57780,23,,,0,20,,57781,23,,,0,60,,57782,23,,,0,20,,57783,23,,,0,20,,57767,23,,,0,60,,57768,23,,,0,20,,57769,23,,,0,20,,57770,23,,,0,60,,57771,23,,,0,20,,57772,23,,,0,20,,57773,23,,,0,60,,57774,23,,,0,20,,57775,23,,,0,20,,57776,23,,,0,55,,57777,23,,,0,30,,57778,23,,,0,70,,57784,23,,,0,30,,57785,23,,,0,70,,57786,23,,,0,30,,57787,23,,,0,70,,57788,23,,,0,100,,57789,23,,,0
1600,'1386',646,,57803,23,,,0,74,,57790,23,,,0,31,,57804,23,,,0,60,,57805,23,,,0,20,,57806,23,,,0,20,,57807,23,,,0,60,,57808,23,,,0,20,,57809,23,,,0,20,,57810,23,,,0,60,,57791,23,,,0,20,,57792,23,,,0,20,,57793,23,,,0,60,,57794,23,,,0,20,,57795,23,,,0,20,,57796,23,,,0,60,,57797,23,,,0,20,,57798,23,,,0,20,,57799,23,,,0,60,,57800,23,,,0,20,,57801,23,,,0,20,,57802,23,,,0,60,,57823,23,,,0,20,,57824,23,,,0,20,,57825,23,,,0,60,,57826,23,,,0,20,,57827,23,,,0,20,,57811,23,,,0,60,,57812,23,,,0,20,,57813,23,,,0,20,,57814,23,,,0,60,,57815,23,,,0,20,,57816,23,,,0,20,,57817,23,,,0,60,,57818,23,,,0,20,,57819,23,,,0,20,,57820,23,,,0,55,,57821,23,,,0,30,,57822,23,,,0,70,,57828,23,,,0,30,,57829,23,,,0,70,,57830,23,,,0,30,,57831,23,,,0,70,,57832,23,,,0,100,,57833,23,,,0
1600,'1387',646,,57847,23,,,0,74,,57834,23,,,0,31,,57848,23,,,0,60,,57849,23,,,0,20,,57850,23,,,0,20,,57851,23,,,0,60,,57852,23,,,0,20,,57853,23,,,0,20,,57854,23,,,0,60,,57835,23,,,0,20,,57836,23,,,0,20,,57837,23,,,0,60,,57838,23,,,0,20,,57839,23,,,0,20,,57840,23,,,0,60,,57841,23,,,0,20,,57842,23,,,0,20,,57843,23,,,0,60,,57844,23,,,0,20,,57845,23,,,0,20,,57846,23,,,0,60,,57867,23,,,0,20,,57868,23,,,0,20,,57869,23,,,0,60,,57870,23,,,0,20,,57871,23,,,0,20,,57855,23,,,0,60,,57856,23,,,0,20,,57857,23,,,0,20,,57858,23,,,0,60,,57859,23,,,0,20,,57860,23,,,0,20,,57861,23,,,0,60,,57862,23,,,0,20,,57863,23,,,0,20,,57864,23,,,0,55,,57865,23,,,0,30,,57866,23,,,0,70,,57872,23,,,0,30,,57873,23,,,0,70,,57874,23,,,0,30,,57875,23,,,0,70,,57876,23,,,0,100,,57877,23,,,0
1600,'1388',646,,57891,23,,,0,74,,57878,23,,,0,31,,57892,23,,,0,60,,57893,23,,,0,20,,57894,23,,,0,20,,57895,23,,,0,60,,57896,23,,,0,20,,57897,23,,,0,20,,57898,23,,,0,60,,57879,23,,,0,20,,57880,23,,,0,20,,57881,23,,,0,60,,57882,23,,,0,20,,57883,23,,,0,20,,57884,23,,,0,60,,57885,23,,,0,20,,57886,23,,,0,20,,57887,23,,,0,60,,57888,23,,,0,20,,57889,23,,,0,20,,57890,23,,,0,60,,57911,23,,,0,20,,57912,23,,,0,20,,57913,23,,,0,60,,57914,23,,,0,20,,57915,23,,,0,20,,57899,23,,,0,60,,57900,23,,,0,20,,57901,23,,,0,20,,57902,23,,,0,60,,57903,23,,,0,20,,57904,23,,,0,20,,57905,23,,,0,60,,57906,23,,,0,20,,57907,23,,,0,20,,57908,23,,,0,55,,57909,23,,,0,30,,57910,23,,,0,70,,57916,23,,,0,30,,57917,23,,,0,70,,57918,23,,,0,30,,57919,23,,,0,70,,57920,23,,,0,100,,57921,23,,,0
1600,'1389',646,,57935,23,,,0,74,,57922,23,,,0,31,,57936,23,,,0,60,,57937,23,,,0,20,,57938,23,,,0,20,,57939,23,,,0,60,,57940,23,,,0,20,,57941,23,,,0,20,,57942,23,,,0,60,,57923,23,,,0,20,,57924,23,,,0,20,,57925,23,,,0,60,,57926,23,,,0,20,,57927,23,,,0,20,,57928,23,,,0,60,,57929,23,,,0,20,,57930,23,,,0,20,,57931,23,,,0,60,,57932,23,,,0,20,,57933,23,,,0,20,,57934,23,,,0,60,,57955,23,,,0,20,,57956,23,,,0,20,,57957,23,,,0,60,,57958,23,,,0,20,,57959,23,,,0,20,,57943,23,,,0,60,,57944,23,,,0,20,,57945,23,,,0,20,,57946,23,,,0,60,,57947,23,,,0,20,,57948,23,,,0,20,,57949,23,,,0,60,,57950,23,,,0,20,,57951,23,,,0,20,,57952,23,,,0,55,,57953,23,,,0,30,,57954,23,,,0,70,,57960,23,,,0,30,,57961,23,,,0,70,,57962,23,,,0,30,,57963,23,,,0,70,,57964,23,,,0,100,,57965,23,,,0
1700,'1383',638,,58253,60,,,0,100,,58252,60,,,0,100,,58251,60,,,0,100,,58250,60,,,0,114,,58254,60,,,0,80,,58255,60,,,0,80,,58256,60,,,0,40,,58257,60,,,0,80,,58258,60,,,0,80,,58259,60,,,0,40,,58260,60,,,0,80,,58261,60,,,0,80,,58262,60,,,0,40,,58263,60,,,0,80,,58264,60,,,0,80,,58265,60,,,0,40,,58266,60,,,0,80,,58267,60,,,0,80,,58268,60,,,0
1700,'1384',559,,58269,60,,,0,74,,58270,60,,,0,70,,58271,60,,,0,30,,58272,60,,,0,70,,58273,60,,,0,30,,58274,60,,,0,70,,58275,60,,,0,30,,58276,60,,,0,70,,58277,60,,,0,30,,58278,60,,,0,78,,58287,60,,,0,20,,58288,60,,,0,20,,58289,60,,,0,60,,58290,60,,,0,20,,58291,60,,,0,20,,58292,60,,,0,60,,58293,60,,,0,20,,58294,60,,,0,20,,58295,60,,,0,60,,58296,60,,,0,20,,58297,60,,,0,20,,58298,60,,,0,60,,58299,60,,,0,20,,58300,60,,,0,20,,58301,60,,,0,60,,58302,60,,,0,20,,58303,60,,,0,20,,58304,60,,,0,60,,58305,60,,,0,20,,58306,60,,,0,20,,58307,60,,,0,60,,58308,60,,,0,20,,58309,60,,,0,20,,58310,60,,,0,55,,58311,60,,,0,30,,58312,60,,,0,70,,58313,60,,,0,30,,58314,60,,,0,70,,58315,60,,,0,27,,58279,60,,,0,70,,58280,60,,,0,30,,58281,60,,,0,70,,58282,60,,,0,30,,58283,60,,,0,70,,58284,60,,,0,30,,58285,60,,,0,70,,58286,60,,,0
1700,'1385',600,,58316,60,,,0,28,,58317,21,,,0,18,,58335,60,,,0,55,,58334,60,,,0,15,,58333,60,,,0,15,,58332,60,,,0,15,,58331,60,,,0,10,,58330,60,,,0,50,,58329,60,,,0,10,,58328,60,,,0,10,,58327,60,,,0,10,,58326,60,,,0,10,,58325,60,,,0,10,,58324,60,,,0,50,,58323,60,,,0,10,,58318,60,,,0,10,,58319,60,,,0,10,,58320,60,,,0,10,,58321,60,,,0,10,,58322,60,,,0,50,,58336,60,,,0,10,,58361,60,,,0,10,,58362,60,,,0,10,,58363,60,,,0,10,,58364,60,,,0,10,,58365,60,,,0,50,,58366,60,,,0,10,,58367,60,,,0,10,,58368,60,,,0,10,,58369,60,,,0,10,,58370,60,,,0,10,,58371,60,,,0,50,,58372,60,,,0,10,,58373,60,,,0,10,,58374,60,,,0,10,,58375,60,,,0,10,,58376,60,,,0,10,,58379,60,,,0,50,,58380,60,,,0,10,,58381,60,,,0,10,,58382,60,,,0,10,,58383,60,,,0,10,,58384,60,,,0,10,,58385,60,,,0,50,,58386,60,,,0,10,,58337,60,,,0,10,,58338,60,,,0,10,,58339,60,,,0,10,,58340,60,,,0,10,,58341,60,,,0,50,,58342,60,,,0,10,,58343,60,,,0,10,,58344,60,,,0,10,,58345,60,,,0,10,,58346,60,,,0,10,,58347,60,,,0,50,,58348,60,,,0,10,,58349,60,,,0,10,,58350,60,,,0,10,,58351,60,,,0,10,,58352,60,,,0,10,,58353,60,,,0,50,,58354,60,,,0,10,,58355,60,,,0,10,,58356,60,,,0,10,,58357,60,,,0,10,,58358,60,,,0,10,,58359,60,,,0,50,,58360,60,,,0,10,,58387,60,,,0,10,,58388,60,,,0,10,,58389,60,,,0,10,,58390,60,,,0,55,,58391,60,,,0,15,,58392,60,,,0,15,,58393,60,,,0,70,,58394,60,,,0,30,,58395,60,,,0,70,,58396,60,,,0,30,,58397,60,,,0,70,,58398,60,,,0,30,,58399,60,,,0,70,,58400,60,,,0,30,,58401,60,,,0,70,,58402,60,,,0,30,,58377,60,,,0,70,,58378,60,,,0
1700,'1386',600,,58403,60,,,0,28,,58404,21,,,0,18,,58422,60,,,0,55,,58421,60,,,0,15,,58420,60,,,0,15,,58419,60,,,0,15,,58418,60,,,0,10,,58417,60,,,0,50,,58416,60,,,0,10,,58415,60,,,0,10,,58414,60,,,0,10,,58413,60,,,0,10,,58412,60,,,0,10,,58411,60,,,0,50,,58410,60,,,0,10,,58405,60,,,0,10,,58406,60,,,0,10,,58407,60,,,0,10,,58408,60,,,0,10,,58409,60,,,0,50,,58423,60,,,0,10,,58448,60,,,0,10,,58449,60,,,0,10,,58450,60,,,0,10,,58451,60,,,0,10,,58452,60,,,0,50,,58453,60,,,0,10,,58454,60,,,0,10,,58455,60,,,0,10,,58456,60,,,0,10,,58457,60,,,0,10,,58458,60,,,0,50,,58459,60,,,0,10,,58460,60,,,0,10,,58461,60,,,0,10,,58462,60,,,0,10,,58463,60,,,0,10,,58466,60,,,0,50,,58467,60,,,0,10,,58468,60,,,0,10,,58469,60,,,0,10,,58470,60,,,0,10,,58471,60,,,0,10,,58472,60,,,0,50,,58473,60,,,0,10,,58424,60,,,0,10,,58425,60,,,0,10,,58426,60,,,0,10,,58427,60,,,0,10,,58428,60,,,0,50,,58429,60,,,0,10,,58430,60,,,0,10,,58431,60,,,0,10,,58432,60,,,0,10,,58433,60,,,0,10,,58434,60,,,0,50,,58435,60,,,0,10,,58436,60,,,0,10,,58437,60,,,0,10,,58438,60,,,0,10,,58439,60,,,0,10,,58440,60,,,0,50,,58441,60,,,0,10,,58442,60,,,0,10,,58443,60,,,0,10,,58444,60,,,0,10,,58445,60,,,0,10,,58446,60,,,0,50,,58447,60,,,0,10,,58474,60,,,0,10,,58475,60,,,0,10,,58476,60,,,0,10,,58477,60,,,0,55,,58478,60,,,0,15,,58479,60,,,0,15,,58480,60,,,0,70,,58481,60,,,0,30,,58482,60,,,0,70,,58483,60,,,0,30,,58484,60,,,0,70,,58485,60,,,0,30,,58486,60,,,0,70,,58487,60,,,0,30,,58488,60,,,0,70,,58489,60,,,0,30,,58464,60,,,0,70,,58465,60,,,0
1700,'1387',600,,58490,60,,,0,28,,58491,21,,,0,18,,58509,60,,,0,55,,58508,60,,,0,15,,58507,60,,,0,15,,58506,60,,,0,15,,58505,60,,,0,10,,58504,60,,,0,50,,58503,60,,,0,10,,58502,60,,,0,10,,58501,60,,,0,10,,58500,60,,,0,10,,58499,60,,,0,10,,58498,60,,,0,50,,58497,60,,,0,10,,58492,60,,,0,10,,58493,60,,,0,10,,58494,60,,,0,10,,58495,60,,,0,10,,58496,60,,,0,50,,58510,60,,,0,10,,58535,60,,,0,10,,58536,60,,,0,10,,58537,60,,,0,10,,58538,60,,,0,10,,58539,60,,,0,50,,58540,60,,,0,10,,58541,60,,,0,10,,58542,60,,,0,10,,58543,60,,,0,10,,58544,60,,,0,10,,58545,60,,,0,50,,58546,60,,,0,10,,58547,60,,,0,10,,58548,60,,,0,10,,58549,60,,,0,10,,58550,60,,,0,10,,58553,60,,,0,50,,58554,60,,,0,10,,58555,60,,,0,10,,58556,60,,,0,10,,58557,60,,,0,10,,58558,60,,,0,10,,58559,60,,,0,50,,58560,60,,,0,10,,58511,60,,,0,10,,58512,60,,,0,10,,58513,60,,,0,10,,58514,60,,,0,10,,58515,60,,,0,50,,58516,60,,,0,10,,58517,60,,,0,10,,58518,60,,,0,10,,58519,60,,,0,10,,58520,60,,,0,10,,58521,60,,,0,50,,58522,60,,,0,10,,58523,60,,,0,10,,58524,60,,,0,10,,58525,60,,,0,10,,58526,60,,,0,10,,58527,60,,,0,50,,58528,60,,,0,10,,58529,60,,,0,10,,58530,60,,,0,10,,58531,60,,,0,10,,58532,60,,,0,10,,58533,60,,,0,50,,58534,60,,,0,10,,58561,60,,,0,10,,58562,60,,,0,10,,58563,60,,,0,10,,58564,60,,,0,55,,58565,60,,,0,15,,58566,60,,,0,15,,58567,60,,,0,70,,58568,60,,,0,30,,58569,60,,,0,70,,58570,60,,,0,30,,58571,60,,,0,70,,58572,60,,,0,30,,58573,60,,,0,70,,58574,60,,,0,30,,58575,60,,,0,70,,58576,60,,,0,30,,58551,60,,,0,70,,58552,60,,,0
1700,'1388',600,,58577,60,,,0,28,,58578,21,,,0,18,,58596,60,,,0,55,,58595,60,,,0,15,,58594,60,,,0,15,,58593,60,,,0,15,,58592,60,,,0,10,,58591,60,,,0,50,,58590,60,,,0,10,,58589,60,,,0,10,,58588,60,,,0,10,,58587,60,,,0,10,,58586,60,,,0,10,,58585,60,,,0,50,,58584,60,,,0,10,,58579,60,,,0,10,,58580,60,,,0,10,,58581,60,,,0,10,,58582,60,,,0,10,,58583,60,,,0,50,,58597,60,,,0,10,,58622,60,,,0,10,,58623,60,,,0,10,,58624,60,,,0,10,,58625,60,,,0,10,,58626,60,,,0,50,,58627,60,,,0,10,,58628,60,,,0,10,,58629,60,,,0,10,,58630,60,,,0,10,,58631,60,,,0,10,,58632,60,,,0,50,,58633,60,,,0,10,,58634,60,,,0,10,,58635,60,,,0,10,,58636,60,,,0,10,,58637,60,,,0,10,,58640,60,,,0,50,,58641,60,,,0,10,,58642,60,,,0,10,,58643,60,,,0,10,,58644,60,,,0,10,,58645,60,,,0,10,,58646,60,,,0,50,,58647,60,,,0,10,,58598,60,,,0,10,,58599,60,,,0,10,,58600,60,,,0,10,,58601,60,,,0,10,,58602,60,,,0,50,,58603,60,,,0,10,,58604,60,,,0,10,,58605,60,,,0,10,,58606,60,,,0,10,,58607,60,,,0,10,,58608,60,,,0,50,,58609,60,,,0,10,,58610,60,,,0,10,,58611,60,,,0,10,,58612,60,,,0,10,,58613,60,,,0,10,,58614,60,,,0,50,,58615,60,,,0,10,,58616,60,,,0,10,,58617,60,,,0,10,,58618,60,,,0,10,,58619,60,,,0,10,,58620,60,,,0,50,,58621,60,,,0,10,,58648,60,,,0,10,,58649,60,,,0,10,,58650,60,,,0,10,,58651,60,,,0,55,,58652,60,,,0,15,,58653,60,,,0,15,,58654,60,,,0,70,,58655,60,,,0,30,,58656,60,,,0,70,,58657,60,,,0,30,,58658,60,,,0,70,,58659,60,,,0,30,,58660,60,,,0,70,,58661,60,,,0,30,,58662,60,,,0,70,,58663,60,,,0,30,,58638,60,,,0,70,,58639,60,,,0
1700,'1389',600,,58664,60,,,0,28,,58665,21,,,0,18,,58683,60,,,0,55,,58682,60,,,0,15,,58681,60,,,0,15,,58680,60,,,0,15,,58679,60,,,0,10,,58678,60,,,0,50,,58677,60,,,0,10,,58676,60,,,0,10,,58675,60,,,0,10,,58674,60,,,0,10,,58673,60,,,0,10,,58672,60,,,0,50,,58671,60,,,0,10,,58666,60,,,0,10,,58667,60,,,0,10,,58668,60,,,0,10,,58669,60,,,0,10,,58670,60,,,0,50,,58684,60,,,0,10,,58709,60,,,0,10,,58710,60,,,0,10,,58711,60,,,0,10,,58712,60,,,0,10,,58713,60,,,0,50,,58714,60,,,0,10,,58715,60,,,0,10,,58716,60,,,0,10,,58717,60,,,0,10,,58718,60,,,0,10,,58719,60,,,0,50,,58720,60,,,0,10,,58721,60,,,0,10,,58722,60,,,0,10,,58723,60,,,0,10,,58724,60,,,0,10,,58727,60,,,0,50,,58728,60,,,0,10,,58729,60,,,0,10,,58730,60,,,0,10,,58731,60,,,0,10,,58732,60,,,0,10,,58733,60,,,0,50,,58734,60,,,0,10,,58685,60,,,0,10,,58686,60,,,0,10,,58687,60,,,0,10,,58688,60,,,0,10,,58689,60,,,0,50,,58690,60,,,0,10,,58691,60,,,0,10,,58692,60,,,0,10,,58693,60,,,0,10,,58694,60,,,0,10,,58695,60,,,0,50,,58696,60,,,0,10,,58697,60,,,0,10,,58698,60,,,0,10,,58699,60,,,0,10,,58700,60,,,0,10,,58701,60,,,0,50,,58702,60,,,0,10,,58703,60,,,0,10,,58704,60,,,0,10,,58705,60,,,0,10,,58706,60,,,0,10,,58707,60,,,0,50,,58708,60,,,0,10,,58735,60,,,0,10,,58736,60,,,0,10,,58737,60,,,0,10,,58738,60,,,0,55,,58739,60,,,0,15,,58740,60,,,0,15,,58741,60,,,0,70,,58742,60,,,0,30,,58743,60,,,0,70,,58744,60,,,0,30,,58745,60,,,0,70,,58746,60,,,0,30,,58747,60,,,0,70,,58748,60,,,0,30,,58749,60,,,0,70,,58750,60,,,0,30,,58725,60,,,0,70,,58726,60,,,0
2000,'1383',1016,,60518,76,,,0,85,,60517,76,,,0,45,,60516,76,,,0,85,,60515,76,,,0,85,,60514,76,,,0,85,,60519,76,,,0,45,,60513,76,,,0,85,,60512,76,,,0,85,,60526,76,,,0,85,,60525,76,,,0,46,,60524,76,,,0,84,,60523,76,,,0,85,,60522,76,,,0,85,,60521,76,,,0,45,,60520,76,,,0
2000,'1384',721,,60529,76,,,0,85,,60530,76,,,0,45,,60531,76,,,0,85,,60532,76,,,0,15,,60533,76,,,0,70,,60534,76,,,0,80,,60535,76,,,0,30,,60536,76,,,0,70,,60537,76,,,0,30,,60538,76,,,0,80,,60539,76,,,0,30,,60540,76,,,0,70,,60541,76,,,0,30,,60542,76,,,0,80,,60543,76,,,0,30,,60544,76,,,0,70,,60545,76,,,0,30,,60546,76,,,0,80,,60547,76,,,0,70,,60548,76,,,0,30,,60549,76,,,0,70,,60550,76,,,0,40,,60551,76,,,0,75,,60552,76,,,0,85,,60553,76,,,0,45,,60554,76,,,0,85,,60555,76,,,0,85,,60556,76,,,0,85,,60557,76,,,0,45,,60558,76,,,0
2000,'1385',648,,60569,78,,,0,60,,60570,78,,,0,20,,60571,78,,,0,20,,60572,78,,,0,60,,60573,78,,,0,20,,60574,78,,,0,20,,60575,78,,,0,60,,60576,78,,,0,20,,60577,78,,,0,20,,60578,78,,,0,60,,60579,78,,,0,20,,60580,78,,,0,20,,60581,78,,,0,60,,60582,78,,,0,20,,60583,78,,,0,20,,60584,78,,,0,60,,60585,78,,,0,20,,60586,78,,,0,20,,60587,78,,,0,60,,60588,78,,,0,20,,60589,78,,,0,20,,60590,78,,,0,60,,60591,78,,,0,20,,60592,78,,,0,20,,60593,78,,,0,60,,60594,78,,,0,20,,60595,78,,,0,20,,60596,78,,,0,60,,60597,78,,,0,20,,60598,78,,,0,20,,60599,78,,,0,60,,60600,78,,,0,20,,60601,78,,,0,20,,60602,78,,,0,60,,60603,78,,,0,20,,60604,78,,,0,20,,60605,78,,,0,60,,60606,78,,,0,18,,60560,76,,,0,75,,60561,76,,,0,45,,60562,76,,,0,85,,60563,76,,,0,85,,60564,76,,,0,85,,60565,76,,,0,45,,60566,76,,,0,85,,60567,76,,,0,85,,60568,76,,,0
2000,'1386',648,,60617,78,,,0,60,,60618,78,,,0,20,,60619,78,,,0,20,,60620,78,,,0,60,,60621,78,,,0,20,,60622,78,,,0,20,,60623,78,,,0,60,,60624,78,,,0,20,,60625,78,,,0,20,,60626,78,,,0,60,,60627,78,,,0,20,,60628,78,,,0,20,,60629,78,,,0,60,,60630,78,,,0,20,,60631,78,,,0,20,,60632,78,,,0,60,,60633,78,,,0,20,,60634,78,,,0,20,,60635,78,,,0,60,,60636,78,,,0,20,,60637,78,,,0,20,,60638,78,,,0,60,,60639,78,,,0,20,,60640,78,,,0,20,,60641,78,,,0,60,,60642,78,,,0,20,,60643,78,,,0,20,,60644,78,,,0,60,,60645,78,,,0,20,,60646,78,,,0,20,,60647,78,,,0,60,,60648,78,,,0,20,,60649,78,,,0,20,,60650,78,,,0,60,,60651,78,,,0,20,,60652,78,,,0,20,,60653,78,,,0,60,,60654,78,,,0,18,,60608,76,,,0,75,,60609,76,,,0,45,,60610,76,,,0,85,,60611,76,,,0,85,,60612,76,,,0,85,,60613,76,,,0,45,,60614,76,,,0,85,,60615,76,,,0,85,,60616,76,,,0
2000,'1387',648,,60665,78,,,0,60,,60666,78,,,0,20,,60667,78,,,0,20,,60668,78,,,0,60,,60669,78,,,0,20,,60670,78,,,0,20,,60671,78,,,0,60,,60672,78,,,0,20,,60673,78,,,0,20,,60674,78,,,0,60,,60675,78,,,0,20,,60676,78,,,0,20,,60677,78,,,0,60,,60678,78,,,0,20,,60679,78,,,0,20,,60680,78,,,0,60,,60681,78,,,0,20,,60682,78,,,0,20,,60683,78,,,0,60,,60684,78,,,0,20,,60685,78,,,0,20,,60686,78,,,0,60,,60687,78,,,0,20,,60688,78,,,0,20,,60689,78,,,0,60,,60690,78,,,0,20,,60691,78,,,0,20,,60692,78,,,0,60,,60693,78,,,0,20,,60694,78,,,0,20,,60695,78,,,0,60,,60696,78,,,0,20,,60697,78,,,0,20,,60698,78,,,0,60,,60699,78,,,0,20,,60700,78,,,0,20,,60701,78,,,0,60,,60702,78,,,0,18,,60656,76,,,0,75,,60657,76,,,0,45,,60658,76,,,0,85,,60659,76,,,0,85,,60660,76,,,0,85,,60661,76,,,0,45,,60662,76,,,0,85,,60663,76,,,0,85,,60664,76,,,0
2000,'1388',648,,60713,78,,,0,60,,60714,78,,,0,20,,60715,78,,,0,20,,60716,78,,,0,60,,60717,78,,,0,20,,60718,78,,,0,20,,60719,78,,,0,60,,60720,78,,,0,20,,60721,78,,,0,20,,60722,78,,,0,60,,60723,78,,,0,20,,60724,78,,,0,20,,60725,78,,,0,60,,60726,78,,,0,20,,60727,78,,,0,20,,60728,78,,,0,60,,60729,78,,,0,20,,60730,78,,,0,20,,60731,78,,,0,60,,60732,78,,,0,20,,60733,78,,,0,20,,60734,78,,,0,60,,60735,78,,,0,20,,60736,78,,,0,20,,60737,78,,,0,60,,60738,78,,,0,20,,60739,78,,,0,20,,60740,78,,,0,60,,60741,78,,,0,20,,60742,78,,,0,20,,60743,78,,,0,60,,60744,78,,,0,20,,60745,78,,,0,20,,60746,78,,,0,60,,60747,78,,,0,20,,60748,78,,,0,20,,60749,78,,,0,60,,60750,78,,,0,18,,60704,76,,,0,75,,60705,76,,,0,45,,60706,76,,,0,85,,60707,76,,,0,85,,60708,76,,,0,85,,60709,76,,,0,45,,60710,76,,,0,85,,60711,76,,,0,85,,60712,76,,,0
2000,'1389',648,,60761,78,,,0,60,,60762,78,,,0,20,,60763,78,,,0,20,,60764,78,,,0,60,,60765,78,,,0,20,,60766,78,,,0,20,,60767,78,,,0,60,,60768,78,,,0,20,,60769,78,,,0,20,,60770,78,,,0,60,,60771,78,,,0,20,,60772,78,,,0,20,,60773,78,,,0,60,,60774,78,,,0,20,,60775,78,,,0,20,,60776,78,,,0,60,,60777,78,,,0,20,,60778,78,,,0,20,,60779,78,,,0,60,,60780,78,,,0,20,,60781,78,,,0,20,,60782,78,,,0,60,,60783,78,,,0,20,,60784,78,,,0,20,,60785,78,,,0,60,,60786,78,,,0,20,,60787,78,,,0,20,,60788,78,,,0,60,,60789,78,,,0,20,,60790,78,,,0,20,,60791,78,,,0,60,,60792,78,,,0,20,,60793,78,,,0,20,,60794,78,,,0,60,,60795,78,,,0,20,,60796,78,,,0,20,,60797,78,,,0,60,,60798,78,,,0,18,,60752,76,,,0,75,,60753,76,,,0,45,,60754,76,,,0,85,,60755,76,,,0,85,,60756,76,,,0,85,,60757,76,,,0,45,,60758,76,,,0,85,,60759,76,,,0,85,,60760,76,,,0
