643504,'1376',917,,55238,25,0,14,0,100,,55237,25,0,14,0,30,,55236,25,0,14,0,70,,55235,25,0,14,0,30,,55234,25,0,14,0,70,,55233,25,0,14,0,30,,55232,25,0,14,0,70,,55231,25,0,14,0,30,,55230,25,0,14,0,70,,55229,25,0,14,0,30,,55228,25,0,14,0,70,,55227,25,0,14,0,30,,55226,25,0,14,0,70,,55225,25,0,14,0,30,,55224,25,0,14,0,70,,55223,25,0,14,0,30,,55222,25,0,14,0,70,,55221,25,0,14,0,30,,55220,25,0,14,0,70,,55219,25,0,14,0
643504,'1377',717,,55239,25,0,14,0,100,,55240,25,0,14,0,100,,55241,25,0,14,0,30,,55242,25,0,14,0,70,,55243,25,0,14,0,30,,55244,25,0,14,0,70,,55245,25,0,14,0,30,,55246,25,0,14,0,70,,55247,25,0,14,0,30,,55248,25,0,14,0,70,,55249,25,0,14,0,30,,55250,25,0,14,0,70,,55251,25,0,14,0,30,,55252,25,0,14,0,70,,55253,25,0,14,0,30,,55254,25,0,14,0,70,,55255,25,0,14,0,30,,55256,25,0,14,0,70,,55257,25,0,14,0,30,,55258,25,0,14,0,70,,55259,25,0,14,0,30,,55260,25,0,14,0,70,,55261,25,0,14,0,30,,55262,25,0,14,0,70,,55263,25,0,14,0,100,,55264,25,0,14,0,100,,55265,25,0,14,0
643504,'1378',617,,55266,25,0,14,0,30,,55267,25,0,14,0,60,,55268,25,0,14,0,16,,55269,25,0,14,0,15,,55270,25,0,14,0,15,,55271,25,0,14,0,55,,55272,25,0,14,0,15,,55273,25,0,14,0,15,,55274,25,0,14,0,15,,55275,25,0,14,0,53,,55276,25,0,14,0,17,,55277,25,0,14,0,20,,55278,25,0,14,0,60,,55279,25,0,14,0,20,,55280,25,0,14,0,20,,55281,25,0,14,0,60,,55282,25,0,14,0,20,,55283,25,0,14,0,20,,55284,25,0,14,0,60,,55285,25,0,14,0,20,,55286,25,0,14,0,20,,55287,25,0,14,0,60,,55288,25,0,14,0,20,,55289,25,0,14,0,20,,55290,25,0,14,0,60,,55291,25,0,14,0,20,,55292,25,0,14,0,20,,55293,25,0,14,0,10,,55294,25,0,14,0,50,,55295,25,0,14,0,20,,55296,25,0,14,0,10,,55297,25,0,14,0,10,,55298,25,0,14,0,60,,55299,25,0,14,0,10,,55300,25,0,14,0,10,,55301,25,0,14,0,20,,55302,25,0,14,0,60,,55303,25,0,14,0,20,,55304,25,0,14,0,20,,55305,25,0,14,0,60,,55306,25,0,14,0,20,,55307,25,0,14,0,20,,55308,25,0,14,0,60,,55309,25,0,14,0,14,,55310,25,0,14,0,30,,55311,25,0,14,0,70,,55312,25,0,14,0,30,,55313,25,0,14,0,70,,55314,25,0,14,0,30,,55315,25,0,14,0,70,,55316,25,0,14,0,30,,55317,25,0,14,0,70,,55318,25,0,14,0
643504,'1379',617,,55319,25,0,14,0,30,,55320,25,0,14,0,60,,55321,25,0,14,0,16,,55322,25,0,14,0,15,,55323,25,0,14,0,15,,55324,25,0,14,0,55,,55325,25,0,14,0,15,,55326,25,0,14,0,15,,55327,25,0,14,0,15,,55328,25,0,14,0,53,,55329,25,0,14,0,17,,55330,25,0,14,0,20,,55331,25,0,14,0,60,,55332,25,0,14,0,20,,55333,25,0,14,0,20,,55334,25,0,14,0,60,,55335,25,0,14,0,20,,55336,25,0,14,0,20,,55337,25,0,14,0,60,,55338,25,0,14,0,20,,55339,25,0,14,0,20,,55340,25,0,14,0,60,,55341,25,0,14,0,20,,55342,25,0,14,0,20,,55343,25,0,14,0,60,,55344,25,0,14,0,20,,55345,25,0,14,0,20,,55346,25,0,14,0,10,,55347,25,0,14,0,50,,55348,25,0,14,0,20,,55349,25,0,14,0,10,,55350,25,0,14,0,10,,55351,25,0,14,0,60,,55352,25,0,14,0,10,,55353,25,0,14,0,10,,55354,25,0,14,0,20,,55355,25,0,14,0,60,,55356,25,0,14,0,20,,55357,25,0,14,0,20,,55358,25,0,14,0,60,,55359,25,0,14,0,20,,55360,25,0,14,0,20,,55361,25,0,14,0,60,,55362,25,0,14,0,14,,55363,25,0,14,0,30,,55364,25,0,14,0,70,,55365,25,0,14,0,30,,55366,25,0,14,0,70,,55367,25,0,14,0,30,,55368,25,0,14,0,70,,55369,25,0,14,0,30,,55370,25,0,14,0,70,,55371,25,0,14,0
643504,'1380',617,,55372,25,0,14,0,30,,55373,25,0,14,0,60,,55374,25,0,14,0,16,,55375,25,0,14,0,15,,55376,25,0,14,0,15,,55377,25,0,14,0,55,,55378,25,0,14,0,15,,55379,25,0,14,0,15,,55380,25,0,14,0,15,,55381,25,0,14,0,53,,55382,25,0,14,0,17,,55383,25,0,14,0,20,,55384,25,0,14,0,60,,55385,25,0,14,0,20,,55386,25,0,14,0,20,,55387,25,0,14,0,60,,55388,25,0,14,0,20,,55389,25,0,14,0,20,,55390,25,0,14,0,60,,55391,25,0,14,0,20,,55392,25,0,14,0,20,,55393,25,0,14,0,60,,55394,25,0,14,0,20,,55395,25,0,14,0,20,,55396,25,0,14,0,60,,55397,25,0,14,0,20,,55398,25,0,14,0,20,,55399,25,0,14,0,10,,55400,25,0,14,0,50,,55401,25,0,14,0,20,,55402,25,0,14,0,10,,55403,25,0,14,0,10,,55404,25,0,14,0,60,,55405,25,0,14,0,10,,55406,25,0,14,0,10,,55407,25,0,14,0,20,,55408,25,0,14,0,60,,55409,25,0,14,0,20,,55410,25,0,14,0,20,,55411,25,0,14,0,60,,55412,25,0,14,0,20,,55413,25,0,14,0,20,,55414,25,0,14,0,60,,55415,25,0,14,0,14,,55416,25,0,14,0,30,,55417,25,0,14,0,70,,55418,25,0,14,0,30,,55419,25,0,14,0,70,,55420,25,0,14,0,30,,55421,25,0,14,0,70,,55422,25,0,14,0,30,,55423,25,0,14,0,70,,55424,25,0,14,0
643504,'1381',617,,55425,25,0,14,0,30,,55426,25,0,14,0,60,,55427,25,0,14,0,16,,55428,25,0,14,0,15,,55429,25,0,14,0,15,,55430,25,0,14,0,55,,55431,25,0,14,0,15,,55432,25,0,14,0,15,,55433,25,0,14,0,15,,55434,25,0,14,0,53,,55435,25,0,14,0,17,,55436,25,0,14,0,20,,55437,25,0,14,0,60,,55438,25,0,14,0,20,,55439,25,0,14,0,20,,55440,25,0,14,0,60,,55441,25,0,14,0,20,,55442,25,0,14,0,20,,55443,25,0,14,0,60,,55444,25,0,14,0,20,,55445,25,0,14,0,20,,55446,25,0,14,0,60,,55447,25,0,14,0,20,,55448,25,0,14,0,20,,55449,25,0,14,0,60,,55450,25,0,14,0,20,,55451,25,0,14,0,20,,55452,25,0,14,0,10,,55453,25,0,14,0,50,,55454,25,0,14,0,20,,55455,25,0,14,0,10,,55456,25,0,14,0,10,,55457,25,0,14,0,60,,55458,25,0,14,0,10,,55459,25,0,14,0,10,,55460,25,0,14,0,20,,55461,25,0,14,0,60,,55462,25,0,14,0,20,,55463,25,0,14,0,20,,55464,25,0,14,0,60,,55465,25,0,14,0,20,,55466,25,0,14,0,20,,55467,25,0,14,0,60,,55468,25,0,14,0,14,,55469,25,0,14,0,30,,55470,25,0,14,0,70,,55471,25,0,14,0,30,,55472,25,0,14,0,70,,55473,25,0,14,0,30,,55474,25,0,14,0,70,,55475,25,0,14,0,30,,55476,25,0,14,0,70,,55477,25,0,14,0
643504,'1382',617,,55478,25,0,14,0,30,,55479,25,0,14,0,60,,55480,25,0,14,0,16,,55481,25,0,14,0,15,,55482,25,0,14,0,15,,55483,25,0,14,0,55,,55484,25,0,14,0,15,,55485,25,0,14,0,15,,55486,25,0,14,0,15,,55487,25,0,14,0,53,,55488,25,0,14,0,17,,55489,25,0,14,0,20,,55490,25,0,14,0,60,,55491,25,0,14,0,20,,55492,25,0,14,0,20,,55493,25,0,14,0,60,,55494,25,0,14,0,20,,55495,25,0,14,0,20,,55496,25,0,14,0,60,,55497,25,0,14,0,20,,55498,25,0,14,0,20,,55499,25,0,14,0,60,,55500,25,0,14,0,20,,55501,25,0,14,0,20,,55502,25,0,14,0,60,,55503,25,0,14,0,20,,55504,25,0,14,0,20,,55505,25,0,14,0,10,,55506,25,0,14,0,50,,55507,25,0,14,0,20,,55508,25,0,14,0,10,,55509,25,0,14,0,10,,55510,25,0,14,0,60,,55511,25,0,14,0,10,,55512,25,0,14,0,10,,55513,25,0,14,0,20,,55514,25,0,14,0,60,,55515,25,0,14,0,20,,55516,25,0,14,0,20,,55517,25,0,14,0,60,,55518,25,0,14,0,20,,55519,25,0,14,0,20,,55520,25,0,14,0,60,,55521,25,0,14,0,14,,55522,25,0,14,0,30,,55523,25,0,14,0,70,,55524,25,0,14,0,30,,55525,25,0,14,0,70,,55526,25,0,14,0,30,,55527,25,0,14,0,70,,55528,25,0,14,0,30,,55529,25,0,14,0,70,,55530,25,0,14,0
647704,'1376',912,,55754,17,0,14,0,100,,55753,17,0,14,0,30,,55752,17,0,14,0,70,,55751,17,0,14,0,30,,55750,17,0,14,0,70,,55749,17,0,14,0,30,,55748,17,0,14,0,70,,55747,17,0,14,0,30,,55746,17,0,14,0,70,,55745,17,0,14,0,30,,55744,17,0,14,0,70,,55743,17,0,14,0,30,,55742,17,0,14,0,70,,55741,17,0,14,0,30,,55740,17,0,14,0,70,,55739,17,0,14,0,30,,55738,17,0,14,0,70,,55737,17,0,14,0,100,,55736,17,0,14,0
647704,'1377',812,,55755,17,0,14,0,100,,55756,17,0,14,0,30,,55757,17,0,14,0,70,,55758,17,0,14,0,30,,55759,17,0,14,0,70,,55760,17,0,14,0,30,,55761,17,0,14,0,70,,55762,17,0,14,0,30,,55763,17,0,14,0,70,,55764,17,0,14,0,30,,55765,17,0,14,0,70,,55766,17,0,14,0,30,,55767,17,0,14,0,70,,55768,17,0,14,0,30,,55769,17,0,14,0,70,,55770,17,0,14,0,30,,55771,17,0,14,0,70,,55772,17,0,14,0,30,,55773,17,0,14,0,70,,55774,17,0,14,0,30,,55775,17,0,14,0,70,,55776,17,0,14,0,30,,55777,17,0,14,0,70,,55778,17,0,14,0,100,,55779,17,0,14,0,100,,55780,17,0,14,0
647704,'1378',612,,55781,17,0,14,0,100,,55782,17,0,14,0,30,,55783,17,0,14,0,70,,55784,17,0,14,0,30,,55785,17,0,14,0,70,,55786,17,0,14,0,30,,55787,17,0,14,0,70,,55788,17,0,14,0,30,,55789,17,0,14,0,70,,55790,17,0,14,0,30,,55791,17,0,14,0,70,,55792,17,0,14,0,30,,55793,17,0,14,0,70,,55794,17,0,14,0,30,,55795,17,0,14,0,70,,55796,17,0,14,0,30,,55797,17,0,14,0,70,,55798,17,0,14,0,30,,55799,17,0,14,0,70,,55800,17,0,14,0,30,,55801,17,0,14,0,70,,55802,17,0,14,0,30,,55803,17,0,14,0,70,,55804,17,0,14,0,30,,55805,17,0,14,0,70,,55806,17,0,14,0,30,,55807,17,0,14,0,70,,55808,17,0,14,0,30,,55809,17,0,14,0,70,,55810,17,0,14,0,100,,55811,17,0,14,0,100,,55812,17,0,14,0
647704,'1379',612,,55813,17,0,14,0,100,,55814,17,0,14,0,30,,55815,17,0,14,0,70,,55816,17,0,14,0,30,,55817,17,0,14,0,70,,55818,17,0,14,0,30,,55819,17,0,14,0,70,,55820,17,0,14,0,30,,55821,17,0,14,0,70,,55822,17,0,14,0,30,,55823,17,0,14,0,70,,55824,17,0,14,0,30,,55825,17,0,14,0,70,,55826,17,0,14,0,30,,55827,17,0,14,0,70,,55828,17,0,14,0,30,,55829,17,0,14,0,70,,55830,17,0,14,0,30,,55831,17,0,14,0,70,,55832,17,0,14,0,30,,55833,17,0,14,0,70,,55834,17,0,14,0,30,,55835,17,0,14,0,70,,55836,17,0,14,0,30,,55837,17,0,14,0,70,,55838,17,0,14,0,30,,55839,17,0,14,0,70,,55840,17,0,14,0,30,,55841,17,0,14,0,70,,55842,17,0,14,0,100,,55843,17,0,14,0,100,,55844,17,0,14,0
647704,'1380',612,,55845,17,0,14,0,100,,55846,17,0,14,0,30,,55847,17,0,14,0,70,,55848,17,0,14,0,30,,55849,17,0,14,0,70,,55850,17,0,14,0,30,,55851,17,0,14,0,70,,55852,17,0,14,0,30,,55853,17,0,14,0,70,,55854,17,0,14,0,30,,55855,17,0,14,0,70,,55856,17,0,14,0,30,,55857,17,0,14,0,70,,55858,17,0,14,0,30,,55859,17,0,14,0,70,,55860,17,0,14,0,30,,55861,17,0,14,0,70,,55862,17,0,14,0,30,,55863,17,0,14,0,70,,55864,17,0,14,0,30,,55865,17,0,14,0,70,,55866,17,0,14,0,30,,55867,17,0,14,0,70,,55868,17,0,14,0,30,,55869,17,0,14,0,70,,55870,17,0,14,0,30,,55871,17,0,14,0,70,,55872,17,0,14,0,30,,55873,17,0,14,0,70,,55874,17,0,14,0,100,,55875,17,0,14,0,100,,55876,17,0,14,0
647704,'1381',612,,55877,17,0,14,0,100,,55878,17,0,14,0,30,,55879,17,0,14,0,70,,55880,17,0,14,0,30,,55881,17,0,14,0,70,,55882,17,0,14,0,30,,55883,17,0,14,0,70,,55884,17,0,14,0,30,,55885,17,0,14,0,70,,55886,17,0,14,0,30,,55887,17,0,14,0,70,,55888,17,0,14,0,30,,55889,17,0,14,0,70,,55890,17,0,14,0,30,,55891,17,0,14,0,70,,55892,17,0,14,0,30,,55893,17,0,14,0,70,,55894,17,0,14,0,30,,55895,17,0,14,0,70,,55896,17,0,14,0,30,,55897,17,0,14,0,70,,55898,17,0,14,0,30,,55899,17,0,14,0,70,,55900,17,0,14,0,30,,55901,17,0,14,0,70,,55902,17,0,14,0,30,,55903,17,0,14,0,70,,55904,17,0,14,0,30,,55905,17,0,14,0,70,,55906,17,0,14,0,100,,55907,17,0,14,0,100,,55908,17,0,14,0
647704,'1382',612,,55909,17,0,14,0,100,,55910,17,0,14,0,30,,55911,17,0,14,0,70,,55912,17,0,14,0,30,,55913,17,0,14,0,70,,55914,17,0,14,0,30,,55915,17,0,14,0,70,,55916,17,0,14,0,30,,55917,17,0,14,0,70,,55918,17,0,14,0,30,,55919,17,0,14,0,70,,55920,17,0,14,0,30,,55921,17,0,14,0,70,,55922,17,0,14,0,30,,55923,17,0,14,0,70,,55924,17,0,14,0,30,,55925,17,0,14,0,70,,55926,17,0,14,0,30,,55927,17,0,14,0,70,,55928,17,0,14,0,30,,55929,17,0,14,0,70,,55930,17,0,14,0,30,,55931,17,0,14,0,70,,55932,17,0,14,0,30,,55933,17,0,14,0,70,,55934,17,0,14,0,30,,55935,17,0,14,0,70,,55936,17,0,14,0,30,,55937,17,0,14,0,70,,55938,17,0,14,0,100,,55939,17,0,14,0,100,,55940,17,0,14,0
