643503,'1369',941,,47729,16,0,15,0,70,,47728,16,0,15,0,30,,47727,16,0,15,0,70,,47726,16,0,15,0,30,,47725,16,0,15,0,70,,47724,16,0,15,0,30,,47723,16,0,15,0,70,,47722,16,0,15,0,30,,47721,16,0,15,0,70,,47720,16,0,15,0,30,,47719,16,0,15,0,70,,47718,16,0,15,0,30,,47717,16,0,15,0,70,,47716,16,0,15,0,30,,47715,16,0,15,0,70,,47714,16,0,15,0,30,,47713,16,0,15,0,70,,47712,16,0,15,0,30,,47711,16,0,15,0,100,,47710,16,0,15,0
643503,'1370',741,,47730,16,0,15,0,100,,47731,16,0,15,0,70,,47732,16,0,15,0,30,,47733,16,0,15,0,70,,47734,16,0,15,0,30,,47735,16,0,15,0,70,,47736,16,0,15,0,30,,47737,16,0,15,0,70,,47738,16,0,15,0,30,,47739,16,0,15,0,70,,47740,16,0,15,0,30,,47741,16,0,15,0,70,,47742,16,0,15,0,30,,47743,16,0,15,0,70,,47744,16,0,15,0,30,,47745,16,0,15,0,70,,47746,16,0,15,0,30,,47747,16,0,15,0,70,,47748,16,0,15,0,30,,47749,16,0,15,0,70,,47750,16,0,15,0,30,,47751,16,0,15,0,70,,47752,16,0,15,0,30,,47753,16,0,15,0,100,,47754,16,0,15,0,100,,47755,16,0,15,0,100,,47756,16,0,15,0
643503,'1371',641,,47757,16,0,15,0,74,,47758,16,0,15,0,20,,47759,16,0,15,0,10,,47760,16,0,15,0,8,,47761,16,0,15,0,55,,47762,16,0,15,0,15,,47763,16,0,15,0,15,,47764,16,0,15,0,17,,47765,16,0,15,0,55,,47766,16,0,15,0,25,,47767,16,0,15,0,20,,47768,16,0,15,0,60,,47769,16,0,15,0,20,,47770,16,0,15,0,20,,47771,16,0,15,0,60,,47772,16,0,15,0,20,,47773,16,0,15,0,20,,47774,16,0,15,0,60,,47775,16,0,15,0,20,,47776,16,0,15,0,20,,47777,16,0,15,0,60,,47778,16,0,15,0,20,,47779,16,0,15,0,20,,47780,16,0,15,0,60,,47781,16,0,15,0,20,,47782,16,0,15,0,10,,47783,16,0,15,0,10,,47784,16,0,15,0,60,,47785,16,0,15,0,10,,47786,16,0,15,0,10,,47787,16,0,15,0,20,,47788,16,0,15,0,50,,47789,16,0,15,0,10,,47790,16,0,15,0,20,,47791,16,0,15,0,20,,47792,16,0,15,0,60,,47793,16,0,15,0,20,,47794,16,0,15,0,20,,47795,16,0,15,0,60,,47796,16,0,15,0,20,,47797,16,0,15,0,20,,47798,16,0,15,0,56,,47799,16,0,15,0,30,,47800,16,0,15,0,70,,47801,16,0,15,0,30,,47802,16,0,15,0,70,,47803,16,0,15,0,30,,47804,16,0,15,0,70,,47805,16,0,15,0,30,,47806,16,0,15,0,70,,47807,16,0,15,0,30,,47808,16,0,15,0
643503,'1372',641,,47809,16,0,15,0,74,,47810,16,0,15,0,20,,47811,16,0,15,0,10,,47812,16,0,15,0,8,,47813,16,0,15,0,55,,47814,16,0,15,0,15,,47815,16,0,15,0,15,,47816,16,0,15,0,17,,47817,16,0,15,0,55,,47818,16,0,15,0,25,,47819,16,0,15,0,20,,47820,16,0,15,0,60,,47821,16,0,15,0,20,,47822,16,0,15,0,20,,47823,16,0,15,0,60,,47824,16,0,15,0,20,,47825,16,0,15,0,20,,47826,16,0,15,0,60,,47827,16,0,15,0,20,,47828,16,0,15,0,20,,47829,16,0,15,0,60,,47830,16,0,15,0,20,,47831,16,0,15,0,20,,47832,16,0,15,0,60,,47833,16,0,15,0,20,,47834,16,0,15,0,10,,47835,16,0,15,0,10,,47836,16,0,15,0,60,,47837,16,0,15,0,10,,47838,16,0,15,0,10,,47839,16,0,15,0,20,,47840,16,0,15,0,50,,47841,16,0,15,0,10,,47842,16,0,15,0,20,,47843,16,0,15,0,20,,47844,16,0,15,0,60,,47845,16,0,15,0,20,,47846,16,0,15,0,20,,47847,16,0,15,0,60,,47848,16,0,15,0,20,,47849,16,0,15,0,20,,47850,16,0,15,0,56,,47851,16,0,15,0,30,,47852,16,0,15,0,70,,47853,16,0,15,0,30,,47854,16,0,15,0,70,,47855,16,0,15,0,30,,47856,16,0,15,0,70,,47857,16,0,15,0,30,,47858,16,0,15,0,70,,47859,16,0,15,0,30,,47860,16,0,15,0
643503,'1373',641,,47861,16,0,15,0,74,,47862,16,0,15,0,20,,47863,16,0,15,0,10,,47864,16,0,15,0,8,,47865,16,0,15,0,55,,47866,16,0,15,0,15,,47867,16,0,15,0,15,,47868,16,0,15,0,17,,47869,16,0,15,0,55,,47870,16,0,15,0,25,,47871,16,0,15,0,20,,47872,16,0,15,0,60,,47873,16,0,15,0,20,,47874,16,0,15,0,20,,47875,16,0,15,0,60,,47876,16,0,15,0,20,,47877,16,0,15,0,20,,47878,16,0,15,0,60,,47879,16,0,15,0,20,,47880,16,0,15,0,20,,47881,16,0,15,0,60,,47882,16,0,15,0,20,,47883,16,0,15,0,20,,47884,16,0,15,0,60,,47885,16,0,15,0,20,,47886,16,0,15,0,10,,47887,16,0,15,0,10,,47888,16,0,15,0,60,,47889,16,0,15,0,10,,47890,16,0,15,0,10,,47891,16,0,15,0,20,,47892,16,0,15,0,50,,47893,16,0,15,0,10,,47894,16,0,15,0,20,,47895,16,0,15,0,20,,47896,16,0,15,0,60,,47897,16,0,15,0,20,,47898,16,0,15,0,20,,47899,16,0,15,0,60,,47900,16,0,15,0,20,,47901,16,0,15,0,20,,47902,16,0,15,0,56,,47903,16,0,15,0,30,,47904,16,0,15,0,70,,47905,16,0,15,0,30,,47906,16,0,15,0,70,,47907,16,0,15,0,30,,47908,16,0,15,0,70,,47909,16,0,15,0,30,,47910,16,0,15,0,70,,47911,16,0,15,0,30,,47912,16,0,15,0
643503,'1374',641,,47913,16,0,15,0,74,,47914,16,0,15,0,20,,47915,16,0,15,0,10,,47916,16,0,15,0,8,,47917,16,0,15,0,55,,47918,16,0,15,0,15,,47919,16,0,15,0,15,,47920,16,0,15,0,17,,47921,16,0,15,0,55,,47922,16,0,15,0,25,,47923,16,0,15,0,20,,47924,16,0,15,0,60,,47925,16,0,15,0,20,,47926,16,0,15,0,20,,47927,16,0,15,0,60,,47928,16,0,15,0,20,,47929,16,0,15,0,20,,47930,16,0,15,0,60,,47931,16,0,15,0,20,,47932,16,0,15,0,20,,47933,16,0,15,0,60,,47934,16,0,15,0,20,,47935,16,0,15,0,20,,47936,16,0,15,0,60,,47937,16,0,15,0,20,,47938,16,0,15,0,10,,47939,16,0,15,0,10,,47940,16,0,15,0,60,,47941,16,0,15,0,10,,47942,16,0,15,0,10,,47943,16,0,15,0,20,,47944,16,0,15,0,50,,47945,16,0,15,0,10,,47946,16,0,15,0,20,,47947,16,0,15,0,20,,47948,16,0,15,0,60,,47949,16,0,15,0,20,,47950,16,0,15,0,20,,47951,16,0,15,0,60,,47952,16,0,15,0,20,,47953,16,0,15,0,20,,47954,16,0,15,0,56,,47955,16,0,15,0,30,,47956,16,0,15,0,70,,47957,16,0,15,0,30,,47958,16,0,15,0,70,,47959,16,0,15,0,30,,47960,16,0,15,0,70,,47961,16,0,15,0,30,,47962,16,0,15,0,70,,47963,16,0,15,0,30,,47964,16,0,15,0
643503,'1375',641,,47965,16,0,15,0,74,,47966,16,0,15,0,20,,47967,16,0,15,0,10,,47968,16,0,15,0,8,,47969,16,0,15,0,55,,47970,16,0,15,0,15,,47971,16,0,15,0,15,,47972,16,0,15,0,17,,47973,16,0,15,0,55,,47974,16,0,15,0,25,,47975,16,0,15,0,20,,47976,16,0,15,0,60,,47977,16,0,15,0,20,,47978,16,0,15,0,20,,47979,16,0,15,0,60,,47980,16,0,15,0,20,,47981,16,0,15,0,20,,47982,16,0,15,0,60,,47983,16,0,15,0,20,,47984,16,0,15,0,20,,47985,16,0,15,0,60,,47986,16,0,15,0,20,,47987,16,0,15,0,20,,47988,16,0,15,0,60,,47989,16,0,15,0,20,,47990,16,0,15,0,10,,47991,16,0,15,0,10,,47992,16,0,15,0,60,,47993,16,0,15,0,10,,47994,16,0,15,0,10,,47995,16,0,15,0,20,,47996,16,0,15,0,50,,47997,16,0,15,0,10,,47998,16,0,15,0,20,,47999,16,0,15,0,20,,48000,16,0,15,0,60,,48001,16,0,15,0,20,,48002,16,0,15,0,20,,48003,16,0,15,0,60,,48004,16,0,15,0,20,,48005,16,0,15,0,20,,48006,16,0,15,0,56,,48007,16,0,15,0,30,,48008,16,0,15,0,70,,48009,16,0,15,0,30,,48010,16,0,15,0,70,,48011,16,0,15,0,30,,48012,16,0,15,0,70,,48013,16,0,15,0,30,,48014,16,0,15,0,70,,48015,16,0,15,0,30,,48016,16,0,15,0
647703,'1369',946,,48347,21,0,15,0,70,,48346,21,0,15,0,30,,48345,21,0,15,0,70,,48344,21,0,15,0,30,,48343,21,0,15,0,70,,48342,21,0,15,0,30,,48341,21,0,15,0,70,,48340,21,0,15,0,30,,48339,21,0,15,0,70,,48338,21,0,15,0,30,,48337,21,0,15,0,70,,48336,21,0,15,0,30,,48335,21,0,15,0,70,,48334,21,0,15,0,30,,48333,21,0,15,0,70,,48332,21,0,15,0,30,,48331,21,0,15,0,100,,48330,21,0,15,0,100,,48329,21,0,15,0
647703,'1370',846,,48348,21,0,15,0,70,,48349,21,0,15,0,30,,48350,21,0,15,0,70,,48351,21,0,15,0,30,,48352,21,0,15,0,70,,48353,21,0,15,0,30,,48354,21,0,15,0,70,,48355,21,0,15,0,30,,48356,21,0,15,0,70,,48357,21,0,15,0,30,,48358,21,0,15,0,70,,48359,21,0,15,0,30,,48360,21,0,15,0,70,,48361,21,0,15,0,30,,48362,21,0,15,0,70,,48363,21,0,15,0,30,,48364,21,0,15,0,70,,48365,21,0,15,0,30,,48366,21,0,15,0,70,,48367,21,0,15,0,30,,48368,21,0,15,0,70,,48369,21,0,15,0,30,,48370,21,0,15,0,100,,48371,21,0,15,0,100,,48372,21,0,15,0,100,,48373,21,0,15,0
647703,'1371',646,,48374,21,0,15,0,70,,48375,21,0,15,0,30,,48376,21,0,15,0,70,,48377,21,0,15,0,30,,48378,21,0,15,0,70,,48379,21,0,15,0,30,,48380,21,0,15,0,70,,48381,21,0,15,0,30,,48382,21,0,15,0,70,,48383,21,0,15,0,30,,48384,21,0,15,0,70,,48385,21,0,15,0,30,,48386,21,0,15,0,70,,48387,21,0,15,0,30,,48388,21,0,15,0,70,,48389,21,0,15,0,30,,48390,21,0,15,0,70,,48391,21,0,15,0,30,,48392,21,0,15,0,70,,48393,21,0,15,0,30,,48394,21,0,15,0,70,,48395,21,0,15,0,30,,48396,21,0,15,0,70,,48397,21,0,15,0,30,,48398,21,0,15,0,70,,48399,21,0,15,0,30,,48400,21,0,15,0,70,,48401,21,0,15,0,30,,48402,21,0,15,0,100,,48403,21,0,15,0,100,,48404,21,0,15,0,100,,48405,21,0,15,0
647703,'1372',646,,48406,21,0,15,0,70,,48407,21,0,15,0,30,,48408,21,0,15,0,70,,48409,21,0,15,0,30,,48410,21,0,15,0,70,,48411,21,0,15,0,30,,48412,21,0,15,0,70,,48413,21,0,15,0,30,,48414,21,0,15,0,70,,48415,21,0,15,0,30,,48416,21,0,15,0,70,,48417,21,0,15,0,30,,48418,21,0,15,0,70,,48419,21,0,15,0,30,,48420,21,0,15,0,70,,48421,21,0,15,0,30,,48422,21,0,15,0,70,,48423,21,0,15,0,30,,48424,21,0,15,0,70,,48425,21,0,15,0,30,,48426,21,0,15,0,70,,48427,21,0,15,0,30,,48428,21,0,15,0,70,,48429,21,0,15,0,30,,48430,21,0,15,0,70,,48431,21,0,15,0,30,,48432,21,0,15,0,70,,48433,21,0,15,0,30,,48434,21,0,15,0,100,,48435,21,0,15,0,100,,48436,21,0,15,0,100,,48437,21,0,15,0
647703,'1373',646,,48438,21,0,15,0,70,,48439,21,0,15,0,30,,48440,21,0,15,0,70,,48441,21,0,15,0,30,,48442,21,0,15,0,70,,48443,21,0,15,0,30,,48444,21,0,15,0,70,,48445,21,0,15,0,30,,48446,21,0,15,0,70,,48447,21,0,15,0,30,,48448,21,0,15,0,70,,48449,21,0,15,0,30,,48450,21,0,15,0,70,,48451,21,0,15,0,30,,48452,21,0,15,0,70,,48453,21,0,15,0,30,,48454,21,0,15,0,70,,48455,21,0,15,0,30,,48456,21,0,15,0,70,,48457,21,0,15,0,30,,48458,21,0,15,0,70,,48459,21,0,15,0,30,,48460,21,0,15,0,70,,48461,21,0,15,0,30,,48462,21,0,15,0,70,,48463,21,0,15,0,30,,48464,21,0,15,0,70,,48465,21,0,15,0,30,,48466,21,0,15,0,100,,48467,21,0,15,0,100,,48468,21,0,15,0,100,,48469,21,0,15,0
647703,'1374',646,,48470,21,0,15,0,70,,48471,21,0,15,0,30,,48472,21,0,15,0,70,,48473,21,0,15,0,30,,48474,21,0,15,0,70,,48475,21,0,15,0,30,,48476,21,0,15,0,70,,48477,21,0,15,0,30,,48478,21,0,15,0,70,,48479,21,0,15,0,30,,48480,21,0,15,0,70,,48481,21,0,15,0,30,,48482,21,0,15,0,70,,48483,21,0,15,0,30,,48484,21,0,15,0,70,,48485,21,0,15,0,30,,48486,21,0,15,0,70,,48487,21,0,15,0,30,,48488,21,0,15,0,70,,48489,21,0,15,0,30,,48490,21,0,15,0,70,,48491,21,0,15,0,30,,48492,21,0,15,0,70,,48493,21,0,15,0,30,,48494,21,0,15,0,70,,48495,21,0,15,0,30,,48496,21,0,15,0,70,,48497,21,0,15,0,30,,48498,21,0,15,0,100,,48499,21,0,15,0,100,,48500,21,0,15,0,100,,48501,21,0,15,0
647703,'1375',646,,48502,21,0,15,0,70,,48503,21,0,15,0,30,,48504,21,0,15,0,70,,48505,21,0,15,0,30,,48506,21,0,15,0,70,,48507,21,0,15,0,30,,48508,21,0,15,0,70,,48509,21,0,15,0,30,,48510,21,0,15,0,70,,48511,21,0,15,0,30,,48512,21,0,15,0,70,,48513,21,0,15,0,30,,48514,21,0,15,0,70,,48515,21,0,15,0,30,,48516,21,0,15,0,70,,48517,21,0,15,0,30,,48518,21,0,15,0,70,,48519,21,0,15,0,30,,48520,21,0,15,0,70,,48521,21,0,15,0,30,,48522,21,0,15,0,70,,48523,21,0,15,0,30,,48524,21,0,15,0,70,,48525,21,0,15,0,30,,48526,21,0,15,0,70,,48527,21,0,15,0,30,,48528,21,0,15,0,70,,48529,21,0,15,0,30,,48530,21,0,15,0,100,,48531,21,0,15,0,100,,48532,21,0,15,0,100,,48533,21,0,15,0
