1700,'1376',623,,51051,33,,,0,100,,51050,33,,,0,100,,51049,33,,,0,100,,51048,33,,,0,109,,51066,33,,,0,80,,51065,33,,,0,40,,51064,33,,,0,80,,51063,33,,,0,80,,51062,33,,,0,40,,51061,33,,,0,80,,51060,33,,,0,80,,51059,33,,,0,40,,51058,33,,,0,80,,51057,33,,,0,80,,51056,33,,,0,40,,51055,33,,,0,80,,51054,33,,,0,80,,51053,33,,,0,40,,51052,33,,,0
1700,'1377',541,,51067,33,,,0,74,,51068,33,,,0,30,,51069,33,,,0,70,,51070,33,,,0,30,,51071,33,,,0,70,,51072,33,,,0,30,,51073,33,,,0,70,,51074,33,,,0,30,,51075,33,,,0,70,,51076,33,,,0,37,,51085,33,,,0,60,,51086,33,,,0,20,,51087,33,,,0,20,,51088,33,,,0,60,,51089,33,,,0,20,,51090,33,,,0,20,,51091,33,,,0,60,,51092,33,,,0,20,,51093,33,,,0,20,,51094,33,,,0,60,,51095,33,,,0,20,,51096,33,,,0,20,,51097,33,,,0,60,,51098,33,,,0,20,,51099,33,,,0,20,,51100,33,,,0,60,,51101,33,,,0,20,,51102,33,,,0,20,,51103,33,,,0,60,,51104,33,,,0,20,,51105,33,,,0,20,,51106,33,,,0,60,,51107,33,,,0,20,,51108,33,,,0,15,,51109,33,,,0,70,,51110,33,,,0,30,,51111,33,,,0,70,,51112,33,,,0,30,,51113,33,,,0,68,,51077,33,,,0,30,,51078,33,,,0,70,,51079,33,,,0,30,,51080,33,,,0,70,,51081,33,,,0,30,,51082,33,,,0,70,,51083,33,,,0,30,,51084,33,,,0
1700,'1378',545,,51114,33,,,0,83,,51116,33,,,0,15,,51117,33,,,0,15,,51118,33,,,0,55,,51119,33,,,0,15,,51120,33,,,0,10,,51121,33,,,0,10,,51122,33,,,0,10,,51123,33,,,0,50,,51124,33,,,0,10,,51125,33,,,0,10,,51126,33,,,0,10,,51127,33,,,0,10,,51128,33,,,0,10,,51129,33,,,0,50,,51130,33,,,0,10,,51131,33,,,0,10,,51132,33,,,0,10,,51133,33,,,0,10,,51134,33,,,0,10,,51135,33,,,0,50,,51136,33,,,0,10,,51137,33,,,0,10,,51138,33,,,0,10,,51139,33,,,0,10,,51140,33,,,0,10,,51141,33,,,0,50,,51142,33,,,0,10,,51143,33,,,0,10,,51144,33,,,0,10,,51145,33,,,0,10,,51146,33,,,0,10,,51147,33,,,0,50,,51148,33,,,0,10,,51149,33,,,0,10,,51150,33,,,0,10,,51151,33,,,0,10,,51152,33,,,0,10,,51153,33,,,0,50,,51154,33,,,0,10,,51155,33,,,0,10,,51156,33,,,0,10,,51157,33,,,0,10,,51158,33,,,0,10,,51159,33,,,0,50,,51160,33,,,0,10,,51161,33,,,0,10,,51162,33,,,0,10,,51163,33,,,0,10,,51164,33,,,0,10,,51165,33,,,0,50,,51166,33,,,0,10,,51167,33,,,0,10,,51168,33,,,0,10,,51169,33,,,0,10,,51170,33,,,0,10,,51171,33,,,0,50,,51172,33,,,0,10,,51173,33,,,0,10,,51174,33,,,0,10,,51175,33,,,0,10,,51176,33,,,0,10,,51177,33,,,0,50,,51178,33,,,0,10,,51179,33,,,0,10,,51180,33,,,0,10,,51181,33,,,0,10,,51182,33,,,0,10,,51183,33,,,0,50,,51184,33,,,0,10,,51185,33,,,0,10,,51186,33,,,0,15,,51187,33,,,0,15,,51188,33,,,0,55,,51189,33,,,0,30,,51190,33,,,0,70,,51191,33,,,0,30,,51192,33,,,0,70,,51193,33,,,0,30,,51194,33,,,0,70,,51195,33,,,0,30,,51196,33,,,0,70,,51197,33,,,0,30,,51198,33,,,0,70,,51199,33,,,0,30,,51200,33,,,0
1700,'1379',545,,51201,33,,,0,83,,51203,33,,,0,15,,51204,33,,,0,15,,51205,33,,,0,55,,51206,33,,,0,15,,51207,33,,,0,10,,51208,33,,,0,10,,51209,33,,,0,10,,51210,33,,,0,50,,51211,33,,,0,10,,51212,33,,,0,10,,51213,33,,,0,10,,51214,33,,,0,10,,51215,33,,,0,10,,51216,33,,,0,50,,51217,33,,,0,10,,51218,33,,,0,10,,51219,33,,,0,10,,51220,33,,,0,10,,51221,33,,,0,10,,51222,33,,,0,50,,51223,33,,,0,10,,51224,33,,,0,10,,51225,33,,,0,10,,51226,33,,,0,10,,51227,33,,,0,10,,51228,33,,,0,50,,51229,33,,,0,10,,51230,33,,,0,10,,51231,33,,,0,10,,51232,33,,,0,10,,51233,33,,,0,10,,51234,33,,,0,50,,51235,33,,,0,10,,51236,33,,,0,10,,51237,33,,,0,10,,51238,33,,,0,10,,51239,33,,,0,10,,51240,33,,,0,50,,51241,33,,,0,10,,51242,33,,,0,10,,51243,33,,,0,10,,51244,33,,,0,10,,51245,33,,,0,10,,51246,33,,,0,50,,51247,33,,,0,10,,51248,33,,,0,10,,51249,33,,,0,10,,51250,33,,,0,10,,51251,33,,,0,10,,51252,33,,,0,50,,51253,33,,,0,10,,51254,33,,,0,10,,51255,33,,,0,10,,51256,33,,,0,10,,51257,33,,,0,10,,51258,33,,,0,50,,51259,33,,,0,10,,51260,33,,,0,10,,51261,33,,,0,10,,51262,33,,,0,10,,51263,33,,,0,10,,51264,33,,,0,50,,51265,33,,,0,10,,51266,33,,,0,10,,51267,33,,,0,10,,51268,33,,,0,10,,51269,33,,,0,10,,51270,33,,,0,50,,51271,33,,,0,10,,51272,33,,,0,10,,51273,33,,,0,15,,51274,33,,,0,15,,51275,33,,,0,55,,51276,33,,,0,30,,51277,33,,,0,70,,51278,33,,,0,30,,51279,33,,,0,70,,51280,33,,,0,30,,51281,33,,,0,70,,51282,33,,,0,30,,51283,33,,,0,70,,51284,33,,,0,30,,51285,33,,,0,70,,51286,33,,,0,30,,51287,33,,,0
1700,'1380',545,,51288,33,,,0,83,,51290,33,,,0,15,,51291,33,,,0,15,,51292,33,,,0,55,,51293,33,,,0,15,,51294,33,,,0,10,,51295,33,,,0,10,,51296,33,,,0,10,,51297,33,,,0,50,,51298,33,,,0,10,,51299,33,,,0,10,,51300,33,,,0,10,,51301,33,,,0,10,,51302,33,,,0,10,,51303,33,,,0,50,,51304,33,,,0,10,,51305,33,,,0,10,,51306,33,,,0,10,,51307,33,,,0,10,,51308,33,,,0,10,,51309,33,,,0,50,,51310,33,,,0,10,,51311,33,,,0,10,,51312,33,,,0,10,,51313,33,,,0,10,,51314,33,,,0,10,,51315,33,,,0,50,,51316,33,,,0,10,,51317,33,,,0,10,,51318,33,,,0,10,,51319,33,,,0,10,,51320,33,,,0,10,,51321,33,,,0,50,,51322,33,,,0,10,,51323,33,,,0,10,,51324,33,,,0,10,,51325,33,,,0,10,,51326,33,,,0,10,,51327,33,,,0,50,,51328,33,,,0,10,,51329,33,,,0,10,,51330,33,,,0,10,,51331,33,,,0,10,,51332,33,,,0,10,,51333,33,,,0,50,,51334,33,,,0,10,,51335,33,,,0,10,,51336,33,,,0,10,,51337,33,,,0,10,,51338,33,,,0,10,,51339,33,,,0,50,,51340,33,,,0,10,,51341,33,,,0,10,,51342,33,,,0,10,,51343,33,,,0,10,,51344,33,,,0,10,,51345,33,,,0,50,,51346,33,,,0,10,,51347,33,,,0,10,,51348,33,,,0,10,,51349,33,,,0,10,,51350,33,,,0,10,,51351,33,,,0,50,,51352,33,,,0,10,,51353,33,,,0,10,,51354,33,,,0,10,,51355,33,,,0,10,,51356,33,,,0,10,,51357,33,,,0,50,,51358,33,,,0,10,,51359,33,,,0,10,,51360,33,,,0,15,,51361,33,,,0,15,,51362,33,,,0,55,,51363,33,,,0,30,,51364,33,,,0,70,,51365,33,,,0,30,,51366,33,,,0,70,,51367,33,,,0,30,,51368,33,,,0,70,,51369,33,,,0,30,,51370,33,,,0,70,,51371,33,,,0,30,,51372,33,,,0,70,,51373,33,,,0,30,,51374,33,,,0
1700,'1381',545,,51375,33,,,0,83,,51377,33,,,0,15,,51378,33,,,0,15,,51379,33,,,0,55,,51380,33,,,0,15,,51381,33,,,0,10,,51382,33,,,0,10,,51383,33,,,0,10,,51384,33,,,0,50,,51385,33,,,0,10,,51386,33,,,0,10,,51387,33,,,0,10,,51388,33,,,0,10,,51389,33,,,0,10,,51390,33,,,0,50,,51391,33,,,0,10,,51392,33,,,0,10,,51393,33,,,0,10,,51394,33,,,0,10,,51395,33,,,0,10,,51396,33,,,0,50,,51397,33,,,0,10,,51398,33,,,0,10,,51399,33,,,0,10,,51400,33,,,0,10,,51401,33,,,0,10,,51402,33,,,0,50,,51403,33,,,0,10,,51404,33,,,0,10,,51405,33,,,0,10,,51406,33,,,0,10,,51407,33,,,0,10,,51408,33,,,0,50,,51409,33,,,0,10,,51410,33,,,0,10,,51411,33,,,0,10,,51412,33,,,0,10,,51413,33,,,0,10,,51414,33,,,0,50,,51415,33,,,0,10,,51416,33,,,0,10,,51417,33,,,0,10,,51418,33,,,0,10,,51419,33,,,0,10,,51420,33,,,0,50,,51421,33,,,0,10,,51422,33,,,0,10,,51423,33,,,0,10,,51424,33,,,0,10,,51425,33,,,0,10,,51426,33,,,0,50,,51427,33,,,0,10,,51428,33,,,0,10,,51429,33,,,0,10,,51430,33,,,0,10,,51431,33,,,0,10,,51432,33,,,0,50,,51433,33,,,0,10,,51434,33,,,0,10,,51435,33,,,0,10,,51436,33,,,0,10,,51437,33,,,0,10,,51438,33,,,0,50,,51439,33,,,0,10,,51440,33,,,0,10,,51441,33,,,0,10,,51442,33,,,0,10,,51443,33,,,0,10,,51444,33,,,0,50,,51445,33,,,0,10,,51446,33,,,0,10,,51447,33,,,0,15,,51448,33,,,0,15,,51449,33,,,0,55,,51450,33,,,0,30,,51451,33,,,0,70,,51452,33,,,0,30,,51453,33,,,0,70,,51454,33,,,0,30,,51455,33,,,0,70,,51456,33,,,0,30,,51457,33,,,0,70,,51458,33,,,0,30,,51459,33,,,0,70,,51460,33,,,0,30,,51461,33,,,0
1700,'1382',545,,51462,33,,,0,83,,51464,33,,,0,15,,51465,33,,,0,15,,51466,33,,,0,55,,51467,33,,,0,15,,51468,33,,,0,10,,51469,33,,,0,10,,51470,33,,,0,10,,51471,33,,,0,50,,51472,33,,,0,10,,51473,33,,,0,10,,51474,33,,,0,10,,51475,33,,,0,10,,51476,33,,,0,10,,51477,33,,,0,50,,51478,33,,,0,10,,51479,33,,,0,10,,51480,33,,,0,10,,51481,33,,,0,10,,51482,33,,,0,10,,51483,33,,,0,50,,51484,33,,,0,10,,51485,33,,,0,10,,51486,33,,,0,10,,51487,33,,,0,10,,51488,33,,,0,10,,51489,33,,,0,50,,51490,33,,,0,10,,51491,33,,,0,10,,51492,33,,,0,10,,51493,33,,,0,10,,51494,33,,,0,10,,51495,33,,,0,50,,51496,33,,,0,10,,51497,33,,,0,10,,51498,33,,,0,10,,51499,33,,,0,10,,51500,33,,,0,10,,51501,33,,,0,50,,51502,33,,,0,10,,51503,33,,,0,10,,51504,33,,,0,10,,51505,33,,,0,10,,51506,33,,,0,10,,51507,33,,,0,50,,51508,33,,,0,10,,51509,33,,,0,10,,51510,33,,,0,10,,51511,33,,,0,10,,51512,33,,,0,10,,51513,33,,,0,50,,51514,33,,,0,10,,51515,33,,,0,10,,51516,33,,,0,10,,51517,33,,,0,10,,51518,33,,,0,10,,51519,33,,,0,50,,51520,33,,,0,10,,51521,33,,,0,10,,51522,33,,,0,10,,51523,33,,,0,10,,51524,33,,,0,10,,51525,33,,,0,50,,51526,33,,,0,10,,51527,33,,,0,10,,51528,33,,,0,10,,51529,33,,,0,10,,51530,33,,,0,10,,51531,33,,,0,50,,51532,33,,,0,10,,51533,33,,,0,10,,51534,33,,,0,15,,51535,33,,,0,15,,51536,33,,,0,55,,51537,33,,,0,30,,51538,33,,,0,70,,51539,33,,,0,30,,51540,33,,,0,70,,51541,33,,,0,30,,51542,33,,,0,70,,51543,33,,,0,30,,51544,33,,,0,70,,51545,33,,,0,30,,51546,33,,,0,70,,51547,33,,,0,30,,51548,33,,,0
1900,'1376',912,,52905,24,,,0,100,,52904,24,,,0,100,,52903,24,,,0,100,,52902,24,,,0,100,,52901,24,,,0,100,,52900,24,,,0,100,,52899,24,,,0,100,,52898,24,,,0,100,,52897,24,,,0,100,,52896,24,,,0,100,,52895,24,,,0,100,,52894,24,,,0
1900,'1377',812,,52906,24,,,0,100,,52907,24,,,0,100,,52908,24,,,0,30,,52909,24,,,0,70,,52910,24,,,0,30,,52911,24,,,0,70,,52912,24,,,0,30,,52913,24,,,0,70,,52914,24,,,0,30,,52915,24,,,0,70,,52916,24,,,0,30,,52917,24,,,0,70,,52918,24,,,0,30,,52919,24,,,0,70,,52920,24,,,0,30,,52921,24,,,0,70,,52922,24,,,0,30,,52923,24,,,0,70,,52924,24,,,0,30,,52925,24,,,0,70,,52926,24,,,0,30,,52927,24,,,0,70,,52928,24,,,0,100,,52929,24,,,0,100,,52930,24,,,0,100,,52931,24,,,0
1900,'1378',612,,52932,24,,,0,30,,52933,24,,,0,70,,52934,24,,,0,30,,52935,24,,,0,70,,52936,24,,,0,30,,52937,24,,,0,70,,52938,24,,,0,30,,52939,24,,,0,70,,52940,24,,,0,30,,52941,24,,,0,70,,52942,24,,,0,30,,52943,24,,,0,70,,52944,24,,,0,30,,52945,24,,,0,70,,52946,24,,,0,30,,52947,24,,,0,70,,52948,24,,,0,30,,52949,24,,,0,70,,52950,24,,,0,30,,52951,24,,,0,70,,52952,24,,,0,30,,52953,24,,,0,70,,52954,24,,,0,30,,52955,24,,,0,70,,52956,24,,,0,30,,52957,24,,,0,70,,52958,24,,,0,30,,52959,24,,,0,70,,52960,24,,,0,30,,52961,24,,,0,70,,52962,24,,,0,30,,52963,24,,,0,100,,52964,24,,,0,100,,52965,24,,,0
1900,'1379',612,,52966,24,,,0,30,,52967,24,,,0,70,,52968,24,,,0,30,,52969,24,,,0,70,,52970,24,,,0,30,,52971,24,,,0,70,,52972,24,,,0,30,,52973,24,,,0,70,,52974,24,,,0,30,,52975,24,,,0,70,,52976,24,,,0,30,,52977,24,,,0,70,,52978,24,,,0,30,,52979,24,,,0,70,,52980,24,,,0,30,,52981,24,,,0,70,,52982,24,,,0,30,,52983,24,,,0,70,,52984,24,,,0,30,,52985,24,,,0,70,,52986,24,,,0,30,,52987,24,,,0,70,,52988,24,,,0,30,,52989,24,,,0,70,,52990,24,,,0,30,,52991,24,,,0,70,,52992,24,,,0,30,,52993,24,,,0,70,,52994,24,,,0,30,,52995,24,,,0,70,,52996,24,,,0,30,,52997,24,,,0,100,,52998,24,,,0,100,,52999,24,,,0
1900,'1380',612,,53000,24,,,0,30,,53001,24,,,0,70,,53002,24,,,0,30,,53003,24,,,0,70,,53004,24,,,0,30,,53005,24,,,0,70,,53006,24,,,0,30,,53007,24,,,0,70,,53008,24,,,0,30,,53009,24,,,0,70,,53010,24,,,0,30,,53011,24,,,0,70,,53012,24,,,0,30,,53013,24,,,0,70,,53014,24,,,0,30,,53015,24,,,0,70,,53016,24,,,0,30,,53017,24,,,0,70,,53018,24,,,0,30,,53019,24,,,0,70,,53020,24,,,0,30,,53021,24,,,0,70,,53022,24,,,0,30,,53023,24,,,0,70,,53024,24,,,0,30,,53025,24,,,0,70,,53026,24,,,0,30,,53027,24,,,0,70,,53028,24,,,0,30,,53029,24,,,0,70,,53030,24,,,0,30,,53031,24,,,0,100,,53032,24,,,0,100,,53033,24,,,0
1900,'1381',612,,53034,24,,,0,30,,53035,24,,,0,70,,53036,24,,,0,30,,53037,24,,,0,70,,53038,24,,,0,30,,53039,24,,,0,70,,53040,24,,,0,30,,53041,24,,,0,70,,53042,24,,,0,30,,53043,24,,,0,70,,53044,24,,,0,30,,53045,24,,,0,70,,53046,24,,,0,30,,53047,24,,,0,70,,53048,24,,,0,30,,53049,24,,,0,70,,53050,24,,,0,30,,53051,24,,,0,70,,53052,24,,,0,30,,53053,24,,,0,70,,53054,24,,,0,30,,53055,24,,,0,70,,53056,24,,,0,30,,53057,24,,,0,70,,53058,24,,,0,30,,53059,24,,,0,70,,53060,24,,,0,30,,53061,24,,,0,70,,53062,24,,,0,30,,53063,24,,,0,70,,53064,24,,,0,30,,53065,24,,,0,100,,53066,24,,,0,100,,53067,24,,,0
1900,'1382',612,,53068,24,,,0,30,,53069,24,,,0,70,,53070,24,,,0,30,,53071,24,,,0,70,,53072,24,,,0,30,,53073,24,,,0,70,,53074,24,,,0,30,,53075,24,,,0,70,,53076,24,,,0,30,,53077,24,,,0,70,,53078,24,,,0,30,,53079,24,,,0,70,,53080,24,,,0,30,,53081,24,,,0,70,,53082,24,,,0,30,,53083,24,,,0,70,,53084,24,,,0,30,,53085,24,,,0,70,,53086,24,,,0,30,,53087,24,,,0,70,,53088,24,,,0,30,,53089,24,,,0,70,,53090,24,,,0,30,,53091,24,,,0,70,,53092,24,,,0,30,,53093,24,,,0,70,,53094,24,,,0,30,,53095,24,,,0,70,,53096,24,,,0,30,,53097,24,,,0,70,,53098,24,,,0,30,,53099,24,,,0,100,,53100,24,,,0,100,,53101,24,,,0
