1701,'1376',704,,51566,2,,,0,100,,51565,2,,,0,100,,51564,2,,,0,101,,51563,2,,,0,40,,51562,2,,,0,80,,51561,2,,,0,80,,51560,2,,,0,40,,51559,2,,,0,80,,51558,2,,,0,80,,51557,2,,,0,40,,51556,2,,,0,80,,51555,2,,,0,80,,51554,2,,,0,40,,51553,2,,,0,80,,51552,2,,,0,80,,51551,2,,,0,40,,51550,2,,,0,80,,51549,2,,,0
1701,'1377',535,,51592,2,,,0,70,,51593,2,,,0,30,,51594,2,,,0,70,,51595,2,,,0,30,,51596,2,,,0,70,,51597,2,,,0,30,,51598,2,,,0,70,,51567,2,,,0,30,,51568,2,,,0,70,,51569,2,,,0,20,,51570,2,,,0,20,,51571,2,,,0,60,,51572,2,,,0,20,,51573,2,,,0,20,,51574,2,,,0,60,,51575,2,,,0,20,,51576,2,,,0,20,,51577,2,,,0,60,,51578,2,,,0,20,,51579,2,,,0,20,,51580,2,,,0,60,,51581,2,,,0,20,,51582,2,,,0,20,,51583,2,,,0,60,,51584,2,,,0,20,,51585,2,,,0,20,,51586,2,,,0,60,,51587,2,,,0,20,,51588,2,,,0,20,,51589,2,,,0,60,,51599,2,,,0,20,,51590,2,,,0,20,,51591,2,,,0,60,,51600,2,,,0,30,,51601,2,,,0,70,,51602,2,,,0,30,,51603,2,,,0,70,,51604,2,,,0,30,,51605,2,,,0,70,,51606,2,,,0,30,,51607,2,,,0,70,,51608,2,,,0,30,,51609,2,,,0,70,,51610,2,,,0,30,,51611,2,,,0,70,,51612,2,,,0,30,,51613,2,,,0
1701,'1378',535,,51614,2,,,0,70,,51615,2,,,0,15,,51616,2,,,0,15,,51617,2,,,0,15,,51618,2,,,0,55,,51619,2,,,0,10,,51620,2,,,0,10,,51621,2,,,0,10,,51622,2,,,0,10,,51623,2,,,0,10,,51624,2,,,0,50,,51625,2,,,0,10,,51626,2,,,0,10,,51627,2,,,0,10,,51628,2,,,0,10,,51629,2,,,0,10,,51630,2,,,0,50,,51631,2,,,0,10,,51632,2,,,0,10,,51633,2,,,0,10,,51634,2,,,0,10,,51635,2,,,0,10,,51636,2,,,0,50,,51637,2,,,0,10,,51638,2,,,0,10,,51639,2,,,0,10,,51640,2,,,0,10,,51641,2,,,0,10,,51642,2,,,0,50,,51643,2,,,0,10,,51644,2,,,0,10,,51645,2,,,0,10,,51646,2,,,0,10,,51647,2,,,0,10,,51648,2,,,0,50,,51649,2,,,0,10,,51650,2,,,0,10,,51651,2,,,0,10,,51652,2,,,0,10,,51653,2,,,0,10,,51654,2,,,0,50,,51655,2,,,0,10,,51656,2,,,0,10,,51657,2,,,0,10,,51658,2,,,0,10,,51659,2,,,0,10,,51660,2,,,0,50,,51661,2,,,0,10,,51662,2,,,0,10,,51663,2,,,0,10,,51664,2,,,0,10,,51665,2,,,0,10,,51666,2,,,0,50,,51667,2,,,0,10,,51668,2,,,0,10,,51669,2,,,0,10,,51670,2,,,0,10,,51671,2,,,0,10,,51672,2,,,0,50,,51673,2,,,0,10,,51674,2,,,0,10,,51675,2,,,0,10,,51676,2,,,0,10,,51677,2,,,0,10,,51678,2,,,0,50,,51679,2,,,0,10,,51680,2,,,0,10,,51681,2,,,0,10,,51682,2,,,0,10,,51683,2,,,0,10,,51684,2,,,0,50,,51685,2,,,0,15,,51686,2,,,0,15,,51687,2,,,0,15,,51688,2,,,0,55,,51689,2,,,0,30,,51690,2,,,0,70,,51691,2,,,0,30,,51692,2,,,0,70,,51693,2,,,0,30,,51694,2,,,0,70,,51695,2,,,0,30,,51696,2,,,0,70,,51697,2,,,0,30,,51698,2,,,0,70,,51699,2,,,0,30,,51700,2,,,0
1701,'1379',535,,51701,2,,,0,70,,51702,2,,,0,15,,51703,2,,,0,15,,51704,2,,,0,15,,51705,2,,,0,55,,51706,2,,,0,10,,51707,2,,,0,10,,51708,2,,,0,10,,51709,2,,,0,10,,51710,2,,,0,10,,51711,2,,,0,50,,51712,2,,,0,10,,51713,2,,,0,10,,51714,2,,,0,10,,51715,2,,,0,10,,51716,2,,,0,10,,51717,2,,,0,50,,51718,2,,,0,10,,51719,2,,,0,10,,51720,2,,,0,10,,51721,2,,,0,10,,51722,2,,,0,10,,51723,2,,,0,50,,51724,2,,,0,10,,51725,2,,,0,10,,51726,2,,,0,10,,51727,2,,,0,10,,51728,2,,,0,10,,51729,2,,,0,50,,51730,2,,,0,10,,51731,2,,,0,10,,51732,2,,,0,10,,51733,2,,,0,10,,51734,2,,,0,10,,51735,2,,,0,50,,51736,2,,,0,10,,51737,2,,,0,10,,51738,2,,,0,10,,51739,2,,,0,10,,51740,2,,,0,10,,51741,2,,,0,50,,51742,2,,,0,10,,51743,2,,,0,10,,51744,2,,,0,10,,51745,2,,,0,10,,51746,2,,,0,10,,51747,2,,,0,50,,51748,2,,,0,10,,51749,2,,,0,10,,51750,2,,,0,10,,51751,2,,,0,10,,51752,2,,,0,10,,51753,2,,,0,50,,51754,2,,,0,10,,51755,2,,,0,10,,51756,2,,,0,10,,51757,2,,,0,10,,51758,2,,,0,10,,51759,2,,,0,50,,51760,2,,,0,10,,51761,2,,,0,10,,51762,2,,,0,10,,51763,2,,,0,10,,51764,2,,,0,10,,51765,2,,,0,50,,51766,2,,,0,10,,51767,2,,,0,10,,51768,2,,,0,10,,51769,2,,,0,10,,51770,2,,,0,10,,51771,2,,,0,50,,51772,2,,,0,15,,51773,2,,,0,15,,51774,2,,,0,15,,51775,2,,,0,55,,51776,2,,,0,30,,51777,2,,,0,70,,51778,2,,,0,30,,51779,2,,,0,70,,51780,2,,,0,30,,51781,2,,,0,70,,51782,2,,,0,30,,51783,2,,,0,70,,51784,2,,,0,30,,51785,2,,,0,70,,51786,2,,,0,30,,51787,2,,,0
1701,'1380',535,,51788,2,,,0,70,,51789,2,,,0,15,,51790,2,,,0,15,,51791,2,,,0,15,,51792,2,,,0,55,,51793,2,,,0,10,,51794,2,,,0,10,,51795,2,,,0,10,,51796,2,,,0,10,,51797,2,,,0,10,,51798,2,,,0,50,,51799,2,,,0,10,,51800,2,,,0,10,,51801,2,,,0,10,,51802,2,,,0,10,,51803,2,,,0,10,,51804,2,,,0,50,,51805,2,,,0,10,,51806,2,,,0,10,,51807,2,,,0,10,,51808,2,,,0,10,,51809,2,,,0,10,,51810,2,,,0,50,,51811,2,,,0,10,,51812,2,,,0,10,,51813,2,,,0,10,,51814,2,,,0,10,,51815,2,,,0,10,,51816,2,,,0,50,,51817,2,,,0,10,,51818,2,,,0,10,,51819,2,,,0,10,,51820,2,,,0,10,,51821,2,,,0,10,,51822,2,,,0,50,,51823,2,,,0,10,,51824,2,,,0,10,,51825,2,,,0,10,,51826,2,,,0,10,,51827,2,,,0,10,,51828,2,,,0,50,,51829,2,,,0,10,,51830,2,,,0,10,,51831,2,,,0,10,,51832,2,,,0,10,,51833,2,,,0,10,,51834,2,,,0,50,,51835,2,,,0,10,,51836,2,,,0,10,,51837,2,,,0,10,,51838,2,,,0,10,,51839,2,,,0,10,,51840,2,,,0,50,,51841,2,,,0,10,,51842,2,,,0,10,,51843,2,,,0,10,,51844,2,,,0,10,,51845,2,,,0,10,,51846,2,,,0,50,,51847,2,,,0,10,,51848,2,,,0,10,,51849,2,,,0,10,,51850,2,,,0,10,,51851,2,,,0,10,,51852,2,,,0,50,,51853,2,,,0,10,,51854,2,,,0,10,,51855,2,,,0,10,,51856,2,,,0,10,,51857,2,,,0,10,,51858,2,,,0,50,,51859,2,,,0,15,,51860,2,,,0,15,,51861,2,,,0,15,,51862,2,,,0,55,,51863,2,,,0,30,,51864,2,,,0,70,,51865,2,,,0,30,,51866,2,,,0,70,,51867,2,,,0,30,,51868,2,,,0,70,,51869,2,,,0,30,,51870,2,,,0,70,,51871,2,,,0,30,,51872,2,,,0,70,,51873,2,,,0,30,,51874,2,,,0
1701,'1381',535,,51875,2,,,0,70,,51876,2,,,0,15,,51877,2,,,0,15,,51878,2,,,0,15,,51879,2,,,0,55,,51880,2,,,0,10,,51881,2,,,0,10,,51882,2,,,0,10,,51883,2,,,0,10,,51884,2,,,0,10,,51885,2,,,0,50,,51886,2,,,0,10,,51887,2,,,0,10,,51888,2,,,0,10,,51889,2,,,0,10,,51890,2,,,0,10,,51891,2,,,0,50,,51892,2,,,0,10,,51893,2,,,0,10,,51894,2,,,0,10,,51895,2,,,0,10,,51896,2,,,0,10,,51897,2,,,0,50,,51898,2,,,0,10,,51899,2,,,0,10,,51900,2,,,0,10,,51901,2,,,0,10,,51902,2,,,0,10,,51903,2,,,0,50,,51904,2,,,0,10,,51905,2,,,0,10,,51906,2,,,0,10,,51907,2,,,0,10,,51908,2,,,0,10,,51909,2,,,0,50,,51910,2,,,0,10,,51911,2,,,0,10,,51912,2,,,0,10,,51913,2,,,0,10,,51914,2,,,0,10,,51915,2,,,0,50,,51916,2,,,0,10,,51917,2,,,0,10,,51918,2,,,0,10,,51919,2,,,0,10,,51920,2,,,0,10,,51921,2,,,0,50,,51922,2,,,0,10,,51923,2,,,0,10,,51924,2,,,0,10,,51925,2,,,0,10,,51926,2,,,0,10,,51927,2,,,0,50,,51928,2,,,0,10,,51929,2,,,0,10,,51930,2,,,0,10,,51931,2,,,0,10,,51932,2,,,0,10,,51933,2,,,0,50,,51934,2,,,0,10,,51935,2,,,0,10,,51936,2,,,0,10,,51937,2,,,0,10,,51938,2,,,0,10,,51939,2,,,0,50,,51940,2,,,0,10,,51941,2,,,0,10,,51942,2,,,0,10,,51943,2,,,0,10,,51944,2,,,0,10,,51945,2,,,0,50,,51946,2,,,0,15,,51947,2,,,0,15,,51948,2,,,0,15,,51949,2,,,0,55,,51950,2,,,0,30,,51951,2,,,0,70,,51952,2,,,0,30,,51953,2,,,0,70,,51954,2,,,0,30,,51955,2,,,0,70,,51956,2,,,0,30,,51957,2,,,0,70,,51958,2,,,0,30,,51959,2,,,0,70,,51960,2,,,0,30,,51961,2,,,0
1701,'1382',535,,51962,2,,,0,70,,51963,2,,,0,15,,51964,2,,,0,15,,51965,2,,,0,15,,51966,2,,,0,55,,51967,2,,,0,10,,51968,2,,,0,10,,51969,2,,,0,10,,51970,2,,,0,10,,51971,2,,,0,10,,51972,2,,,0,50,,51973,2,,,0,10,,51974,2,,,0,10,,51975,2,,,0,10,,51976,2,,,0,10,,51977,2,,,0,10,,51978,2,,,0,50,,51979,2,,,0,10,,51980,2,,,0,10,,51981,2,,,0,10,,51982,2,,,0,10,,51983,2,,,0,10,,51984,2,,,0,50,,51985,2,,,0,10,,51986,2,,,0,10,,51987,2,,,0,10,,51988,2,,,0,10,,51989,2,,,0,10,,51990,2,,,0,50,,51991,2,,,0,10,,51992,2,,,0,10,,51993,2,,,0,10,,51994,2,,,0,10,,51995,2,,,0,10,,51996,2,,,0,50,,51997,2,,,0,10,,51998,2,,,0,10,,51999,2,,,0,10,,52000,2,,,0,10,,52001,2,,,0,10,,52002,2,,,0,50,,52003,2,,,0,10,,52004,2,,,0,10,,52005,2,,,0,10,,52006,2,,,0,10,,52007,2,,,0,10,,52008,2,,,0,50,,52009,2,,,0,10,,52010,2,,,0,10,,52011,2,,,0,10,,52012,2,,,0,10,,52013,2,,,0,10,,52014,2,,,0,50,,52015,2,,,0,10,,52016,2,,,0,10,,52017,2,,,0,10,,52018,2,,,0,10,,52019,2,,,0,10,,52020,2,,,0,50,,52021,2,,,0,10,,52022,2,,,0,10,,52023,2,,,0,10,,52024,2,,,0,10,,52025,2,,,0,10,,52026,2,,,0,50,,52027,2,,,0,10,,52028,2,,,0,10,,52029,2,,,0,10,,52030,2,,,0,10,,52031,2,,,0,10,,52032,2,,,0,50,,52033,2,,,0,15,,52034,2,,,0,15,,52035,2,,,0,15,,52036,2,,,0,55,,52037,2,,,0,30,,52038,2,,,0,70,,52039,2,,,0,30,,52040,2,,,0,70,,52041,2,,,0,30,,52042,2,,,0,70,,52043,2,,,0,30,,52044,2,,,0,70,,52045,2,,,0,30,,52046,2,,,0,70,,52047,2,,,0,30,,52048,2,,,0
1801,'1376',701,,52486,2,,,0,100,,52485,2,,,0,100,,52484,2,,,0,105,,52483,2,,,0,40,,52482,2,,,0,80,,52481,2,,,0,80,,52480,2,,,0,40,,52479,2,,,0,80,,52478,2,,,0,80,,52477,2,,,0,40,,52476,2,,,0,80,,52475,2,,,0,80,,52474,2,,,0,40,,52473,2,,,0,80,,52472,2,,,0,80,,52471,2,,,0,40,,52470,2,,,0,80,,52469,2,,,0
1801,'1377',536,,52487,2,,,0,70,,52488,2,,,0,30,,52489,2,,,0,70,,52490,2,,,0,30,,52491,2,,,0,70,,52492,2,,,0,30,,52493,2,,,0,70,,52494,2,,,0,30,,52495,2,,,0,70,,52496,2,,,0,20,,52497,2,,,0,20,,52498,2,,,0,60,,52499,2,,,0,20,,52500,2,,,0,20,,52501,2,,,0,60,,52502,2,,,0,20,,52503,2,,,0,20,,52504,2,,,0,60,,52505,2,,,0,20,,52506,2,,,0,20,,52507,2,,,0,60,,52508,2,,,0,20,,52509,2,,,0,20,,52510,2,,,0,60,,52511,2,,,0,20,,52512,2,,,0,20,,52513,2,,,0,60,,52514,2,,,0,20,,52515,2,,,0,20,,52516,2,,,0,60,,52517,2,,,0,20,,52518,2,,,0,20,,52519,2,,,0,60,,52520,2,,,0,35,,52521,2,,,0,65,,52522,2,,,0,30,,52523,2,,,0,70,,52524,2,,,0,30,,52525,2,,,0,70,,52526,2,,,0,30,,52527,2,,,0,70,,52528,2,,,0,30,,52529,2,,,0,70,,52530,2,,,0,30,,52531,2,,,0,70,,52532,2,,,0,30,,52533,2,,,0
1801,'1378',534,,52572,2,,,0,70,,52573,2,,,0,15,,52538,2,,,0,15,,52537,2,,,0,15,,52536,2,,,0,55,,52535,2,,,0,10,,52534,2,,,0,10,,52539,2,,,0,10,,52540,2,,,0,10,,52541,2,,,0,10,,52542,2,,,0,50,,52543,2,,,0,15,,52544,2,,,0,15,,52545,2,,,0,15,,52546,2,,,0,55,,52574,2,,,0,15,,52575,2,,,0,15,,52576,2,,,0,15,,52577,2,,,0,55,,52578,2,,,0,15,,52579,2,,,0,15,,52580,2,,,0,15,,52581,2,,,0,55,,52582,2,,,0,15,,52583,2,,,0,15,,52584,2,,,0,15,,52585,2,,,0,55,,52586,2,,,0,15,,52587,2,,,0,15,,52588,2,,,0,15,,52589,2,,,0,55,,52590,2,,,0,17,,52547,2,,,0,15,,52548,2,,,0,15,,52549,2,,,0,55,,52550,2,,,0,10,,52551,2,,,0,10,,52552,2,,,0,10,,52553,2,,,0,10,,52554,2,,,0,10,,52555,2,,,0,50,,52556,2,,,0,10,,52557,2,,,0,10,,52558,2,,,0,10,,52559,2,,,0,10,,52560,2,,,0,10,,52561,2,,,0,50,,52562,2,,,0,10,,52563,2,,,0,10,,52564,2,,,0,10,,52565,2,,,0,10,,52566,2,,,0,10,,52567,2,,,0,50,,52568,2,,,0,15,,52569,2,,,0,15,,52570,2,,,0,15,,52571,2,,,0,54,,52591,2,,,0,30,,52592,2,,,0,70,,52593,2,,,0,30,,52594,2,,,0,70,,52595,2,,,0,30,,52596,2,,,0,70,,52597,2,,,0,30,,52598,2,,,0,70,,52599,2,,,0,30,,52600,2,,,0,70,,52601,2,,,0,30,,52602,2,,,0,70,,52603,2,,,0,30,,52604,2,,,0
1801,'1379',534,,52644,2,,,0,70,,52645,2,,,0,15,,52609,2,,,0,15,,52608,2,,,0,15,,52607,2,,,0,55,,52606,2,,,0,10,,52610,2,,,0,10,,52611,2,,,0,10,,52612,2,,,0,10,,52613,2,,,0,10,,52614,2,,,0,50,,52615,2,,,0,15,,52616,2,,,0,15,,52617,2,,,0,15,,52618,2,,,0,55,,52646,2,,,0,15,,52647,2,,,0,15,,52648,2,,,0,15,,52649,2,,,0,55,,52650,2,,,0,15,,52651,2,,,0,15,,52652,2,,,0,15,,52653,2,,,0,55,,52654,2,,,0,15,,52655,2,,,0,15,,52656,2,,,0,15,,52657,2,,,0,55,,52658,2,,,0,15,,52659,2,,,0,15,,52660,2,,,0,15,,52661,2,,,0,55,,52662,2,,,0,17,,52619,2,,,0,15,,52620,2,,,0,15,,52621,2,,,0,55,,52622,2,,,0,10,,52623,2,,,0,10,,52624,2,,,0,10,,52625,2,,,0,10,,52626,2,,,0,10,,52627,2,,,0,50,,52628,2,,,0,10,,52629,2,,,0,10,,52630,2,,,0,10,,52631,2,,,0,10,,52632,2,,,0,10,,52633,2,,,0,50,,52634,2,,,0,10,,52635,2,,,0,10,,52636,2,,,0,10,,52637,2,,,0,10,,52638,2,,,0,10,,52639,2,,,0,50,,52640,2,,,0,15,,52641,2,,,0,15,,52642,2,,,0,15,,52643,2,,,0,54,,52663,2,,,0,30,,52664,2,,,0,70,,52665,2,,,0,30,,52666,2,,,0,70,,52667,2,,,0,30,,52668,2,,,0,70,,52669,2,,,0,30,,52670,2,,,0,70,,52671,2,,,0,30,,52672,2,,,0,70,,52673,2,,,0,30,,52674,2,,,0,70,,52675,2,,,0,30,,52676,2,,,0
1801,'1380',534,,52716,2,,,0,70,,52717,2,,,0,15,,52681,2,,,0,15,,52680,2,,,0,15,,52679,2,,,0,55,,52678,2,,,0,10,,52682,2,,,0,10,,52683,2,,,0,10,,52684,2,,,0,10,,52685,2,,,0,10,,52686,2,,,0,50,,52687,2,,,0,15,,52688,2,,,0,15,,52689,2,,,0,15,,52690,2,,,0,55,,52718,2,,,0,15,,52719,2,,,0,15,,52720,2,,,0,15,,52721,2,,,0,55,,52722,2,,,0,15,,52723,2,,,0,15,,52724,2,,,0,15,,52725,2,,,0,55,,52726,2,,,0,15,,52727,2,,,0,15,,52728,2,,,0,15,,52729,2,,,0,55,,52730,2,,,0,15,,52731,2,,,0,15,,52732,2,,,0,15,,52733,2,,,0,55,,52734,2,,,0,17,,52691,2,,,0,15,,52692,2,,,0,15,,52693,2,,,0,55,,52694,2,,,0,10,,52695,2,,,0,10,,52696,2,,,0,10,,52697,2,,,0,10,,52698,2,,,0,10,,52699,2,,,0,50,,52700,2,,,0,10,,52701,2,,,0,10,,52702,2,,,0,10,,52703,2,,,0,10,,52704,2,,,0,10,,52705,2,,,0,50,,52706,2,,,0,10,,52707,2,,,0,10,,52708,2,,,0,10,,52709,2,,,0,10,,52710,2,,,0,10,,52711,2,,,0,50,,52712,2,,,0,15,,52713,2,,,0,15,,52714,2,,,0,15,,52715,2,,,0,54,,52735,2,,,0,30,,52736,2,,,0,70,,52737,2,,,0,30,,52738,2,,,0,70,,52739,2,,,0,30,,52740,2,,,0,70,,52741,2,,,0,30,,52742,2,,,0,70,,52743,2,,,0,30,,52744,2,,,0,70,,52745,2,,,0,30,,52746,2,,,0,70,,52747,2,,,0,30,,52748,2,,,0
1801,'1381',534,,52788,2,,,0,70,,52789,2,,,0,15,,52753,2,,,0,15,,52752,2,,,0,15,,52751,2,,,0,55,,52750,2,,,0,10,,52754,2,,,0,10,,52755,2,,,0,10,,52756,2,,,0,10,,52757,2,,,0,10,,52758,2,,,0,50,,52759,2,,,0,15,,52760,2,,,0,15,,52761,2,,,0,15,,52762,2,,,0,55,,52790,2,,,0,15,,52791,2,,,0,15,,52792,2,,,0,15,,52793,2,,,0,55,,52794,2,,,0,15,,52795,2,,,0,15,,52796,2,,,0,15,,52797,2,,,0,55,,52798,2,,,0,15,,52799,2,,,0,15,,52800,2,,,0,15,,52801,2,,,0,55,,52802,2,,,0,15,,52803,2,,,0,15,,52804,2,,,0,15,,52805,2,,,0,55,,52806,2,,,0,17,,52763,2,,,0,15,,52764,2,,,0,15,,52765,2,,,0,55,,52766,2,,,0,10,,52767,2,,,0,10,,52768,2,,,0,10,,52769,2,,,0,10,,52770,2,,,0,10,,52771,2,,,0,50,,52772,2,,,0,10,,52773,2,,,0,10,,52774,2,,,0,10,,52775,2,,,0,10,,52776,2,,,0,10,,52777,2,,,0,50,,52778,2,,,0,10,,52779,2,,,0,10,,52780,2,,,0,10,,52781,2,,,0,10,,52782,2,,,0,10,,52783,2,,,0,50,,52784,2,,,0,15,,52785,2,,,0,15,,52786,2,,,0,15,,52787,2,,,0,54,,52807,2,,,0,30,,52808,2,,,0,70,,52809,2,,,0,30,,52810,2,,,0,70,,52811,2,,,0,30,,52812,2,,,0,70,,52813,2,,,0,30,,52814,2,,,0,70,,52815,2,,,0,30,,52816,2,,,0,70,,52817,2,,,0,30,,52818,2,,,0,70,,52819,2,,,0,30,,52820,2,,,0
1801,'1382',534,,52860,2,,,0,70,,52861,2,,,0,15,,52825,2,,,0,15,,52824,2,,,0,15,,52823,2,,,0,55,,52822,2,,,0,10,,52826,2,,,0,10,,52827,2,,,0,10,,52828,2,,,0,10,,52829,2,,,0,10,,52830,2,,,0,50,,52831,2,,,0,15,,52832,2,,,0,15,,52833,2,,,0,15,,52834,2,,,0,55,,52862,2,,,0,15,,52863,2,,,0,15,,52864,2,,,0,15,,52865,2,,,0,55,,52866,2,,,0,15,,52867,2,,,0,15,,52868,2,,,0,15,,52869,2,,,0,55,,52870,2,,,0,15,,52871,2,,,0,15,,52872,2,,,0,15,,52873,2,,,0,55,,52874,2,,,0,15,,52875,2,,,0,15,,52876,2,,,0,15,,52877,2,,,0,55,,52878,2,,,0,17,,52835,2,,,0,15,,52836,2,,,0,15,,52837,2,,,0,55,,52838,2,,,0,10,,52839,2,,,0,10,,52840,2,,,0,10,,52841,2,,,0,10,,52842,2,,,0,10,,52843,2,,,0,50,,52844,2,,,0,10,,52845,2,,,0,10,,52846,2,,,0,10,,52847,2,,,0,10,,52848,2,,,0,10,,52849,2,,,0,50,,52850,2,,,0,10,,52851,2,,,0,10,,52852,2,,,0,10,,52853,2,,,0,10,,52854,2,,,0,10,,52855,2,,,0,50,,52856,2,,,0,15,,52857,2,,,0,15,,52858,2,,,0,15,,52859,2,,,0,54,,52879,2,,,0,30,,52880,2,,,0,70,,52881,2,,,0,30,,52882,2,,,0,70,,52883,2,,,0,30,,52884,2,,,0,70,,52885,2,,,0,30,,52886,2,,,0,70,,52887,2,,,0,30,,52888,2,,,0,70,,52889,2,,,0,30,,52890,2,,,0,70,,52891,2,,,0,30,,52892,2,,,0
