1601,'1383',1014,,57984,5,,,0,30,,57983,5,,,0,85,,57982,5,,,0,30,,57981,5,,,0,70,,57980,5,,,0,30,,57979,5,,,0,70,,57978,5,,,0,30,,57977,5,,,0,70,,57976,5,,,0,30,,57975,5,,,0,70,,57974,5,,,0,30,,57973,5,,,0,70,,57972,5,,,0,30,,57971,5,,,0,70,,57970,5,,,0,15,,57985,5,,,0,15,,57969,5,,,0,70,,57968,5,,,0,30,,57967,5,,,0,70,,57966,5,,,0
1601,'1384',656,,57986,5,,,0,70,,57987,5,,,0,30,,57988,5,,,0,70,,57989,5,,,0,30,,57990,5,,,0,70,,57991,5,,,0,30,,57992,5,,,0,70,,57993,5,,,0,20,,57994,5,,,0,60,,57995,5,,,0,20,,57996,5,,,0,20,,57997,5,,,0,60,,57998,5,,,0,20,,57999,5,,,0,20,,58000,5,,,0,60,,58001,5,,,0,20,,58002,5,,,0,20,,58003,5,,,0,60,,58004,5,,,0,20,,58005,5,,,0,20,,58006,5,,,0,60,,58007,5,,,0,20,,58008,5,,,0,20,,58009,5,,,0,60,,58010,5,,,0,20,,58011,5,,,0,20,,58012,5,,,0,60,,58013,5,,,0,20,,58014,5,,,0,20,,58015,5,,,0,60,,58016,5,,,0,22,,58017,5,,,0,30,,58018,5,,,0,70,,58019,5,,,0,30,,58020,5,,,0,70,,58021,5,,,0,30,,58022,5,,,0,70,,58023,5,,,0,100,,58024,5,,,0
1601,'1385',606,,58025,5,,,0,37,,58026,5,,,0,70,,58027,5,,,0,20,,58028,5,,,0,20,,58029,5,,,0,60,,58030,5,,,0,20,,58031,5,,,0,20,,58032,5,,,0,60,,58033,5,,,0,20,,58034,5,,,0,20,,58035,5,,,0,60,,58036,5,,,0,20,,58037,5,,,0,20,,58038,5,,,0,60,,58039,5,,,0,20,,58040,5,,,0,20,,58041,5,,,0,60,,58042,5,,,0,20,,58043,5,,,0,20,,58044,5,,,0,60,,58045,5,,,0,20,,58046,5,,,0,20,,58047,5,,,0,60,,58048,5,,,0,20,,58049,5,,,0,20,,58050,5,,,0,60,,58051,5,,,0,20,,58052,5,,,0,20,,58053,5,,,0,60,,58054,5,,,0,20,,58055,5,,,0,20,,58056,5,,,0,60,,58057,5,,,0,20,,58058,5,,,0,20,,58059,5,,,0,60,,58060,5,,,0,15,,58061,5,,,0,30,,58062,5,,,0,70,,58063,5,,,0,30,,58064,5,,,0,70,,58065,5,,,0,30,,58066,5,,,0,70,,58067,5,,,0,100,,58068,5,,,0,100,,58069,5,,,0
1601,'1386',606,,58070,5,,,0,37,,58071,5,,,0,70,,58072,5,,,0,20,,58073,5,,,0,20,,58074,5,,,0,60,,58075,5,,,0,20,,58076,5,,,0,20,,58077,5,,,0,60,,58078,5,,,0,20,,58079,5,,,0,20,,58080,5,,,0,60,,58081,5,,,0,20,,58082,5,,,0,20,,58083,5,,,0,60,,58084,5,,,0,20,,58085,5,,,0,20,,58086,5,,,0,60,,58087,5,,,0,20,,58088,5,,,0,20,,58089,5,,,0,60,,58090,5,,,0,20,,58091,5,,,0,20,,58092,5,,,0,60,,58093,5,,,0,20,,58094,5,,,0,20,,58095,5,,,0,60,,58096,5,,,0,20,,58097,5,,,0,20,,58098,5,,,0,60,,58099,5,,,0,20,,58100,5,,,0,20,,58101,5,,,0,60,,58102,5,,,0,20,,58103,5,,,0,20,,58104,5,,,0,60,,58105,5,,,0,15,,58106,5,,,0,30,,58107,5,,,0,70,,58108,5,,,0,30,,58109,5,,,0,70,,58110,5,,,0,30,,58111,5,,,0,70,,58112,5,,,0,100,,58113,5,,,0,100,,58114,5,,,0
1601,'1387',606,,58115,5,,,0,37,,58116,5,,,0,70,,58117,5,,,0,20,,58118,5,,,0,20,,58119,5,,,0,60,,58120,5,,,0,20,,58121,5,,,0,20,,58122,5,,,0,60,,58123,5,,,0,20,,58124,5,,,0,20,,58125,5,,,0,60,,58126,5,,,0,20,,58127,5,,,0,20,,58128,5,,,0,60,,58129,5,,,0,20,,58130,5,,,0,20,,58131,5,,,0,60,,58132,5,,,0,20,,58133,5,,,0,20,,58134,5,,,0,60,,58135,5,,,0,20,,58136,5,,,0,20,,58137,5,,,0,60,,58138,5,,,0,20,,58139,5,,,0,20,,58140,5,,,0,60,,58141,5,,,0,20,,58142,5,,,0,20,,58143,5,,,0,60,,58144,5,,,0,20,,58145,5,,,0,20,,58146,5,,,0,60,,58147,5,,,0,20,,58148,5,,,0,20,,58149,5,,,0,60,,58150,5,,,0,15,,58151,5,,,0,30,,58152,5,,,0,70,,58153,5,,,0,30,,58154,5,,,0,70,,58155,5,,,0,30,,58156,5,,,0,70,,58157,5,,,0,100,,58158,5,,,0,100,,58159,5,,,0
1601,'1388',606,,58160,5,,,0,37,,58161,5,,,0,70,,58162,5,,,0,20,,58163,5,,,0,20,,58164,5,,,0,60,,58165,5,,,0,20,,58166,5,,,0,20,,58167,5,,,0,60,,58168,5,,,0,20,,58169,5,,,0,20,,58170,5,,,0,60,,58171,5,,,0,20,,58172,5,,,0,20,,58173,5,,,0,60,,58174,5,,,0,20,,58175,5,,,0,20,,58176,5,,,0,60,,58177,5,,,0,20,,58178,5,,,0,20,,58179,5,,,0,60,,58180,5,,,0,20,,58181,5,,,0,20,,58182,5,,,0,60,,58183,5,,,0,20,,58184,5,,,0,20,,58185,5,,,0,60,,58186,5,,,0,20,,58187,5,,,0,20,,58188,5,,,0,60,,58189,5,,,0,20,,58190,5,,,0,20,,58191,5,,,0,60,,58192,5,,,0,20,,58193,5,,,0,20,,58194,5,,,0,60,,58195,5,,,0,15,,58196,5,,,0,30,,58197,5,,,0,70,,58198,5,,,0,30,,58199,5,,,0,70,,58200,5,,,0,30,,58201,5,,,0,70,,58202,5,,,0,100,,58203,5,,,0,100,,58204,5,,,0
1601,'1389',606,,58205,5,,,0,37,,58206,5,,,0,70,,58207,5,,,0,20,,58208,5,,,0,20,,58209,5,,,0,60,,58210,5,,,0,20,,58211,5,,,0,20,,58212,5,,,0,60,,58213,5,,,0,20,,58214,5,,,0,20,,58215,5,,,0,60,,58216,5,,,0,20,,58217,5,,,0,20,,58218,5,,,0,60,,58219,5,,,0,20,,58220,5,,,0,20,,58221,5,,,0,60,,58222,5,,,0,20,,58223,5,,,0,20,,58224,5,,,0,60,,58225,5,,,0,20,,58226,5,,,0,20,,58227,5,,,0,60,,58228,5,,,0,20,,58229,5,,,0,20,,58230,5,,,0,60,,58231,5,,,0,20,,58232,5,,,0,20,,58233,5,,,0,60,,58234,5,,,0,20,,58235,5,,,0,20,,58236,5,,,0,60,,58237,5,,,0,20,,58238,5,,,0,20,,58239,5,,,0,60,,58240,5,,,0,15,,58241,5,,,0,30,,58242,5,,,0,70,,58243,5,,,0,30,,58244,5,,,0,70,,58245,5,,,0,30,,58246,5,,,0,70,,58247,5,,,0,100,,58248,5,,,0,100,,58249,5,,,0
1701,'1383',720,,58766,31,,,0,100,,58768,31,,,0,100,,58767,31,,,0,104,,58765,31,,,0,80,,58764,31,,,0,40,,58763,31,,,0,80,,58762,31,,,0,80,,58761,31,,,0,40,,58760,31,,,0,80,,58759,31,,,0,80,,58758,31,,,0,40,,58757,31,,,0,80,,58756,31,,,0,80,,58755,31,,,0,40,,58754,31,,,0,80,,58753,31,,,0,80,,58752,31,,,0,40,,58751,31,,,0
1701,'1384',554,,58794,31,,,0,70,,58795,31,,,0,30,,58796,31,,,0,70,,58797,31,,,0,30,,58798,31,,,0,70,,58799,31,,,0,30,,58800,31,,,0,70,,58769,31,,,0,30,,58770,31,,,0,70,,58771,31,,,0,20,,58772,31,,,0,60,,58773,31,,,0,20,,58774,31,,,0,20,,58775,31,,,0,60,,58776,31,,,0,20,,58777,31,,,0,20,,58778,31,,,0,60,,58779,31,,,0,20,,58780,31,,,0,20,,58781,31,,,0,60,,58782,31,,,0,20,,58783,31,,,0,20,,58784,31,,,0,60,,58785,31,,,0,20,,58786,31,,,0,20,,58787,31,,,0,60,,58788,31,,,0,20,,58789,31,,,0,20,,58790,31,,,0,60,,58791,31,,,0,20,,58801,31,,,0,20,,58792,31,,,0,60,,58793,31,,,0,20,,58802,31,,,0,30,,58803,31,,,0,70,,58804,31,,,0,30,,58805,31,,,0,70,,58806,31,,,0,30,,58807,31,,,0,70,,58808,31,,,0,30,,58809,31,,,0,70,,58810,31,,,0,30,,58811,31,,,0,70,,58812,31,,,0,30,,58813,31,,,0,70,,58814,31,,,0,30,,58815,31,,,0
1701,'1385',553,,58816,31,,,0,70,,58817,31,,,0,15,,58818,31,,,0,15,,58819,31,,,0,55,,58820,31,,,0,15,,58821,31,,,0,10,,58822,31,,,0,10,,58823,31,,,0,10,,58824,31,,,0,50,,58825,31,,,0,10,,58826,31,,,0,10,,58827,31,,,0,10,,58828,31,,,0,10,,58829,31,,,0,10,,58830,31,,,0,50,,58831,31,,,0,10,,58832,31,,,0,10,,58833,31,,,0,10,,58834,31,,,0,10,,58835,31,,,0,10,,58875,31,,,0,50,,58836,31,,,0,10,,58861,31,,,0,10,,58862,31,,,0,10,,58863,31,,,0,10,,58864,31,,,0,10,,58865,31,,,0,50,,58866,31,,,0,10,,58867,31,,,0,10,,58868,31,,,0,10,,58869,31,,,0,10,,58870,31,,,0,10,,58871,31,,,0,50,,58872,31,,,0,10,,58873,31,,,0,10,,58874,31,,,0,10,,58876,31,,,0,10,,58877,31,,,0,10,,58879,31,,,0,50,,58880,31,,,0,10,,58881,31,,,0,10,,58882,31,,,0,10,,58883,31,,,0,10,,58884,31,,,0,10,,58885,31,,,0,50,,58837,31,,,0,10,,58838,31,,,0,10,,58839,31,,,0,10,,58840,31,,,0,10,,58841,31,,,0,10,,58842,31,,,0,50,,58843,31,,,0,10,,58844,31,,,0,10,,58845,31,,,0,10,,58846,31,,,0,10,,58847,31,,,0,10,,58848,31,,,0,50,,58849,31,,,0,10,,58850,31,,,0,10,,58851,31,,,0,10,,58852,31,,,0,10,,58853,31,,,0,10,,58854,31,,,0,50,,58855,31,,,0,10,,58856,31,,,0,10,,58857,31,,,0,10,,58858,31,,,0,10,,58859,31,,,0,10,,58860,31,,,0,50,,58886,31,,,0,10,,58887,31,,,0,10,,58888,31,,,0,15,,58889,31,,,0,15,,58890,31,,,0,55,,58891,31,,,0,15,,58892,31,,,0,30,,58893,31,,,0,70,,58894,31,,,0,30,,58895,31,,,0,70,,58896,31,,,0,30,,58897,31,,,0,70,,58898,31,,,0,30,,58899,31,,,0,70,,58900,31,,,0,30,,58901,31,,,0,70,,58902,31,,,0,30,,58878,31,,,0
1701,'1386',553,,58903,31,,,0,70,,58904,31,,,0,15,,58905,31,,,0,15,,58906,31,,,0,55,,58907,31,,,0,15,,58908,31,,,0,10,,58909,31,,,0,10,,58910,31,,,0,10,,58911,31,,,0,50,,58912,31,,,0,10,,58913,31,,,0,10,,58914,31,,,0,10,,58915,31,,,0,10,,58916,31,,,0,10,,58917,31,,,0,50,,58918,31,,,0,10,,58919,31,,,0,10,,58920,31,,,0,10,,58921,31,,,0,10,,58922,31,,,0,10,,58962,31,,,0,50,,58923,31,,,0,10,,58948,31,,,0,10,,58949,31,,,0,10,,58950,31,,,0,10,,58951,31,,,0,10,,58952,31,,,0,50,,58953,31,,,0,10,,58954,31,,,0,10,,58955,31,,,0,10,,58956,31,,,0,10,,58957,31,,,0,10,,58958,31,,,0,50,,58959,31,,,0,10,,58960,31,,,0,10,,58961,31,,,0,10,,58963,31,,,0,10,,58964,31,,,0,10,,58966,31,,,0,50,,58967,31,,,0,10,,58968,31,,,0,10,,58969,31,,,0,10,,58970,31,,,0,10,,58971,31,,,0,10,,58972,31,,,0,50,,58924,31,,,0,10,,58925,31,,,0,10,,58926,31,,,0,10,,58927,31,,,0,10,,58928,31,,,0,10,,58929,31,,,0,50,,58930,31,,,0,10,,58931,31,,,0,10,,58932,31,,,0,10,,58933,31,,,0,10,,58934,31,,,0,10,,58935,31,,,0,50,,58936,31,,,0,10,,58937,31,,,0,10,,58938,31,,,0,10,,58939,31,,,0,10,,58940,31,,,0,10,,58941,31,,,0,50,,58942,31,,,0,10,,58943,31,,,0,10,,58944,31,,,0,10,,58945,31,,,0,10,,58946,31,,,0,10,,58947,31,,,0,50,,58973,31,,,0,10,,58974,31,,,0,10,,58975,31,,,0,15,,58976,31,,,0,15,,58977,31,,,0,55,,58978,31,,,0,15,,58979,31,,,0,30,,58980,31,,,0,70,,58981,31,,,0,30,,58982,31,,,0,70,,58983,31,,,0,30,,58984,31,,,0,70,,58985,31,,,0,30,,58986,31,,,0,70,,58987,31,,,0,30,,58988,31,,,0,70,,58989,31,,,0,30,,58965,31,,,0
1701,'1387',553,,58990,31,,,0,70,,58991,31,,,0,15,,58992,31,,,0,15,,58993,31,,,0,55,,58994,31,,,0,15,,58995,31,,,0,10,,58996,31,,,0,10,,58997,31,,,0,10,,58998,31,,,0,50,,58999,31,,,0,10,,59000,31,,,0,10,,59001,31,,,0,10,,59002,31,,,0,10,,59003,31,,,0,10,,59004,31,,,0,50,,59005,31,,,0,10,,59006,31,,,0,10,,59007,31,,,0,10,,59008,31,,,0,10,,59009,31,,,0,10,,59049,31,,,0,50,,59010,31,,,0,10,,59035,31,,,0,10,,59036,31,,,0,10,,59037,31,,,0,10,,59038,31,,,0,10,,59039,31,,,0,50,,59040,31,,,0,10,,59041,31,,,0,10,,59042,31,,,0,10,,59043,31,,,0,10,,59044,31,,,0,10,,59045,31,,,0,50,,59046,31,,,0,10,,59047,31,,,0,10,,59048,31,,,0,10,,59050,31,,,0,10,,59051,31,,,0,10,,59053,31,,,0,50,,59054,31,,,0,10,,59055,31,,,0,10,,59056,31,,,0,10,,59057,31,,,0,10,,59058,31,,,0,10,,59059,31,,,0,50,,59011,31,,,0,10,,59012,31,,,0,10,,59013,31,,,0,10,,59014,31,,,0,10,,59015,31,,,0,10,,59016,31,,,0,50,,59017,31,,,0,10,,59018,31,,,0,10,,59019,31,,,0,10,,59020,31,,,0,10,,59021,31,,,0,10,,59022,31,,,0,50,,59023,31,,,0,10,,59024,31,,,0,10,,59025,31,,,0,10,,59026,31,,,0,10,,59027,31,,,0,10,,59028,31,,,0,50,,59029,31,,,0,10,,59030,31,,,0,10,,59031,31,,,0,10,,59032,31,,,0,10,,59033,31,,,0,10,,59034,31,,,0,50,,59060,31,,,0,10,,59061,31,,,0,10,,59062,31,,,0,15,,59063,31,,,0,15,,59064,31,,,0,55,,59065,31,,,0,15,,59066,31,,,0,30,,59067,31,,,0,70,,59068,31,,,0,30,,59069,31,,,0,70,,59070,31,,,0,30,,59071,31,,,0,70,,59072,31,,,0,30,,59073,31,,,0,70,,59074,31,,,0,30,,59075,31,,,0,70,,59076,31,,,0,30,,59052,31,,,0
1701,'1388',553,,59077,31,,,0,70,,59078,31,,,0,15,,59079,31,,,0,15,,59080,31,,,0,55,,59081,31,,,0,15,,59082,31,,,0,10,,59083,31,,,0,10,,59084,31,,,0,10,,59085,31,,,0,50,,59086,31,,,0,10,,59087,31,,,0,10,,59088,31,,,0,10,,59089,31,,,0,10,,59090,31,,,0,10,,59091,31,,,0,50,,59092,31,,,0,10,,59093,31,,,0,10,,59094,31,,,0,10,,59095,31,,,0,10,,59096,31,,,0,10,,59136,31,,,0,50,,59097,31,,,0,10,,59122,31,,,0,10,,59123,31,,,0,10,,59124,31,,,0,10,,59125,31,,,0,10,,59126,31,,,0,50,,59127,31,,,0,10,,59128,31,,,0,10,,59129,31,,,0,10,,59130,31,,,0,10,,59131,31,,,0,10,,59132,31,,,0,50,,59133,31,,,0,10,,59134,31,,,0,10,,59135,31,,,0,10,,59137,31,,,0,10,,59138,31,,,0,10,,59140,31,,,0,50,,59141,31,,,0,10,,59142,31,,,0,10,,59143,31,,,0,10,,59144,31,,,0,10,,59145,31,,,0,10,,59146,31,,,0,50,,59098,31,,,0,10,,59099,31,,,0,10,,59100,31,,,0,10,,59101,31,,,0,10,,59102,31,,,0,10,,59103,31,,,0,50,,59104,31,,,0,10,,59105,31,,,0,10,,59106,31,,,0,10,,59107,31,,,0,10,,59108,31,,,0,10,,59109,31,,,0,50,,59110,31,,,0,10,,59111,31,,,0,10,,59112,31,,,0,10,,59113,31,,,0,10,,59114,31,,,0,10,,59115,31,,,0,50,,59116,31,,,0,10,,59117,31,,,0,10,,59118,31,,,0,10,,59119,31,,,0,10,,59120,31,,,0,10,,59121,31,,,0,50,,59147,31,,,0,10,,59148,31,,,0,10,,59149,31,,,0,15,,59150,31,,,0,15,,59151,31,,,0,55,,59152,31,,,0,15,,59153,31,,,0,30,,59154,31,,,0,70,,59155,31,,,0,30,,59156,31,,,0,70,,59157,31,,,0,30,,59158,31,,,0,70,,59159,31,,,0,30,,59160,31,,,0,70,,59161,31,,,0,30,,59162,31,,,0,70,,59163,31,,,0,30,,59139,31,,,0
1701,'1389',553,,59164,31,,,0,70,,59165,31,,,0,15,,59166,31,,,0,15,,59167,31,,,0,55,,59168,31,,,0,15,,59169,31,,,0,10,,59170,31,,,0,10,,59171,31,,,0,10,,59172,31,,,0,50,,59173,31,,,0,10,,59174,31,,,0,10,,59175,31,,,0,10,,59176,31,,,0,10,,59177,31,,,0,10,,59178,31,,,0,50,,59179,31,,,0,10,,59180,31,,,0,10,,59181,31,,,0,10,,59182,31,,,0,10,,59183,31,,,0,10,,59223,31,,,0,50,,59184,31,,,0,10,,59209,31,,,0,10,,59210,31,,,0,10,,59211,31,,,0,10,,59212,31,,,0,10,,59213,31,,,0,50,,59214,31,,,0,10,,59215,31,,,0,10,,59216,31,,,0,10,,59217,31,,,0,10,,59218,31,,,0,10,,59219,31,,,0,50,,59220,31,,,0,10,,59221,31,,,0,10,,59222,31,,,0,10,,59224,31,,,0,10,,59225,31,,,0,10,,59227,31,,,0,50,,59228,31,,,0,10,,59229,31,,,0,10,,59230,31,,,0,10,,59231,31,,,0,10,,59232,31,,,0,10,,59233,31,,,0,50,,59185,31,,,0,10,,59186,31,,,0,10,,59187,31,,,0,10,,59188,31,,,0,10,,59189,31,,,0,10,,59190,31,,,0,50,,59191,31,,,0,10,,59192,31,,,0,10,,59193,31,,,0,10,,59194,31,,,0,10,,59195,31,,,0,10,,59196,31,,,0,50,,59197,31,,,0,10,,59198,31,,,0,10,,59199,31,,,0,10,,59200,31,,,0,10,,59201,31,,,0,10,,59202,31,,,0,50,,59203,31,,,0,10,,59204,31,,,0,10,,59205,31,,,0,10,,59206,31,,,0,10,,59207,31,,,0,10,,59208,31,,,0,50,,59234,31,,,0,10,,59235,31,,,0,10,,59236,31,,,0,15,,59237,31,,,0,15,,59238,31,,,0,55,,59239,31,,,0,15,,59240,31,,,0,30,,59241,31,,,0,70,,59242,31,,,0,30,,59243,31,,,0,70,,59244,31,,,0,30,,59245,31,,,0,70,,59246,31,,,0,30,,59247,31,,,0,70,,59248,31,,,0,30,,59249,31,,,0,70,,59250,31,,,0,30,,59226,31,,,0
1901,'1383',924,,60309,29,,,0,100,,60310,29,,,0,100,,60311,29,,,0,100,,60312,29,,,0,100,,60313,29,,,0,100,,60315,29,,,0,100,,60314,29,,,0,100,,60308,29,,,0,100,,60307,29,,,0,100,,60306,29,,,0,100,,60305,29,,,0,100,,60304,29,,,0
1901,'1384',824,,60316,29,,,0,100,,60317,29,,,0,100,,60318,29,,,0,30,,60319,29,,,0,70,,60320,29,,,0,30,,60321,29,,,0,70,,60322,29,,,0,30,,60323,29,,,0,70,,60324,29,,,0,30,,60325,29,,,0,70,,60326,29,,,0,30,,60327,29,,,0,70,,60328,29,,,0,30,,60329,29,,,0,70,,60330,29,,,0,30,,60331,29,,,0,70,,60332,29,,,0,30,,60333,29,,,0,70,,60334,29,,,0,30,,60335,29,,,0,70,,60336,29,,,0,30,,60337,29,,,0,70,,60338,29,,,0,100,,60339,29,,,0,100,,60340,29,,,0,100,,60341,29,,,0
1901,'1385',624,,60342,29,,,0,30,,60343,29,,,0,70,,60344,29,,,0,30,,60345,29,,,0,70,,60346,29,,,0,30,,60347,29,,,0,70,,60348,29,,,0,30,,60349,29,,,0,70,,60350,29,,,0,30,,60351,29,,,0,70,,60352,29,,,0,30,,60353,29,,,0,70,,60354,29,,,0,30,,60355,29,,,0,70,,60356,29,,,0,30,,60357,29,,,0,70,,60358,29,,,0,30,,60359,29,,,0,70,,60360,29,,,0,30,,60361,29,,,0,70,,60362,29,,,0,30,,60363,29,,,0,70,,60364,29,,,0,30,,60365,29,,,0,70,,60366,29,,,0,30,,60367,29,,,0,70,,60368,29,,,0,30,,60369,29,,,0,70,,60370,29,,,0,30,,60371,29,,,0,70,,60372,29,,,0,30,,60373,29,,,0,100,,60374,29,,,0,100,,60375,29,,,0
1901,'1386',624,,60376,29,,,0,30,,60377,29,,,0,70,,60378,29,,,0,30,,60379,29,,,0,70,,60380,29,,,0,30,,60381,29,,,0,70,,60382,29,,,0,30,,60383,29,,,0,70,,60384,29,,,0,30,,60385,29,,,0,70,,60386,29,,,0,30,,60387,29,,,0,70,,60388,29,,,0,30,,60389,29,,,0,70,,60390,29,,,0,30,,60391,29,,,0,70,,60392,29,,,0,30,,60393,29,,,0,70,,60394,29,,,0,30,,60395,29,,,0,70,,60396,29,,,0,30,,60397,29,,,0,70,,60398,29,,,0,30,,60399,29,,,0,70,,60400,29,,,0,30,,60401,29,,,0,70,,60402,29,,,0,30,,60403,29,,,0,70,,60404,29,,,0,30,,60405,29,,,0,70,,60406,29,,,0,30,,60407,29,,,0,100,,60408,29,,,0,100,,60409,29,,,0
1901,'1387',624,,60410,29,,,0,30,,60411,29,,,0,70,,60412,29,,,0,30,,60413,29,,,0,70,,60414,29,,,0,30,,60415,29,,,0,70,,60416,29,,,0,30,,60417,29,,,0,70,,60418,29,,,0,30,,60419,29,,,0,70,,60420,29,,,0,30,,60421,29,,,0,70,,60422,29,,,0,30,,60423,29,,,0,70,,60424,29,,,0,30,,60425,29,,,0,70,,60426,29,,,0,30,,60427,29,,,0,70,,60428,29,,,0,30,,60429,29,,,0,70,,60430,29,,,0,30,,60431,29,,,0,70,,60432,29,,,0,30,,60433,29,,,0,70,,60434,29,,,0,30,,60435,29,,,0,70,,60436,29,,,0,30,,60437,29,,,0,70,,60438,29,,,0,30,,60439,29,,,0,70,,60440,29,,,0,30,,60441,29,,,0,100,,60442,29,,,0,100,,60443,29,,,0
1901,'1388',624,,60444,29,,,0,30,,60445,29,,,0,70,,60446,29,,,0,30,,60447,29,,,0,70,,60448,29,,,0,30,,60449,29,,,0,70,,60450,29,,,0,30,,60451,29,,,0,70,,60452,29,,,0,30,,60453,29,,,0,70,,60454,29,,,0,30,,60455,29,,,0,70,,60456,29,,,0,30,,60457,29,,,0,70,,60458,29,,,0,30,,60459,29,,,0,70,,60460,29,,,0,30,,60461,29,,,0,70,,60462,29,,,0,30,,60463,29,,,0,70,,60464,29,,,0,30,,60465,29,,,0,70,,60466,29,,,0,30,,60467,29,,,0,70,,60468,29,,,0,30,,60469,29,,,0,70,,60470,29,,,0,30,,60471,29,,,0,70,,60472,29,,,0,30,,60473,29,,,0,70,,60474,29,,,0,30,,60475,29,,,0,100,,60476,29,,,0,100,,60477,29,,,0
1901,'1389',624,,60478,29,,,0,30,,60479,29,,,0,70,,60480,29,,,0,30,,60481,29,,,0,70,,60482,29,,,0,30,,60483,29,,,0,70,,60484,29,,,0,30,,60485,29,,,0,70,,60486,29,,,0,30,,60487,29,,,0,70,,60488,29,,,0,30,,60489,29,,,0,70,,60490,29,,,0,30,,60491,29,,,0,70,,60492,29,,,0,30,,60493,29,,,0,70,,60494,29,,,0,30,,60495,29,,,0,70,,60496,29,,,0,30,,60497,29,,,0,70,,60498,29,,,0,30,,60499,29,,,0,70,,60500,29,,,0,30,,60501,29,,,0,70,,60502,29,,,0,30,,60503,29,,,0,70,,60504,29,,,0,30,,60505,29,,,0,70,,60506,29,,,0,30,,60507,29,,,0,70,,60508,29,,,0,30,,60509,29,,,0,100,,60510,29,,,0,100,,60511,29,,,0
2001,'1383',907,,60813,5,,,0,45,,60812,5,,,0,85,,60811,5,,,0,85,,60810,5,,,0,85,,60809,5,,,0,45,,60808,5,,,0,85,,60807,5,,,0,85,,60806,5,,,0,85,,60805,5,,,0,45,,60804,5,,,0,85,,60803,5,,,0,85,,60802,5,,,0,85,,60801,5,,,0,45,,60800,5,,,0,85,,60799,5,,,0
2001,'1384',607,,60831,5,,,0,45,,60832,5,,,0,85,,60833,5,,,0,85,,60834,5,,,0,84,,60814,5,,,0,30,,60815,5,,,0,70,,60816,5,,,0,30,,60817,5,,,0,80,,60818,5,,,0,30,,60819,5,,,0,70,,60820,5,,,0,30,,60821,5,,,0,80,,60822,5,,,0,30,,60823,5,,,0,70,,60824,5,,,0,30,,60825,5,,,0,80,,60826,5,,,0,70,,60827,5,,,0,30,,60828,5,,,0,70,,60829,5,,,0,40,,60830,5,,,0,71,,60835,5,,,0,85,,60836,5,,,0,45,,60837,5,,,0,85,,60838,5,,,0,85,,60839,5,,,0,85,,60840,5,,,0,45,,60841,5,,,0,85,,60842,5,,,0,85,,60843,5,,,0
2001,'1385',547,,60844,5,,,0,60,,60845,5,,,0,20,,60846,5,,,0,20,,60847,5,,,0,60,,60848,5,,,0,20,,60849,5,,,0,20,,60850,5,,,0,60,,60851,5,,,0,20,,60852,5,,,0,20,,60853,5,,,0,60,,60854,5,,,0,20,,60855,5,,,0,20,,60856,5,,,0,60,,60857,5,,,0,20,,60858,5,,,0,20,,60859,5,,,0,60,,60860,5,,,0,20,,60861,5,,,0,20,,60862,5,,,0,60,,60863,5,,,0,20,,60864,5,,,0,20,,60865,5,,,0,60,,60866,5,,,0,20,,60867,5,,,0,20,,60868,5,,,0,60,,60869,5,,,0,20,,60870,5,,,0,20,,60871,5,,,0,60,,60872,5,,,0,20,,60873,5,,,0,20,,60874,5,,,0,60,,60875,5,,,0,20,,60876,5,,,0,20,,60877,5,,,0,60,,60878,5,,,0,20,,60879,5,,,0,20,,60880,5,,,0,60,,60881,5,,,0,45,,60882,5,,,0,85,,60883,5,,,0,85,,60884,5,,,0,85,,60885,5,,,0,45,,60886,5,,,0,85,,60887,5,,,0,85,,60888,5,,,0,85,,60889,5,,,0,45,,60890,5,,,0
2001,'1386',547,,60891,5,,,0,60,,60892,5,,,0,20,,60893,5,,,0,20,,60894,5,,,0,60,,60895,5,,,0,20,,60896,5,,,0,20,,60897,5,,,0,60,,60898,5,,,0,20,,60899,5,,,0,20,,60900,5,,,0,60,,60901,5,,,0,20,,60902,5,,,0,20,,60903,5,,,0,60,,60904,5,,,0,20,,60905,5,,,0,20,,60906,5,,,0,60,,60907,5,,,0,20,,60908,5,,,0,20,,60909,5,,,0,60,,60910,5,,,0,20,,60911,5,,,0,20,,60912,5,,,0,60,,60913,5,,,0,20,,60914,5,,,0,20,,60915,5,,,0,60,,60916,5,,,0,20,,60917,5,,,0,20,,60918,5,,,0,60,,60919,5,,,0,20,,60920,5,,,0,20,,60921,5,,,0,60,,60922,5,,,0,20,,60923,5,,,0,20,,60924,5,,,0,60,,60925,5,,,0,20,,60926,5,,,0,20,,60927,5,,,0,60,,60928,5,,,0,45,,60929,5,,,0,85,,60930,5,,,0,85,,60931,5,,,0,85,,60932,5,,,0,45,,60933,5,,,0,85,,60934,5,,,0,85,,60935,5,,,0,85,,60936,5,,,0,45,,60937,5,,,0
2001,'1387',547,,60938,5,,,0,60,,60939,5,,,0,20,,60940,5,,,0,20,,60941,5,,,0,60,,60942,5,,,0,20,,60943,5,,,0,20,,60944,5,,,0,60,,60945,5,,,0,20,,60946,5,,,0,20,,60947,5,,,0,60,,60948,5,,,0,20,,60949,5,,,0,20,,60950,5,,,0,60,,60951,5,,,0,20,,60952,5,,,0,20,,60953,5,,,0,60,,60954,5,,,0,20,,60955,5,,,0,20,,60956,5,,,0,60,,60957,5,,,0,20,,60958,5,,,0,20,,60959,5,,,0,60,,60960,5,,,0,20,,60961,5,,,0,20,,60962,5,,,0,60,,60963,5,,,0,20,,60964,5,,,0,20,,60965,5,,,0,60,,60966,5,,,0,20,,60967,5,,,0,20,,60968,5,,,0,60,,60969,5,,,0,20,,60970,5,,,0,20,,60971,5,,,0,60,,60972,5,,,0,20,,60973,5,,,0,20,,60974,5,,,0,60,,60975,5,,,0,45,,60976,5,,,0,85,,60977,5,,,0,85,,60978,5,,,0,85,,60979,5,,,0,45,,60980,5,,,0,85,,60981,5,,,0,85,,60982,5,,,0,85,,60983,5,,,0,45,,60984,5,,,0
2001,'1388',547,,60985,5,,,0,60,,60986,5,,,0,20,,60987,5,,,0,20,,60988,5,,,0,60,,60989,5,,,0,20,,60990,5,,,0,20,,60991,5,,,0,60,,60992,5,,,0,20,,60993,5,,,0,20,,60994,5,,,0,60,,60995,5,,,0,20,,60996,5,,,0,20,,60997,5,,,0,60,,60998,5,,,0,20,,60999,5,,,0,20,,61000,5,,,0,60,,61001,5,,,0,20,,61002,5,,,0,20,,61003,5,,,0,60,,61004,5,,,0,20,,61005,5,,,0,20,,61006,5,,,0,60,,61007,5,,,0,20,,61008,5,,,0,20,,61009,5,,,0,60,,61010,5,,,0,20,,61011,5,,,0,20,,61012,5,,,0,60,,61013,5,,,0,20,,61014,5,,,0,20,,61015,5,,,0,60,,61016,5,,,0,20,,61017,5,,,0,20,,61018,5,,,0,60,,61019,5,,,0,20,,61020,5,,,0,20,,61021,5,,,0,60,,61022,5,,,0,45,,61023,5,,,0,85,,61024,5,,,0,85,,61025,5,,,0,85,,61026,5,,,0,45,,61027,5,,,0,85,,61028,5,,,0,85,,61029,5,,,0,85,,61030,5,,,0,45,,61031,5,,,0
2001,'1389',547,,61032,5,,,0,60,,61033,5,,,0,20,,61034,5,,,0,20,,61035,5,,,0,60,,61036,5,,,0,20,,61037,5,,,0,20,,61038,5,,,0,60,,61039,5,,,0,20,,61040,5,,,0,20,,61041,5,,,0,60,,61042,5,,,0,20,,61043,5,,,0,20,,61044,5,,,0,60,,61045,5,,,0,20,,61046,5,,,0,20,,61047,5,,,0,60,,61048,5,,,0,20,,61049,5,,,0,20,,61050,5,,,0,60,,61051,5,,,0,20,,61052,5,,,0,20,,61053,5,,,0,60,,61054,5,,,0,20,,61055,5,,,0,20,,61056,5,,,0,60,,61057,5,,,0,20,,61058,5,,,0,20,,61059,5,,,0,60,,61060,5,,,0,20,,61061,5,,,0,20,,61062,5,,,0,60,,61063,5,,,0,20,,61064,5,,,0,20,,61065,5,,,0,60,,61066,5,,,0,20,,61067,5,,,0,20,,61068,5,,,0,60,,61069,5,,,0,45,,61070,5,,,0,85,,61071,5,,,0,85,,61072,5,,,0,85,,61073,5,,,0,45,,61074,5,,,0,85,,61075,5,,,0,85,,61076,5,,,0,85,,61077,5,,,0,45,,61078,5,,,0
