1900,'1376',926,,52905,46,,,0,100,,52904,46,,,0,100,,52903,46,,,0,100,,52902,46,,,0,100,,52901,46,,,0,100,,52900,46,,,0,100,,52899,46,,,0,100,,52898,46,,,0,100,,52897,46,,,0,100,,52896,46,,,0,100,,52895,46,,,0,100,,52894,46,,,0
1900,'1377',826,,52906,46,,,0,100,,52907,46,,,0,100,,52908,46,,,0,30,,52909,46,,,0,70,,52910,46,,,0,30,,52911,46,,,0,70,,52912,46,,,0,30,,52913,46,,,0,70,,52914,46,,,0,30,,52915,46,,,0,70,,52916,46,,,0,30,,52917,46,,,0,70,,52918,46,,,0,30,,52919,46,,,0,70,,52920,46,,,0,30,,52921,46,,,0,70,,52922,46,,,0,30,,52923,46,,,0,70,,52924,46,,,0,30,,52925,46,,,0,70,,52926,46,,,0,30,,52927,46,,,0,70,,52928,46,,,0,100,,52929,46,,,0,100,,52930,46,,,0,100,,52931,46,,,0
1900,'1378',626,,52932,46,,,0,30,,52933,46,,,0,70,,52934,46,,,0,30,,52935,46,,,0,70,,52936,46,,,0,30,,52937,46,,,0,70,,52938,46,,,0,30,,52939,46,,,0,70,,52940,46,,,0,30,,52941,46,,,0,70,,52942,46,,,0,30,,52943,46,,,0,70,,52944,46,,,0,30,,52945,46,,,0,70,,52946,46,,,0,30,,52947,46,,,0,70,,52948,46,,,0,30,,52949,46,,,0,70,,52950,46,,,0,30,,52951,46,,,0,70,,52952,46,,,0,30,,52953,46,,,0,70,,52954,46,,,0,30,,52955,46,,,0,70,,52956,46,,,0,30,,52957,46,,,0,70,,52958,46,,,0,30,,52959,46,,,0,70,,52960,46,,,0,30,,52961,46,,,0,70,,52962,46,,,0,30,,52963,46,,,0,100,,52964,46,,,0,100,,52965,46,,,0
1900,'1379',626,,52966,46,,,0,30,,52967,46,,,0,70,,52968,46,,,0,30,,52969,46,,,0,70,,52970,46,,,0,30,,52971,46,,,0,70,,52972,46,,,0,30,,52973,46,,,0,70,,52974,46,,,0,30,,52975,46,,,0,70,,52976,46,,,0,30,,52977,46,,,0,70,,52978,46,,,0,30,,52979,46,,,0,70,,52980,46,,,0,30,,52981,46,,,0,70,,52982,46,,,0,30,,52983,46,,,0,70,,52984,46,,,0,30,,52985,46,,,0,70,,52986,46,,,0,30,,52987,46,,,0,70,,52988,46,,,0,30,,52989,46,,,0,70,,52990,46,,,0,30,,52991,46,,,0,70,,52992,46,,,0,30,,52993,46,,,0,70,,52994,46,,,0,30,,52995,46,,,0,70,,52996,46,,,0,30,,52997,46,,,0,100,,52998,46,,,0,100,,52999,46,,,0
1900,'1380',626,,53000,46,,,0,30,,53001,46,,,0,70,,53002,46,,,0,30,,53003,46,,,0,70,,53004,46,,,0,30,,53005,46,,,0,70,,53006,46,,,0,30,,53007,46,,,0,70,,53008,46,,,0,30,,53009,46,,,0,70,,53010,46,,,0,30,,53011,46,,,0,70,,53012,46,,,0,30,,53013,46,,,0,70,,53014,46,,,0,30,,53015,46,,,0,70,,53016,46,,,0,30,,53017,46,,,0,70,,53018,46,,,0,30,,53019,46,,,0,70,,53020,46,,,0,30,,53021,46,,,0,70,,53022,46,,,0,30,,53023,46,,,0,70,,53024,46,,,0,30,,53025,46,,,0,70,,53026,46,,,0,30,,53027,46,,,0,70,,53028,46,,,0,30,,53029,46,,,0,70,,53030,46,,,0,30,,53031,46,,,0,100,,53032,46,,,0,100,,53033,46,,,0
1900,'1381',626,,53034,46,,,0,30,,53035,46,,,0,70,,53036,46,,,0,30,,53037,46,,,0,70,,53038,46,,,0,30,,53039,46,,,0,70,,53040,46,,,0,30,,53041,46,,,0,70,,53042,46,,,0,30,,53043,46,,,0,70,,53044,46,,,0,30,,53045,46,,,0,70,,53046,46,,,0,30,,53047,46,,,0,70,,53048,46,,,0,30,,53049,46,,,0,70,,53050,46,,,0,30,,53051,46,,,0,70,,53052,46,,,0,30,,53053,46,,,0,70,,53054,46,,,0,30,,53055,46,,,0,70,,53056,46,,,0,30,,53057,46,,,0,70,,53058,46,,,0,30,,53059,46,,,0,70,,53060,46,,,0,30,,53061,46,,,0,70,,53062,46,,,0,30,,53063,46,,,0,70,,53064,46,,,0,30,,53065,46,,,0,100,,53066,46,,,0,100,,53067,46,,,0
1900,'1382',626,,53068,46,,,0,30,,53069,46,,,0,70,,53070,46,,,0,30,,53071,46,,,0,70,,53072,46,,,0,30,,53073,46,,,0,70,,53074,46,,,0,30,,53075,46,,,0,70,,53076,46,,,0,30,,53077,46,,,0,70,,53078,46,,,0,30,,53079,46,,,0,70,,53080,46,,,0,30,,53081,46,,,0,70,,53082,46,,,0,30,,53083,46,,,0,70,,53084,46,,,0,30,,53085,46,,,0,70,,53086,46,,,0,30,,53087,46,,,0,70,,53088,46,,,0,30,,53089,46,,,0,70,,53090,46,,,0,30,,53091,46,,,0,70,,53092,46,,,0,30,,53093,46,,,0,70,,53094,46,,,0,30,,53095,46,,,0,70,,53096,46,,,0,30,,53097,46,,,0,70,,53098,46,,,0,30,,53099,46,,,0,100,,53100,46,,,0,100,,53101,46,,,0
721403,'1376',1002,,56905,39,0,15,0,110,,56904,39,0,15,0,110,,56903,39,0,15,0,110,,56902,39,0,15,0,110,,56901,39,0,15,0,110,,56900,39,0,15,0,150,,56899,39,0,15,0,110,,56898,39,0,15,0
721403,'1377',901,,56906,39,0,15,0,110,,56907,39,0,15,0,110,,56908,39,0,15,0,110,,56909,39,0,15,0,117,,56910,39,0,15,0,155,,56911,39,0,15,0,45,,56912,39,0,15,0,85,,56913,39,0,15,0,85,,56914,39,0,15,0,85,,56915,39,0,15,0,45,,56916,39,0,15,0,85,,56917,39,0,15,0,85,,56918,39,0,15,0
721403,'1378',733,,56919,39,0,15,0,100,,56920,39,0,15,0,85,,56921,39,0,15,0,85,,56922,39,0,15,0,45,,56923,39,0,15,0,85,,56924,39,0,15,0,85,,56925,39,0,15,0,85,,56926,39,0,15,0,45,,56927,39,0,15,0,85,,56928,39,0,15,0,85,,56929,39,0,15,0,85,,56930,39,0,15,0,45,,56931,39,0,15,0,85,,56932,39,0,15,0,85,,56933,39,0,15,0,85,,56934,39,0,15,0,45,,56935,39,0,15,0,85,,56936,39,0,15,0,85,,56937,39,0,15,0,85,,56938,39,0,15,0
721403,'1379',733,,56939,39,0,15,0,100,,56940,39,0,15,0,85,,56941,39,0,15,0,85,,56942,39,0,15,0,45,,56943,39,0,15,0,85,,56944,39,0,15,0,85,,56945,39,0,15,0,85,,56946,39,0,15,0,45,,56947,39,0,15,0,85,,56948,39,0,15,0,85,,56949,39,0,15,0,85,,56950,39,0,15,0,45,,56951,39,0,15,0,85,,56952,39,0,15,0,85,,56953,39,0,15,0,85,,56954,39,0,15,0,45,,56955,39,0,15,0,85,,56956,39,0,15,0,85,,56957,39,0,15,0,85,,56958,39,0,15,0
721403,'1380',733,,56959,39,0,15,0,100,,56960,39,0,15,0,85,,56961,39,0,15,0,85,,56962,39,0,15,0,45,,56963,39,0,15,0,85,,56964,39,0,15,0,85,,56965,39,0,15,0,85,,56966,39,0,15,0,45,,56967,39,0,15,0,85,,56968,39,0,15,0,85,,56969,39,0,15,0,85,,56970,39,0,15,0,45,,56971,39,0,15,0,85,,56972,39,0,15,0,85,,56973,39,0,15,0,85,,56974,39,0,15,0,45,,56975,39,0,15,0,85,,56976,39,0,15,0,85,,56977,39,0,15,0,85,,56978,39,0,15,0
721403,'1381',733,,56979,39,0,15,0,100,,56980,39,0,15,0,85,,56981,39,0,15,0,85,,56982,39,0,15,0,45,,56983,39,0,15,0,85,,56984,39,0,15,0,85,,56985,39,0,15,0,85,,56986,39,0,15,0,45,,56987,39,0,15,0,85,,56988,39,0,15,0,85,,56989,39,0,15,0,85,,56990,39,0,15,0,45,,56991,39,0,15,0,85,,56992,39,0,15,0,85,,56993,39,0,15,0,85,,56994,39,0,15,0,45,,56995,39,0,15,0,85,,56996,39,0,15,0,85,,56997,39,0,15,0,85,,56998,39,0,15,0
721403,'1382',733,,56999,39,0,15,0,100,,57000,39,0,15,0,85,,57001,39,0,15,0,85,,57002,39,0,15,0,45,,57003,39,0,15,0,85,,57004,39,0,15,0,85,,57005,39,0,15,0,85,,57006,39,0,15,0,45,,57007,39,0,15,0,85,,57008,39,0,15,0,85,,57009,39,0,15,0,85,,57010,39,0,15,0,45,,57011,39,0,15,0,85,,57012,39,0,15,0,85,,57013,39,0,15,0,85,,57014,39,0,15,0,45,,57015,39,0,15,0,85,,57016,39,0,15,0,85,,57017,39,0,15,0,85,,57018,39,0,15,0
