1601,'1376',1008,,50782,3,,,0,30,,50781,3,,,0,85,,50780,3,,,0,30,,50779,3,,,0,70,,50778,3,,,0,30,,50777,3,,,0,70,,50776,3,,,0,30,,50775,3,,,0,70,,50774,3,,,0,30,,50773,3,,,0,70,,50772,3,,,0,30,,50771,3,,,0,70,,50770,3,,,0,30,,50769,3,,,0,70,,50768,3,,,0,18,,50783,3,,,0,12,,50767,3,,,0,70,,50766,3,,,0,30,,50765,3,,,0,70,,50764,3,,,0
1601,'1377',653,,50784,3,,,0,70,,50785,3,,,0,30,,50786,3,,,0,70,,50787,3,,,0,30,,50788,3,,,0,70,,50789,3,,,0,30,,50790,3,,,0,70,,50791,3,,,0,20,,50792,3,,,0,60,,50793,3,,,0,20,,50794,3,,,0,20,,50795,3,,,0,60,,50796,3,,,0,20,,50797,3,,,0,20,,50798,3,,,0,60,,50799,3,,,0,20,,50800,3,,,0,20,,50801,3,,,0,60,,50802,3,,,0,20,,50803,3,,,0,20,,50804,3,,,0,60,,50805,3,,,0,20,,50806,3,,,0,20,,50807,3,,,0,60,,50808,3,,,0,20,,50809,3,,,0,20,,50810,3,,,0,60,,50811,3,,,0,20,,50812,3,,,0,20,,50813,3,,,0,60,,50814,3,,,0,22,,50815,3,,,0,30,,50816,3,,,0,70,,50817,3,,,0,30,,50818,3,,,0,70,,50819,3,,,0,30,,50820,3,,,0,70,,50821,3,,,0,100,,50822,3,,,0
1601,'1378',604,,50823,3,,,0,37,,50824,3,,,0,70,,50825,3,,,0,20,,50826,3,,,0,20,,50827,3,,,0,60,,50828,3,,,0,20,,50829,3,,,0,20,,50830,3,,,0,60,,50831,3,,,0,20,,50832,3,,,0,20,,50833,3,,,0,60,,50834,3,,,0,20,,50835,3,,,0,20,,50836,3,,,0,60,,50837,3,,,0,20,,50838,3,,,0,20,,50839,3,,,0,60,,50840,3,,,0,20,,50841,3,,,0,20,,50842,3,,,0,60,,50843,3,,,0,20,,50844,3,,,0,20,,50845,3,,,0,60,,50846,3,,,0,20,,50847,3,,,0,20,,50848,3,,,0,60,,50849,3,,,0,20,,50850,3,,,0,20,,50851,3,,,0,60,,50852,3,,,0,20,,50853,3,,,0,20,,50854,3,,,0,60,,50855,3,,,0,20,,50856,3,,,0,20,,50857,3,,,0,60,,50858,3,,,0,15,,50859,3,,,0,30,,50860,3,,,0,70,,50861,3,,,0,30,,50862,3,,,0,70,,50863,3,,,0,30,,50864,3,,,0,70,,50865,3,,,0,100,,50866,3,,,0,100,,50867,3,,,0
1601,'1379',604,,50868,3,,,0,37,,50869,3,,,0,70,,50870,3,,,0,20,,50871,3,,,0,20,,50872,3,,,0,60,,50873,3,,,0,20,,50874,3,,,0,20,,50875,3,,,0,60,,50876,3,,,0,20,,50877,3,,,0,20,,50878,3,,,0,60,,50879,3,,,0,20,,50880,3,,,0,20,,50881,3,,,0,60,,50882,3,,,0,20,,50883,3,,,0,20,,50884,3,,,0,60,,50885,3,,,0,20,,50886,3,,,0,20,,50887,3,,,0,60,,50888,3,,,0,20,,50889,3,,,0,20,,50890,3,,,0,60,,50891,3,,,0,20,,50892,3,,,0,20,,50893,3,,,0,60,,50894,3,,,0,20,,50895,3,,,0,20,,50896,3,,,0,60,,50897,3,,,0,20,,50898,3,,,0,20,,50899,3,,,0,60,,50900,3,,,0,20,,50901,3,,,0,20,,50902,3,,,0,60,,50903,3,,,0,15,,50904,3,,,0,30,,50905,3,,,0,70,,50906,3,,,0,30,,50907,3,,,0,70,,50908,3,,,0,30,,50909,3,,,0,70,,50910,3,,,0,100,,50911,3,,,0,100,,50912,3,,,0
1601,'1380',604,,50913,3,,,0,37,,50914,3,,,0,70,,50915,3,,,0,20,,50916,3,,,0,20,,50917,3,,,0,60,,50918,3,,,0,20,,50919,3,,,0,20,,50920,3,,,0,60,,50921,3,,,0,20,,50922,3,,,0,20,,50923,3,,,0,60,,50924,3,,,0,20,,50925,3,,,0,20,,50926,3,,,0,60,,50927,3,,,0,20,,50928,3,,,0,20,,50929,3,,,0,60,,50930,3,,,0,20,,50931,3,,,0,20,,50932,3,,,0,60,,50933,3,,,0,20,,50934,3,,,0,20,,50935,3,,,0,60,,50936,3,,,0,20,,50937,3,,,0,20,,50938,3,,,0,60,,50939,3,,,0,20,,50940,3,,,0,20,,50941,3,,,0,60,,50942,3,,,0,20,,50943,3,,,0,20,,50944,3,,,0,60,,50945,3,,,0,20,,50946,3,,,0,20,,50947,3,,,0,60,,50948,3,,,0,15,,50949,3,,,0,30,,50950,3,,,0,70,,50951,3,,,0,30,,50952,3,,,0,70,,50953,3,,,0,30,,50954,3,,,0,70,,50955,3,,,0,100,,50956,3,,,0,100,,50957,3,,,0
1601,'1381',604,,50958,3,,,0,37,,50959,3,,,0,70,,50960,3,,,0,20,,50961,3,,,0,20,,50962,3,,,0,60,,50963,3,,,0,20,,50964,3,,,0,20,,50965,3,,,0,60,,50966,3,,,0,20,,50967,3,,,0,20,,50968,3,,,0,60,,50969,3,,,0,20,,50970,3,,,0,20,,50971,3,,,0,60,,50972,3,,,0,20,,50973,3,,,0,20,,50974,3,,,0,60,,50975,3,,,0,20,,50976,3,,,0,20,,50977,3,,,0,60,,50978,3,,,0,20,,50979,3,,,0,20,,50980,3,,,0,60,,50981,3,,,0,20,,50982,3,,,0,20,,50983,3,,,0,60,,50984,3,,,0,20,,50985,3,,,0,20,,50986,3,,,0,60,,50987,3,,,0,20,,50988,3,,,0,20,,50989,3,,,0,60,,50990,3,,,0,20,,50991,3,,,0,20,,50992,3,,,0,60,,50993,3,,,0,15,,50994,3,,,0,30,,50995,3,,,0,70,,50996,3,,,0,30,,50997,3,,,0,70,,50998,3,,,0,30,,50999,3,,,0,70,,51000,3,,,0,100,,51001,3,,,0,100,,51002,3,,,0
1601,'1382',604,,51003,3,,,0,37,,51004,3,,,0,70,,51005,3,,,0,20,,51006,3,,,0,20,,51007,3,,,0,60,,51008,3,,,0,20,,51009,3,,,0,20,,51010,3,,,0,60,,51011,3,,,0,20,,51012,3,,,0,20,,51013,3,,,0,60,,51014,3,,,0,20,,51015,3,,,0,20,,51016,3,,,0,60,,51017,3,,,0,20,,51018,3,,,0,20,,51019,3,,,0,60,,51020,3,,,0,20,,51021,3,,,0,20,,51022,3,,,0,60,,51023,3,,,0,20,,51024,3,,,0,20,,51025,3,,,0,60,,51026,3,,,0,20,,51027,3,,,0,20,,51028,3,,,0,60,,51029,3,,,0,20,,51030,3,,,0,20,,51031,3,,,0,60,,51032,3,,,0,20,,51033,3,,,0,20,,51034,3,,,0,60,,51035,3,,,0,20,,51036,3,,,0,20,,51037,3,,,0,60,,51038,3,,,0,15,,51039,3,,,0,30,,51040,3,,,0,70,,51041,3,,,0,30,,51042,3,,,0,70,,51043,3,,,0,30,,51044,3,,,0,70,,51045,3,,,0,100,,51046,3,,,0,100,,51047,3,,,0
1701,'1376',717,,51566,29,,,0,100,,51565,29,,,0,100,,51564,29,,,0,104,,51563,29,,,0,80,,51562,29,,,0,40,,51561,29,,,0,80,,51560,29,,,0,80,,51559,29,,,0,40,,51558,29,,,0,80,,51557,29,,,0,80,,51556,29,,,0,40,,51555,29,,,0,80,,51554,29,,,0,80,,51553,29,,,0,40,,51552,29,,,0,80,,51551,29,,,0,80,,51550,29,,,0,40,,51549,29,,,0
1701,'1377',551,,51592,29,,,0,70,,51593,29,,,0,30,,51594,29,,,0,70,,51595,29,,,0,30,,51596,29,,,0,70,,51597,29,,,0,30,,51598,29,,,0,70,,51567,29,,,0,30,,51568,29,,,0,70,,51569,29,,,0,20,,51570,29,,,0,60,,51571,29,,,0,20,,51572,29,,,0,20,,51573,29,,,0,60,,51574,29,,,0,20,,51575,29,,,0,20,,51576,29,,,0,60,,51577,29,,,0,20,,51578,29,,,0,20,,51579,29,,,0,60,,51580,29,,,0,20,,51581,29,,,0,20,,51582,29,,,0,60,,51583,29,,,0,20,,51584,29,,,0,20,,51585,29,,,0,60,,51586,29,,,0,20,,51587,29,,,0,20,,51588,29,,,0,60,,51589,29,,,0,20,,51599,29,,,0,20,,51590,29,,,0,60,,51591,29,,,0,20,,51600,29,,,0,30,,51601,29,,,0,70,,51602,29,,,0,30,,51603,29,,,0,70,,51604,29,,,0,30,,51605,29,,,0,70,,51606,29,,,0,30,,51607,29,,,0,70,,51608,29,,,0,30,,51609,29,,,0,70,,51610,29,,,0,30,,51611,29,,,0,70,,51612,29,,,0,30,,51613,29,,,0
1701,'1378',551,,51614,29,,,0,70,,51615,29,,,0,15,,51616,29,,,0,15,,51617,29,,,0,55,,51618,29,,,0,15,,51619,29,,,0,10,,51620,29,,,0,10,,51621,29,,,0,10,,51622,29,,,0,50,,51623,29,,,0,10,,51624,29,,,0,10,,51625,29,,,0,10,,51626,29,,,0,10,,51627,29,,,0,10,,51628,29,,,0,50,,51629,29,,,0,10,,51630,29,,,0,10,,51631,29,,,0,10,,51632,29,,,0,10,,51633,29,,,0,10,,51634,29,,,0,50,,51635,29,,,0,10,,51636,29,,,0,10,,51637,29,,,0,10,,51638,29,,,0,10,,51639,29,,,0,10,,51640,29,,,0,50,,51641,29,,,0,10,,51642,29,,,0,10,,51643,29,,,0,10,,51644,29,,,0,10,,51645,29,,,0,10,,51646,29,,,0,50,,51647,29,,,0,10,,51648,29,,,0,10,,51649,29,,,0,10,,51650,29,,,0,10,,51651,29,,,0,10,,51652,29,,,0,50,,51653,29,,,0,10,,51654,29,,,0,10,,51655,29,,,0,10,,51656,29,,,0,10,,51657,29,,,0,10,,51658,29,,,0,50,,51659,29,,,0,10,,51660,29,,,0,10,,51661,29,,,0,10,,51662,29,,,0,10,,51663,29,,,0,10,,51664,29,,,0,50,,51665,29,,,0,10,,51666,29,,,0,10,,51667,29,,,0,10,,51668,29,,,0,10,,51669,29,,,0,10,,51670,29,,,0,50,,51671,29,,,0,10,,51672,29,,,0,10,,51673,29,,,0,10,,51674,29,,,0,10,,51675,29,,,0,10,,51676,29,,,0,50,,51677,29,,,0,10,,51678,29,,,0,10,,51679,29,,,0,10,,51680,29,,,0,10,,51681,29,,,0,10,,51682,29,,,0,50,,51683,29,,,0,10,,51684,29,,,0,10,,51685,29,,,0,15,,51686,29,,,0,15,,51687,29,,,0,55,,51688,29,,,0,15,,51689,29,,,0,30,,51690,29,,,0,70,,51691,29,,,0,30,,51692,29,,,0,70,,51693,29,,,0,30,,51694,29,,,0,70,,51695,29,,,0,30,,51696,29,,,0,70,,51697,29,,,0,30,,51698,29,,,0,70,,51699,29,,,0,30,,51700,29,,,0
1701,'1379',551,,51701,29,,,0,70,,51702,29,,,0,15,,51703,29,,,0,15,,51704,29,,,0,55,,51705,29,,,0,15,,51706,29,,,0,10,,51707,29,,,0,10,,51708,29,,,0,10,,51709,29,,,0,50,,51710,29,,,0,10,,51711,29,,,0,10,,51712,29,,,0,10,,51713,29,,,0,10,,51714,29,,,0,10,,51715,29,,,0,50,,51716,29,,,0,10,,51717,29,,,0,10,,51718,29,,,0,10,,51719,29,,,0,10,,51720,29,,,0,10,,51721,29,,,0,50,,51722,29,,,0,10,,51723,29,,,0,10,,51724,29,,,0,10,,51725,29,,,0,10,,51726,29,,,0,10,,51727,29,,,0,50,,51728,29,,,0,10,,51729,29,,,0,10,,51730,29,,,0,10,,51731,29,,,0,10,,51732,29,,,0,10,,51733,29,,,0,50,,51734,29,,,0,10,,51735,29,,,0,10,,51736,29,,,0,10,,51737,29,,,0,10,,51738,29,,,0,10,,51739,29,,,0,50,,51740,29,,,0,10,,51741,29,,,0,10,,51742,29,,,0,10,,51743,29,,,0,10,,51744,29,,,0,10,,51745,29,,,0,50,,51746,29,,,0,10,,51747,29,,,0,10,,51748,29,,,0,10,,51749,29,,,0,10,,51750,29,,,0,10,,51751,29,,,0,50,,51752,29,,,0,10,,51753,29,,,0,10,,51754,29,,,0,10,,51755,29,,,0,10,,51756,29,,,0,10,,51757,29,,,0,50,,51758,29,,,0,10,,51759,29,,,0,10,,51760,29,,,0,10,,51761,29,,,0,10,,51762,29,,,0,10,,51763,29,,,0,50,,51764,29,,,0,10,,51765,29,,,0,10,,51766,29,,,0,10,,51767,29,,,0,10,,51768,29,,,0,10,,51769,29,,,0,50,,51770,29,,,0,10,,51771,29,,,0,10,,51772,29,,,0,15,,51773,29,,,0,15,,51774,29,,,0,55,,51775,29,,,0,15,,51776,29,,,0,30,,51777,29,,,0,70,,51778,29,,,0,30,,51779,29,,,0,70,,51780,29,,,0,30,,51781,29,,,0,70,,51782,29,,,0,30,,51783,29,,,0,70,,51784,29,,,0,30,,51785,29,,,0,70,,51786,29,,,0,30,,51787,29,,,0
1701,'1380',551,,51788,29,,,0,70,,51789,29,,,0,15,,51790,29,,,0,15,,51791,29,,,0,55,,51792,29,,,0,15,,51793,29,,,0,10,,51794,29,,,0,10,,51795,29,,,0,10,,51796,29,,,0,50,,51797,29,,,0,10,,51798,29,,,0,10,,51799,29,,,0,10,,51800,29,,,0,10,,51801,29,,,0,10,,51802,29,,,0,50,,51803,29,,,0,10,,51804,29,,,0,10,,51805,29,,,0,10,,51806,29,,,0,10,,51807,29,,,0,10,,51808,29,,,0,50,,51809,29,,,0,10,,51810,29,,,0,10,,51811,29,,,0,10,,51812,29,,,0,10,,51813,29,,,0,10,,51814,29,,,0,50,,51815,29,,,0,10,,51816,29,,,0,10,,51817,29,,,0,10,,51818,29,,,0,10,,51819,29,,,0,10,,51820,29,,,0,50,,51821,29,,,0,10,,51822,29,,,0,10,,51823,29,,,0,10,,51824,29,,,0,10,,51825,29,,,0,10,,51826,29,,,0,50,,51827,29,,,0,10,,51828,29,,,0,10,,51829,29,,,0,10,,51830,29,,,0,10,,51831,29,,,0,10,,51832,29,,,0,50,,51833,29,,,0,10,,51834,29,,,0,10,,51835,29,,,0,10,,51836,29,,,0,10,,51837,29,,,0,10,,51838,29,,,0,50,,51839,29,,,0,10,,51840,29,,,0,10,,51841,29,,,0,10,,51842,29,,,0,10,,51843,29,,,0,10,,51844,29,,,0,50,,51845,29,,,0,10,,51846,29,,,0,10,,51847,29,,,0,10,,51848,29,,,0,10,,51849,29,,,0,10,,51850,29,,,0,50,,51851,29,,,0,10,,51852,29,,,0,10,,51853,29,,,0,10,,51854,29,,,0,10,,51855,29,,,0,10,,51856,29,,,0,50,,51857,29,,,0,10,,51858,29,,,0,10,,51859,29,,,0,15,,51860,29,,,0,15,,51861,29,,,0,55,,51862,29,,,0,15,,51863,29,,,0,30,,51864,29,,,0,70,,51865,29,,,0,30,,51866,29,,,0,70,,51867,29,,,0,30,,51868,29,,,0,70,,51869,29,,,0,30,,51870,29,,,0,70,,51871,29,,,0,30,,51872,29,,,0,70,,51873,29,,,0,30,,51874,29,,,0
1701,'1381',551,,51875,29,,,0,70,,51876,29,,,0,15,,51877,29,,,0,15,,51878,29,,,0,55,,51879,29,,,0,15,,51880,29,,,0,10,,51881,29,,,0,10,,51882,29,,,0,10,,51883,29,,,0,50,,51884,29,,,0,10,,51885,29,,,0,10,,51886,29,,,0,10,,51887,29,,,0,10,,51888,29,,,0,10,,51889,29,,,0,50,,51890,29,,,0,10,,51891,29,,,0,10,,51892,29,,,0,10,,51893,29,,,0,10,,51894,29,,,0,10,,51895,29,,,0,50,,51896,29,,,0,10,,51897,29,,,0,10,,51898,29,,,0,10,,51899,29,,,0,10,,51900,29,,,0,10,,51901,29,,,0,50,,51902,29,,,0,10,,51903,29,,,0,10,,51904,29,,,0,10,,51905,29,,,0,10,,51906,29,,,0,10,,51907,29,,,0,50,,51908,29,,,0,10,,51909,29,,,0,10,,51910,29,,,0,10,,51911,29,,,0,10,,51912,29,,,0,10,,51913,29,,,0,50,,51914,29,,,0,10,,51915,29,,,0,10,,51916,29,,,0,10,,51917,29,,,0,10,,51918,29,,,0,10,,51919,29,,,0,50,,51920,29,,,0,10,,51921,29,,,0,10,,51922,29,,,0,10,,51923,29,,,0,10,,51924,29,,,0,10,,51925,29,,,0,50,,51926,29,,,0,10,,51927,29,,,0,10,,51928,29,,,0,10,,51929,29,,,0,10,,51930,29,,,0,10,,51931,29,,,0,50,,51932,29,,,0,10,,51933,29,,,0,10,,51934,29,,,0,10,,51935,29,,,0,10,,51936,29,,,0,10,,51937,29,,,0,50,,51938,29,,,0,10,,51939,29,,,0,10,,51940,29,,,0,10,,51941,29,,,0,10,,51942,29,,,0,10,,51943,29,,,0,50,,51944,29,,,0,10,,51945,29,,,0,10,,51946,29,,,0,15,,51947,29,,,0,15,,51948,29,,,0,55,,51949,29,,,0,15,,51950,29,,,0,30,,51951,29,,,0,70,,51952,29,,,0,30,,51953,29,,,0,70,,51954,29,,,0,30,,51955,29,,,0,70,,51956,29,,,0,30,,51957,29,,,0,70,,51958,29,,,0,30,,51959,29,,,0,70,,51960,29,,,0,30,,51961,29,,,0
1701,'1382',551,,51962,29,,,0,70,,51963,29,,,0,15,,51964,29,,,0,15,,51965,29,,,0,55,,51966,29,,,0,15,,51967,29,,,0,10,,51968,29,,,0,10,,51969,29,,,0,10,,51970,29,,,0,50,,51971,29,,,0,10,,51972,29,,,0,10,,51973,29,,,0,10,,51974,29,,,0,10,,51975,29,,,0,10,,51976,29,,,0,50,,51977,29,,,0,10,,51978,29,,,0,10,,51979,29,,,0,10,,51980,29,,,0,10,,51981,29,,,0,10,,51982,29,,,0,50,,51983,29,,,0,10,,51984,29,,,0,10,,51985,29,,,0,10,,51986,29,,,0,10,,51987,29,,,0,10,,51988,29,,,0,50,,51989,29,,,0,10,,51990,29,,,0,10,,51991,29,,,0,10,,51992,29,,,0,10,,51993,29,,,0,10,,51994,29,,,0,50,,51995,29,,,0,10,,51996,29,,,0,10,,51997,29,,,0,10,,51998,29,,,0,10,,51999,29,,,0,10,,52000,29,,,0,50,,52001,29,,,0,10,,52002,29,,,0,10,,52003,29,,,0,10,,52004,29,,,0,10,,52005,29,,,0,10,,52006,29,,,0,50,,52007,29,,,0,10,,52008,29,,,0,10,,52009,29,,,0,10,,52010,29,,,0,10,,52011,29,,,0,10,,52012,29,,,0,50,,52013,29,,,0,10,,52014,29,,,0,10,,52015,29,,,0,10,,52016,29,,,0,10,,52017,29,,,0,10,,52018,29,,,0,50,,52019,29,,,0,10,,52020,29,,,0,10,,52021,29,,,0,10,,52022,29,,,0,10,,52023,29,,,0,10,,52024,29,,,0,50,,52025,29,,,0,10,,52026,29,,,0,10,,52027,29,,,0,10,,52028,29,,,0,10,,52029,29,,,0,10,,52030,29,,,0,50,,52031,29,,,0,10,,52032,29,,,0,10,,52033,29,,,0,15,,52034,29,,,0,15,,52035,29,,,0,55,,52036,29,,,0,15,,52037,29,,,0,30,,52038,29,,,0,70,,52039,29,,,0,30,,52040,29,,,0,70,,52041,29,,,0,30,,52042,29,,,0,70,,52043,29,,,0,30,,52044,29,,,0,70,,52045,29,,,0,30,,52046,29,,,0,70,,52047,29,,,0,30,,52048,29,,,0
2001,'1376',904,,53611,3,,,0,45,,53610,3,,,0,85,,53609,3,,,0,85,,53608,3,,,0,85,,53607,3,,,0,45,,53606,3,,,0,85,,53605,3,,,0,85,,53604,3,,,0,85,,53603,3,,,0,45,,53602,3,,,0,85,,53601,3,,,0,85,,53600,3,,,0,85,,53599,3,,,0,45,,53598,3,,,0,85,,53597,3,,,0
2001,'1377',604,,53629,3,,,0,45,,53630,3,,,0,85,,53631,3,,,0,85,,53632,3,,,0,84,,53612,3,,,0,30,,53613,3,,,0,70,,53614,3,,,0,30,,53615,3,,,0,80,,53616,3,,,0,30,,53617,3,,,0,70,,53618,3,,,0,30,,53619,3,,,0,80,,53620,3,,,0,30,,53621,3,,,0,70,,53622,3,,,0,30,,53623,3,,,0,80,,53624,3,,,0,70,,53625,3,,,0,30,,53626,3,,,0,70,,53627,3,,,0,40,,53628,3,,,0,71,,53633,3,,,0,45,,53634,3,,,0,85,,53635,3,,,0,85,,53636,3,,,0,85,,53637,3,,,0,45,,53638,3,,,0,85,,53639,3,,,0,85,,53640,3,,,0,85,,53641,3,,,0
2001,'1378',544,,53642,3,,,0,60,,53643,3,,,0,20,,53644,3,,,0,20,,53645,3,,,0,60,,53646,3,,,0,20,,53647,3,,,0,20,,53648,3,,,0,60,,53649,3,,,0,20,,53650,3,,,0,20,,53651,3,,,0,60,,53652,3,,,0,20,,53653,3,,,0,20,,53654,3,,,0,60,,53655,3,,,0,20,,53656,3,,,0,20,,53657,3,,,0,60,,53658,3,,,0,20,,53659,3,,,0,20,,53660,3,,,0,60,,53661,3,,,0,20,,53662,3,,,0,20,,53663,3,,,0,60,,53664,3,,,0,20,,53665,3,,,0,20,,53666,3,,,0,60,,53667,3,,,0,20,,53668,3,,,0,20,,53669,3,,,0,60,,53670,3,,,0,20,,53671,3,,,0,20,,53672,3,,,0,60,,53673,3,,,0,20,,53674,3,,,0,20,,53675,3,,,0,60,,53676,3,,,0,20,,53677,3,,,0,20,,53678,3,,,0,60,,53679,3,,,0,45,,53680,3,,,0,85,,53681,3,,,0,85,,53682,3,,,0,85,,53683,3,,,0,45,,53684,3,,,0,85,,53685,3,,,0,85,,53686,3,,,0,85,,53687,3,,,0,45,,53688,3,,,0
2001,'1379',544,,53689,3,,,0,60,,53690,3,,,0,20,,53691,3,,,0,20,,53692,3,,,0,60,,53693,3,,,0,20,,53694,3,,,0,20,,53695,3,,,0,60,,53696,3,,,0,20,,53697,3,,,0,20,,53698,3,,,0,60,,53699,3,,,0,20,,53700,3,,,0,20,,53701,3,,,0,60,,53702,3,,,0,20,,53703,3,,,0,20,,53704,3,,,0,60,,53705,3,,,0,20,,53706,3,,,0,20,,53707,3,,,0,60,,53708,3,,,0,20,,53709,3,,,0,20,,53710,3,,,0,60,,53711,3,,,0,20,,53712,3,,,0,20,,53713,3,,,0,60,,53714,3,,,0,20,,53715,3,,,0,20,,53716,3,,,0,60,,53717,3,,,0,20,,53718,3,,,0,20,,53719,3,,,0,60,,53720,3,,,0,20,,53721,3,,,0,20,,53722,3,,,0,60,,53723,3,,,0,20,,53724,3,,,0,20,,53725,3,,,0,60,,53726,3,,,0,45,,53727,3,,,0,85,,53728,3,,,0,85,,53729,3,,,0,85,,53730,3,,,0,45,,53731,3,,,0,85,,53732,3,,,0,85,,53733,3,,,0,85,,53734,3,,,0,45,,53735,3,,,0
2001,'1380',544,,53736,3,,,0,60,,53737,3,,,0,20,,53738,3,,,0,20,,53739,3,,,0,60,,53740,3,,,0,20,,53741,3,,,0,20,,53742,3,,,0,60,,53743,3,,,0,20,,53744,3,,,0,20,,53745,3,,,0,60,,53746,3,,,0,20,,53747,3,,,0,20,,53748,3,,,0,60,,53749,3,,,0,20,,53750,3,,,0,20,,53751,3,,,0,60,,53752,3,,,0,20,,53753,3,,,0,20,,53754,3,,,0,60,,53755,3,,,0,20,,53756,3,,,0,20,,53757,3,,,0,60,,53758,3,,,0,20,,53759,3,,,0,20,,53760,3,,,0,60,,53761,3,,,0,20,,53762,3,,,0,20,,53763,3,,,0,60,,53764,3,,,0,20,,53765,3,,,0,20,,53766,3,,,0,60,,53767,3,,,0,20,,53768,3,,,0,20,,53769,3,,,0,60,,53770,3,,,0,20,,53771,3,,,0,20,,53772,3,,,0,60,,53773,3,,,0,45,,53774,3,,,0,85,,53775,3,,,0,85,,53776,3,,,0,85,,53777,3,,,0,45,,53778,3,,,0,85,,53779,3,,,0,85,,53780,3,,,0,85,,53781,3,,,0,45,,53782,3,,,0
2001,'1381',544,,53783,3,,,0,60,,53784,3,,,0,20,,53785,3,,,0,20,,53786,3,,,0,60,,53787,3,,,0,20,,53788,3,,,0,20,,53789,3,,,0,60,,53790,3,,,0,20,,53791,3,,,0,20,,53792,3,,,0,60,,53793,3,,,0,20,,53794,3,,,0,20,,53795,3,,,0,60,,53796,3,,,0,20,,53797,3,,,0,20,,53798,3,,,0,60,,53799,3,,,0,20,,53800,3,,,0,20,,53801,3,,,0,60,,53802,3,,,0,20,,53803,3,,,0,20,,53804,3,,,0,60,,53805,3,,,0,20,,53806,3,,,0,20,,53807,3,,,0,60,,53808,3,,,0,20,,53809,3,,,0,20,,53810,3,,,0,60,,53811,3,,,0,20,,53812,3,,,0,20,,53813,3,,,0,60,,53814,3,,,0,20,,53815,3,,,0,20,,53816,3,,,0,60,,53817,3,,,0,20,,53818,3,,,0,20,,53819,3,,,0,60,,53820,3,,,0,45,,53821,3,,,0,85,,53822,3,,,0,85,,53823,3,,,0,85,,53824,3,,,0,45,,53825,3,,,0,85,,53826,3,,,0,85,,53827,3,,,0,85,,53828,3,,,0,45,,53829,3,,,0
2001,'1382',544,,53830,3,,,0,60,,53831,3,,,0,20,,53832,3,,,0,20,,53833,3,,,0,60,,53834,3,,,0,20,,53835,3,,,0,20,,53836,3,,,0,60,,53837,3,,,0,20,,53838,3,,,0,20,,53839,3,,,0,60,,53840,3,,,0,20,,53841,3,,,0,20,,53842,3,,,0,60,,53843,3,,,0,20,,53844,3,,,0,20,,53845,3,,,0,60,,53846,3,,,0,20,,53847,3,,,0,20,,53848,3,,,0,60,,53849,3,,,0,20,,53850,3,,,0,20,,53851,3,,,0,60,,53852,3,,,0,20,,53853,3,,,0,20,,53854,3,,,0,60,,53855,3,,,0,20,,53856,3,,,0,20,,53857,3,,,0,60,,53858,3,,,0,20,,53859,3,,,0,20,,53860,3,,,0,60,,53861,3,,,0,20,,53862,3,,,0,20,,53863,3,,,0,60,,53864,3,,,0,20,,53865,3,,,0,20,,53866,3,,,0,60,,53867,3,,,0,45,,53868,3,,,0,85,,53869,3,,,0,85,,53870,3,,,0,85,,53871,3,,,0,45,,53872,3,,,0,85,,53873,3,,,0,85,,53874,3,,,0,85,,53875,3,,,0,45,,53876,3,,,0
