721303,'1383',840,,63599,6,0,15,0,80,,63598,6,0,15,0,80,,63597,6,0,15,0,40,,63596,6,0,15,0,80,,63595,6,0,15,0,80,,63594,6,0,15,0,40,,63593,6,0,15,0,80,,63592,6,0,15,0,80,,63591,6,0,15,0,40,,63590,6,0,15,0,80,,63589,6,0,15,0,80,,63588,6,0,15,0,40,,63587,6,0,15,0,80,,63586,6,0,15,0,80,,63585,6,0,15,0,40,,63584,6,0,15,0,80,,63583,6,0,15,0,80,,63582,6,0,15,0
721303,'1384',640,,63600,6,0,15,0,80,,63601,6,0,15,0,80,,63602,6,0,15,0,40,,63603,6,0,15,0,80,,63604,6,0,15,0,80,,63605,6,0,15,0,40,,63606,6,0,15,0,80,,63607,6,0,15,0,80,,63608,6,0,15,0,20,,63609,6,0,15,0,20,,63610,6,0,15,0,60,,63611,6,0,15,0,20,,63612,6,0,15,0,20,,63613,6,0,15,0,60,,63614,6,0,15,0,20,,63615,6,0,15,0,20,,63616,6,0,15,0,60,,63617,6,0,15,0,20,,63618,6,0,15,0,20,,63619,6,0,15,0,60,,63620,6,0,15,0,20,,63621,6,0,15,0,20,,63622,6,0,15,0,60,,63623,6,0,15,0,20,,63624,6,0,15,0,20,,63625,6,0,15,0,60,,63626,6,0,15,0,20,,63627,6,0,15,0,20,,63628,6,0,15,0,80,,63629,6,0,15,0,80,,63630,6,0,15,0,40,,63631,6,0,15,0,80,,63632,6,0,15,0,80,,63633,6,0,15,0,40,,63634,6,0,15,0,80,,63635,6,0,15,0
721303,'1385',615,,63636,6,0,15,0,85,,63637,6,0,15,0,20,,63638,6,0,15,0,25,,63639,6,0,15,0,60,,63640,6,0,15,0,25,,63641,6,0,15,0,20,,63642,6,0,15,0,65,,63643,6,0,15,0,20,,63644,6,0,15,0,65,,63645,6,0,15,0,20,,63646,6,0,15,0,25,,63647,6,0,15,0,60,,63648,6,0,15,0,25,,63649,6,0,15,0,20,,63650,6,0,15,0,65,,63651,6,0,15,0,20,,63652,6,0,15,0,65,,63653,6,0,15,0,20,,63654,6,0,15,0,25,,63655,6,0,15,0,60,,63656,6,0,15,0,25,,63657,6,0,15,0,20,,63658,6,0,15,0,65,,63659,6,0,15,0,20,,63660,6,0,15,0,65,,63661,6,0,15,0,20,,63662,6,0,15,0,25,,63663,6,0,15,0,60,,63664,6,0,15,0,25,,63665,6,0,15,0,20,,63666,6,0,15,0,65,,63667,6,0,15,0,20,,63668,6,0,15,0,69,,63669,6,0,15,0,36,,63670,6,0,15,0,80,,63671,6,0,15,0,80,,63672,6,0,15,0,40,,63676,6,0,15,0,80,,63675,6,0,15,0,80,,63674,6,0,15,0,40,,63673,6,0,15,0
721303,'1386',615,,63677,6,0,15,0,85,,63678,6,0,15,0,20,,63679,6,0,15,0,25,,63680,6,0,15,0,60,,63681,6,0,15,0,25,,63682,6,0,15,0,20,,63683,6,0,15,0,65,,63684,6,0,15,0,20,,63685,6,0,15,0,65,,63686,6,0,15,0,20,,63687,6,0,15,0,25,,63688,6,0,15,0,60,,63689,6,0,15,0,25,,63690,6,0,15,0,20,,63691,6,0,15,0,65,,63692,6,0,15,0,20,,63693,6,0,15,0,65,,63694,6,0,15,0,20,,63695,6,0,15,0,25,,63696,6,0,15,0,60,,63697,6,0,15,0,25,,63698,6,0,15,0,20,,63699,6,0,15,0,65,,63700,6,0,15,0,20,,63701,6,0,15,0,65,,63702,6,0,15,0,20,,63703,6,0,15,0,25,,63704,6,0,15,0,60,,63705,6,0,15,0,25,,63706,6,0,15,0,20,,63707,6,0,15,0,65,,63708,6,0,15,0,20,,63709,6,0,15,0,69,,63710,6,0,15,0,36,,63711,6,0,15,0,80,,63712,6,0,15,0,80,,63713,6,0,15,0,40,,63717,6,0,15,0,80,,63716,6,0,15,0,80,,63715,6,0,15,0,40,,63714,6,0,15,0
721303,'1387',615,,63718,6,0,15,0,85,,63719,6,0,15,0,20,,63720,6,0,15,0,25,,63721,6,0,15,0,60,,63722,6,0,15,0,25,,63723,6,0,15,0,20,,63724,6,0,15,0,65,,63725,6,0,15,0,20,,63726,6,0,15,0,65,,63727,6,0,15,0,20,,63728,6,0,15,0,25,,63729,6,0,15,0,60,,63730,6,0,15,0,25,,63731,6,0,15,0,20,,63732,6,0,15,0,65,,63733,6,0,15,0,20,,63734,6,0,15,0,65,,63735,6,0,15,0,20,,63736,6,0,15,0,25,,63737,6,0,15,0,60,,63738,6,0,15,0,25,,63739,6,0,15,0,20,,63740,6,0,15,0,65,,63741,6,0,15,0,20,,63742,6,0,15,0,65,,63743,6,0,15,0,20,,63744,6,0,15,0,25,,63745,6,0,15,0,60,,63746,6,0,15,0,25,,63747,6,0,15,0,20,,63748,6,0,15,0,65,,63749,6,0,15,0,20,,63750,6,0,15,0,69,,63751,6,0,15,0,36,,63752,6,0,15,0,80,,63753,6,0,15,0,80,,63754,6,0,15,0,40,,63758,6,0,15,0,80,,63757,6,0,15,0,80,,63756,6,0,15,0,40,,63755,6,0,15,0
721303,'1388',615,,63759,6,0,15,0,85,,63760,6,0,15,0,20,,63761,6,0,15,0,25,,63762,6,0,15,0,60,,63763,6,0,15,0,25,,63764,6,0,15,0,20,,63765,6,0,15,0,65,,63766,6,0,15,0,20,,63767,6,0,15,0,65,,63768,6,0,15,0,20,,63769,6,0,15,0,25,,63770,6,0,15,0,60,,63771,6,0,15,0,25,,63772,6,0,15,0,20,,63773,6,0,15,0,65,,63774,6,0,15,0,20,,63775,6,0,15,0,65,,63776,6,0,15,0,20,,63777,6,0,15,0,25,,63778,6,0,15,0,60,,63779,6,0,15,0,25,,63780,6,0,15,0,20,,63781,6,0,15,0,65,,63782,6,0,15,0,20,,63783,6,0,15,0,65,,63784,6,0,15,0,20,,63785,6,0,15,0,25,,63786,6,0,15,0,60,,63787,6,0,15,0,25,,63788,6,0,15,0,20,,63789,6,0,15,0,65,,63790,6,0,15,0,20,,63791,6,0,15,0,69,,63792,6,0,15,0,36,,63793,6,0,15,0,80,,63794,6,0,15,0,80,,63795,6,0,15,0,40,,63799,6,0,15,0,80,,63798,6,0,15,0,80,,63797,6,0,15,0,40,,63796,6,0,15,0
721303,'1389',615,,63800,6,0,15,0,85,,63801,6,0,15,0,20,,63802,6,0,15,0,25,,63803,6,0,15,0,60,,63804,6,0,15,0,25,,63805,6,0,15,0,20,,63806,6,0,15,0,65,,63807,6,0,15,0,20,,63808,6,0,15,0,65,,63809,6,0,15,0,20,,63810,6,0,15,0,25,,63811,6,0,15,0,60,,63812,6,0,15,0,25,,63813,6,0,15,0,20,,63814,6,0,15,0,65,,63815,6,0,15,0,20,,63816,6,0,15,0,65,,63817,6,0,15,0,20,,63818,6,0,15,0,25,,63819,6,0,15,0,60,,63820,6,0,15,0,25,,63821,6,0,15,0,20,,63822,6,0,15,0,65,,63823,6,0,15,0,20,,63824,6,0,15,0,65,,63825,6,0,15,0,20,,63826,6,0,15,0,25,,63827,6,0,15,0,60,,63828,6,0,15,0,25,,63829,6,0,15,0,20,,63830,6,0,15,0,65,,63831,6,0,15,0,20,,63832,6,0,15,0,69,,63833,6,0,15,0,36,,63834,6,0,15,0,80,,63835,6,0,15,0,80,,63836,6,0,15,0,40,,63840,6,0,15,0,80,,63839,6,0,15,0,80,,63838,6,0,15,0,40,,63837,6,0,15,0
721502,'1385',722,,64542,4,0,16,0
721502,'1386',722,,64571,4,0,16,0
721502,'1387',722,,64600,4,0,16,0
721502,'1388',722,,64629,4,0,16,0
721502,'1389',722,,64658,4,0,16,0
