70101,'1377',706,,54128,12,0,17,0,130,,54129,12,0,17,0,170,,54130,12,0,17,0,130,,54131,12,0,17,0,170,,54132,12,0,17,0,130,,54133,12,0,17,0,170,,54134,12,0,17,0,130,,54135,12,0,17,0
70101,'1378',706,,54136,12,0,17,0,45,,54137,12,0,17,0,85,,54138,12,0,17,0,85,,54139,12,0,17,0,85,,54140,12,0,17,0,130,,54141,12,0,17,0,170,,54142,12,0,17,0,45,,54143,12,0,17,0,85,,54144,12,0,17,0,85,,54145,12,0,17,0,85,,54146,12,0,17,0,45,,54147,12,0,17,0,85,,54148,12,0,17,0,85,,54149,12,0,17,0
70101,'1379',706,,54150,12,0,17,0,45,,54151,12,0,17,0,85,,54152,12,0,17,0,85,,54153,12,0,17,0,85,,54154,12,0,17,0,130,,54155,12,0,17,0,170,,54156,12,0,17,0,45,,54157,12,0,17,0,85,,54158,12,0,17,0,85,,54159,12,0,17,0,85,,54160,12,0,17,0,45,,54161,12,0,17,0,85,,54162,12,0,17,0,85,,54163,12,0,17,0
70101,'1380',706,,54164,12,0,17,0,45,,54165,12,0,17,0,85,,54166,12,0,17,0,85,,54167,12,0,17,0,85,,54168,12,0,17,0,130,,54169,12,0,17,0,170,,54170,12,0,17,0,45,,54171,12,0,17,0,85,,54172,12,0,17,0,85,,54173,12,0,17,0,85,,54174,12,0,17,0,45,,54175,12,0,17,0,85,,54176,12,0,17,0,85,,54177,12,0,17,0
70101,'1381',706,,54178,12,0,17,0,45,,54179,12,0,17,0,85,,54180,12,0,17,0,85,,54181,12,0,17,0,85,,54182,12,0,17,0,130,,54183,12,0,17,0,170,,54184,12,0,17,0,45,,54185,12,0,17,0,85,,54186,12,0,17,0,85,,54187,12,0,17,0,85,,54188,12,0,17,0,45,,54189,12,0,17,0,85,,54190,12,0,17,0,85,,54191,12,0,17,0
70101,'1382',706,,54192,12,0,17,0,45,,54193,12,0,17,0,85,,54194,12,0,17,0,85,,54195,12,0,17,0,85,,54196,12,0,17,0,130,,54197,12,0,17,0,170,,54198,12,0,17,0,45,,54199,12,0,17,0,85,,54200,12,0,17,0,85,,54201,12,0,17,0,85,,54202,12,0,17,0,45,,54203,12,0,17,0,85,,54204,12,0,17,0,85,,54205,12,0,17,0
463601,'1376',842,,54657,4,0,10,0,480,,54656,4,0,10,0,130,,54655,4,0,10,0,285,,54654,4,0,10,0
463601,'1377',712,,54658,4,0,10,0,630,,54659,4,0,10,0,170,,54660,4,0,10,0,300,,54661,4,0,10,0
463601,'1378',612,,54665,4,0,10,0,730,,54664,4,0,10,0,470,,54663,4,0,10,0,130,,54662,4,0,10,0
463601,'1379',612,,54669,4,0,10,0,730,,54668,4,0,10,0,470,,54667,4,0,10,0,130,,54666,4,0,10,0
463601,'1380',612,,54673,4,0,10,0,730,,54672,4,0,10,0,470,,54671,4,0,10,0,130,,54670,4,0,10,0
463601,'1381',612,,54677,4,0,10,0,730,,54676,4,0,10,0,470,,54675,4,0,10,0,130,,54674,4,0,10,0
463601,'1382',612,,54681,4,0,10,0,730,,54680,4,0,10,0,470,,54679,4,0,10,0,130,,54678,4,0,10,0
