1600,'1383',1039,,57705,8,,,0,70,,57704,8,,,0,45,,57703,8,,,0,70,,57702,8,,,0,30,,57701,8,,,0,70,,57700,8,,,0,30,,57699,8,,,0,70,,57698,8,,,0,30,,57697,8,,,0,70,,57696,8,,,0,30,,57695,8,,,0,70,,57694,8,,,0,30,,57693,8,,,0,60,,57692,8,,,0,10,,57691,8,,,0,30,,57690,8,,,0,60,,57689,8,,,0,10,,57688,8,,,0,30,,57687,8,,,0,70,,57686,8,,,0,30,,57685,8,,,0
1600,'1384',725,,57706,8,,,0,30,,57707,8,,,0,70,,57708,8,,,0,30,,57709,8,,,0,70,,57710,8,,,0,30,,57711,8,,,0,70,,57712,8,,,0,30,,57713,8,,,0,60,,57714,8,,,0,20,,57715,8,,,0,20,,57716,8,,,0,60,,57717,8,,,0,20,,57718,8,,,0,20,,57719,8,,,0,60,,57720,8,,,0,20,,57721,8,,,0,20,,57722,8,,,0,60,,57723,8,,,0,20,,57724,8,,,0,20,,57725,8,,,0,60,,57726,8,,,0,20,,57727,8,,,0,20,,57728,8,,,0,60,,57729,8,,,0,20,,57730,8,,,0,20,,57731,8,,,0,60,,57732,8,,,0,20,,57733,8,,,0,20,,57734,8,,,0,60,,57735,8,,,0,5,,57736,8,,,0,15,,57737,8,,,0,20,,57738,8,,,0,70,,57739,8,,,0,30,,57740,8,,,0,70,,57741,8,,,0,30,,57742,8,,,0,70,,57743,8,,,0,30,,57744,8,,,0,100,,57745,8,,,0
1600,'1385',634,,57759,8,,,0,75,,57746,8,,,0,30,,57760,8,,,0,20,,57761,8,,,0,60,,57762,8,,,0,20,,57763,8,,,0,20,,57764,8,,,0,60,,57765,8,,,0,20,,57766,8,,,0,20,,57747,8,,,0,60,,57748,8,,,0,20,,57749,8,,,0,20,,57750,8,,,0,60,,57751,8,,,0,20,,57752,8,,,0,20,,57753,8,,,0,60,,57754,8,,,0,20,,57755,8,,,0,20,,57756,8,,,0,60,,57757,8,,,0,20,,57758,8,,,0,20,,57779,8,,,0,60,,57780,8,,,0,20,,57781,8,,,0,20,,57782,8,,,0,60,,57783,8,,,0,20,,57767,8,,,0,20,,57768,8,,,0,60,,57769,8,,,0,20,,57770,8,,,0,20,,57771,8,,,0,60,,57772,8,,,0,20,,57773,8,,,0,20,,57774,8,,,0,60,,57775,8,,,0,20,,57776,8,,,0,15,,57777,8,,,0,70,,57778,8,,,0,30,,57784,8,,,0,70,,57785,8,,,0,30,,57786,8,,,0,70,,57787,8,,,0,30,,57788,8,,,0,100,,57789,8,,,0
1600,'1386',634,,57803,8,,,0,75,,57790,8,,,0,30,,57804,8,,,0,20,,57805,8,,,0,60,,57806,8,,,0,20,,57807,8,,,0,20,,57808,8,,,0,60,,57809,8,,,0,20,,57810,8,,,0,20,,57791,8,,,0,60,,57792,8,,,0,20,,57793,8,,,0,20,,57794,8,,,0,60,,57795,8,,,0,20,,57796,8,,,0,20,,57797,8,,,0,60,,57798,8,,,0,20,,57799,8,,,0,20,,57800,8,,,0,60,,57801,8,,,0,20,,57802,8,,,0,20,,57823,8,,,0,60,,57824,8,,,0,20,,57825,8,,,0,20,,57826,8,,,0,60,,57827,8,,,0,20,,57811,8,,,0,20,,57812,8,,,0,60,,57813,8,,,0,20,,57814,8,,,0,20,,57815,8,,,0,60,,57816,8,,,0,20,,57817,8,,,0,20,,57818,8,,,0,60,,57819,8,,,0,20,,57820,8,,,0,15,,57821,8,,,0,70,,57822,8,,,0,30,,57828,8,,,0,70,,57829,8,,,0,30,,57830,8,,,0,70,,57831,8,,,0,30,,57832,8,,,0,100,,57833,8,,,0
1600,'1387',634,,57847,8,,,0,75,,57834,8,,,0,30,,57848,8,,,0,20,,57849,8,,,0,60,,57850,8,,,0,20,,57851,8,,,0,20,,57852,8,,,0,60,,57853,8,,,0,20,,57854,8,,,0,20,,57835,8,,,0,60,,57836,8,,,0,20,,57837,8,,,0,20,,57838,8,,,0,60,,57839,8,,,0,20,,57840,8,,,0,20,,57841,8,,,0,60,,57842,8,,,0,20,,57843,8,,,0,20,,57844,8,,,0,60,,57845,8,,,0,20,,57846,8,,,0,20,,57867,8,,,0,60,,57868,8,,,0,20,,57869,8,,,0,20,,57870,8,,,0,60,,57871,8,,,0,20,,57855,8,,,0,20,,57856,8,,,0,60,,57857,8,,,0,20,,57858,8,,,0,20,,57859,8,,,0,60,,57860,8,,,0,20,,57861,8,,,0,20,,57862,8,,,0,60,,57863,8,,,0,20,,57864,8,,,0,15,,57865,8,,,0,70,,57866,8,,,0,30,,57872,8,,,0,70,,57873,8,,,0,30,,57874,8,,,0,70,,57875,8,,,0,30,,57876,8,,,0,100,,57877,8,,,0
1600,'1388',634,,57891,8,,,0,75,,57878,8,,,0,30,,57892,8,,,0,20,,57893,8,,,0,60,,57894,8,,,0,20,,57895,8,,,0,20,,57896,8,,,0,60,,57897,8,,,0,20,,57898,8,,,0,20,,57879,8,,,0,60,,57880,8,,,0,20,,57881,8,,,0,20,,57882,8,,,0,60,,57883,8,,,0,20,,57884,8,,,0,20,,57885,8,,,0,60,,57886,8,,,0,20,,57887,8,,,0,20,,57888,8,,,0,60,,57889,8,,,0,20,,57890,8,,,0,20,,57911,8,,,0,60,,57912,8,,,0,20,,57913,8,,,0,20,,57914,8,,,0,60,,57915,8,,,0,20,,57899,8,,,0,20,,57900,8,,,0,60,,57901,8,,,0,20,,57902,8,,,0,20,,57903,8,,,0,60,,57904,8,,,0,20,,57905,8,,,0,20,,57906,8,,,0,60,,57907,8,,,0,20,,57908,8,,,0,15,,57909,8,,,0,70,,57910,8,,,0,30,,57916,8,,,0,70,,57917,8,,,0,30,,57918,8,,,0,70,,57919,8,,,0,30,,57920,8,,,0,100,,57921,8,,,0
1600,'1389',634,,57935,8,,,0,75,,57922,8,,,0,30,,57936,8,,,0,20,,57937,8,,,0,60,,57938,8,,,0,20,,57939,8,,,0,20,,57940,8,,,0,60,,57941,8,,,0,20,,57942,8,,,0,20,,57923,8,,,0,60,,57924,8,,,0,20,,57925,8,,,0,20,,57926,8,,,0,60,,57927,8,,,0,20,,57928,8,,,0,20,,57929,8,,,0,60,,57930,8,,,0,20,,57931,8,,,0,20,,57932,8,,,0,60,,57933,8,,,0,20,,57934,8,,,0,20,,57955,8,,,0,60,,57956,8,,,0,20,,57957,8,,,0,20,,57958,8,,,0,60,,57959,8,,,0,20,,57943,8,,,0,20,,57944,8,,,0,60,,57945,8,,,0,20,,57946,8,,,0,20,,57947,8,,,0,60,,57948,8,,,0,20,,57949,8,,,0,20,,57950,8,,,0,60,,57951,8,,,0,20,,57952,8,,,0,15,,57953,8,,,0,70,,57954,8,,,0,30,,57960,8,,,0,70,,57961,8,,,0,30,,57962,8,,,0,70,,57963,8,,,0,30,,57964,8,,,0,100,,57965,8,,,0
721403,'1383',950,,64105,24,0,15,0,150,,64104,24,0,15,0,110,,64103,24,0,15,0,110,,64102,24,0,15,0,110,,64101,24,0,15,0,110,,64100,24,0,15,0,110,,64107,24,0,15,0,150,,64106,24,0,15,0
721403,'1384',850,,64108,24,0,15,0,150,,64109,24,0,15,0,110,,64110,24,0,15,0,110,,64111,24,0,15,0,113,,64112,24,0,15,0,115,,64113,24,0,15,0,85,,64114,24,0,15,0,85,,64115,24,0,15,0,85,,64116,24,0,15,0,45,,64117,24,0,15,0,85,,64118,24,0,15,0,85,,64119,24,0,15,0,85,,64120,24,0,15,0
721403,'1385',718,,64121,24,0,15,0,100,,64122,24,0,15,0,85,,64123,24,0,15,0,45,,64124,24,0,15,0,85,,64125,24,0,15,0,85,,64126,24,0,15,0,85,,64127,24,0,15,0,45,,64128,24,0,15,0,85,,64129,24,0,15,0,85,,64130,24,0,15,0,85,,64131,24,0,15,0,45,,64132,24,0,15,0,85,,64133,24,0,15,0,85,,64134,24,0,15,0,85,,64135,24,0,15,0,45,,64136,24,0,15,0,85,,64137,24,0,15,0,85,,64138,24,0,15,0,85,,64139,24,0,15,0,45,,64140,24,0,15,0
721403,'1386',718,,64141,24,0,15,0,100,,64142,24,0,15,0,85,,64143,24,0,15,0,45,,64144,24,0,15,0,85,,64145,24,0,15,0,85,,64146,24,0,15,0,85,,64147,24,0,15,0,45,,64148,24,0,15,0,85,,64149,24,0,15,0,85,,64150,24,0,15,0,85,,64151,24,0,15,0,45,,64152,24,0,15,0,85,,64153,24,0,15,0,85,,64154,24,0,15,0,85,,64155,24,0,15,0,45,,64156,24,0,15,0,85,,64157,24,0,15,0,85,,64158,24,0,15,0,85,,64159,24,0,15,0,45,,64160,24,0,15,0
721403,'1387',718,,64161,24,0,15,0,100,,64162,24,0,15,0,85,,64163,24,0,15,0,45,,64164,24,0,15,0,85,,64165,24,0,15,0,85,,64166,24,0,15,0,85,,64167,24,0,15,0,45,,64168,24,0,15,0,85,,64169,24,0,15,0,85,,64170,24,0,15,0,85,,64171,24,0,15,0,45,,64172,24,0,15,0,85,,64173,24,0,15,0,85,,64174,24,0,15,0,85,,64175,24,0,15,0,45,,64176,24,0,15,0,85,,64177,24,0,15,0,85,,64178,24,0,15,0,85,,64179,24,0,15,0,45,,64180,24,0,15,0
721403,'1388',718,,64181,24,0,15,0,100,,64182,24,0,15,0,85,,64183,24,0,15,0,45,,64184,24,0,15,0,85,,64185,24,0,15,0,85,,64186,24,0,15,0,85,,64187,24,0,15,0,45,,64188,24,0,15,0,85,,64189,24,0,15,0,85,,64190,24,0,15,0,85,,64191,24,0,15,0,45,,64192,24,0,15,0,85,,64193,24,0,15,0,85,,64194,24,0,15,0,85,,64195,24,0,15,0,45,,64196,24,0,15,0,85,,64197,24,0,15,0,85,,64198,24,0,15,0,85,,64199,24,0,15,0,45,,64200,24,0,15,0
721403,'1389',718,,64201,24,0,15,0,100,,64202,24,0,15,0,85,,64203,24,0,15,0,45,,64204,24,0,15,0,85,,64205,24,0,15,0,85,,64206,24,0,15,0,85,,64207,24,0,15,0,45,,64208,24,0,15,0,85,,64209,24,0,15,0,85,,64210,24,0,15,0,85,,64211,24,0,15,0,45,,64212,24,0,15,0,85,,64213,24,0,15,0,85,,64214,24,0,15,0,85,,64215,24,0,15,0,45,,64216,24,0,15,0,85,,64217,24,0,15,0,85,,64218,24,0,15,0,85,,64219,24,0,15,0,45,,64220,24,0,15,0
