2000,'1383',924,,60518,3,,,0,85,,60517,3,,,0,45,,60516,3,,,0,85,,60515,3,,,0,85,,60514,3,,,0,85,,60519,3,,,0,45,,60513,3,,,0,85,,60512,3,,,0,85,,60526,3,,,0,85,,60525,3,,,0,44,,60524,3,,,0,86,,60523,3,,,0,85,,60522,3,,,0,85,,60521,3,,,0,45,,60520,3,,,0
2000,'1384',624,,60529,3,,,0,85,,60530,3,,,0,45,,60531,3,,,0,85,,60532,3,,,0,15,,60533,3,,,0,70,,60534,3,,,0,80,,60535,3,,,0,30,,60536,3,,,0,70,,60537,3,,,0,30,,60538,3,,,0,80,,60539,3,,,0,30,,60540,3,,,0,70,,60541,3,,,0,30,,60542,3,,,0,80,,60543,3,,,0,30,,60544,3,,,0,70,,60545,3,,,0,30,,60546,3,,,0,80,,60547,3,,,0,70,,60548,3,,,0,30,,60549,3,,,0,70,,60550,3,,,0,40,,60551,3,,,0,75,,60552,3,,,0,85,,60553,3,,,0,45,,60554,3,,,0,85,,60555,3,,,0,85,,60556,3,,,0,85,,60557,3,,,0,45,,60558,3,,,0
2000,'1385',552,,60569,5,,,0,60,,60570,5,,,0,20,,60571,5,,,0,20,,60572,5,,,0,60,,60573,5,,,0,20,,60574,5,,,0,20,,60575,5,,,0,60,,60576,5,,,0,20,,60577,5,,,0,20,,60578,5,,,0,60,,60579,5,,,0,20,,60580,5,,,0,20,,60581,5,,,0,60,,60582,5,,,0,20,,60583,5,,,0,20,,60584,5,,,0,60,,60585,5,,,0,20,,60586,5,,,0,20,,60587,5,,,0,60,,60588,5,,,0,20,,60589,5,,,0,20,,60590,5,,,0,60,,60591,5,,,0,20,,60592,5,,,0,20,,60593,5,,,0,60,,60594,5,,,0,20,,60595,5,,,0,20,,60596,5,,,0,60,,60597,5,,,0,20,,60598,5,,,0,20,,60599,5,,,0,60,,60600,5,,,0,20,,60601,5,,,0,20,,60602,5,,,0,60,,60603,5,,,0,20,,60604,5,,,0,20,,60605,5,,,0,60,,60606,5,,,0,17,,60560,3,,,0,80,,60561,3,,,0,45,,60562,3,,,0,85,,60563,3,,,0,85,,60564,3,,,0,85,,60565,3,,,0,45,,60566,3,,,0,85,,60567,3,,,0,85,,60568,3,,,0
2000,'1386',552,,60617,5,,,0,60,,60618,5,,,0,20,,60619,5,,,0,20,,60620,5,,,0,60,,60621,5,,,0,20,,60622,5,,,0,20,,60623,5,,,0,60,,60624,5,,,0,20,,60625,5,,,0,20,,60626,5,,,0,60,,60627,5,,,0,20,,60628,5,,,0,20,,60629,5,,,0,60,,60630,5,,,0,20,,60631,5,,,0,20,,60632,5,,,0,60,,60633,5,,,0,20,,60634,5,,,0,20,,60635,5,,,0,60,,60636,5,,,0,20,,60637,5,,,0,20,,60638,5,,,0,60,,60639,5,,,0,20,,60640,5,,,0,20,,60641,5,,,0,60,,60642,5,,,0,20,,60643,5,,,0,20,,60644,5,,,0,60,,60645,5,,,0,20,,60646,5,,,0,20,,60647,5,,,0,60,,60648,5,,,0,20,,60649,5,,,0,20,,60650,5,,,0,60,,60651,5,,,0,20,,60652,5,,,0,20,,60653,5,,,0,60,,60654,5,,,0,17,,60608,3,,,0,80,,60609,3,,,0,45,,60610,3,,,0,85,,60611,3,,,0,85,,60612,3,,,0,85,,60613,3,,,0,45,,60614,3,,,0,85,,60615,3,,,0,85,,60616,3,,,0
2000,'1387',552,,60665,5,,,0,60,,60666,5,,,0,20,,60667,5,,,0,20,,60668,5,,,0,60,,60669,5,,,0,20,,60670,5,,,0,20,,60671,5,,,0,60,,60672,5,,,0,20,,60673,5,,,0,20,,60674,5,,,0,60,,60675,5,,,0,20,,60676,5,,,0,20,,60677,5,,,0,60,,60678,5,,,0,20,,60679,5,,,0,20,,60680,5,,,0,60,,60681,5,,,0,20,,60682,5,,,0,20,,60683,5,,,0,60,,60684,5,,,0,20,,60685,5,,,0,20,,60686,5,,,0,60,,60687,5,,,0,20,,60688,5,,,0,20,,60689,5,,,0,60,,60690,5,,,0,20,,60691,5,,,0,20,,60692,5,,,0,60,,60693,5,,,0,20,,60694,5,,,0,20,,60695,5,,,0,60,,60696,5,,,0,20,,60697,5,,,0,20,,60698,5,,,0,60,,60699,5,,,0,20,,60700,5,,,0,20,,60701,5,,,0,60,,60702,5,,,0,17,,60656,3,,,0,80,,60657,3,,,0,45,,60658,3,,,0,85,,60659,3,,,0,85,,60660,3,,,0,85,,60661,3,,,0,45,,60662,3,,,0,85,,60663,3,,,0,85,,60664,3,,,0
2000,'1388',552,,60713,5,,,0,60,,60714,5,,,0,20,,60715,5,,,0,20,,60716,5,,,0,60,,60717,5,,,0,20,,60718,5,,,0,20,,60719,5,,,0,60,,60720,5,,,0,20,,60721,5,,,0,20,,60722,5,,,0,60,,60723,5,,,0,20,,60724,5,,,0,20,,60725,5,,,0,60,,60726,5,,,0,20,,60727,5,,,0,20,,60728,5,,,0,60,,60729,5,,,0,20,,60730,5,,,0,20,,60731,5,,,0,60,,60732,5,,,0,20,,60733,5,,,0,20,,60734,5,,,0,60,,60735,5,,,0,20,,60736,5,,,0,20,,60737,5,,,0,60,,60738,5,,,0,20,,60739,5,,,0,20,,60740,5,,,0,60,,60741,5,,,0,20,,60742,5,,,0,20,,60743,5,,,0,60,,60744,5,,,0,20,,60745,5,,,0,20,,60746,5,,,0,60,,60747,5,,,0,20,,60748,5,,,0,20,,60749,5,,,0,60,,60750,5,,,0,17,,60704,3,,,0,80,,60705,3,,,0,45,,60706,3,,,0,85,,60707,3,,,0,85,,60708,3,,,0,85,,60709,3,,,0,45,,60710,3,,,0,85,,60711,3,,,0,85,,60712,3,,,0
2000,'1389',552,,60761,5,,,0,60,,60762,5,,,0,20,,60763,5,,,0,20,,60764,5,,,0,60,,60765,5,,,0,20,,60766,5,,,0,20,,60767,5,,,0,60,,60768,5,,,0,20,,60769,5,,,0,20,,60770,5,,,0,60,,60771,5,,,0,20,,60772,5,,,0,20,,60773,5,,,0,60,,60774,5,,,0,20,,60775,5,,,0,20,,60776,5,,,0,60,,60777,5,,,0,20,,60778,5,,,0,20,,60779,5,,,0,60,,60780,5,,,0,20,,60781,5,,,0,20,,60782,5,,,0,60,,60783,5,,,0,20,,60784,5,,,0,20,,60785,5,,,0,60,,60786,5,,,0,20,,60787,5,,,0,20,,60788,5,,,0,60,,60789,5,,,0,20,,60790,5,,,0,20,,60791,5,,,0,60,,60792,5,,,0,20,,60793,5,,,0,20,,60794,5,,,0,60,,60795,5,,,0,20,,60796,5,,,0,20,,60797,5,,,0,60,,60798,5,,,0,17,,60752,3,,,0,80,,60753,3,,,0,45,,60754,3,,,0,85,,60755,3,,,0,85,,60756,3,,,0,85,,60757,3,,,0,45,,60758,3,,,0,85,,60759,3,,,0,85,,60760,3,,,0
2801,'1384',812,,61205,7,,,0,110,,61206,7,,,0,110,,61207,7,,,0,110,,61208,7,,,0,110,,61209,7,,,0,150,,61210,7,,,0,110,,61211,7,,,0,110,,61212,7,,,0,110,,61213,7,,,0,110,,61214,7,,,0
2801,'1385',637,,61215,7,,,0,75,,61216,7,,,0,35,,61217,7,,,0,75,,61218,7,,,0,35,,61219,7,,,0,75,,61220,7,,,0,75,,61221,7,,,0,35,,61222,7,,,0,75,,61223,7,,,0,35,,61224,7,,,0,75,,61225,7,,,0,75,,61226,7,,,0,35,,61227,7,,,0,75,,61228,7,,,0,35,,61229,7,,,0,75,,61230,7,,,0,35,,61231,7,,,0,75,,61232,7,,,0,75,,61233,7,,,0,35,,61234,7,,,0,75,,61235,7,,,0,35,,61236,7,,,0,75,,61237,7,,,0
2801,'1386',637,,61238,7,,,0,75,,61239,7,,,0,35,,61240,7,,,0,75,,61241,7,,,0,35,,61242,7,,,0,75,,61243,7,,,0,75,,61244,7,,,0,35,,61245,7,,,0,75,,61246,7,,,0,35,,61247,7,,,0,75,,61248,7,,,0,75,,61249,7,,,0,35,,61250,7,,,0,75,,61251,7,,,0,35,,61252,7,,,0,75,,61253,7,,,0,35,,61254,7,,,0,75,,61255,7,,,0,75,,61256,7,,,0,35,,61257,7,,,0,75,,61258,7,,,0,35,,61259,7,,,0,75,,61260,7,,,0
2801,'1387',637,,61261,7,,,0,75,,61262,7,,,0,35,,61263,7,,,0,75,,61264,7,,,0,35,,61265,7,,,0,75,,61266,7,,,0,75,,61267,7,,,0,35,,61268,7,,,0,75,,61269,7,,,0,35,,61270,7,,,0,75,,61271,7,,,0,75,,61272,7,,,0,35,,61273,7,,,0,75,,61274,7,,,0,35,,61275,7,,,0,75,,61276,7,,,0,35,,61277,7,,,0,75,,61278,7,,,0,75,,61279,7,,,0,35,,61280,7,,,0,75,,61281,7,,,0,35,,61282,7,,,0,75,,61283,7,,,0
2801,'1388',637,,61284,7,,,0,75,,61285,7,,,0,35,,61286,7,,,0,75,,61287,7,,,0,35,,61288,7,,,0,75,,61289,7,,,0,75,,61290,7,,,0,35,,61291,7,,,0,75,,61292,7,,,0,35,,61293,7,,,0,75,,61294,7,,,0,75,,61295,7,,,0,35,,61296,7,,,0,75,,61297,7,,,0,35,,61298,7,,,0,75,,61299,7,,,0,35,,61300,7,,,0,75,,61301,7,,,0,75,,61302,7,,,0,35,,61303,7,,,0,75,,61304,7,,,0,35,,61305,7,,,0,75,,61306,7,,,0
2801,'1389',637,,61307,7,,,0,75,,61308,7,,,0,35,,61309,7,,,0,75,,61310,7,,,0,35,,61311,7,,,0,75,,61312,7,,,0,75,,61313,7,,,0,35,,61314,7,,,0,75,,61315,7,,,0,35,,61316,7,,,0,75,,61317,7,,,0,75,,61318,7,,,0,35,,61319,7,,,0,75,,61320,7,,,0,35,,61321,7,,,0,75,,61322,7,,,0,35,,61323,7,,,0,75,,61324,7,,,0,75,,61325,7,,,0,35,,61326,7,,,0,75,,61327,7,,,0,35,,61328,7,,,0,75,,61329,7,,,0
