70101,'1384',721,,61330,33,0,17,0,130,,61331,33,0,17,0,170,,61332,33,0,17,0,130,,61333,33,0,17,0,170,,61334,33,0,17,0,130,,61335,33,0,17,0,170,,61336,33,0,17,0,130,,61337,33,0,17,0
70101,'1385',721,,61338,33,0,17,0,85,,61339,33,0,17,0,45,,61340,33,0,17,0,85,,61341,33,0,17,0,85,,61342,33,0,17,0,130,,61343,33,0,17,0,170,,61344,33,0,17,0,85,,61345,33,0,17,0,45,,61346,33,0,17,0,85,,61347,33,0,17,0,85,,61348,33,0,17,0,85,,61349,33,0,17,0,45,,61350,33,0,17,0,85,,61351,33,0,17,0
70101,'1386',721,,61352,33,0,17,0,85,,61353,33,0,17,0,45,,61354,33,0,17,0,85,,61355,33,0,17,0,85,,61356,33,0,17,0,130,,61357,33,0,17,0,170,,61358,33,0,17,0,85,,61359,33,0,17,0,45,,61360,33,0,17,0,85,,61361,33,0,17,0,85,,61362,33,0,17,0,85,,61363,33,0,17,0,45,,61364,33,0,17,0,85,,61365,33,0,17,0
70101,'1387',721,,61366,33,0,17,0,85,,61367,33,0,17,0,45,,61368,33,0,17,0,85,,61369,33,0,17,0,85,,61370,33,0,17,0,130,,61371,33,0,17,0,170,,61372,33,0,17,0,85,,61373,33,0,17,0,45,,61374,33,0,17,0,85,,61375,33,0,17,0,85,,61376,33,0,17,0,85,,61377,33,0,17,0,45,,61378,33,0,17,0,85,,61379,33,0,17,0
70101,'1388',721,,61380,33,0,17,0,85,,61381,33,0,17,0,45,,61382,33,0,17,0,85,,61383,33,0,17,0,85,,61384,33,0,17,0,130,,61385,33,0,17,0,170,,61386,33,0,17,0,85,,61387,33,0,17,0,45,,61388,33,0,17,0,85,,61389,33,0,17,0,85,,61390,33,0,17,0,85,,61391,33,0,17,0,45,,61392,33,0,17,0,85,,61393,33,0,17,0
70101,'1389',721,,61394,33,0,17,0,85,,61395,33,0,17,0,45,,61396,33,0,17,0,85,,61397,33,0,17,0,85,,61398,33,0,17,0,130,,61399,33,0,17,0,170,,61400,33,0,17,0,85,,61401,33,0,17,0,45,,61402,33,0,17,0,85,,61403,33,0,17,0,85,,61404,33,0,17,0,85,,61405,33,0,17,0,45,,61406,33,0,17,0,85,,61407,33,0,17,0
70102,'1384',822,,61408,34,0,16,0,130,,61409,34,0,16,0,170,,61410,34,0,16,0,130,,61411,34,0,16,0,170,,61412,34,0,16,0,130,,61413,34,0,16,0,170,,61414,34,0,16,0,130,,61415,34,0,16,0
70102,'1385',737,,61416,34,0,16,0,85,,61417,34,0,16,0,85,,61418,34,0,16,0,45,,61419,34,0,16,0,85,,61420,34,0,16,0,85,,61421,34,0,16,0,130,,61422,34,0,16,0,170,,61423,34,0,16,0,85,,61424,34,0,16,0,45,,61425,34,0,16,0,85,,61426,34,0,16,0,85,,61427,34,0,16,0,85,,61428,34,0,16,0,45,,61429,34,0,16,0
70102,'1386',737,,61430,34,0,16,0,85,,61431,34,0,16,0,85,,61432,34,0,16,0,45,,61433,34,0,16,0,85,,61434,34,0,16,0,85,,61435,34,0,16,0,130,,61436,34,0,16,0,170,,61437,34,0,16,0,85,,61438,34,0,16,0,45,,61439,34,0,16,0,85,,61440,34,0,16,0,85,,61441,34,0,16,0,85,,61442,34,0,16,0,45,,61443,34,0,16,0
70102,'1387',737,,61444,34,0,16,0,85,,61445,34,0,16,0,85,,61446,34,0,16,0,45,,61447,34,0,16,0,85,,61448,34,0,16,0,85,,61449,34,0,16,0,130,,61450,34,0,16,0,170,,61451,34,0,16,0,85,,61452,34,0,16,0,45,,61453,34,0,16,0,85,,61454,34,0,16,0,85,,61455,34,0,16,0,85,,61456,34,0,16,0,45,,61457,34,0,16,0
70102,'1388',737,,61458,34,0,16,0,85,,61459,34,0,16,0,85,,61460,34,0,16,0,45,,61461,34,0,16,0,85,,61462,34,0,16,0,85,,61463,34,0,16,0,130,,61464,34,0,16,0,170,,61465,34,0,16,0,85,,61466,34,0,16,0,45,,61467,34,0,16,0,85,,61468,34,0,16,0,85,,61469,34,0,16,0,85,,61470,34,0,16,0,45,,61471,34,0,16,0
70102,'1389',737,,61472,34,0,16,0,85,,61473,34,0,16,0,85,,61474,34,0,16,0,45,,61475,34,0,16,0,85,,61476,34,0,16,0,85,,61477,34,0,16,0,130,,61478,34,0,16,0,170,,61479,34,0,16,0,85,,61480,34,0,16,0,45,,61481,34,0,16,0,85,,61482,34,0,16,0,85,,61483,34,0,16,0,85,,61484,34,0,16,0,45,,61485,34,0,16,0
