721303,'1383',841,,63599,7,0,15,0,80,,63598,7,0,15,0,80,,63597,7,0,15,0,40,,63596,7,0,15,0,80,,63595,7,0,15,0,80,,63594,7,0,15,0,40,,63593,7,0,15,0,80,,63592,7,0,15,0,80,,63591,7,0,15,0,40,,63590,7,0,15,0,80,,63589,7,0,15,0,80,,63588,7,0,15,0,40,,63587,7,0,15,0,80,,63586,7,0,15,0,80,,63585,7,0,15,0,40,,63584,7,0,15,0,80,,63583,7,0,15,0,80,,63582,7,0,15,0
721303,'1384',641,,63600,7,0,15,0,80,,63601,7,0,15,0,80,,63602,7,0,15,0,40,,63603,7,0,15,0,80,,63604,7,0,15,0,80,,63605,7,0,15,0,40,,63606,7,0,15,0,80,,63607,7,0,15,0,80,,63608,7,0,15,0,20,,63609,7,0,15,0,20,,63610,7,0,15,0,60,,63611,7,0,15,0,20,,63612,7,0,15,0,20,,63613,7,0,15,0,60,,63614,7,0,15,0,20,,63615,7,0,15,0,20,,63616,7,0,15,0,60,,63617,7,0,15,0,20,,63618,7,0,15,0,20,,63619,7,0,15,0,60,,63620,7,0,15,0,20,,63621,7,0,15,0,20,,63622,7,0,15,0,60,,63623,7,0,15,0,20,,63624,7,0,15,0,20,,63625,7,0,15,0,60,,63626,7,0,15,0,20,,63627,7,0,15,0,20,,63628,7,0,15,0,80,,63629,7,0,15,0,80,,63630,7,0,15,0,40,,63631,7,0,15,0,80,,63632,7,0,15,0,80,,63633,7,0,15,0,40,,63634,7,0,15,0,80,,63635,7,0,15,0
721303,'1385',616,,63636,7,0,15,0,85,,63637,7,0,15,0,20,,63638,7,0,15,0,25,,63639,7,0,15,0,60,,63640,7,0,15,0,25,,63641,7,0,15,0,20,,63642,7,0,15,0,65,,63643,7,0,15,0,20,,63644,7,0,15,0,65,,63645,7,0,15,0,20,,63646,7,0,15,0,25,,63647,7,0,15,0,60,,63648,7,0,15,0,25,,63649,7,0,15,0,20,,63650,7,0,15,0,65,,63651,7,0,15,0,20,,63652,7,0,15,0,65,,63653,7,0,15,0,20,,63654,7,0,15,0,25,,63655,7,0,15,0,60,,63656,7,0,15,0,25,,63657,7,0,15,0,20,,63658,7,0,15,0,65,,63659,7,0,15,0,20,,63660,7,0,15,0,65,,63661,7,0,15,0,20,,63662,7,0,15,0,25,,63663,7,0,15,0,60,,63664,7,0,15,0,25,,63665,7,0,15,0,20,,63666,7,0,15,0,65,,63667,7,0,15,0,20,,63668,7,0,15,0,69,,63669,7,0,15,0,36,,63670,7,0,15,0,80,,63671,7,0,15,0,80,,63672,7,0,15,0,40,,63676,7,0,15,0,80,,63675,7,0,15,0,80,,63674,7,0,15,0,40,,63673,7,0,15,0
721303,'1386',616,,63677,7,0,15,0,85,,63678,7,0,15,0,20,,63679,7,0,15,0,25,,63680,7,0,15,0,60,,63681,7,0,15,0,25,,63682,7,0,15,0,20,,63683,7,0,15,0,65,,63684,7,0,15,0,20,,63685,7,0,15,0,65,,63686,7,0,15,0,20,,63687,7,0,15,0,25,,63688,7,0,15,0,60,,63689,7,0,15,0,25,,63690,7,0,15,0,20,,63691,7,0,15,0,65,,63692,7,0,15,0,20,,63693,7,0,15,0,65,,63694,7,0,15,0,20,,63695,7,0,15,0,25,,63696,7,0,15,0,60,,63697,7,0,15,0,25,,63698,7,0,15,0,20,,63699,7,0,15,0,65,,63700,7,0,15,0,20,,63701,7,0,15,0,65,,63702,7,0,15,0,20,,63703,7,0,15,0,25,,63704,7,0,15,0,60,,63705,7,0,15,0,25,,63706,7,0,15,0,20,,63707,7,0,15,0,65,,63708,7,0,15,0,20,,63709,7,0,15,0,69,,63710,7,0,15,0,36,,63711,7,0,15,0,80,,63712,7,0,15,0,80,,63713,7,0,15,0,40,,63717,7,0,15,0,80,,63716,7,0,15,0,80,,63715,7,0,15,0,40,,63714,7,0,15,0
721303,'1387',616,,63718,7,0,15,0,85,,63719,7,0,15,0,20,,63720,7,0,15,0,25,,63721,7,0,15,0,60,,63722,7,0,15,0,25,,63723,7,0,15,0,20,,63724,7,0,15,0,65,,63725,7,0,15,0,20,,63726,7,0,15,0,65,,63727,7,0,15,0,20,,63728,7,0,15,0,25,,63729,7,0,15,0,60,,63730,7,0,15,0,25,,63731,7,0,15,0,20,,63732,7,0,15,0,65,,63733,7,0,15,0,20,,63734,7,0,15,0,65,,63735,7,0,15,0,20,,63736,7,0,15,0,25,,63737,7,0,15,0,60,,63738,7,0,15,0,25,,63739,7,0,15,0,20,,63740,7,0,15,0,65,,63741,7,0,15,0,20,,63742,7,0,15,0,65,,63743,7,0,15,0,20,,63744,7,0,15,0,25,,63745,7,0,15,0,60,,63746,7,0,15,0,25,,63747,7,0,15,0,20,,63748,7,0,15,0,65,,63749,7,0,15,0,20,,63750,7,0,15,0,69,,63751,7,0,15,0,36,,63752,7,0,15,0,80,,63753,7,0,15,0,80,,63754,7,0,15,0,40,,63758,7,0,15,0,80,,63757,7,0,15,0,80,,63756,7,0,15,0,40,,63755,7,0,15,0
721303,'1388',616,,63759,7,0,15,0,85,,63760,7,0,15,0,20,,63761,7,0,15,0,25,,63762,7,0,15,0,60,,63763,7,0,15,0,25,,63764,7,0,15,0,20,,63765,7,0,15,0,65,,63766,7,0,15,0,20,,63767,7,0,15,0,65,,63768,7,0,15,0,20,,63769,7,0,15,0,25,,63770,7,0,15,0,60,,63771,7,0,15,0,25,,63772,7,0,15,0,20,,63773,7,0,15,0,65,,63774,7,0,15,0,20,,63775,7,0,15,0,65,,63776,7,0,15,0,20,,63777,7,0,15,0,25,,63778,7,0,15,0,60,,63779,7,0,15,0,25,,63780,7,0,15,0,20,,63781,7,0,15,0,65,,63782,7,0,15,0,20,,63783,7,0,15,0,65,,63784,7,0,15,0,20,,63785,7,0,15,0,25,,63786,7,0,15,0,60,,63787,7,0,15,0,25,,63788,7,0,15,0,20,,63789,7,0,15,0,65,,63790,7,0,15,0,20,,63791,7,0,15,0,69,,63792,7,0,15,0,36,,63793,7,0,15,0,80,,63794,7,0,15,0,80,,63795,7,0,15,0,40,,63799,7,0,15,0,80,,63798,7,0,15,0,80,,63797,7,0,15,0,40,,63796,7,0,15,0
721303,'1389',616,,63800,7,0,15,0,85,,63801,7,0,15,0,20,,63802,7,0,15,0,25,,63803,7,0,15,0,60,,63804,7,0,15,0,25,,63805,7,0,15,0,20,,63806,7,0,15,0,65,,63807,7,0,15,0,20,,63808,7,0,15,0,65,,63809,7,0,15,0,20,,63810,7,0,15,0,25,,63811,7,0,15,0,60,,63812,7,0,15,0,25,,63813,7,0,15,0,20,,63814,7,0,15,0,65,,63815,7,0,15,0,20,,63816,7,0,15,0,65,,63817,7,0,15,0,20,,63818,7,0,15,0,25,,63819,7,0,15,0,60,,63820,7,0,15,0,25,,63821,7,0,15,0,20,,63822,7,0,15,0,65,,63823,7,0,15,0,20,,63824,7,0,15,0,65,,63825,7,0,15,0,20,,63826,7,0,15,0,25,,63827,7,0,15,0,60,,63828,7,0,15,0,25,,63829,7,0,15,0,20,,63830,7,0,15,0,65,,63831,7,0,15,0,20,,63832,7,0,15,0,69,,63833,7,0,15,0,36,,63834,7,0,15,0,80,,63835,7,0,15,0,80,,63836,7,0,15,0,40,,63840,7,0,15,0,80,,63839,7,0,15,0,80,,63838,7,0,15,0,40,,63837,7,0,15,0
721502,'1385',723,,64542,5,0,16,0
721502,'1386',723,,64571,5,0,16,0
721502,'1387',723,,64600,5,0,16,0
721502,'1388',723,,64629,5,0,16,0
721502,'1389',723,,64658,5,0,16,0
