1901,'1383',928,,60309,35,,,0,100,,60310,35,,,0,100,,60311,35,,,0,100,,60312,35,,,0,100,,60313,35,,,0,100,,60315,35,,,0,100,,60314,35,,,0,100,,60308,35,,,0,100,,60307,35,,,0,100,,60306,35,,,0,100,,60305,35,,,0,100,,60304,35,,,0
1901,'1384',828,,60316,35,,,0,100,,60317,35,,,0,100,,60318,35,,,0,30,,60319,35,,,0,70,,60320,35,,,0,30,,60321,35,,,0,70,,60322,35,,,0,30,,60323,35,,,0,70,,60324,35,,,0,30,,60325,35,,,0,70,,60326,35,,,0,30,,60327,35,,,0,70,,60328,35,,,0,30,,60329,35,,,0,70,,60330,35,,,0,30,,60331,35,,,0,70,,60332,35,,,0,30,,60333,35,,,0,70,,60334,35,,,0,30,,60335,35,,,0,70,,60336,35,,,0,30,,60337,35,,,0,70,,60338,35,,,0,100,,60339,35,,,0,100,,60340,35,,,0,100,,60341,35,,,0
1901,'1385',628,,60342,35,,,0,30,,60343,35,,,0,70,,60344,35,,,0,30,,60345,35,,,0,70,,60346,35,,,0,30,,60347,35,,,0,70,,60348,35,,,0,30,,60349,35,,,0,70,,60350,35,,,0,30,,60351,35,,,0,70,,60352,35,,,0,30,,60353,35,,,0,70,,60354,35,,,0,30,,60355,35,,,0,70,,60356,35,,,0,30,,60357,35,,,0,70,,60358,35,,,0,30,,60359,35,,,0,70,,60360,35,,,0,30,,60361,35,,,0,70,,60362,35,,,0,30,,60363,35,,,0,70,,60364,35,,,0,30,,60365,35,,,0,70,,60366,35,,,0,30,,60367,35,,,0,70,,60368,35,,,0,30,,60369,35,,,0,70,,60370,35,,,0,30,,60371,35,,,0,70,,60372,35,,,0,30,,60373,35,,,0,100,,60374,35,,,0,100,,60375,35,,,0
1901,'1386',628,,60376,35,,,0,30,,60377,35,,,0,70,,60378,35,,,0,30,,60379,35,,,0,70,,60380,35,,,0,30,,60381,35,,,0,70,,60382,35,,,0,30,,60383,35,,,0,70,,60384,35,,,0,30,,60385,35,,,0,70,,60386,35,,,0,30,,60387,35,,,0,70,,60388,35,,,0,30,,60389,35,,,0,70,,60390,35,,,0,30,,60391,35,,,0,70,,60392,35,,,0,30,,60393,35,,,0,70,,60394,35,,,0,30,,60395,35,,,0,70,,60396,35,,,0,30,,60397,35,,,0,70,,60398,35,,,0,30,,60399,35,,,0,70,,60400,35,,,0,30,,60401,35,,,0,70,,60402,35,,,0,30,,60403,35,,,0,70,,60404,35,,,0,30,,60405,35,,,0,70,,60406,35,,,0,30,,60407,35,,,0,100,,60408,35,,,0,100,,60409,35,,,0
1901,'1387',628,,60410,35,,,0,30,,60411,35,,,0,70,,60412,35,,,0,30,,60413,35,,,0,70,,60414,35,,,0,30,,60415,35,,,0,70,,60416,35,,,0,30,,60417,35,,,0,70,,60418,35,,,0,30,,60419,35,,,0,70,,60420,35,,,0,30,,60421,35,,,0,70,,60422,35,,,0,30,,60423,35,,,0,70,,60424,35,,,0,30,,60425,35,,,0,70,,60426,35,,,0,30,,60427,35,,,0,70,,60428,35,,,0,30,,60429,35,,,0,70,,60430,35,,,0,30,,60431,35,,,0,70,,60432,35,,,0,30,,60433,35,,,0,70,,60434,35,,,0,30,,60435,35,,,0,70,,60436,35,,,0,30,,60437,35,,,0,70,,60438,35,,,0,30,,60439,35,,,0,70,,60440,35,,,0,30,,60441,35,,,0,100,,60442,35,,,0,100,,60443,35,,,0
1901,'1388',628,,60444,35,,,0,30,,60445,35,,,0,70,,60446,35,,,0,30,,60447,35,,,0,70,,60448,35,,,0,30,,60449,35,,,0,70,,60450,35,,,0,30,,60451,35,,,0,70,,60452,35,,,0,30,,60453,35,,,0,70,,60454,35,,,0,30,,60455,35,,,0,70,,60456,35,,,0,30,,60457,35,,,0,70,,60458,35,,,0,30,,60459,35,,,0,70,,60460,35,,,0,30,,60461,35,,,0,70,,60462,35,,,0,30,,60463,35,,,0,70,,60464,35,,,0,30,,60465,35,,,0,70,,60466,35,,,0,30,,60467,35,,,0,70,,60468,35,,,0,30,,60469,35,,,0,70,,60470,35,,,0,30,,60471,35,,,0,70,,60472,35,,,0,30,,60473,35,,,0,70,,60474,35,,,0,30,,60475,35,,,0,100,,60476,35,,,0,100,,60477,35,,,0
1901,'1389',628,,60478,35,,,0,30,,60479,35,,,0,70,,60480,35,,,0,30,,60481,35,,,0,70,,60482,35,,,0,30,,60483,35,,,0,70,,60484,35,,,0,30,,60485,35,,,0,70,,60486,35,,,0,30,,60487,35,,,0,70,,60488,35,,,0,30,,60489,35,,,0,70,,60490,35,,,0,30,,60491,35,,,0,70,,60492,35,,,0,30,,60493,35,,,0,70,,60494,35,,,0,30,,60495,35,,,0,70,,60496,35,,,0,30,,60497,35,,,0,70,,60498,35,,,0,30,,60499,35,,,0,70,,60500,35,,,0,30,,60501,35,,,0,70,,60502,35,,,0,30,,60503,35,,,0,70,,60504,35,,,0,30,,60505,35,,,0,70,,60506,35,,,0,30,,60507,35,,,0,70,,60508,35,,,0,30,,60509,35,,,0,100,,60510,35,,,0,100,,60511,35,,,0
721404,'1383',908,,64224,10,0,14,0,110,,64223,10,0,14,0,110,,64222,10,0,14,0,110,,64221,10,0,14,0,110,,64228,10,0,14,0,110,,64227,10,0,14,0,150,,64226,10,0,14,0,110,,64225,10,0,14,0
721404,'1384',808,,64229,10,0,14,0,110,,64230,10,0,14,0,110,,64231,10,0,14,0,110,,64232,10,0,14,0,110,,64233,10,0,14,0,107,,64234,10,0,14,0,85,,64235,10,0,14,0,85,,64236,10,0,14,0,85,,64237,10,0,14,0,45,,64238,10,0,14,0,85,,64239,10,0,14,0,85,,64240,10,0,14,0,85,,64241,10,0,14,0
721404,'1385',629,,64242,10,0,14,0,95,,64243,10,0,14,0,85,,64244,10,0,14,0,45,,64245,10,0,14,0,85,,64246,10,0,14,0,85,,64247,10,0,14,0,85,,64248,10,0,14,0,45,,64249,10,0,14,0,85,,64250,10,0,14,0,85,,64251,10,0,14,0,85,,64252,10,0,14,0,45,,64253,10,0,14,0,85,,64254,10,0,14,0,85,,64255,10,0,14,0,85,,64256,10,0,14,0,45,,64257,10,0,14,0,85,,64258,10,0,14,0,85,,64259,10,0,14,0,85,,64260,10,0,14,0,45,,64261,10,0,14,0
721404,'1386',629,,64262,10,0,14,0,95,,64263,10,0,14,0,85,,64264,10,0,14,0,45,,64265,10,0,14,0,85,,64266,10,0,14,0,85,,64267,10,0,14,0,85,,64268,10,0,14,0,45,,64269,10,0,14,0,85,,64270,10,0,14,0,85,,64271,10,0,14,0,85,,64272,10,0,14,0,45,,64273,10,0,14,0,85,,64274,10,0,14,0,85,,64275,10,0,14,0,85,,64276,10,0,14,0,45,,64277,10,0,14,0,85,,64278,10,0,14,0,85,,64279,10,0,14,0,85,,64280,10,0,14,0,45,,64281,10,0,14,0
721404,'1387',629,,64282,10,0,14,0,95,,64283,10,0,14,0,85,,64284,10,0,14,0,45,,64285,10,0,14,0,85,,64286,10,0,14,0,85,,64287,10,0,14,0,85,,64288,10,0,14,0,45,,64289,10,0,14,0,85,,64290,10,0,14,0,85,,64291,10,0,14,0,85,,64292,10,0,14,0,45,,64293,10,0,14,0,85,,64294,10,0,14,0,85,,64295,10,0,14,0,85,,64296,10,0,14,0,45,,64297,10,0,14,0,85,,64298,10,0,14,0,85,,64299,10,0,14,0,85,,64300,10,0,14,0,45,,64301,10,0,14,0
721404,'1388',629,,64302,10,0,14,0,95,,64303,10,0,14,0,85,,64304,10,0,14,0,45,,64305,10,0,14,0,85,,64306,10,0,14,0,85,,64307,10,0,14,0,85,,64308,10,0,14,0,45,,64309,10,0,14,0,85,,64310,10,0,14,0,85,,64311,10,0,14,0,85,,64312,10,0,14,0,45,,64313,10,0,14,0,85,,64314,10,0,14,0,85,,64315,10,0,14,0,85,,64316,10,0,14,0,45,,64317,10,0,14,0,85,,64318,10,0,14,0,85,,64319,10,0,14,0,85,,64320,10,0,14,0,45,,64321,10,0,14,0
721404,'1389',629,,64322,10,0,14,0,95,,64323,10,0,14,0,85,,64324,10,0,14,0,45,,64325,10,0,14,0,85,,64326,10,0,14,0,85,,64327,10,0,14,0,85,,64328,10,0,14,0,45,,64329,10,0,14,0,85,,64330,10,0,14,0,85,,64331,10,0,14,0,85,,64332,10,0,14,0,45,,64333,10,0,14,0,85,,64334,10,0,14,0,85,,64335,10,0,14,0,85,,64336,10,0,14,0,45,,64337,10,0,14,0,85,,64338,10,0,14,0,85,,64339,10,0,14,0,85,,64340,10,0,14,0,45,,64341,10,0,14,0
