1700,'1383',619,,58253,26,,,0,100,,58252,26,,,0,100,,58251,26,,,0,100,,58250,26,,,0,109,,58254,26,,,0,80,,58255,26,,,0,40,,58256,26,,,0,80,,58257,26,,,0,80,,58258,26,,,0,40,,58259,26,,,0,80,,58260,26,,,0,80,,58261,26,,,0,40,,58262,26,,,0,80,,58263,26,,,0,80,,58264,26,,,0,40,,58265,26,,,0,80,,58266,26,,,0,80,,58267,26,,,0,40,,58268,26,,,0
1700,'1384',537,,58269,26,,,0,74,,58270,26,,,0,30,,58271,26,,,0,70,,58272,26,,,0,30,,58273,26,,,0,70,,58274,26,,,0,30,,58275,26,,,0,70,,58276,26,,,0,30,,58277,26,,,0,70,,58278,26,,,0,37,,58287,26,,,0,60,,58288,26,,,0,20,,58289,26,,,0,20,,58290,26,,,0,60,,58291,26,,,0,20,,58292,26,,,0,20,,58293,26,,,0,60,,58294,26,,,0,20,,58295,26,,,0,20,,58296,26,,,0,60,,58297,26,,,0,20,,58298,26,,,0,20,,58299,26,,,0,60,,58300,26,,,0,20,,58301,26,,,0,20,,58302,26,,,0,60,,58303,26,,,0,20,,58304,26,,,0,20,,58305,26,,,0,60,,58306,26,,,0,20,,58307,26,,,0,20,,58308,26,,,0,60,,58309,26,,,0,20,,58310,26,,,0,15,,58311,26,,,0,70,,58312,26,,,0,30,,58313,26,,,0,70,,58314,26,,,0,30,,58315,26,,,0,68,,58279,26,,,0,30,,58280,26,,,0,70,,58281,26,,,0,30,,58282,26,,,0,70,,58283,26,,,0,30,,58284,26,,,0,70,,58285,26,,,0,30,,58286,26,,,0
1700,'1385',542,,58316,26,,,0,82,,58335,26,,,0,15,,58334,26,,,0,15,,58333,26,,,0,55,,58332,26,,,0,15,,58331,26,,,0,10,,58330,26,,,0,10,,58329,26,,,0,10,,58328,26,,,0,50,,58327,26,,,0,10,,58326,26,,,0,10,,58325,26,,,0,10,,58324,26,,,0,10,,58323,26,,,0,10,,58318,26,,,0,50,,58319,26,,,0,10,,58320,26,,,0,10,,58321,26,,,0,10,,58322,26,,,0,10,,58336,26,,,0,10,,58361,26,,,0,50,,58362,26,,,0,10,,58363,26,,,0,10,,58364,26,,,0,10,,58365,26,,,0,10,,58366,26,,,0,10,,58367,26,,,0,50,,58368,26,,,0,10,,58369,26,,,0,10,,58370,26,,,0,10,,58371,26,,,0,10,,58372,26,,,0,10,,58373,26,,,0,50,,58374,26,,,0,10,,58375,26,,,0,10,,58376,26,,,0,10,,58379,26,,,0,10,,58380,26,,,0,10,,58381,26,,,0,50,,58382,26,,,0,10,,58383,26,,,0,10,,58384,26,,,0,10,,58385,26,,,0,10,,58386,26,,,0,10,,58337,26,,,0,50,,58338,26,,,0,10,,58339,26,,,0,10,,58340,26,,,0,10,,58341,26,,,0,10,,58342,26,,,0,10,,58343,26,,,0,50,,58344,26,,,0,10,,58345,26,,,0,10,,58346,26,,,0,10,,58347,26,,,0,10,,58348,26,,,0,10,,58349,26,,,0,50,,58350,26,,,0,10,,58351,26,,,0,10,,58352,26,,,0,10,,58353,26,,,0,10,,58354,26,,,0,10,,58355,26,,,0,50,,58356,26,,,0,10,,58357,26,,,0,10,,58358,26,,,0,10,,58359,26,,,0,10,,58360,26,,,0,10,,58387,26,,,0,50,,58388,26,,,0,10,,58389,26,,,0,10,,58390,26,,,0,15,,58391,26,,,0,15,,58392,26,,,0,55,,58393,26,,,0,30,,58394,26,,,0,70,,58395,26,,,0,30,,58396,26,,,0,70,,58397,26,,,0,30,,58398,26,,,0,70,,58399,26,,,0,30,,58400,26,,,0,70,,58401,26,,,0,30,,58402,26,,,0,70,,58377,26,,,0,30,,58378,26,,,0
1700,'1386',542,,58403,26,,,0,82,,58422,26,,,0,15,,58421,26,,,0,15,,58420,26,,,0,55,,58419,26,,,0,15,,58418,26,,,0,10,,58417,26,,,0,10,,58416,26,,,0,10,,58415,26,,,0,50,,58414,26,,,0,10,,58413,26,,,0,10,,58412,26,,,0,10,,58411,26,,,0,10,,58410,26,,,0,10,,58405,26,,,0,50,,58406,26,,,0,10,,58407,26,,,0,10,,58408,26,,,0,10,,58409,26,,,0,10,,58423,26,,,0,10,,58448,26,,,0,50,,58449,26,,,0,10,,58450,26,,,0,10,,58451,26,,,0,10,,58452,26,,,0,10,,58453,26,,,0,10,,58454,26,,,0,50,,58455,26,,,0,10,,58456,26,,,0,10,,58457,26,,,0,10,,58458,26,,,0,10,,58459,26,,,0,10,,58460,26,,,0,50,,58461,26,,,0,10,,58462,26,,,0,10,,58463,26,,,0,10,,58466,26,,,0,10,,58467,26,,,0,10,,58468,26,,,0,50,,58469,26,,,0,10,,58470,26,,,0,10,,58471,26,,,0,10,,58472,26,,,0,10,,58473,26,,,0,10,,58424,26,,,0,50,,58425,26,,,0,10,,58426,26,,,0,10,,58427,26,,,0,10,,58428,26,,,0,10,,58429,26,,,0,10,,58430,26,,,0,50,,58431,26,,,0,10,,58432,26,,,0,10,,58433,26,,,0,10,,58434,26,,,0,10,,58435,26,,,0,10,,58436,26,,,0,50,,58437,26,,,0,10,,58438,26,,,0,10,,58439,26,,,0,10,,58440,26,,,0,10,,58441,26,,,0,10,,58442,26,,,0,50,,58443,26,,,0,10,,58444,26,,,0,10,,58445,26,,,0,10,,58446,26,,,0,10,,58447,26,,,0,10,,58474,26,,,0,50,,58475,26,,,0,10,,58476,26,,,0,10,,58477,26,,,0,15,,58478,26,,,0,15,,58479,26,,,0,55,,58480,26,,,0,30,,58481,26,,,0,70,,58482,26,,,0,30,,58483,26,,,0,70,,58484,26,,,0,30,,58485,26,,,0,70,,58486,26,,,0,30,,58487,26,,,0,70,,58488,26,,,0,30,,58489,26,,,0,70,,58464,26,,,0,30,,58465,26,,,0
1700,'1387',542,,58490,26,,,0,82,,58509,26,,,0,15,,58508,26,,,0,15,,58507,26,,,0,55,,58506,26,,,0,15,,58505,26,,,0,10,,58504,26,,,0,10,,58503,26,,,0,10,,58502,26,,,0,50,,58501,26,,,0,10,,58500,26,,,0,10,,58499,26,,,0,10,,58498,26,,,0,10,,58497,26,,,0,10,,58492,26,,,0,50,,58493,26,,,0,10,,58494,26,,,0,10,,58495,26,,,0,10,,58496,26,,,0,10,,58510,26,,,0,10,,58535,26,,,0,50,,58536,26,,,0,10,,58537,26,,,0,10,,58538,26,,,0,10,,58539,26,,,0,10,,58540,26,,,0,10,,58541,26,,,0,50,,58542,26,,,0,10,,58543,26,,,0,10,,58544,26,,,0,10,,58545,26,,,0,10,,58546,26,,,0,10,,58547,26,,,0,50,,58548,26,,,0,10,,58549,26,,,0,10,,58550,26,,,0,10,,58553,26,,,0,10,,58554,26,,,0,10,,58555,26,,,0,50,,58556,26,,,0,10,,58557,26,,,0,10,,58558,26,,,0,10,,58559,26,,,0,10,,58560,26,,,0,10,,58511,26,,,0,50,,58512,26,,,0,10,,58513,26,,,0,10,,58514,26,,,0,10,,58515,26,,,0,10,,58516,26,,,0,10,,58517,26,,,0,50,,58518,26,,,0,10,,58519,26,,,0,10,,58520,26,,,0,10,,58521,26,,,0,10,,58522,26,,,0,10,,58523,26,,,0,50,,58524,26,,,0,10,,58525,26,,,0,10,,58526,26,,,0,10,,58527,26,,,0,10,,58528,26,,,0,10,,58529,26,,,0,50,,58530,26,,,0,10,,58531,26,,,0,10,,58532,26,,,0,10,,58533,26,,,0,10,,58534,26,,,0,10,,58561,26,,,0,50,,58562,26,,,0,10,,58563,26,,,0,10,,58564,26,,,0,15,,58565,26,,,0,15,,58566,26,,,0,55,,58567,26,,,0,30,,58568,26,,,0,70,,58569,26,,,0,30,,58570,26,,,0,70,,58571,26,,,0,30,,58572,26,,,0,70,,58573,26,,,0,30,,58574,26,,,0,70,,58575,26,,,0,30,,58576,26,,,0,70,,58551,26,,,0,30,,58552,26,,,0
1700,'1388',542,,58577,26,,,0,82,,58596,26,,,0,15,,58595,26,,,0,15,,58594,26,,,0,55,,58593,26,,,0,15,,58592,26,,,0,10,,58591,26,,,0,10,,58590,26,,,0,10,,58589,26,,,0,50,,58588,26,,,0,10,,58587,26,,,0,10,,58586,26,,,0,10,,58585,26,,,0,10,,58584,26,,,0,10,,58579,26,,,0,50,,58580,26,,,0,10,,58581,26,,,0,10,,58582,26,,,0,10,,58583,26,,,0,10,,58597,26,,,0,10,,58622,26,,,0,50,,58623,26,,,0,10,,58624,26,,,0,10,,58625,26,,,0,10,,58626,26,,,0,10,,58627,26,,,0,10,,58628,26,,,0,50,,58629,26,,,0,10,,58630,26,,,0,10,,58631,26,,,0,10,,58632,26,,,0,10,,58633,26,,,0,10,,58634,26,,,0,50,,58635,26,,,0,10,,58636,26,,,0,10,,58637,26,,,0,10,,58640,26,,,0,10,,58641,26,,,0,10,,58642,26,,,0,50,,58643,26,,,0,10,,58644,26,,,0,10,,58645,26,,,0,10,,58646,26,,,0,10,,58647,26,,,0,10,,58598,26,,,0,50,,58599,26,,,0,10,,58600,26,,,0,10,,58601,26,,,0,10,,58602,26,,,0,10,,58603,26,,,0,10,,58604,26,,,0,50,,58605,26,,,0,10,,58606,26,,,0,10,,58607,26,,,0,10,,58608,26,,,0,10,,58609,26,,,0,10,,58610,26,,,0,50,,58611,26,,,0,10,,58612,26,,,0,10,,58613,26,,,0,10,,58614,26,,,0,10,,58615,26,,,0,10,,58616,26,,,0,50,,58617,26,,,0,10,,58618,26,,,0,10,,58619,26,,,0,10,,58620,26,,,0,10,,58621,26,,,0,10,,58648,26,,,0,50,,58649,26,,,0,10,,58650,26,,,0,10,,58651,26,,,0,15,,58652,26,,,0,15,,58653,26,,,0,55,,58654,26,,,0,30,,58655,26,,,0,70,,58656,26,,,0,30,,58657,26,,,0,70,,58658,26,,,0,30,,58659,26,,,0,70,,58660,26,,,0,30,,58661,26,,,0,70,,58662,26,,,0,30,,58663,26,,,0,70,,58638,26,,,0,30,,58639,26,,,0
1700,'1389',542,,58664,26,,,0,82,,58683,26,,,0,15,,58682,26,,,0,15,,58681,26,,,0,55,,58680,26,,,0,15,,58679,26,,,0,10,,58678,26,,,0,10,,58677,26,,,0,10,,58676,26,,,0,50,,58675,26,,,0,10,,58674,26,,,0,10,,58673,26,,,0,10,,58672,26,,,0,10,,58671,26,,,0,10,,58666,26,,,0,50,,58667,26,,,0,10,,58668,26,,,0,10,,58669,26,,,0,10,,58670,26,,,0,10,,58684,26,,,0,10,,58709,26,,,0,50,,58710,26,,,0,10,,58711,26,,,0,10,,58712,26,,,0,10,,58713,26,,,0,10,,58714,26,,,0,10,,58715,26,,,0,50,,58716,26,,,0,10,,58717,26,,,0,10,,58718,26,,,0,10,,58719,26,,,0,10,,58720,26,,,0,10,,58721,26,,,0,50,,58722,26,,,0,10,,58723,26,,,0,10,,58724,26,,,0,10,,58727,26,,,0,10,,58728,26,,,0,10,,58729,26,,,0,50,,58730,26,,,0,10,,58731,26,,,0,10,,58732,26,,,0,10,,58733,26,,,0,10,,58734,26,,,0,10,,58685,26,,,0,50,,58686,26,,,0,10,,58687,26,,,0,10,,58688,26,,,0,10,,58689,26,,,0,10,,58690,26,,,0,10,,58691,26,,,0,50,,58692,26,,,0,10,,58693,26,,,0,10,,58694,26,,,0,10,,58695,26,,,0,10,,58696,26,,,0,10,,58697,26,,,0,50,,58698,26,,,0,10,,58699,26,,,0,10,,58700,26,,,0,10,,58701,26,,,0,10,,58702,26,,,0,10,,58703,26,,,0,50,,58704,26,,,0,10,,58705,26,,,0,10,,58706,26,,,0,10,,58707,26,,,0,10,,58708,26,,,0,10,,58735,26,,,0,50,,58736,26,,,0,10,,58737,26,,,0,10,,58738,26,,,0,15,,58739,26,,,0,15,,58740,26,,,0,55,,58741,26,,,0,30,,58742,26,,,0,70,,58743,26,,,0,30,,58744,26,,,0,70,,58745,26,,,0,30,,58746,26,,,0,70,,58747,26,,,0,30,,58748,26,,,0,70,,58749,26,,,0,30,,58750,26,,,0,70,,58725,26,,,0,30,,58726,26,,,0
2000,'1383',950,,60518,36,,,0,85,,60517,36,,,0,85,,60516,36,,,0,85,,60515,36,,,0,45,,60514,36,,,0,85,,60519,36,,,0,85,,60513,36,,,0,85,,60512,36,,,0,45,,60526,36,,,0,85,,60525,36,,,0,86,,60524,36,,,0,84,,60523,36,,,0,45,,60522,36,,,0,85,,60521,36,,,0,85,,60520,36,,,0
2000,'1384',651,,60529,36,,,0,85,,60530,36,,,0,85,,60531,36,,,0,85,,60532,36,,,0,15,,60533,36,,,0,30,,60534,36,,,0,80,,60535,36,,,0,70,,60536,36,,,0,30,,60537,36,,,0,70,,60538,36,,,0,40,,60539,36,,,0,70,,60540,36,,,0,30,,60541,36,,,0,70,,60542,36,,,0,40,,60543,36,,,0,70,,60544,36,,,0,30,,60545,36,,,0,70,,60546,36,,,0,80,,60547,36,,,0,30,,60548,36,,,0,70,,60549,36,,,0,30,,60550,36,,,0,80,,60551,36,,,0,35,,60552,36,,,0,85,,60553,36,,,0,85,,60554,36,,,0,85,,60555,36,,,0,45,,60556,36,,,0,85,,60557,36,,,0,85,,60558,36,,,0
2000,'1385',620,,60569,38,,,0,20,,60570,38,,,0,60,,60571,38,,,0,20,,60572,38,,,0,20,,60573,38,,,0,60,,60574,38,,,0,20,,60575,38,,,0,20,,60576,38,,,0,60,,60577,38,,,0,20,,60578,38,,,0,20,,60579,38,,,0,60,,60580,38,,,0,20,,60581,38,,,0,20,,60582,38,,,0,60,,60583,38,,,0,20,,60584,38,,,0,20,,60585,38,,,0,60,,60586,38,,,0,20,,60587,38,,,0,20,,60588,38,,,0,60,,60589,38,,,0,20,,60590,38,,,0,20,,60591,38,,,0,60,,60592,38,,,0,20,,60593,38,,,0,20,,60594,38,,,0,60,,60595,38,,,0,20,,60596,38,,,0,20,,60597,38,,,0,60,,60598,38,,,0,20,,60599,38,,,0,20,,60600,38,,,0,60,,60601,38,,,0,20,,60602,38,,,0,20,,60603,38,,,0,60,,60604,38,,,0,20,,60605,38,,,0,20,,60606,38,,,0,17,,60560,36,,,0,78,,60561,36,,,0,85,,60562,36,,,0,85,,60563,36,,,0,45,,60564,36,,,0,85,,60565,36,,,0,85,,60566,36,,,0,85,,60567,36,,,0,45,,60568,36,,,0
2000,'1386',620,,60617,38,,,0,20,,60618,38,,,0,60,,60619,38,,,0,20,,60620,38,,,0,20,,60621,38,,,0,60,,60622,38,,,0,20,,60623,38,,,0,20,,60624,38,,,0,60,,60625,38,,,0,20,,60626,38,,,0,20,,60627,38,,,0,60,,60628,38,,,0,20,,60629,38,,,0,20,,60630,38,,,0,60,,60631,38,,,0,20,,60632,38,,,0,20,,60633,38,,,0,60,,60634,38,,,0,20,,60635,38,,,0,20,,60636,38,,,0,60,,60637,38,,,0,20,,60638,38,,,0,20,,60639,38,,,0,60,,60640,38,,,0,20,,60641,38,,,0,20,,60642,38,,,0,60,,60643,38,,,0,20,,60644,38,,,0,20,,60645,38,,,0,60,,60646,38,,,0,20,,60647,38,,,0,20,,60648,38,,,0,60,,60649,38,,,0,20,,60650,38,,,0,20,,60651,38,,,0,60,,60652,38,,,0,20,,60653,38,,,0,20,,60654,38,,,0,17,,60608,36,,,0,78,,60609,36,,,0,85,,60610,36,,,0,85,,60611,36,,,0,45,,60612,36,,,0,85,,60613,36,,,0,85,,60614,36,,,0,85,,60615,36,,,0,45,,60616,36,,,0
2000,'1387',620,,60665,38,,,0,20,,60666,38,,,0,60,,60667,38,,,0,20,,60668,38,,,0,20,,60669,38,,,0,60,,60670,38,,,0,20,,60671,38,,,0,20,,60672,38,,,0,60,,60673,38,,,0,20,,60674,38,,,0,20,,60675,38,,,0,60,,60676,38,,,0,20,,60677,38,,,0,20,,60678,38,,,0,60,,60679,38,,,0,20,,60680,38,,,0,20,,60681,38,,,0,60,,60682,38,,,0,20,,60683,38,,,0,20,,60684,38,,,0,60,,60685,38,,,0,20,,60686,38,,,0,20,,60687,38,,,0,60,,60688,38,,,0,20,,60689,38,,,0,20,,60690,38,,,0,60,,60691,38,,,0,20,,60692,38,,,0,20,,60693,38,,,0,60,,60694,38,,,0,20,,60695,38,,,0,20,,60696,38,,,0,60,,60697,38,,,0,20,,60698,38,,,0,20,,60699,38,,,0,60,,60700,38,,,0,20,,60701,38,,,0,20,,60702,38,,,0,17,,60656,36,,,0,78,,60657,36,,,0,85,,60658,36,,,0,85,,60659,36,,,0,45,,60660,36,,,0,85,,60661,36,,,0,85,,60662,36,,,0,85,,60663,36,,,0,45,,60664,36,,,0
2000,'1388',620,,60713,38,,,0,20,,60714,38,,,0,60,,60715,38,,,0,20,,60716,38,,,0,20,,60717,38,,,0,60,,60718,38,,,0,20,,60719,38,,,0,20,,60720,38,,,0,60,,60721,38,,,0,20,,60722,38,,,0,20,,60723,38,,,0,60,,60724,38,,,0,20,,60725,38,,,0,20,,60726,38,,,0,60,,60727,38,,,0,20,,60728,38,,,0,20,,60729,38,,,0,60,,60730,38,,,0,20,,60731,38,,,0,20,,60732,38,,,0,60,,60733,38,,,0,20,,60734,38,,,0,20,,60735,38,,,0,60,,60736,38,,,0,20,,60737,38,,,0,20,,60738,38,,,0,60,,60739,38,,,0,20,,60740,38,,,0,20,,60741,38,,,0,60,,60742,38,,,0,20,,60743,38,,,0,20,,60744,38,,,0,60,,60745,38,,,0,20,,60746,38,,,0,20,,60747,38,,,0,60,,60748,38,,,0,20,,60749,38,,,0,20,,60750,38,,,0,17,,60704,36,,,0,78,,60705,36,,,0,85,,60706,36,,,0,85,,60707,36,,,0,45,,60708,36,,,0,85,,60709,36,,,0,85,,60710,36,,,0,85,,60711,36,,,0,45,,60712,36,,,0
2000,'1389',620,,60761,38,,,0,20,,60762,38,,,0,60,,60763,38,,,0,20,,60764,38,,,0,20,,60765,38,,,0,60,,60766,38,,,0,20,,60767,38,,,0,20,,60768,38,,,0,60,,60769,38,,,0,20,,60770,38,,,0,20,,60771,38,,,0,60,,60772,38,,,0,20,,60773,38,,,0,20,,60774,38,,,0,60,,60775,38,,,0,20,,60776,38,,,0,20,,60777,38,,,0,60,,60778,38,,,0,20,,60779,38,,,0,20,,60780,38,,,0,60,,60781,38,,,0,20,,60782,38,,,0,20,,60783,38,,,0,60,,60784,38,,,0,20,,60785,38,,,0,20,,60786,38,,,0,60,,60787,38,,,0,20,,60788,38,,,0,20,,60789,38,,,0,60,,60790,38,,,0,20,,60791,38,,,0,20,,60792,38,,,0,60,,60793,38,,,0,20,,60794,38,,,0,20,,60795,38,,,0,60,,60796,38,,,0,20,,60797,38,,,0,20,,60798,38,,,0,17,,60752,36,,,0,78,,60753,36,,,0,85,,60754,36,,,0,85,,60755,36,,,0,45,,60756,36,,,0,85,,60757,36,,,0,85,,60758,36,,,0,85,,60759,36,,,0,45,,60760,36,,,0
552200,'1385',637,,61884,3,0,9,0,70,,61885,3,0,9,0,30,,61886,3,0,9,0,70,,61887,3,0,9,0,30,,61888,3,0,9,0,70,,61889,3,0,9,0,30,,61890,3,0,9,0,70,,61891,3,0,9,0,30,,61892,3,0,9,0,70,,61893,3,0,9,0,30,,61894,3,0,9,0,70,,61895,3,0,9,0,30,,61896,3,0,9,0,70,,61897,3,0,9,0,30,,61898,3,0,9,0,70,,61899,3,0,9,0,30,,61900,3,0,9,0,70,,61901,3,0,9,0,30,,61902,3,0,9,0,70,,61903,3,0,9,0,30,,61904,3,0,9,0,70,,61905,3,0,9,0,30,,61906,3,0,9,0
552200,'1386',637,,61907,3,0,9,0,70,,61908,3,0,9,0,30,,61909,3,0,9,0,70,,61910,3,0,9,0,30,,61911,3,0,9,0,70,,61912,3,0,9,0,30,,61913,3,0,9,0,70,,61914,3,0,9,0,30,,61915,3,0,9,0,70,,61916,3,0,9,0,30,,61917,3,0,9,0,70,,61918,3,0,9,0,30,,61919,3,0,9,0,70,,61920,3,0,9,0,30,,61921,3,0,9,0,70,,61922,3,0,9,0,30,,61923,3,0,9,0,70,,61924,3,0,9,0,30,,61925,3,0,9,0,70,,61926,3,0,9,0,30,,61927,3,0,9,0,70,,61928,3,0,9,0,30,,61929,3,0,9,0
552200,'1387',637,,61930,3,0,9,0,70,,61931,3,0,9,0,30,,61932,3,0,9,0,70,,61933,3,0,9,0,30,,61934,3,0,9,0,70,,61935,3,0,9,0,30,,61936,3,0,9,0,70,,61937,3,0,9,0,30,,61938,3,0,9,0,70,,61939,3,0,9,0,30,,61940,3,0,9,0,70,,61941,3,0,9,0,30,,61942,3,0,9,0,70,,61943,3,0,9,0,30,,61944,3,0,9,0,70,,61945,3,0,9,0,30,,61946,3,0,9,0,70,,61947,3,0,9,0,30,,61948,3,0,9,0,70,,61949,3,0,9,0,30,,61950,3,0,9,0,70,,61951,3,0,9,0,30,,61952,3,0,9,0
552200,'1388',637,,61953,3,0,9,0,70,,61954,3,0,9,0,30,,61955,3,0,9,0,70,,61956,3,0,9,0,30,,61957,3,0,9,0,70,,61958,3,0,9,0,30,,61959,3,0,9,0,70,,61960,3,0,9,0,30,,61961,3,0,9,0,70,,61962,3,0,9,0,30,,61963,3,0,9,0,70,,61964,3,0,9,0,30,,61965,3,0,9,0,70,,61966,3,0,9,0,30,,61967,3,0,9,0,70,,61968,3,0,9,0,30,,61969,3,0,9,0,70,,61970,3,0,9,0,30,,61971,3,0,9,0,70,,61972,3,0,9,0,30,,61973,3,0,9,0,70,,61974,3,0,9,0,30,,61975,3,0,9,0
552200,'1389',637,,61976,3,0,9,0,70,,61977,3,0,9,0,30,,61978,3,0,9,0,70,,61979,3,0,9,0,30,,61980,3,0,9,0,70,,61981,3,0,9,0,30,,61982,3,0,9,0,70,,61983,3,0,9,0,30,,61984,3,0,9,0,70,,61985,3,0,9,0,30,,61986,3,0,9,0,70,,61987,3,0,9,0,30,,61988,3,0,9,0,70,,61989,3,0,9,0,30,,61990,3,0,9,0,70,,61991,3,0,9,0,30,,61992,3,0,9,0,70,,61993,3,0,9,0,30,,61994,3,0,9,0,70,,61995,3,0,9,0,30,,61996,3,0,9,0,70,,61997,3,0,9,0,30,,61998,3,0,9,0
