721203,'1369',948,,48752,3,0,15,0,85,,48751,3,0,15,0,85,,48750,3,0,15,0,85,,48749,3,0,15,0,45,,48748,3,0,15,0,85,,48747,3,0,15,0,85,,48746,3,0,15,0,85,,48745,3,0,15,0,45,,48744,3,0,15,0,85,,48743,3,0,15,0,85,,48742,3,0,15,0,85,,48741,3,0,15,0,45,,48740,3,0,15,0,85,,48739,3,0,15,0
721203,'1370',648,,48753,3,0,15,0,85,,48754,3,0,15,0,85,,48755,3,0,15,0,85,,48756,3,0,15,0,45,,48757,3,0,15,0,85,,48758,3,0,15,0,70,,48759,3,0,15,0,30,,48760,3,0,15,0,70,,48761,3,0,15,0,30,,48762,3,0,15,0,70,,48763,3,0,15,0,30,,48764,3,0,15,0,70,,48765,3,0,15,0,30,,48766,3,0,15,0,70,,48767,3,0,15,0,30,,48768,3,0,15,0,70,,48769,3,0,15,0,30,,48770,3,0,15,0,70,,48771,3,0,15,0,30,,48772,3,0,15,0,70,,48773,3,0,15,0,30,,48774,3,0,15,0,85,,48775,3,0,15,0,85,,48776,3,0,15,0,45,,48777,3,0,15,0,85,,48778,3,0,15,0,85,,48779,3,0,15,0,85,,48780,3,0,15,0
721203,'1371',618,,48781,3,0,15,0,30,,48782,3,0,15,0,70,,48783,3,0,15,0,30,,48784,3,0,15,0,55,,48785,3,0,15,0,15,,48786,3,0,15,0,15,,48787,3,0,15,0,15,,48788,3,0,15,0,70,,48789,3,0,15,0,30,,48790,3,0,15,0,70,,48791,3,0,15,0,30,,48792,3,0,15,0,70,,48793,3,0,15,0,30,,48794,3,0,15,0,70,,48795,3,0,15,0,30,,48796,3,0,15,0,70,,48797,3,0,15,0,30,,48798,3,0,15,0,70,,48799,3,0,15,0,30,,48800,3,0,15,0,55,,48801,3,0,15,0,15,,48802,3,0,15,0,15,,48803,3,0,15,0,15,,48804,3,0,15,0,70,,48805,3,0,15,0,30,,48806,3,0,15,0,70,,48807,3,0,15,0,30,,48808,3,0,15,0,70,,48809,3,0,15,0,30,,48810,3,0,15,0,85,,48811,3,0,15,0,85,,48812,3,0,15,0,85,,48813,3,0,15,0,45,,48814,3,0,15,0,85,,48815,3,0,15,0,85,,48816,3,0,15,0
721203,'1372',618,,48817,3,0,15,0,30,,48818,3,0,15,0,70,,48819,3,0,15,0,30,,48820,3,0,15,0,55,,48821,3,0,15,0,15,,48822,3,0,15,0,15,,48823,3,0,15,0,15,,48824,3,0,15,0,70,,48825,3,0,15,0,30,,48826,3,0,15,0,70,,48827,3,0,15,0,30,,48828,3,0,15,0,70,,48829,3,0,15,0,30,,48830,3,0,15,0,70,,48831,3,0,15,0,30,,48832,3,0,15,0,70,,48833,3,0,15,0,30,,48834,3,0,15,0,70,,48835,3,0,15,0,30,,48836,3,0,15,0,55,,48837,3,0,15,0,15,,48838,3,0,15,0,15,,48839,3,0,15,0,15,,48840,3,0,15,0,70,,48841,3,0,15,0,30,,48842,3,0,15,0,70,,48843,3,0,15,0,30,,48844,3,0,15,0,70,,48845,3,0,15,0,30,,48846,3,0,15,0,85,,48847,3,0,15,0,85,,48848,3,0,15,0,85,,48849,3,0,15,0,45,,48850,3,0,15,0,85,,48851,3,0,15,0,85,,48852,3,0,15,0
721203,'1373',618,,48853,3,0,15,0,30,,48854,3,0,15,0,70,,48855,3,0,15,0,30,,48856,3,0,15,0,55,,48857,3,0,15,0,15,,48858,3,0,15,0,15,,48859,3,0,15,0,15,,48860,3,0,15,0,70,,48861,3,0,15,0,30,,48862,3,0,15,0,70,,48863,3,0,15,0,30,,48864,3,0,15,0,70,,48865,3,0,15,0,30,,48866,3,0,15,0,70,,48867,3,0,15,0,30,,48868,3,0,15,0,70,,48869,3,0,15,0,30,,48870,3,0,15,0,70,,48871,3,0,15,0,30,,48872,3,0,15,0,55,,48873,3,0,15,0,15,,48874,3,0,15,0,15,,48875,3,0,15,0,15,,48876,3,0,15,0,70,,48877,3,0,15,0,30,,48878,3,0,15,0,70,,48879,3,0,15,0,30,,48880,3,0,15,0,70,,48881,3,0,15,0,30,,48882,3,0,15,0,85,,48883,3,0,15,0,85,,48884,3,0,15,0,85,,48885,3,0,15,0,45,,48886,3,0,15,0,85,,48887,3,0,15,0,85,,48888,3,0,15,0
721203,'1374',618,,48889,3,0,15,0,30,,48890,3,0,15,0,70,,48891,3,0,15,0,30,,48892,3,0,15,0,55,,48893,3,0,15,0,15,,48894,3,0,15,0,15,,48895,3,0,15,0,15,,48896,3,0,15,0,70,,48897,3,0,15,0,30,,48898,3,0,15,0,70,,48899,3,0,15,0,30,,48900,3,0,15,0,70,,48901,3,0,15,0,30,,48902,3,0,15,0,70,,48903,3,0,15,0,30,,48904,3,0,15,0,70,,48905,3,0,15,0,30,,48906,3,0,15,0,70,,48907,3,0,15,0,30,,48908,3,0,15,0,55,,48909,3,0,15,0,15,,48910,3,0,15,0,15,,48911,3,0,15,0,15,,48912,3,0,15,0,70,,48913,3,0,15,0,30,,48914,3,0,15,0,70,,48915,3,0,15,0,30,,48916,3,0,15,0,70,,48917,3,0,15,0,30,,48918,3,0,15,0,85,,48919,3,0,15,0,85,,48920,3,0,15,0,85,,48921,3,0,15,0,45,,48922,3,0,15,0,85,,48923,3,0,15,0,85,,48924,3,0,15,0
721203,'1375',618,,48925,3,0,15,0,30,,48926,3,0,15,0,70,,48927,3,0,15,0,30,,48928,3,0,15,0,55,,48929,3,0,15,0,15,,48930,3,0,15,0,15,,48931,3,0,15,0,15,,48932,3,0,15,0,70,,48933,3,0,15,0,30,,48934,3,0,15,0,70,,48935,3,0,15,0,30,,48936,3,0,15,0,70,,48937,3,0,15,0,30,,48938,3,0,15,0,70,,48939,3,0,15,0,30,,48940,3,0,15,0,70,,48941,3,0,15,0,30,,48942,3,0,15,0,70,,48943,3,0,15,0,30,,48944,3,0,15,0,55,,48945,3,0,15,0,15,,48946,3,0,15,0,15,,48947,3,0,15,0,15,,48948,3,0,15,0,70,,48949,3,0,15,0,30,,48950,3,0,15,0,70,,48951,3,0,15,0,30,,48952,3,0,15,0,70,,48953,3,0,15,0,30,,48954,3,0,15,0,85,,48955,3,0,15,0,85,,48956,3,0,15,0,85,,48957,3,0,15,0,45,,48958,3,0,15,0,85,,48959,3,0,15,0,85,,48960,3,0,15,0
721501,'1369',936,,49948,29,0,17,0,100,,49947,29,0,17,0,100,,49946,29,0,17,0,100,,49945,29,0,17,0,100,,49944,29,0,17,0,100,,49943,29,0,17,0,100,,49942,29,0,17,0,100,,49941,29,0,17,0,100,,49940,29,0,17,0,100,,49939,29,0,17,0,100,,49938,29,0,17,0
721501,'1370',736,,49949,29,0,17,0,100,,49950,29,0,17,0,100,,49951,29,0,17,0,100,,49952,29,0,17,0,100,,49953,29,0,17,0,100,,49954,29,0,17,0,70,,49955,29,0,17,0,30,,49956,29,0,17,0,70,,49957,29,0,17,0,30,,49958,29,0,17,0,70,,49959,29,0,17,0,30,,49960,29,0,17,0,70,,49961,29,0,17,0,30,,49962,29,0,17,0,70,,49963,29,0,17,0,30,,49964,29,0,17,0,70,,49965,29,0,17,0,30,,49966,29,0,17,0,100,,49967,29,0,17,0
721501,'1371',736,,49968,29,0,17,0,70,,49969,29,0,17,0,30,,49970,29,0,17,0,70,,49971,29,0,17,0,30,,49972,29,0,17,0,70,,49973,29,0,17,0,30,,49974,29,0,17,0,70,,49975,29,0,17,0,30,,49976,29,0,17,0,70,,49977,29,0,17,0,30,,49978,29,0,17,0,70,,49979,29,0,17,0,30,,49980,29,0,17,0,70,,49981,29,0,17,0,30,,49982,29,0,17,0,70,,49983,29,0,17,0,30,,49984,29,0,17,0,70,,49985,29,0,17,0,30,,49986,29,0,17,0,70,,49987,29,0,17,0,30,,49988,29,0,17,0,70,,49989,29,0,17,0,30,,49990,29,0,17,0,70,,49991,29,0,17,0,30,,49992,29,0,17,0,100,,49993,29,0,17,0,100,,49994,29,0,17,0,100,,49995,29,0,17,0
721501,'1372',736,,49996,29,0,17,0,70,,49997,29,0,17,0,30,,49998,29,0,17,0,70,,49999,29,0,17,0,30,,50000,29,0,17,0,70,,50001,29,0,17,0,30,,50002,29,0,17,0,70,,50003,29,0,17,0,30,,50004,29,0,17,0,70,,50005,29,0,17,0,30,,50006,29,0,17,0,70,,50007,29,0,17,0,30,,50008,29,0,17,0,70,,50009,29,0,17,0,30,,50010,29,0,17,0,70,,50011,29,0,17,0,30,,50012,29,0,17,0,70,,50013,29,0,17,0,30,,50014,29,0,17,0,70,,50015,29,0,17,0,30,,50016,29,0,17,0,70,,50017,29,0,17,0,30,,50018,29,0,17,0,70,,50019,29,0,17,0,30,,50020,29,0,17,0,100,,50021,29,0,17,0,100,,50022,29,0,17,0,100,,50023,29,0,17,0
721501,'1373',736,,50024,29,0,17,0,70,,50025,29,0,17,0,30,,50026,29,0,17,0,70,,50027,29,0,17,0,30,,50028,29,0,17,0,70,,50029,29,0,17,0,30,,50030,29,0,17,0,70,,50031,29,0,17,0,30,,50032,29,0,17,0,70,,50033,29,0,17,0,30,,50034,29,0,17,0,70,,50035,29,0,17,0,30,,50036,29,0,17,0,70,,50037,29,0,17,0,30,,50038,29,0,17,0,70,,50039,29,0,17,0,30,,50040,29,0,17,0,70,,50041,29,0,17,0,30,,50042,29,0,17,0,70,,50043,29,0,17,0,30,,50044,29,0,17,0,70,,50045,29,0,17,0,30,,50046,29,0,17,0,70,,50047,29,0,17,0,30,,50048,29,0,17,0,100,,50049,29,0,17,0,100,,50050,29,0,17,0,100,,50051,29,0,17,0
721501,'1374',736,,50052,29,0,17,0,70,,50053,29,0,17,0,30,,50054,29,0,17,0,70,,50055,29,0,17,0,30,,50056,29,0,17,0,70,,50057,29,0,17,0,30,,50058,29,0,17,0,70,,50059,29,0,17,0,30,,50060,29,0,17,0,70,,50061,29,0,17,0,30,,50062,29,0,17,0,70,,50063,29,0,17,0,30,,50064,29,0,17,0,70,,50065,29,0,17,0,30,,50066,29,0,17,0,70,,50067,29,0,17,0,30,,50068,29,0,17,0,70,,50069,29,0,17,0,30,,50070,29,0,17,0,70,,50071,29,0,17,0,30,,50072,29,0,17,0,70,,50073,29,0,17,0,30,,50074,29,0,17,0,70,,50075,29,0,17,0,30,,50076,29,0,17,0,100,,50077,29,0,17,0,100,,50078,29,0,17,0,100,,50079,29,0,17,0
721501,'1375',736,,50080,29,0,17,0,70,,50081,29,0,17,0,30,,50082,29,0,17,0,70,,50083,29,0,17,0,30,,50084,29,0,17,0,70,,50085,29,0,17,0,30,,50086,29,0,17,0,70,,50087,29,0,17,0,30,,50088,29,0,17,0,70,,50089,29,0,17,0,30,,50090,29,0,17,0,70,,50091,29,0,17,0,30,,50092,29,0,17,0,70,,50093,29,0,17,0,30,,50094,29,0,17,0,70,,50095,29,0,17,0,30,,50096,29,0,17,0,70,,50097,29,0,17,0,30,,50098,29,0,17,0,70,,50099,29,0,17,0,30,,50100,29,0,17,0,70,,50101,29,0,17,0,30,,50102,29,0,17,0,70,,50103,29,0,17,0,30,,50104,29,0,17,0,100,,50105,29,0,17,0,100,,50106,29,0,17,0,100,,50107,29,0,17,0
