2000,'1383',1010,,60518,67,,,0,45,,60517,67,,,0,85,,60516,67,,,0,85,,60515,67,,,0,85,,60514,67,,,0,45,,60519,67,,,0,85,,60513,67,,,0,85,,60512,67,,,0,85,,60526,67,,,0,45,,60525,67,,,0,86,,60524,67,,,0,84,,60523,67,,,0,85,,60522,67,,,0,45,,60521,67,,,0,85,,60520,67,,,0
2000,'1384',714,,60529,67,,,0,45,,60530,67,,,0,85,,60531,67,,,0,85,,60532,67,,,0,15,,60533,67,,,0,70,,60534,67,,,0,40,,60535,67,,,0,70,,60536,67,,,0,30,,60537,67,,,0,70,,60538,67,,,0,80,,60539,67,,,0,30,,60540,67,,,0,70,,60541,67,,,0,30,,60542,67,,,0,80,,60543,67,,,0,30,,60544,67,,,0,70,,60545,67,,,0,30,,60546,67,,,0,80,,60547,67,,,0,30,,60548,67,,,0,70,,60549,67,,,0,30,,60550,67,,,0,80,,60551,67,,,0,75,,60552,67,,,0,45,,60553,67,,,0,85,,60554,67,,,0,85,,60555,67,,,0,85,,60556,67,,,0,45,,60557,67,,,0,85,,60558,67,,,0
2000,'1385',641,,60569,69,,,0,60,,60570,69,,,0,20,,60571,69,,,0,20,,60572,69,,,0,60,,60573,69,,,0,20,,60574,69,,,0,20,,60575,69,,,0,60,,60576,69,,,0,20,,60577,69,,,0,20,,60578,69,,,0,60,,60579,69,,,0,20,,60580,69,,,0,20,,60581,69,,,0,60,,60582,69,,,0,20,,60583,69,,,0,20,,60584,69,,,0,60,,60585,69,,,0,20,,60586,69,,,0,20,,60587,69,,,0,60,,60588,69,,,0,20,,60589,69,,,0,20,,60590,69,,,0,60,,60591,69,,,0,20,,60592,69,,,0,20,,60593,69,,,0,60,,60594,69,,,0,20,,60595,69,,,0,20,,60596,69,,,0,60,,60597,69,,,0,20,,60598,69,,,0,20,,60599,69,,,0,60,,60600,69,,,0,20,,60601,69,,,0,20,,60602,69,,,0,60,,60603,69,,,0,20,,60604,69,,,0,20,,60605,69,,,0,60,,60606,69,,,0,18,,60560,67,,,0,36,,60561,67,,,0,85,,60562,67,,,0,85,,60563,67,,,0,85,,60564,67,,,0,45,,60565,67,,,0,85,,60566,67,,,0,85,,60567,67,,,0,85,,60568,67,,,0
2000,'1386',641,,60617,69,,,0,60,,60618,69,,,0,20,,60619,69,,,0,20,,60620,69,,,0,60,,60621,69,,,0,20,,60622,69,,,0,20,,60623,69,,,0,60,,60624,69,,,0,20,,60625,69,,,0,20,,60626,69,,,0,60,,60627,69,,,0,20,,60628,69,,,0,20,,60629,69,,,0,60,,60630,69,,,0,20,,60631,69,,,0,20,,60632,69,,,0,60,,60633,69,,,0,20,,60634,69,,,0,20,,60635,69,,,0,60,,60636,69,,,0,20,,60637,69,,,0,20,,60638,69,,,0,60,,60639,69,,,0,20,,60640,69,,,0,20,,60641,69,,,0,60,,60642,69,,,0,20,,60643,69,,,0,20,,60644,69,,,0,60,,60645,69,,,0,20,,60646,69,,,0,20,,60647,69,,,0,60,,60648,69,,,0,20,,60649,69,,,0,20,,60650,69,,,0,60,,60651,69,,,0,20,,60652,69,,,0,20,,60653,69,,,0,60,,60654,69,,,0,18,,60608,67,,,0,36,,60609,67,,,0,85,,60610,67,,,0,85,,60611,67,,,0,85,,60612,67,,,0,45,,60613,67,,,0,85,,60614,67,,,0,85,,60615,67,,,0,85,,60616,67,,,0
2000,'1387',641,,60665,69,,,0,60,,60666,69,,,0,20,,60667,69,,,0,20,,60668,69,,,0,60,,60669,69,,,0,20,,60670,69,,,0,20,,60671,69,,,0,60,,60672,69,,,0,20,,60673,69,,,0,20,,60674,69,,,0,60,,60675,69,,,0,20,,60676,69,,,0,20,,60677,69,,,0,60,,60678,69,,,0,20,,60679,69,,,0,20,,60680,69,,,0,60,,60681,69,,,0,20,,60682,69,,,0,20,,60683,69,,,0,60,,60684,69,,,0,20,,60685,69,,,0,20,,60686,69,,,0,60,,60687,69,,,0,20,,60688,69,,,0,20,,60689,69,,,0,60,,60690,69,,,0,20,,60691,69,,,0,20,,60692,69,,,0,60,,60693,69,,,0,20,,60694,69,,,0,20,,60695,69,,,0,60,,60696,69,,,0,20,,60697,69,,,0,20,,60698,69,,,0,60,,60699,69,,,0,20,,60700,69,,,0,20,,60701,69,,,0,60,,60702,69,,,0,18,,60656,67,,,0,36,,60657,67,,,0,85,,60658,67,,,0,85,,60659,67,,,0,85,,60660,67,,,0,45,,60661,67,,,0,85,,60662,67,,,0,85,,60663,67,,,0,85,,60664,67,,,0
2000,'1388',641,,60713,69,,,0,60,,60714,69,,,0,20,,60715,69,,,0,20,,60716,69,,,0,60,,60717,69,,,0,20,,60718,69,,,0,20,,60719,69,,,0,60,,60720,69,,,0,20,,60721,69,,,0,20,,60722,69,,,0,60,,60723,69,,,0,20,,60724,69,,,0,20,,60725,69,,,0,60,,60726,69,,,0,20,,60727,69,,,0,20,,60728,69,,,0,60,,60729,69,,,0,20,,60730,69,,,0,20,,60731,69,,,0,60,,60732,69,,,0,20,,60733,69,,,0,20,,60734,69,,,0,60,,60735,69,,,0,20,,60736,69,,,0,20,,60737,69,,,0,60,,60738,69,,,0,20,,60739,69,,,0,20,,60740,69,,,0,60,,60741,69,,,0,20,,60742,69,,,0,20,,60743,69,,,0,60,,60744,69,,,0,20,,60745,69,,,0,20,,60746,69,,,0,60,,60747,69,,,0,20,,60748,69,,,0,20,,60749,69,,,0,60,,60750,69,,,0,18,,60704,67,,,0,36,,60705,67,,,0,85,,60706,67,,,0,85,,60707,67,,,0,85,,60708,67,,,0,45,,60709,67,,,0,85,,60710,67,,,0,85,,60711,67,,,0,85,,60712,67,,,0
2000,'1389',641,,60761,69,,,0,60,,60762,69,,,0,20,,60763,69,,,0,20,,60764,69,,,0,60,,60765,69,,,0,20,,60766,69,,,0,20,,60767,69,,,0,60,,60768,69,,,0,20,,60769,69,,,0,20,,60770,69,,,0,60,,60771,69,,,0,20,,60772,69,,,0,20,,60773,69,,,0,60,,60774,69,,,0,20,,60775,69,,,0,20,,60776,69,,,0,60,,60777,69,,,0,20,,60778,69,,,0,20,,60779,69,,,0,60,,60780,69,,,0,20,,60781,69,,,0,20,,60782,69,,,0,60,,60783,69,,,0,20,,60784,69,,,0,20,,60785,69,,,0,60,,60786,69,,,0,20,,60787,69,,,0,20,,60788,69,,,0,60,,60789,69,,,0,20,,60790,69,,,0,20,,60791,69,,,0,60,,60792,69,,,0,20,,60793,69,,,0,20,,60794,69,,,0,60,,60795,69,,,0,20,,60796,69,,,0,20,,60797,69,,,0,60,,60798,69,,,0,18,,60752,67,,,0,36,,60753,67,,,0,85,,60754,67,,,0,85,,60755,67,,,0,85,,60756,67,,,0,45,,60757,67,,,0,85,,60758,67,,,0,85,,60759,67,,,0,85,,60760,67,,,0
721403,'1383',958,,64105,36,0,15,0,150,,64104,36,0,15,0,110,,64103,36,0,15,0,110,,64102,36,0,15,0,110,,64101,36,0,15,0,110,,64100,36,0,15,0,110,,64107,36,0,15,0,150,,64106,36,0,15,0
721403,'1384',858,,64108,36,0,15,0,150,,64109,36,0,15,0,110,,64110,36,0,15,0,110,,64111,36,0,15,0,117,,64112,36,0,15,0,155,,64113,36,0,15,0,45,,64114,36,0,15,0,85,,64115,36,0,15,0,85,,64116,36,0,15,0,85,,64117,36,0,15,0,45,,64118,36,0,15,0,85,,64119,36,0,15,0,85,,64120,36,0,15,0
721403,'1385',730,,64121,36,0,15,0,100,,64122,36,0,15,0,85,,64123,36,0,15,0,85,,64124,36,0,15,0,45,,64125,36,0,15,0,85,,64126,36,0,15,0,85,,64127,36,0,15,0,85,,64128,36,0,15,0,45,,64129,36,0,15,0,85,,64130,36,0,15,0,85,,64131,36,0,15,0,85,,64132,36,0,15,0,45,,64133,36,0,15,0,85,,64134,36,0,15,0,85,,64135,36,0,15,0,85,,64136,36,0,15,0,45,,64137,36,0,15,0,85,,64138,36,0,15,0,85,,64139,36,0,15,0,85,,64140,36,0,15,0
721403,'1386',730,,64141,36,0,15,0,100,,64142,36,0,15,0,85,,64143,36,0,15,0,85,,64144,36,0,15,0,45,,64145,36,0,15,0,85,,64146,36,0,15,0,85,,64147,36,0,15,0,85,,64148,36,0,15,0,45,,64149,36,0,15,0,85,,64150,36,0,15,0,85,,64151,36,0,15,0,85,,64152,36,0,15,0,45,,64153,36,0,15,0,85,,64154,36,0,15,0,85,,64155,36,0,15,0,85,,64156,36,0,15,0,45,,64157,36,0,15,0,85,,64158,36,0,15,0,85,,64159,36,0,15,0,85,,64160,36,0,15,0
721403,'1387',730,,64161,36,0,15,0,100,,64162,36,0,15,0,85,,64163,36,0,15,0,85,,64164,36,0,15,0,45,,64165,36,0,15,0,85,,64166,36,0,15,0,85,,64167,36,0,15,0,85,,64168,36,0,15,0,45,,64169,36,0,15,0,85,,64170,36,0,15,0,85,,64171,36,0,15,0,85,,64172,36,0,15,0,45,,64173,36,0,15,0,85,,64174,36,0,15,0,85,,64175,36,0,15,0,85,,64176,36,0,15,0,45,,64177,36,0,15,0,85,,64178,36,0,15,0,85,,64179,36,0,15,0,85,,64180,36,0,15,0
721403,'1388',730,,64181,36,0,15,0,100,,64182,36,0,15,0,85,,64183,36,0,15,0,85,,64184,36,0,15,0,45,,64185,36,0,15,0,85,,64186,36,0,15,0,85,,64187,36,0,15,0,85,,64188,36,0,15,0,45,,64189,36,0,15,0,85,,64190,36,0,15,0,85,,64191,36,0,15,0,85,,64192,36,0,15,0,45,,64193,36,0,15,0,85,,64194,36,0,15,0,85,,64195,36,0,15,0,85,,64196,36,0,15,0,45,,64197,36,0,15,0,85,,64198,36,0,15,0,85,,64199,36,0,15,0,85,,64200,36,0,15,0
721403,'1389',730,,64201,36,0,15,0,100,,64202,36,0,15,0,85,,64203,36,0,15,0,85,,64204,36,0,15,0,45,,64205,36,0,15,0,85,,64206,36,0,15,0,85,,64207,36,0,15,0,85,,64208,36,0,15,0,45,,64209,36,0,15,0,85,,64210,36,0,15,0,85,,64211,36,0,15,0,85,,64212,36,0,15,0,45,,64213,36,0,15,0,85,,64214,36,0,15,0,85,,64215,36,0,15,0,85,,64216,36,0,15,0,45,,64217,36,0,15,0,85,,64218,36,0,15,0,85,,64219,36,0,15,0,85,,64220,36,0,15,0
