721404,'1383',934,,64224,48,0,14,0,110,,64223,48,0,14,0,110,,64222,48,0,14,0,150,,64221,48,0,14,0,110,,64228,48,0,14,0,110,,64227,48,0,14,0,110,,64226,48,0,14,0,110,,64225,48,0,14,0
721404,'1384',833,,64229,48,0,14,0,110,,64230,48,0,14,0,110,,64231,48,0,14,0,150,,64232,48,0,14,0,110,,64233,48,0,14,0,113,,64234,48,0,14,0,85,,64235,48,0,14,0,45,,64236,48,0,14,0,85,,64237,48,0,14,0,85,,64238,48,0,14,0,85,,64239,48,0,14,0,46,,64240,48,0,14,0,85,,64241,48,0,14,0
721404,'1385',659,,64242,48,0,14,0,97,,64243,48,0,14,0,85,,64244,48,0,14,0,85,,64245,48,0,14,0,84,,64246,48,0,14,0,45,,64247,48,0,14,0,85,,64248,48,0,14,0,85,,64249,48,0,14,0,85,,64250,48,0,14,0,45,,64251,48,0,14,0,85,,64252,48,0,14,0,85,,64253,48,0,14,0,85,,64254,48,0,14,0,45,,64255,48,0,14,0,85,,64256,48,0,14,0,85,,64257,48,0,14,0,86,,64258,48,0,14,0,45,,64259,48,0,14,0,85,,64260,48,0,14,0,85,,64261,48,0,14,0
721404,'1386',659,,64262,48,0,14,0,97,,64263,48,0,14,0,85,,64264,48,0,14,0,85,,64265,48,0,14,0,84,,64266,48,0,14,0,45,,64267,48,0,14,0,85,,64268,48,0,14,0,85,,64269,48,0,14,0,85,,64270,48,0,14,0,45,,64271,48,0,14,0,85,,64272,48,0,14,0,85,,64273,48,0,14,0,85,,64274,48,0,14,0,45,,64275,48,0,14,0,85,,64276,48,0,14,0,85,,64277,48,0,14,0,86,,64278,48,0,14,0,45,,64279,48,0,14,0,85,,64280,48,0,14,0,85,,64281,48,0,14,0
721404,'1387',659,,64282,48,0,14,0,97,,64283,48,0,14,0,85,,64284,48,0,14,0,85,,64285,48,0,14,0,84,,64286,48,0,14,0,45,,64287,48,0,14,0,85,,64288,48,0,14,0,85,,64289,48,0,14,0,85,,64290,48,0,14,0,45,,64291,48,0,14,0,85,,64292,48,0,14,0,85,,64293,48,0,14,0,85,,64294,48,0,14,0,45,,64295,48,0,14,0,85,,64296,48,0,14,0,85,,64297,48,0,14,0,86,,64298,48,0,14,0,45,,64299,48,0,14,0,85,,64300,48,0,14,0,85,,64301,48,0,14,0
721404,'1388',659,,64302,48,0,14,0,97,,64303,48,0,14,0,85,,64304,48,0,14,0,85,,64305,48,0,14,0,84,,64306,48,0,14,0,45,,64307,48,0,14,0,85,,64308,48,0,14,0,85,,64309,48,0,14,0,85,,64310,48,0,14,0,45,,64311,48,0,14,0,85,,64312,48,0,14,0,85,,64313,48,0,14,0,85,,64314,48,0,14,0,45,,64315,48,0,14,0,85,,64316,48,0,14,0,85,,64317,48,0,14,0,86,,64318,48,0,14,0,45,,64319,48,0,14,0,85,,64320,48,0,14,0,85,,64321,48,0,14,0
721404,'1389',659,,64322,48,0,14,0,97,,64323,48,0,14,0,85,,64324,48,0,14,0,85,,64325,48,0,14,0,84,,64326,48,0,14,0,45,,64327,48,0,14,0,85,,64328,48,0,14,0,85,,64329,48,0,14,0,85,,64330,48,0,14,0,45,,64331,48,0,14,0,85,,64332,48,0,14,0,85,,64333,48,0,14,0,85,,64334,48,0,14,0,45,,64335,48,0,14,0,85,,64336,48,0,14,0,85,,64337,48,0,14,0,86,,64338,48,0,14,0,45,,64339,48,0,14,0,85,,64340,48,0,14,0,85,,64341,48,0,14,0
722502,'1385',627,,64777,58,0,16,0,100,,64778,58,0,16,0,100,,64779,58,0,16,0,100,,64780,58,0,16,0,100,,64781,58,0,16,0,100,,64782,58,0,16,0,100,,64783,58,0,16,0,100,,64784,58,0,16,0,100,,64785,58,0,16,0,100,,64786,58,0,16,0,100,,64787,58,0,16,0,100,,64788,58,0,16,0,100,,64789,58,0,16,0,100,,64790,58,0,16,0,100,,64791,58,0,16,0,100,,64792,58,0,16,0,100,,64793,58,0,16,0,100,,64794,58,0,16,0
722502,'1386',627,,64795,58,0,16,0,100,,64796,58,0,16,0,100,,64797,58,0,16,0,100,,64798,58,0,16,0,100,,64799,58,0,16,0,100,,64800,58,0,16,0,100,,64801,58,0,16,0,100,,64802,58,0,16,0,100,,64803,58,0,16,0,100,,64804,58,0,16,0,100,,64805,58,0,16,0,100,,64806,58,0,16,0,100,,64807,58,0,16,0,100,,64808,58,0,16,0,100,,64809,58,0,16,0,100,,64810,58,0,16,0,100,,64811,58,0,16,0,100,,64812,58,0,16,0
722502,'1387',627,,64813,58,0,16,0,100,,64814,58,0,16,0,100,,64815,58,0,16,0,100,,64816,58,0,16,0,100,,64817,58,0,16,0,100,,64818,58,0,16,0,100,,64819,58,0,16,0,100,,64820,58,0,16,0,100,,64821,58,0,16,0,100,,64822,58,0,16,0,100,,64823,58,0,16,0,100,,64824,58,0,16,0,100,,64825,58,0,16,0,100,,64826,58,0,16,0,100,,64827,58,0,16,0,100,,64828,58,0,16,0,100,,64829,58,0,16,0,100,,64830,58,0,16,0
722502,'1388',627,,64831,58,0,16,0,100,,64832,58,0,16,0,100,,64833,58,0,16,0,100,,64834,58,0,16,0,100,,64835,58,0,16,0,100,,64836,58,0,16,0,100,,64837,58,0,16,0,100,,64838,58,0,16,0,100,,64839,58,0,16,0,100,,64840,58,0,16,0,100,,64841,58,0,16,0,100,,64842,58,0,16,0,100,,64843,58,0,16,0,100,,64844,58,0,16,0,100,,64845,58,0,16,0,100,,64846,58,0,16,0,100,,64847,58,0,16,0,100,,64848,58,0,16,0
722502,'1389',627,,64849,58,0,16,0,100,,64850,58,0,16,0,100,,64851,58,0,16,0,100,,64852,58,0,16,0,100,,64853,58,0,16,0,100,,64854,58,0,16,0,100,,64855,58,0,16,0,100,,64856,58,0,16,0,100,,64857,58,0,16,0,100,,64858,58,0,16,0,100,,64859,58,0,16,0,100,,64860,58,0,16,0,100,,64861,58,0,16,0,100,,64862,58,0,16,0,100,,64863,58,0,16,0,100,,64864,58,0,16,0,100,,64865,58,0,16,0,100,,64866,58,0,16,0
