1801,'1383',749,,59688,83,,,0,100,,59687,83,,,0,100,,59686,83,,,0,105,,59685,83,,,0,80,,59684,83,,,0,80,,59683,83,,,0,40,,59682,83,,,0,80,,59681,83,,,0,80,,59680,83,,,0,40,,59679,83,,,0,80,,59678,83,,,0,80,,59677,83,,,0,40,,59676,83,,,0,80,,59675,83,,,0,80,,59674,83,,,0,40,,59673,83,,,0,80,,59672,83,,,0,80,,59671,83,,,0
1801,'1384',624,,59689,83,,,0,30,,59690,83,,,0,70,,59691,83,,,0,30,,59692,83,,,0,70,,59693,83,,,0,30,,59694,83,,,0,70,,59695,83,,,0,30,,59696,83,,,0,70,,59697,83,,,0,30,,59698,83,,,0,60,,59699,83,,,0,20,,59700,83,,,0,20,,59701,83,,,0,60,,59702,83,,,0,20,,59703,83,,,0,20,,59704,83,,,0,60,,59705,83,,,0,20,,59706,83,,,0,20,,59707,83,,,0,60,,59708,83,,,0,20,,59709,83,,,0,20,,59710,83,,,0,60,,59711,83,,,0,20,,59712,83,,,0,20,,59713,83,,,0,60,,59714,83,,,0,20,,59715,83,,,0,20,,59716,83,,,0,60,,59717,83,,,0,20,,59718,83,,,0,20,,59719,83,,,0,60,,59720,83,,,0,20,,59721,83,,,0,20,,59722,83,,,0,75,,59723,83,,,0,25,,59724,83,,,0,70,,59725,83,,,0,30,,59726,83,,,0,70,,59727,83,,,0,30,,59728,83,,,0,70,,59729,83,,,0,30,,59730,83,,,0,70,,59731,83,,,0,30,,59732,83,,,0,70,,59733,83,,,0,30,,59734,83,,,0,70,,59735,83,,,0
1801,'1385',622,,59774,83,,,0,30,,59775,83,,,0,55,,59741,83,,,0,20,,59740,83,,,0,15,,59739,83,,,0,15,,59738,83,,,0,50,,59737,83,,,0,10,,59736,83,,,0,10,,59742,83,,,0,10,,59743,83,,,0,10,,59744,83,,,0,10,,59745,83,,,0,55,,59746,83,,,0,15,,59747,83,,,0,15,,59748,83,,,0,10,,59776,83,,,0,55,,59777,83,,,0,15,,59778,83,,,0,15,,59779,83,,,0,15,,59780,83,,,0,55,,59781,83,,,0,15,,59782,83,,,0,15,,59783,83,,,0,15,,59784,83,,,0,55,,59785,83,,,0,15,,59786,83,,,0,15,,59787,83,,,0,15,,59788,83,,,0,51,,59807,67,,,0,4,,59789,83,,,0,15,,59790,83,,,0,15,,59791,83,,,0,15,,59792,83,,,0,62,,59749,83,,,0,15,,59750,83,,,0,15,,59773,83,,,0,15,,59772,83,,,0,50,,59771,83,,,0,10,,59770,83,,,0,10,,59769,83,,,0,10,,59768,83,,,0,10,,59767,83,,,0,10,,59766,83,,,0,50,,59765,83,,,0,10,,59764,83,,,0,10,,59763,83,,,0,10,,59762,83,,,0,10,,59751,83,,,0,10,,59752,83,,,0,50,,59753,83,,,0,10,,59754,83,,,0,10,,59755,83,,,0,10,,59756,83,,,0,10,,59757,83,,,0,10,,59758,83,,,0,55,,59759,83,,,0,15,,59760,83,,,0,15,,59761,83,,,0,9,,59793,83,,,0,70,,59794,83,,,0,30,,59795,83,,,0,70,,59796,83,,,0,30,,59797,83,,,0,70,,59798,83,,,0,30,,59799,83,,,0,70,,59800,83,,,0,30,,59801,83,,,0,70,,59802,83,,,0,30,,59803,83,,,0,70,,59804,83,,,0,30,,59805,83,,,0,70,,59806,83,,,0
1801,'1386',622,,59846,83,,,0,30,,59847,83,,,0,55,,59812,83,,,0,20,,59811,83,,,0,15,,59810,83,,,0,15,,59809,83,,,0,50,,59808,83,,,0,10,,59813,83,,,0,10,,59814,83,,,0,10,,59815,83,,,0,10,,59816,83,,,0,10,,59817,83,,,0,55,,59818,83,,,0,15,,59819,83,,,0,15,,59820,83,,,0,10,,59848,83,,,0,55,,59849,83,,,0,15,,59850,83,,,0,15,,59851,83,,,0,15,,59852,83,,,0,55,,59853,83,,,0,15,,59854,83,,,0,15,,59855,83,,,0,15,,59856,83,,,0,55,,59857,83,,,0,15,,59858,83,,,0,15,,59859,83,,,0,15,,59860,83,,,0,51,,59879,67,,,0,4,,59861,83,,,0,15,,59862,83,,,0,15,,59863,83,,,0,15,,59864,83,,,0,62,,59821,83,,,0,15,,59822,83,,,0,15,,59845,83,,,0,15,,59844,83,,,0,50,,59843,83,,,0,10,,59842,83,,,0,10,,59841,83,,,0,10,,59840,83,,,0,10,,59839,83,,,0,10,,59838,83,,,0,50,,59837,83,,,0,10,,59836,83,,,0,10,,59835,83,,,0,10,,59834,83,,,0,10,,59823,83,,,0,10,,59824,83,,,0,50,,59825,83,,,0,10,,59826,83,,,0,10,,59827,83,,,0,10,,59828,83,,,0,10,,59829,83,,,0,10,,59830,83,,,0,55,,59831,83,,,0,15,,59832,83,,,0,15,,59833,83,,,0,9,,59865,83,,,0,70,,59866,83,,,0,30,,59867,83,,,0,70,,59868,83,,,0,30,,59869,83,,,0,70,,59870,83,,,0,30,,59871,83,,,0,70,,59872,83,,,0,30,,59873,83,,,0,70,,59874,83,,,0,30,,59875,83,,,0,70,,59876,83,,,0,30,,59877,83,,,0,70,,59878,83,,,0
1801,'1387',622,,59918,83,,,0,30,,59919,83,,,0,55,,59884,83,,,0,20,,59883,83,,,0,15,,59882,83,,,0,15,,59881,83,,,0,50,,59880,83,,,0,10,,59885,83,,,0,10,,59886,83,,,0,10,,59887,83,,,0,10,,59888,83,,,0,10,,59889,83,,,0,55,,59890,83,,,0,15,,59891,83,,,0,15,,59892,83,,,0,10,,59920,83,,,0,55,,59921,83,,,0,15,,59922,83,,,0,15,,59923,83,,,0,15,,59924,83,,,0,55,,59925,83,,,0,15,,59926,83,,,0,15,,59927,83,,,0,15,,59928,83,,,0,55,,59929,83,,,0,15,,59930,83,,,0,15,,59931,83,,,0,15,,59932,83,,,0,51,,59951,67,,,0,4,,59933,83,,,0,15,,59934,83,,,0,15,,59935,83,,,0,15,,59936,83,,,0,62,,59893,83,,,0,15,,59894,83,,,0,15,,59917,83,,,0,15,,59916,83,,,0,50,,59915,83,,,0,10,,59914,83,,,0,10,,59913,83,,,0,10,,59912,83,,,0,10,,59911,83,,,0,10,,59910,83,,,0,50,,59909,83,,,0,10,,59908,83,,,0,10,,59907,83,,,0,10,,59906,83,,,0,10,,59895,83,,,0,10,,59896,83,,,0,50,,59897,83,,,0,10,,59898,83,,,0,10,,59899,83,,,0,10,,59900,83,,,0,10,,59901,83,,,0,10,,59902,83,,,0,55,,59903,83,,,0,15,,59904,83,,,0,15,,59905,83,,,0,9,,59937,83,,,0,70,,59938,83,,,0,30,,59939,83,,,0,70,,59940,83,,,0,30,,59941,83,,,0,70,,59942,83,,,0,30,,59943,83,,,0,70,,59944,83,,,0,30,,59945,83,,,0,70,,59946,83,,,0,30,,59947,83,,,0,70,,59948,83,,,0,30,,59949,83,,,0,70,,59950,83,,,0
1801,'1388',622,,59990,83,,,0,30,,59991,83,,,0,55,,59956,83,,,0,20,,59955,83,,,0,15,,59954,83,,,0,15,,59953,83,,,0,50,,59952,83,,,0,10,,59957,83,,,0,10,,59958,83,,,0,10,,59959,83,,,0,10,,59960,83,,,0,10,,59961,83,,,0,55,,59962,83,,,0,15,,59963,83,,,0,15,,59964,83,,,0,10,,59992,83,,,0,55,,59993,83,,,0,15,,59994,83,,,0,15,,59995,83,,,0,15,,59996,83,,,0,55,,59997,83,,,0,15,,59998,83,,,0,15,,59999,83,,,0,15,,60000,83,,,0,55,,60001,83,,,0,15,,60002,83,,,0,15,,60003,83,,,0,15,,60004,83,,,0,51,,60023,67,,,0,4,,60005,83,,,0,15,,60006,83,,,0,15,,60007,83,,,0,15,,60008,83,,,0,62,,59965,83,,,0,15,,59966,83,,,0,15,,59989,83,,,0,15,,59988,83,,,0,50,,59987,83,,,0,10,,59986,83,,,0,10,,59985,83,,,0,10,,59984,83,,,0,10,,59983,83,,,0,10,,59982,83,,,0,50,,59981,83,,,0,10,,59980,83,,,0,10,,59979,83,,,0,10,,59978,83,,,0,10,,59967,83,,,0,10,,59968,83,,,0,50,,59969,83,,,0,10,,59970,83,,,0,10,,59971,83,,,0,10,,59972,83,,,0,10,,59973,83,,,0,10,,59974,83,,,0,55,,59975,83,,,0,15,,59976,83,,,0,15,,59977,83,,,0,9,,60009,83,,,0,70,,60010,83,,,0,30,,60011,83,,,0,70,,60012,83,,,0,30,,60013,83,,,0,70,,60014,83,,,0,30,,60015,83,,,0,70,,60016,83,,,0,30,,60017,83,,,0,70,,60018,83,,,0,30,,60019,83,,,0,70,,60020,83,,,0,30,,60021,83,,,0,70,,60022,83,,,0
1801,'1389',622,,60062,83,,,0,30,,60063,83,,,0,55,,60028,83,,,0,20,,60027,83,,,0,15,,60026,83,,,0,15,,60025,83,,,0,50,,60024,83,,,0,10,,60029,83,,,0,10,,60030,83,,,0,10,,60031,83,,,0,10,,60032,83,,,0,10,,60033,83,,,0,55,,60034,83,,,0,15,,60035,83,,,0,15,,60036,83,,,0,10,,60064,83,,,0,55,,60065,83,,,0,15,,60066,83,,,0,15,,60067,83,,,0,15,,60068,83,,,0,55,,60069,83,,,0,15,,60070,83,,,0,15,,60071,83,,,0,15,,60072,83,,,0,55,,60073,83,,,0,15,,60074,83,,,0,15,,60075,83,,,0,15,,60076,83,,,0,51,,60095,67,,,0,4,,60077,83,,,0,15,,60078,83,,,0,15,,60079,83,,,0,15,,60080,83,,,0,62,,60037,83,,,0,15,,60038,83,,,0,15,,60061,83,,,0,15,,60060,83,,,0,50,,60059,83,,,0,10,,60058,83,,,0,10,,60057,83,,,0,10,,60056,83,,,0,10,,60055,83,,,0,10,,60054,83,,,0,50,,60053,83,,,0,10,,60052,83,,,0,10,,60051,83,,,0,10,,60050,83,,,0,10,,60039,83,,,0,10,,60040,83,,,0,50,,60041,83,,,0,10,,60042,83,,,0,10,,60043,83,,,0,10,,60044,83,,,0,10,,60045,83,,,0,10,,60046,83,,,0,55,,60047,83,,,0,15,,60048,83,,,0,15,,60049,83,,,0,9,,60081,83,,,0,70,,60082,83,,,0,30,,60083,83,,,0,70,,60084,83,,,0,30,,60085,83,,,0,70,,60086,83,,,0,30,,60087,83,,,0,70,,60088,83,,,0,30,,60089,83,,,0,70,,60090,83,,,0,30,,60091,83,,,0,70,,60092,83,,,0,30,,60093,83,,,0,70,,60094,83,,,0
2800,'1384',757,,61079,36,,,0,150,,61080,36,,,0,110,,61081,36,,,0,110,,61082,36,,,0,110,,61083,36,,,0,110,,61084,36,,,0,110,,61085,36,,,0,150,,61086,36,,,0,110,,61087,36,,,0,110,,61088,36,,,0,110,,61089,36,,,0
2800,'1385',657,,61095,37,,,0,75,,61096,37,,,0,75,,61097,37,,,0,35,,61098,37,,,0,75,,61099,37,,,0,35,,61100,37,,,0,75,,61101,37,,,0,75,,61102,37,,,0,35,,61103,37,,,0,75,,61104,37,,,0,35,,61105,37,,,0,75,,61106,37,,,0,35,,61107,37,,,0,75,,61108,37,,,0,75,,61109,37,,,0,35,,61110,37,,,0,75,,61111,37,,,0,35,,61112,37,,,0,75,,61090,36,,,0,75,,61091,36,,,0,35,,61092,36,,,0,75,,61093,36,,,0,35,,61094,36,,,0
2800,'1386',657,,61118,37,,,0,75,,61119,37,,,0,75,,61120,37,,,0,35,,61121,37,,,0,75,,61122,37,,,0,35,,61123,37,,,0,75,,61124,37,,,0,75,,61125,37,,,0,35,,61126,37,,,0,75,,61127,37,,,0,35,,61128,37,,,0,75,,61129,37,,,0,35,,61130,37,,,0,75,,61131,37,,,0,75,,61132,37,,,0,35,,61133,37,,,0,75,,61134,37,,,0,35,,61135,37,,,0,75,,61113,36,,,0,75,,61114,36,,,0,35,,61115,36,,,0,75,,61116,36,,,0,35,,61117,36,,,0
2800,'1387',657,,61141,37,,,0,75,,61142,37,,,0,75,,61143,37,,,0,35,,61144,37,,,0,75,,61145,37,,,0,35,,61146,37,,,0,75,,61147,37,,,0,75,,61148,37,,,0,35,,61149,37,,,0,75,,61150,37,,,0,35,,61151,37,,,0,75,,61152,37,,,0,35,,61153,37,,,0,75,,61154,37,,,0,75,,61155,37,,,0,35,,61156,37,,,0,75,,61157,37,,,0,35,,61158,37,,,0,75,,61136,36,,,0,75,,61137,36,,,0,35,,61138,36,,,0,75,,61139,36,,,0,35,,61140,36,,,0
2800,'1388',657,,61164,37,,,0,75,,61165,37,,,0,75,,61166,37,,,0,35,,61167,37,,,0,75,,61168,37,,,0,35,,61169,37,,,0,75,,61170,37,,,0,75,,61171,37,,,0,35,,61172,37,,,0,75,,61173,37,,,0,35,,61174,37,,,0,75,,61175,37,,,0,35,,61176,37,,,0,75,,61177,37,,,0,75,,61178,37,,,0,35,,61179,37,,,0,75,,61180,37,,,0,35,,61181,37,,,0,75,,61159,36,,,0,75,,61160,36,,,0,35,,61161,36,,,0,75,,61162,36,,,0,35,,61163,36,,,0
2800,'1389',657,,61187,37,,,0,75,,61188,37,,,0,75,,61189,37,,,0,35,,61190,37,,,0,75,,61191,37,,,0,35,,61192,37,,,0,75,,61193,37,,,0,75,,61194,37,,,0,35,,61195,37,,,0,75,,61196,37,,,0,35,,61197,37,,,0,75,,61198,37,,,0,35,,61199,37,,,0,75,,61200,37,,,0,75,,61201,37,,,0,35,,61202,37,,,0,75,,61203,37,,,0,35,,61204,37,,,0,75,,61182,36,,,0,75,,61183,36,,,0,35,,61184,36,,,0,75,,61185,36,,,0,35,,61186,36,,,0
