2000,'1376',917,,53325,3,,,0
2000,'1377',617,,53326,3,,,0
2000,'1378',542,,53357,3,,,0
2000,'1379',542,,53405,3,,,0
2000,'1380',542,,53453,3,,,0
2000,'1381',542,,53501,3,,,0
2000,'1382',542,,53549,3,,,0
2001,'1376',1002,,53611,71,,,0,45,,53610,71,,,0,85,,53609,71,,,0,85,,53608,71,,,0,85,,53607,71,,,0,45,,53606,71,,,0,85,,53605,71,,,0,85,,53604,71,,,0,85,,53603,71,,,0,45,,53602,71,,,0,85,,53601,71,,,0,85,,53600,71,,,0,85,,53599,71,,,0,45,,53598,71,,,0,85,,53597,71,,,0
2001,'1377',702,,53629,71,,,0,45,,53630,71,,,0,85,,53631,71,,,0,85,,53632,71,,,0,38,,53612,71,,,0,70,,53613,71,,,0,30,,53614,71,,,0,70,,53615,71,,,0,80,,53616,71,,,0,30,,53617,71,,,0,70,,53618,71,,,0,30,,53619,71,,,0,80,,53620,71,,,0,30,,53621,71,,,0,70,,53622,71,,,0,30,,53623,71,,,0,80,,53624,71,,,0,30,,53625,71,,,0,70,,53626,71,,,0,30,,53627,71,,,0,80,,53628,71,,,0,77,,53633,71,,,0,45,,53634,71,,,0,85,,53635,71,,,0,85,,53636,71,,,0,85,,53637,71,,,0,45,,53638,71,,,0,85,,53639,71,,,0,85,,53640,71,,,0,85,,53641,71,,,0
2001,'1378',642,,53642,71,,,0,60,,53643,71,,,0,20,,53644,71,,,0,20,,53645,71,,,0,60,,53646,71,,,0,20,,53647,71,,,0,20,,53648,71,,,0,60,,53649,71,,,0,20,,53650,71,,,0,20,,53651,71,,,0,60,,53652,71,,,0,20,,53653,71,,,0,20,,53654,71,,,0,60,,53655,71,,,0,20,,53656,71,,,0,20,,53657,71,,,0,60,,53658,71,,,0,20,,53659,71,,,0,20,,53660,71,,,0,60,,53661,71,,,0,20,,53662,71,,,0,20,,53663,71,,,0,60,,53664,71,,,0,20,,53665,71,,,0,20,,53666,71,,,0,60,,53667,71,,,0,20,,53668,71,,,0,20,,53669,71,,,0,60,,53670,71,,,0,20,,53671,71,,,0,20,,53672,71,,,0,60,,53673,71,,,0,20,,53674,71,,,0,20,,53675,71,,,0,60,,53676,71,,,0,20,,53677,71,,,0,20,,53678,71,,,0,60,,53679,71,,,0,45,,53680,71,,,0,85,,53681,71,,,0,85,,53682,71,,,0,85,,53683,71,,,0,45,,53684,71,,,0,85,,53685,71,,,0,85,,53686,71,,,0,85,,53687,71,,,0,45,,53688,71,,,0
2001,'1379',642,,53689,71,,,0,60,,53690,71,,,0,20,,53691,71,,,0,20,,53692,71,,,0,60,,53693,71,,,0,20,,53694,71,,,0,20,,53695,71,,,0,60,,53696,71,,,0,20,,53697,71,,,0,20,,53698,71,,,0,60,,53699,71,,,0,20,,53700,71,,,0,20,,53701,71,,,0,60,,53702,71,,,0,20,,53703,71,,,0,20,,53704,71,,,0,60,,53705,71,,,0,20,,53706,71,,,0,20,,53707,71,,,0,60,,53708,71,,,0,20,,53709,71,,,0,20,,53710,71,,,0,60,,53711,71,,,0,20,,53712,71,,,0,20,,53713,71,,,0,60,,53714,71,,,0,20,,53715,71,,,0,20,,53716,71,,,0,60,,53717,71,,,0,20,,53718,71,,,0,20,,53719,71,,,0,60,,53720,71,,,0,20,,53721,71,,,0,20,,53722,71,,,0,60,,53723,71,,,0,20,,53724,71,,,0,20,,53725,71,,,0,60,,53726,71,,,0,45,,53727,71,,,0,85,,53728,71,,,0,85,,53729,71,,,0,85,,53730,71,,,0,45,,53731,71,,,0,85,,53732,71,,,0,85,,53733,71,,,0,85,,53734,71,,,0,45,,53735,71,,,0
2001,'1380',642,,53736,71,,,0,60,,53737,71,,,0,20,,53738,71,,,0,20,,53739,71,,,0,60,,53740,71,,,0,20,,53741,71,,,0,20,,53742,71,,,0,60,,53743,71,,,0,20,,53744,71,,,0,20,,53745,71,,,0,60,,53746,71,,,0,20,,53747,71,,,0,20,,53748,71,,,0,60,,53749,71,,,0,20,,53750,71,,,0,20,,53751,71,,,0,60,,53752,71,,,0,20,,53753,71,,,0,20,,53754,71,,,0,60,,53755,71,,,0,20,,53756,71,,,0,20,,53757,71,,,0,60,,53758,71,,,0,20,,53759,71,,,0,20,,53760,71,,,0,60,,53761,71,,,0,20,,53762,71,,,0,20,,53763,71,,,0,60,,53764,71,,,0,20,,53765,71,,,0,20,,53766,71,,,0,60,,53767,71,,,0,20,,53768,71,,,0,20,,53769,71,,,0,60,,53770,71,,,0,20,,53771,71,,,0,20,,53772,71,,,0,60,,53773,71,,,0,45,,53774,71,,,0,85,,53775,71,,,0,85,,53776,71,,,0,85,,53777,71,,,0,45,,53778,71,,,0,85,,53779,71,,,0,85,,53780,71,,,0,85,,53781,71,,,0,45,,53782,71,,,0
2001,'1381',642,,53783,71,,,0,60,,53784,71,,,0,20,,53785,71,,,0,20,,53786,71,,,0,60,,53787,71,,,0,20,,53788,71,,,0,20,,53789,71,,,0,60,,53790,71,,,0,20,,53791,71,,,0,20,,53792,71,,,0,60,,53793,71,,,0,20,,53794,71,,,0,20,,53795,71,,,0,60,,53796,71,,,0,20,,53797,71,,,0,20,,53798,71,,,0,60,,53799,71,,,0,20,,53800,71,,,0,20,,53801,71,,,0,60,,53802,71,,,0,20,,53803,71,,,0,20,,53804,71,,,0,60,,53805,71,,,0,20,,53806,71,,,0,20,,53807,71,,,0,60,,53808,71,,,0,20,,53809,71,,,0,20,,53810,71,,,0,60,,53811,71,,,0,20,,53812,71,,,0,20,,53813,71,,,0,60,,53814,71,,,0,20,,53815,71,,,0,20,,53816,71,,,0,60,,53817,71,,,0,20,,53818,71,,,0,20,,53819,71,,,0,60,,53820,71,,,0,45,,53821,71,,,0,85,,53822,71,,,0,85,,53823,71,,,0,85,,53824,71,,,0,45,,53825,71,,,0,85,,53826,71,,,0,85,,53827,71,,,0,85,,53828,71,,,0,45,,53829,71,,,0
2001,'1382',642,,53830,71,,,0,60,,53831,71,,,0,20,,53832,71,,,0,20,,53833,71,,,0,60,,53834,71,,,0,20,,53835,71,,,0,20,,53836,71,,,0,60,,53837,71,,,0,20,,53838,71,,,0,20,,53839,71,,,0,60,,53840,71,,,0,20,,53841,71,,,0,20,,53842,71,,,0,60,,53843,71,,,0,20,,53844,71,,,0,20,,53845,71,,,0,60,,53846,71,,,0,20,,53847,71,,,0,20,,53848,71,,,0,60,,53849,71,,,0,20,,53850,71,,,0,20,,53851,71,,,0,60,,53852,71,,,0,20,,53853,71,,,0,20,,53854,71,,,0,60,,53855,71,,,0,20,,53856,71,,,0,20,,53857,71,,,0,60,,53858,71,,,0,20,,53859,71,,,0,20,,53860,71,,,0,60,,53861,71,,,0,20,,53862,71,,,0,20,,53863,71,,,0,60,,53864,71,,,0,20,,53865,71,,,0,20,,53866,71,,,0,60,,53867,71,,,0,45,,53868,71,,,0,85,,53869,71,,,0,85,,53870,71,,,0,85,,53871,71,,,0,45,,53872,71,,,0,85,,53873,71,,,0,85,,53874,71,,,0,85,,53875,71,,,0,45,,53876,71,,,0
