1600,'1383',1043,,57705,13,,,0,70,,57704,13,,,0,45,,57703,13,,,0,70,,57702,13,,,0,30,,57701,13,,,0,70,,57700,13,,,0,30,,57699,13,,,0,70,,57698,13,,,0,30,,57697,13,,,0,70,,57696,13,,,0,30,,57695,13,,,0,70,,57694,13,,,0,30,,57693,13,,,0,60,,57692,13,,,0,10,,57691,13,,,0,30,,57690,13,,,0,60,,57689,13,,,0,10,,57688,13,,,0,30,,57687,13,,,0,70,,57686,13,,,0,30,,57685,13,,,0
1600,'1384',731,,57706,13,,,0,70,,57707,13,,,0,30,,57708,13,,,0,70,,57709,13,,,0,30,,57710,13,,,0,70,,57711,13,,,0,30,,57712,13,,,0,70,,57713,13,,,0,20,,57714,13,,,0,20,,57715,13,,,0,60,,57716,13,,,0,20,,57717,13,,,0,20,,57718,13,,,0,60,,57719,13,,,0,20,,57720,13,,,0,20,,57721,13,,,0,60,,57722,13,,,0,20,,57723,13,,,0,20,,57724,13,,,0,60,,57725,13,,,0,20,,57726,13,,,0,20,,57727,13,,,0,60,,57728,13,,,0,20,,57729,13,,,0,20,,57730,13,,,0,60,,57731,13,,,0,20,,57732,13,,,0,20,,57733,13,,,0,60,,57734,13,,,0,20,,57735,13,,,0,5,,57736,13,,,0,15,,57737,13,,,0,60,,57738,13,,,0,30,,57739,13,,,0,70,,57740,13,,,0,30,,57741,13,,,0,70,,57742,13,,,0,30,,57743,13,,,0,70,,57744,13,,,0,100,,57745,13,,,0
1600,'1385',640,,57759,13,,,0,74,,57746,13,,,0,31,,57760,13,,,0,60,,57761,13,,,0,20,,57762,13,,,0,20,,57763,13,,,0,60,,57764,13,,,0,20,,57765,13,,,0,20,,57766,13,,,0,60,,57747,13,,,0,20,,57748,13,,,0,20,,57749,13,,,0,60,,57750,13,,,0,20,,57751,13,,,0,20,,57752,13,,,0,60,,57753,13,,,0,20,,57754,13,,,0,20,,57755,13,,,0,60,,57756,13,,,0,20,,57757,13,,,0,20,,57758,13,,,0,60,,57779,13,,,0,20,,57780,13,,,0,20,,57781,13,,,0,60,,57782,13,,,0,20,,57783,13,,,0,20,,57767,13,,,0,60,,57768,13,,,0,20,,57769,13,,,0,20,,57770,13,,,0,60,,57771,13,,,0,20,,57772,13,,,0,20,,57773,13,,,0,60,,57774,13,,,0,20,,57775,13,,,0,20,,57776,13,,,0,55,,57777,13,,,0,30,,57778,13,,,0,70,,57784,13,,,0,30,,57785,13,,,0,70,,57786,13,,,0,30,,57787,13,,,0,70,,57788,13,,,0,100,,57789,13,,,0
1600,'1386',640,,57803,13,,,0,74,,57790,13,,,0,31,,57804,13,,,0,60,,57805,13,,,0,20,,57806,13,,,0,20,,57807,13,,,0,60,,57808,13,,,0,20,,57809,13,,,0,20,,57810,13,,,0,60,,57791,13,,,0,20,,57792,13,,,0,20,,57793,13,,,0,60,,57794,13,,,0,20,,57795,13,,,0,20,,57796,13,,,0,60,,57797,13,,,0,20,,57798,13,,,0,20,,57799,13,,,0,60,,57800,13,,,0,20,,57801,13,,,0,20,,57802,13,,,0,60,,57823,13,,,0,20,,57824,13,,,0,20,,57825,13,,,0,60,,57826,13,,,0,20,,57827,13,,,0,20,,57811,13,,,0,60,,57812,13,,,0,20,,57813,13,,,0,20,,57814,13,,,0,60,,57815,13,,,0,20,,57816,13,,,0,20,,57817,13,,,0,60,,57818,13,,,0,20,,57819,13,,,0,20,,57820,13,,,0,55,,57821,13,,,0,30,,57822,13,,,0,70,,57828,13,,,0,30,,57829,13,,,0,70,,57830,13,,,0,30,,57831,13,,,0,70,,57832,13,,,0,100,,57833,13,,,0
1600,'1387',640,,57847,13,,,0,74,,57834,13,,,0,31,,57848,13,,,0,60,,57849,13,,,0,20,,57850,13,,,0,20,,57851,13,,,0,60,,57852,13,,,0,20,,57853,13,,,0,20,,57854,13,,,0,60,,57835,13,,,0,20,,57836,13,,,0,20,,57837,13,,,0,60,,57838,13,,,0,20,,57839,13,,,0,20,,57840,13,,,0,60,,57841,13,,,0,20,,57842,13,,,0,20,,57843,13,,,0,60,,57844,13,,,0,20,,57845,13,,,0,20,,57846,13,,,0,60,,57867,13,,,0,20,,57868,13,,,0,20,,57869,13,,,0,60,,57870,13,,,0,20,,57871,13,,,0,20,,57855,13,,,0,60,,57856,13,,,0,20,,57857,13,,,0,20,,57858,13,,,0,60,,57859,13,,,0,20,,57860,13,,,0,20,,57861,13,,,0,60,,57862,13,,,0,20,,57863,13,,,0,20,,57864,13,,,0,55,,57865,13,,,0,30,,57866,13,,,0,70,,57872,13,,,0,30,,57873,13,,,0,70,,57874,13,,,0,30,,57875,13,,,0,70,,57876,13,,,0,100,,57877,13,,,0
1600,'1388',640,,57891,13,,,0,74,,57878,13,,,0,31,,57892,13,,,0,60,,57893,13,,,0,20,,57894,13,,,0,20,,57895,13,,,0,60,,57896,13,,,0,20,,57897,13,,,0,20,,57898,13,,,0,60,,57879,13,,,0,20,,57880,13,,,0,20,,57881,13,,,0,60,,57882,13,,,0,20,,57883,13,,,0,20,,57884,13,,,0,60,,57885,13,,,0,20,,57886,13,,,0,20,,57887,13,,,0,60,,57888,13,,,0,20,,57889,13,,,0,20,,57890,13,,,0,60,,57911,13,,,0,20,,57912,13,,,0,20,,57913,13,,,0,60,,57914,13,,,0,20,,57915,13,,,0,20,,57899,13,,,0,60,,57900,13,,,0,20,,57901,13,,,0,20,,57902,13,,,0,60,,57903,13,,,0,20,,57904,13,,,0,20,,57905,13,,,0,60,,57906,13,,,0,20,,57907,13,,,0,20,,57908,13,,,0,55,,57909,13,,,0,30,,57910,13,,,0,70,,57916,13,,,0,30,,57917,13,,,0,70,,57918,13,,,0,30,,57919,13,,,0,70,,57920,13,,,0,100,,57921,13,,,0
1600,'1389',640,,57935,13,,,0,74,,57922,13,,,0,31,,57936,13,,,0,60,,57937,13,,,0,20,,57938,13,,,0,20,,57939,13,,,0,60,,57940,13,,,0,20,,57941,13,,,0,20,,57942,13,,,0,60,,57923,13,,,0,20,,57924,13,,,0,20,,57925,13,,,0,60,,57926,13,,,0,20,,57927,13,,,0,20,,57928,13,,,0,60,,57929,13,,,0,20,,57930,13,,,0,20,,57931,13,,,0,60,,57932,13,,,0,20,,57933,13,,,0,20,,57934,13,,,0,60,,57955,13,,,0,20,,57956,13,,,0,20,,57957,13,,,0,60,,57958,13,,,0,20,,57959,13,,,0,20,,57943,13,,,0,60,,57944,13,,,0,20,,57945,13,,,0,20,,57946,13,,,0,60,,57947,13,,,0,20,,57948,13,,,0,20,,57949,13,,,0,60,,57950,13,,,0,20,,57951,13,,,0,20,,57952,13,,,0,55,,57953,13,,,0,30,,57954,13,,,0,70,,57960,13,,,0,30,,57961,13,,,0,70,,57962,13,,,0,30,,57963,13,,,0,70,,57964,13,,,0,100,,57965,13,,,0
1700,'1383',633,,58253,50,,,0,100,,58252,50,,,0,100,,58251,50,,,0,100,,58250,50,,,0,113,,58254,50,,,0,80,,58255,50,,,0,80,,58256,50,,,0,40,,58257,50,,,0,80,,58258,50,,,0,80,,58259,50,,,0,40,,58260,50,,,0,80,,58261,50,,,0,80,,58262,50,,,0,40,,58263,50,,,0,80,,58264,50,,,0,80,,58265,50,,,0,40,,58266,50,,,0,80,,58267,50,,,0,80,,58268,50,,,0
1700,'1384',554,,58269,50,,,0,74,,58270,50,,,0,30,,58271,50,,,0,70,,58272,50,,,0,30,,58273,50,,,0,70,,58274,50,,,0,30,,58275,50,,,0,70,,58276,50,,,0,30,,58277,50,,,0,70,,58278,50,,,0,78,,58287,50,,,0,20,,58288,50,,,0,20,,58289,50,,,0,60,,58290,50,,,0,20,,58291,50,,,0,20,,58292,50,,,0,60,,58293,50,,,0,20,,58294,50,,,0,20,,58295,50,,,0,60,,58296,50,,,0,20,,58297,50,,,0,20,,58298,50,,,0,60,,58299,50,,,0,20,,58300,50,,,0,20,,58301,50,,,0,60,,58302,50,,,0,20,,58303,50,,,0,20,,58304,50,,,0,60,,58305,50,,,0,20,,58306,50,,,0,20,,58307,50,,,0,60,,58308,50,,,0,20,,58309,50,,,0,20,,58310,50,,,0,55,,58311,50,,,0,30,,58312,50,,,0,70,,58313,50,,,0,30,,58314,50,,,0,70,,58315,50,,,0,27,,58279,50,,,0,30,,58280,50,,,0,70,,58281,50,,,0,30,,58282,50,,,0,70,,58283,50,,,0,30,,58284,50,,,0,70,,58285,50,,,0,30,,58286,50,,,0
1700,'1385',555,,58316,50,,,0,67,,58317,11,,,0,18,,58335,50,,,0,15,,58334,50,,,0,55,,58333,50,,,0,15,,58332,50,,,0,15,,58331,50,,,0,10,,58330,50,,,0,50,,58329,50,,,0,10,,58328,50,,,0,10,,58327,50,,,0,10,,58326,50,,,0,10,,58325,50,,,0,10,,58324,50,,,0,50,,58323,50,,,0,10,,58318,50,,,0,10,,58319,50,,,0,10,,58320,50,,,0,10,,58321,50,,,0,10,,58322,50,,,0,50,,58336,50,,,0,10,,58361,50,,,0,10,,58362,50,,,0,10,,58363,50,,,0,10,,58364,50,,,0,10,,58365,50,,,0,50,,58366,50,,,0,10,,58367,50,,,0,10,,58368,50,,,0,10,,58369,50,,,0,10,,58370,50,,,0,10,,58371,50,,,0,50,,58372,50,,,0,10,,58373,50,,,0,10,,58374,50,,,0,10,,58375,50,,,0,10,,58376,50,,,0,10,,58379,50,,,0,50,,58380,50,,,0,10,,58381,50,,,0,10,,58382,50,,,0,10,,58383,50,,,0,10,,58384,50,,,0,10,,58385,50,,,0,50,,58386,50,,,0,10,,58337,50,,,0,10,,58338,50,,,0,10,,58339,50,,,0,10,,58340,50,,,0,10,,58341,50,,,0,50,,58342,50,,,0,10,,58343,50,,,0,10,,58344,50,,,0,10,,58345,50,,,0,10,,58346,50,,,0,10,,58347,50,,,0,50,,58348,50,,,0,10,,58349,50,,,0,10,,58350,50,,,0,10,,58351,50,,,0,10,,58352,50,,,0,10,,58353,50,,,0,50,,58354,50,,,0,10,,58355,50,,,0,10,,58356,50,,,0,10,,58357,50,,,0,10,,58358,50,,,0,10,,58359,50,,,0,50,,58360,50,,,0,10,,58387,50,,,0,10,,58388,50,,,0,10,,58389,50,,,0,10,,58390,50,,,0,15,,58391,50,,,0,55,,58392,50,,,0,15,,58393,50,,,0,30,,58394,50,,,0,70,,58395,50,,,0,30,,58396,50,,,0,70,,58397,50,,,0,30,,58398,50,,,0,70,,58399,50,,,0,30,,58400,50,,,0,70,,58401,50,,,0,30,,58402,50,,,0,70,,58377,50,,,0,30,,58378,50,,,0
1700,'1386',555,,58403,50,,,0,67,,58404,11,,,0,18,,58422,50,,,0,15,,58421,50,,,0,55,,58420,50,,,0,15,,58419,50,,,0,15,,58418,50,,,0,10,,58417,50,,,0,50,,58416,50,,,0,10,,58415,50,,,0,10,,58414,50,,,0,10,,58413,50,,,0,10,,58412,50,,,0,10,,58411,50,,,0,50,,58410,50,,,0,10,,58405,50,,,0,10,,58406,50,,,0,10,,58407,50,,,0,10,,58408,50,,,0,10,,58409,50,,,0,50,,58423,50,,,0,10,,58448,50,,,0,10,,58449,50,,,0,10,,58450,50,,,0,10,,58451,50,,,0,10,,58452,50,,,0,50,,58453,50,,,0,10,,58454,50,,,0,10,,58455,50,,,0,10,,58456,50,,,0,10,,58457,50,,,0,10,,58458,50,,,0,50,,58459,50,,,0,10,,58460,50,,,0,10,,58461,50,,,0,10,,58462,50,,,0,10,,58463,50,,,0,10,,58466,50,,,0,50,,58467,50,,,0,10,,58468,50,,,0,10,,58469,50,,,0,10,,58470,50,,,0,10,,58471,50,,,0,10,,58472,50,,,0,50,,58473,50,,,0,10,,58424,50,,,0,10,,58425,50,,,0,10,,58426,50,,,0,10,,58427,50,,,0,10,,58428,50,,,0,50,,58429,50,,,0,10,,58430,50,,,0,10,,58431,50,,,0,10,,58432,50,,,0,10,,58433,50,,,0,10,,58434,50,,,0,50,,58435,50,,,0,10,,58436,50,,,0,10,,58437,50,,,0,10,,58438,50,,,0,10,,58439,50,,,0,10,,58440,50,,,0,50,,58441,50,,,0,10,,58442,50,,,0,10,,58443,50,,,0,10,,58444,50,,,0,10,,58445,50,,,0,10,,58446,50,,,0,50,,58447,50,,,0,10,,58474,50,,,0,10,,58475,50,,,0,10,,58476,50,,,0,10,,58477,50,,,0,15,,58478,50,,,0,55,,58479,50,,,0,15,,58480,50,,,0,30,,58481,50,,,0,70,,58482,50,,,0,30,,58483,50,,,0,70,,58484,50,,,0,30,,58485,50,,,0,70,,58486,50,,,0,30,,58487,50,,,0,70,,58488,50,,,0,30,,58489,50,,,0,70,,58464,50,,,0,30,,58465,50,,,0
1700,'1387',555,,58490,50,,,0,67,,58491,11,,,0,18,,58509,50,,,0,15,,58508,50,,,0,55,,58507,50,,,0,15,,58506,50,,,0,15,,58505,50,,,0,10,,58504,50,,,0,50,,58503,50,,,0,10,,58502,50,,,0,10,,58501,50,,,0,10,,58500,50,,,0,10,,58499,50,,,0,10,,58498,50,,,0,50,,58497,50,,,0,10,,58492,50,,,0,10,,58493,50,,,0,10,,58494,50,,,0,10,,58495,50,,,0,10,,58496,50,,,0,50,,58510,50,,,0,10,,58535,50,,,0,10,,58536,50,,,0,10,,58537,50,,,0,10,,58538,50,,,0,10,,58539,50,,,0,50,,58540,50,,,0,10,,58541,50,,,0,10,,58542,50,,,0,10,,58543,50,,,0,10,,58544,50,,,0,10,,58545,50,,,0,50,,58546,50,,,0,10,,58547,50,,,0,10,,58548,50,,,0,10,,58549,50,,,0,10,,58550,50,,,0,10,,58553,50,,,0,50,,58554,50,,,0,10,,58555,50,,,0,10,,58556,50,,,0,10,,58557,50,,,0,10,,58558,50,,,0,10,,58559,50,,,0,50,,58560,50,,,0,10,,58511,50,,,0,10,,58512,50,,,0,10,,58513,50,,,0,10,,58514,50,,,0,10,,58515,50,,,0,50,,58516,50,,,0,10,,58517,50,,,0,10,,58518,50,,,0,10,,58519,50,,,0,10,,58520,50,,,0,10,,58521,50,,,0,50,,58522,50,,,0,10,,58523,50,,,0,10,,58524,50,,,0,10,,58525,50,,,0,10,,58526,50,,,0,10,,58527,50,,,0,50,,58528,50,,,0,10,,58529,50,,,0,10,,58530,50,,,0,10,,58531,50,,,0,10,,58532,50,,,0,10,,58533,50,,,0,50,,58534,50,,,0,10,,58561,50,,,0,10,,58562,50,,,0,10,,58563,50,,,0,10,,58564,50,,,0,15,,58565,50,,,0,55,,58566,50,,,0,15,,58567,50,,,0,30,,58568,50,,,0,70,,58569,50,,,0,30,,58570,50,,,0,70,,58571,50,,,0,30,,58572,50,,,0,70,,58573,50,,,0,30,,58574,50,,,0,70,,58575,50,,,0,30,,58576,50,,,0,70,,58551,50,,,0,30,,58552,50,,,0
1700,'1388',555,,58577,50,,,0,67,,58578,11,,,0,18,,58596,50,,,0,15,,58595,50,,,0,55,,58594,50,,,0,15,,58593,50,,,0,15,,58592,50,,,0,10,,58591,50,,,0,50,,58590,50,,,0,10,,58589,50,,,0,10,,58588,50,,,0,10,,58587,50,,,0,10,,58586,50,,,0,10,,58585,50,,,0,50,,58584,50,,,0,10,,58579,50,,,0,10,,58580,50,,,0,10,,58581,50,,,0,10,,58582,50,,,0,10,,58583,50,,,0,50,,58597,50,,,0,10,,58622,50,,,0,10,,58623,50,,,0,10,,58624,50,,,0,10,,58625,50,,,0,10,,58626,50,,,0,50,,58627,50,,,0,10,,58628,50,,,0,10,,58629,50,,,0,10,,58630,50,,,0,10,,58631,50,,,0,10,,58632,50,,,0,50,,58633,50,,,0,10,,58634,50,,,0,10,,58635,50,,,0,10,,58636,50,,,0,10,,58637,50,,,0,10,,58640,50,,,0,50,,58641,50,,,0,10,,58642,50,,,0,10,,58643,50,,,0,10,,58644,50,,,0,10,,58645,50,,,0,10,,58646,50,,,0,50,,58647,50,,,0,10,,58598,50,,,0,10,,58599,50,,,0,10,,58600,50,,,0,10,,58601,50,,,0,10,,58602,50,,,0,50,,58603,50,,,0,10,,58604,50,,,0,10,,58605,50,,,0,10,,58606,50,,,0,10,,58607,50,,,0,10,,58608,50,,,0,50,,58609,50,,,0,10,,58610,50,,,0,10,,58611,50,,,0,10,,58612,50,,,0,10,,58613,50,,,0,10,,58614,50,,,0,50,,58615,50,,,0,10,,58616,50,,,0,10,,58617,50,,,0,10,,58618,50,,,0,10,,58619,50,,,0,10,,58620,50,,,0,50,,58621,50,,,0,10,,58648,50,,,0,10,,58649,50,,,0,10,,58650,50,,,0,10,,58651,50,,,0,15,,58652,50,,,0,55,,58653,50,,,0,15,,58654,50,,,0,30,,58655,50,,,0,70,,58656,50,,,0,30,,58657,50,,,0,70,,58658,50,,,0,30,,58659,50,,,0,70,,58660,50,,,0,30,,58661,50,,,0,70,,58662,50,,,0,30,,58663,50,,,0,70,,58638,50,,,0,30,,58639,50,,,0
1700,'1389',555,,58664,50,,,0,67,,58665,11,,,0,18,,58683,50,,,0,15,,58682,50,,,0,55,,58681,50,,,0,15,,58680,50,,,0,15,,58679,50,,,0,10,,58678,50,,,0,50,,58677,50,,,0,10,,58676,50,,,0,10,,58675,50,,,0,10,,58674,50,,,0,10,,58673,50,,,0,10,,58672,50,,,0,50,,58671,50,,,0,10,,58666,50,,,0,10,,58667,50,,,0,10,,58668,50,,,0,10,,58669,50,,,0,10,,58670,50,,,0,50,,58684,50,,,0,10,,58709,50,,,0,10,,58710,50,,,0,10,,58711,50,,,0,10,,58712,50,,,0,10,,58713,50,,,0,50,,58714,50,,,0,10,,58715,50,,,0,10,,58716,50,,,0,10,,58717,50,,,0,10,,58718,50,,,0,10,,58719,50,,,0,50,,58720,50,,,0,10,,58721,50,,,0,10,,58722,50,,,0,10,,58723,50,,,0,10,,58724,50,,,0,10,,58727,50,,,0,50,,58728,50,,,0,10,,58729,50,,,0,10,,58730,50,,,0,10,,58731,50,,,0,10,,58732,50,,,0,10,,58733,50,,,0,50,,58734,50,,,0,10,,58685,50,,,0,10,,58686,50,,,0,10,,58687,50,,,0,10,,58688,50,,,0,10,,58689,50,,,0,50,,58690,50,,,0,10,,58691,50,,,0,10,,58692,50,,,0,10,,58693,50,,,0,10,,58694,50,,,0,10,,58695,50,,,0,50,,58696,50,,,0,10,,58697,50,,,0,10,,58698,50,,,0,10,,58699,50,,,0,10,,58700,50,,,0,10,,58701,50,,,0,50,,58702,50,,,0,10,,58703,50,,,0,10,,58704,50,,,0,10,,58705,50,,,0,10,,58706,50,,,0,10,,58707,50,,,0,50,,58708,50,,,0,10,,58735,50,,,0,10,,58736,50,,,0,10,,58737,50,,,0,10,,58738,50,,,0,15,,58739,50,,,0,55,,58740,50,,,0,15,,58741,50,,,0,30,,58742,50,,,0,70,,58743,50,,,0,30,,58744,50,,,0,70,,58745,50,,,0,30,,58746,50,,,0,70,,58747,50,,,0,30,,58748,50,,,0,70,,58749,50,,,0,30,,58750,50,,,0,70,,58725,50,,,0,30,,58726,50,,,0
552200,'1385',651,,61884,10,0,9,0,70,,61885,10,0,9,0,30,,61886,10,0,9,0,70,,61887,10,0,9,0,30,,61888,10,0,9,0,70,,61889,10,0,9,0,30,,61890,10,0,9,0,70,,61891,10,0,9,0,30,,61892,10,0,9,0,70,,61893,10,0,9,0,30,,61894,10,0,9,0,70,,61895,10,0,9,0,30,,61896,10,0,9,0,70,,61897,10,0,9,0,30,,61898,10,0,9,0,70,,61899,10,0,9,0,30,,61900,10,0,9,0,70,,61901,10,0,9,0,30,,61902,10,0,9,0,70,,61903,10,0,9,0,30,,61904,10,0,9,0,70,,61905,10,0,9,0,30,,61906,10,0,9,0
552200,'1386',651,,61907,10,0,9,0,70,,61908,10,0,9,0,30,,61909,10,0,9,0,70,,61910,10,0,9,0,30,,61911,10,0,9,0,70,,61912,10,0,9,0,30,,61913,10,0,9,0,70,,61914,10,0,9,0,30,,61915,10,0,9,0,70,,61916,10,0,9,0,30,,61917,10,0,9,0,70,,61918,10,0,9,0,30,,61919,10,0,9,0,70,,61920,10,0,9,0,30,,61921,10,0,9,0,70,,61922,10,0,9,0,30,,61923,10,0,9,0,70,,61924,10,0,9,0,30,,61925,10,0,9,0,70,,61926,10,0,9,0,30,,61927,10,0,9,0,70,,61928,10,0,9,0,30,,61929,10,0,9,0
552200,'1387',651,,61930,10,0,9,0,70,,61931,10,0,9,0,30,,61932,10,0,9,0,70,,61933,10,0,9,0,30,,61934,10,0,9,0,70,,61935,10,0,9,0,30,,61936,10,0,9,0,70,,61937,10,0,9,0,30,,61938,10,0,9,0,70,,61939,10,0,9,0,30,,61940,10,0,9,0,70,,61941,10,0,9,0,30,,61942,10,0,9,0,70,,61943,10,0,9,0,30,,61944,10,0,9,0,70,,61945,10,0,9,0,30,,61946,10,0,9,0,70,,61947,10,0,9,0,30,,61948,10,0,9,0,70,,61949,10,0,9,0,30,,61950,10,0,9,0,70,,61951,10,0,9,0,30,,61952,10,0,9,0
552200,'1388',651,,61953,10,0,9,0,70,,61954,10,0,9,0,30,,61955,10,0,9,0,70,,61956,10,0,9,0,30,,61957,10,0,9,0,70,,61958,10,0,9,0,30,,61959,10,0,9,0,70,,61960,10,0,9,0,30,,61961,10,0,9,0,70,,61962,10,0,9,0,30,,61963,10,0,9,0,70,,61964,10,0,9,0,30,,61965,10,0,9,0,70,,61966,10,0,9,0,30,,61967,10,0,9,0,70,,61968,10,0,9,0,30,,61969,10,0,9,0,70,,61970,10,0,9,0,30,,61971,10,0,9,0,70,,61972,10,0,9,0,30,,61973,10,0,9,0,70,,61974,10,0,9,0,30,,61975,10,0,9,0
552200,'1389',651,,61976,10,0,9,0,70,,61977,10,0,9,0,30,,61978,10,0,9,0,70,,61979,10,0,9,0,30,,61980,10,0,9,0,70,,61981,10,0,9,0,30,,61982,10,0,9,0,70,,61983,10,0,9,0,30,,61984,10,0,9,0,70,,61985,10,0,9,0,30,,61986,10,0,9,0,70,,61987,10,0,9,0,30,,61988,10,0,9,0,70,,61989,10,0,9,0,30,,61990,10,0,9,0,70,,61991,10,0,9,0,30,,61992,10,0,9,0,70,,61993,10,0,9,0,30,,61994,10,0,9,0,70,,61995,10,0,9,0,30,,61996,10,0,9,0,70,,61997,10,0,9,0,30,,61998,10,0,9,0
