1700,'1383',623,,58253,34,,,0,100,,58252,34,,,0,100,,58251,34,,,0,100,,58250,34,,,0,109,,58254,34,,,0,80,,58255,34,,,0,40,,58256,34,,,0,80,,58257,34,,,0,80,,58258,34,,,0,40,,58259,34,,,0,80,,58260,34,,,0,80,,58261,34,,,0,40,,58262,34,,,0,80,,58263,34,,,0,80,,58264,34,,,0,40,,58265,34,,,0,80,,58266,34,,,0,80,,58267,34,,,0,40,,58268,34,,,0
1700,'1384',541,,58269,34,,,0,74,,58270,34,,,0,30,,58271,34,,,0,70,,58272,34,,,0,30,,58273,34,,,0,70,,58274,34,,,0,30,,58275,34,,,0,70,,58276,34,,,0,30,,58277,34,,,0,70,,58278,34,,,0,37,,58287,34,,,0,60,,58288,34,,,0,20,,58289,34,,,0,20,,58290,34,,,0,60,,58291,34,,,0,20,,58292,34,,,0,20,,58293,34,,,0,60,,58294,34,,,0,20,,58295,34,,,0,20,,58296,34,,,0,60,,58297,34,,,0,20,,58298,34,,,0,20,,58299,34,,,0,60,,58300,34,,,0,20,,58301,34,,,0,20,,58302,34,,,0,60,,58303,34,,,0,20,,58304,34,,,0,20,,58305,34,,,0,60,,58306,34,,,0,20,,58307,34,,,0,20,,58308,34,,,0,60,,58309,34,,,0,20,,58310,34,,,0,15,,58311,34,,,0,70,,58312,34,,,0,30,,58313,34,,,0,70,,58314,34,,,0,30,,58315,34,,,0,68,,58279,34,,,0,30,,58280,34,,,0,70,,58281,34,,,0,30,,58282,34,,,0,70,,58283,34,,,0,30,,58284,34,,,0,70,,58285,34,,,0,30,,58286,34,,,0
1700,'1385',545,,58316,34,,,0,83,,58335,34,,,0,15,,58334,34,,,0,15,,58333,34,,,0,55,,58332,34,,,0,15,,58331,34,,,0,10,,58330,34,,,0,10,,58329,34,,,0,10,,58328,34,,,0,50,,58327,34,,,0,10,,58326,34,,,0,10,,58325,34,,,0,10,,58324,34,,,0,10,,58323,34,,,0,10,,58318,34,,,0,50,,58319,34,,,0,10,,58320,34,,,0,10,,58321,34,,,0,10,,58322,34,,,0,10,,58336,34,,,0,10,,58361,34,,,0,50,,58362,34,,,0,10,,58363,34,,,0,10,,58364,34,,,0,10,,58365,34,,,0,10,,58366,34,,,0,10,,58367,34,,,0,50,,58368,34,,,0,10,,58369,34,,,0,10,,58370,34,,,0,10,,58371,34,,,0,10,,58372,34,,,0,10,,58373,34,,,0,50,,58374,34,,,0,10,,58375,34,,,0,10,,58376,34,,,0,10,,58379,34,,,0,10,,58380,34,,,0,10,,58381,34,,,0,50,,58382,34,,,0,10,,58383,34,,,0,10,,58384,34,,,0,10,,58385,34,,,0,10,,58386,34,,,0,10,,58337,34,,,0,50,,58338,34,,,0,10,,58339,34,,,0,10,,58340,34,,,0,10,,58341,34,,,0,10,,58342,34,,,0,10,,58343,34,,,0,50,,58344,34,,,0,10,,58345,34,,,0,10,,58346,34,,,0,10,,58347,34,,,0,10,,58348,34,,,0,10,,58349,34,,,0,50,,58350,34,,,0,10,,58351,34,,,0,10,,58352,34,,,0,10,,58353,34,,,0,10,,58354,34,,,0,10,,58355,34,,,0,50,,58356,34,,,0,10,,58357,34,,,0,10,,58358,34,,,0,10,,58359,34,,,0,10,,58360,34,,,0,10,,58387,34,,,0,50,,58388,34,,,0,10,,58389,34,,,0,10,,58390,34,,,0,15,,58391,34,,,0,15,,58392,34,,,0,55,,58393,34,,,0,30,,58394,34,,,0,70,,58395,34,,,0,30,,58396,34,,,0,70,,58397,34,,,0,30,,58398,34,,,0,70,,58399,34,,,0,30,,58400,34,,,0,70,,58401,34,,,0,30,,58402,34,,,0,70,,58377,34,,,0,30,,58378,34,,,0
1700,'1386',545,,58403,34,,,0,83,,58422,34,,,0,15,,58421,34,,,0,15,,58420,34,,,0,55,,58419,34,,,0,15,,58418,34,,,0,10,,58417,34,,,0,10,,58416,34,,,0,10,,58415,34,,,0,50,,58414,34,,,0,10,,58413,34,,,0,10,,58412,34,,,0,10,,58411,34,,,0,10,,58410,34,,,0,10,,58405,34,,,0,50,,58406,34,,,0,10,,58407,34,,,0,10,,58408,34,,,0,10,,58409,34,,,0,10,,58423,34,,,0,10,,58448,34,,,0,50,,58449,34,,,0,10,,58450,34,,,0,10,,58451,34,,,0,10,,58452,34,,,0,10,,58453,34,,,0,10,,58454,34,,,0,50,,58455,34,,,0,10,,58456,34,,,0,10,,58457,34,,,0,10,,58458,34,,,0,10,,58459,34,,,0,10,,58460,34,,,0,50,,58461,34,,,0,10,,58462,34,,,0,10,,58463,34,,,0,10,,58466,34,,,0,10,,58467,34,,,0,10,,58468,34,,,0,50,,58469,34,,,0,10,,58470,34,,,0,10,,58471,34,,,0,10,,58472,34,,,0,10,,58473,34,,,0,10,,58424,34,,,0,50,,58425,34,,,0,10,,58426,34,,,0,10,,58427,34,,,0,10,,58428,34,,,0,10,,58429,34,,,0,10,,58430,34,,,0,50,,58431,34,,,0,10,,58432,34,,,0,10,,58433,34,,,0,10,,58434,34,,,0,10,,58435,34,,,0,10,,58436,34,,,0,50,,58437,34,,,0,10,,58438,34,,,0,10,,58439,34,,,0,10,,58440,34,,,0,10,,58441,34,,,0,10,,58442,34,,,0,50,,58443,34,,,0,10,,58444,34,,,0,10,,58445,34,,,0,10,,58446,34,,,0,10,,58447,34,,,0,10,,58474,34,,,0,50,,58475,34,,,0,10,,58476,34,,,0,10,,58477,34,,,0,15,,58478,34,,,0,15,,58479,34,,,0,55,,58480,34,,,0,30,,58481,34,,,0,70,,58482,34,,,0,30,,58483,34,,,0,70,,58484,34,,,0,30,,58485,34,,,0,70,,58486,34,,,0,30,,58487,34,,,0,70,,58488,34,,,0,30,,58489,34,,,0,70,,58464,34,,,0,30,,58465,34,,,0
1700,'1387',545,,58490,34,,,0,83,,58509,34,,,0,15,,58508,34,,,0,15,,58507,34,,,0,55,,58506,34,,,0,15,,58505,34,,,0,10,,58504,34,,,0,10,,58503,34,,,0,10,,58502,34,,,0,50,,58501,34,,,0,10,,58500,34,,,0,10,,58499,34,,,0,10,,58498,34,,,0,10,,58497,34,,,0,10,,58492,34,,,0,50,,58493,34,,,0,10,,58494,34,,,0,10,,58495,34,,,0,10,,58496,34,,,0,10,,58510,34,,,0,10,,58535,34,,,0,50,,58536,34,,,0,10,,58537,34,,,0,10,,58538,34,,,0,10,,58539,34,,,0,10,,58540,34,,,0,10,,58541,34,,,0,50,,58542,34,,,0,10,,58543,34,,,0,10,,58544,34,,,0,10,,58545,34,,,0,10,,58546,34,,,0,10,,58547,34,,,0,50,,58548,34,,,0,10,,58549,34,,,0,10,,58550,34,,,0,10,,58553,34,,,0,10,,58554,34,,,0,10,,58555,34,,,0,50,,58556,34,,,0,10,,58557,34,,,0,10,,58558,34,,,0,10,,58559,34,,,0,10,,58560,34,,,0,10,,58511,34,,,0,50,,58512,34,,,0,10,,58513,34,,,0,10,,58514,34,,,0,10,,58515,34,,,0,10,,58516,34,,,0,10,,58517,34,,,0,50,,58518,34,,,0,10,,58519,34,,,0,10,,58520,34,,,0,10,,58521,34,,,0,10,,58522,34,,,0,10,,58523,34,,,0,50,,58524,34,,,0,10,,58525,34,,,0,10,,58526,34,,,0,10,,58527,34,,,0,10,,58528,34,,,0,10,,58529,34,,,0,50,,58530,34,,,0,10,,58531,34,,,0,10,,58532,34,,,0,10,,58533,34,,,0,10,,58534,34,,,0,10,,58561,34,,,0,50,,58562,34,,,0,10,,58563,34,,,0,10,,58564,34,,,0,15,,58565,34,,,0,15,,58566,34,,,0,55,,58567,34,,,0,30,,58568,34,,,0,70,,58569,34,,,0,30,,58570,34,,,0,70,,58571,34,,,0,30,,58572,34,,,0,70,,58573,34,,,0,30,,58574,34,,,0,70,,58575,34,,,0,30,,58576,34,,,0,70,,58551,34,,,0,30,,58552,34,,,0
1700,'1388',545,,58577,34,,,0,83,,58596,34,,,0,15,,58595,34,,,0,15,,58594,34,,,0,55,,58593,34,,,0,15,,58592,34,,,0,10,,58591,34,,,0,10,,58590,34,,,0,10,,58589,34,,,0,50,,58588,34,,,0,10,,58587,34,,,0,10,,58586,34,,,0,10,,58585,34,,,0,10,,58584,34,,,0,10,,58579,34,,,0,50,,58580,34,,,0,10,,58581,34,,,0,10,,58582,34,,,0,10,,58583,34,,,0,10,,58597,34,,,0,10,,58622,34,,,0,50,,58623,34,,,0,10,,58624,34,,,0,10,,58625,34,,,0,10,,58626,34,,,0,10,,58627,34,,,0,10,,58628,34,,,0,50,,58629,34,,,0,10,,58630,34,,,0,10,,58631,34,,,0,10,,58632,34,,,0,10,,58633,34,,,0,10,,58634,34,,,0,50,,58635,34,,,0,10,,58636,34,,,0,10,,58637,34,,,0,10,,58640,34,,,0,10,,58641,34,,,0,10,,58642,34,,,0,50,,58643,34,,,0,10,,58644,34,,,0,10,,58645,34,,,0,10,,58646,34,,,0,10,,58647,34,,,0,10,,58598,34,,,0,50,,58599,34,,,0,10,,58600,34,,,0,10,,58601,34,,,0,10,,58602,34,,,0,10,,58603,34,,,0,10,,58604,34,,,0,50,,58605,34,,,0,10,,58606,34,,,0,10,,58607,34,,,0,10,,58608,34,,,0,10,,58609,34,,,0,10,,58610,34,,,0,50,,58611,34,,,0,10,,58612,34,,,0,10,,58613,34,,,0,10,,58614,34,,,0,10,,58615,34,,,0,10,,58616,34,,,0,50,,58617,34,,,0,10,,58618,34,,,0,10,,58619,34,,,0,10,,58620,34,,,0,10,,58621,34,,,0,10,,58648,34,,,0,50,,58649,34,,,0,10,,58650,34,,,0,10,,58651,34,,,0,15,,58652,34,,,0,15,,58653,34,,,0,55,,58654,34,,,0,30,,58655,34,,,0,70,,58656,34,,,0,30,,58657,34,,,0,70,,58658,34,,,0,30,,58659,34,,,0,70,,58660,34,,,0,30,,58661,34,,,0,70,,58662,34,,,0,30,,58663,34,,,0,70,,58638,34,,,0,30,,58639,34,,,0
1700,'1389',545,,58664,34,,,0,83,,58683,34,,,0,15,,58682,34,,,0,15,,58681,34,,,0,55,,58680,34,,,0,15,,58679,34,,,0,10,,58678,34,,,0,10,,58677,34,,,0,10,,58676,34,,,0,50,,58675,34,,,0,10,,58674,34,,,0,10,,58673,34,,,0,10,,58672,34,,,0,10,,58671,34,,,0,10,,58666,34,,,0,50,,58667,34,,,0,10,,58668,34,,,0,10,,58669,34,,,0,10,,58670,34,,,0,10,,58684,34,,,0,10,,58709,34,,,0,50,,58710,34,,,0,10,,58711,34,,,0,10,,58712,34,,,0,10,,58713,34,,,0,10,,58714,34,,,0,10,,58715,34,,,0,50,,58716,34,,,0,10,,58717,34,,,0,10,,58718,34,,,0,10,,58719,34,,,0,10,,58720,34,,,0,10,,58721,34,,,0,50,,58722,34,,,0,10,,58723,34,,,0,10,,58724,34,,,0,10,,58727,34,,,0,10,,58728,34,,,0,10,,58729,34,,,0,50,,58730,34,,,0,10,,58731,34,,,0,10,,58732,34,,,0,10,,58733,34,,,0,10,,58734,34,,,0,10,,58685,34,,,0,50,,58686,34,,,0,10,,58687,34,,,0,10,,58688,34,,,0,10,,58689,34,,,0,10,,58690,34,,,0,10,,58691,34,,,0,50,,58692,34,,,0,10,,58693,34,,,0,10,,58694,34,,,0,10,,58695,34,,,0,10,,58696,34,,,0,10,,58697,34,,,0,50,,58698,34,,,0,10,,58699,34,,,0,10,,58700,34,,,0,10,,58701,34,,,0,10,,58702,34,,,0,10,,58703,34,,,0,50,,58704,34,,,0,10,,58705,34,,,0,10,,58706,34,,,0,10,,58707,34,,,0,10,,58708,34,,,0,10,,58735,34,,,0,50,,58736,34,,,0,10,,58737,34,,,0,10,,58738,34,,,0,15,,58739,34,,,0,15,,58740,34,,,0,55,,58741,34,,,0,30,,58742,34,,,0,70,,58743,34,,,0,30,,58744,34,,,0,70,,58745,34,,,0,30,,58746,34,,,0,70,,58747,34,,,0,30,,58748,34,,,0,70,,58749,34,,,0,30,,58750,34,,,0,70,,58725,34,,,0,30,,58726,34,,,0
1900,'1383',911,,60107,23,,,0,100,,60106,23,,,0,100,,60105,23,,,0,100,,60104,23,,,0,100,,60103,23,,,0,100,,60102,23,,,0,100,,60101,23,,,0,100,,60099,23,,,0,100,,60098,23,,,0,100,,60097,23,,,0,100,,60096,23,,,0,100,,60100,23,,,0
1900,'1384',811,,60108,23,,,0,100,,60109,23,,,0,100,,60110,23,,,0,30,,60111,23,,,0,70,,60112,23,,,0,30,,60113,23,,,0,70,,60114,23,,,0,30,,60115,23,,,0,70,,60116,23,,,0,30,,60117,23,,,0,70,,60118,23,,,0,30,,60119,23,,,0,70,,60120,23,,,0,30,,60121,23,,,0,70,,60122,23,,,0,30,,60123,23,,,0,70,,60124,23,,,0,30,,60125,23,,,0,70,,60126,23,,,0,30,,60127,23,,,0,70,,60128,23,,,0,30,,60129,23,,,0,70,,60130,23,,,0,100,,60131,23,,,0,100,,60132,23,,,0,100,,60133,23,,,0
1900,'1385',611,,60134,23,,,0,30,,60135,23,,,0,70,,60136,23,,,0,30,,60137,23,,,0,70,,60138,23,,,0,30,,60139,23,,,0,70,,60140,23,,,0,30,,60141,23,,,0,70,,60142,23,,,0,30,,60143,23,,,0,70,,60144,23,,,0,30,,60145,23,,,0,70,,60146,23,,,0,30,,60147,23,,,0,70,,60148,23,,,0,30,,60149,23,,,0,70,,60150,23,,,0,30,,60151,23,,,0,70,,60152,23,,,0,30,,60153,23,,,0,70,,60154,23,,,0,30,,60155,23,,,0,70,,60156,23,,,0,30,,60157,23,,,0,70,,60158,23,,,0,30,,60159,23,,,0,70,,60160,23,,,0,30,,60161,23,,,0,70,,60162,23,,,0,30,,60163,23,,,0,70,,60164,23,,,0,30,,60165,23,,,0,100,,60166,23,,,0,100,,60167,23,,,0
1900,'1386',611,,60168,23,,,0,30,,60169,23,,,0,70,,60170,23,,,0,30,,60171,23,,,0,70,,60172,23,,,0,30,,60173,23,,,0,70,,60174,23,,,0,30,,60175,23,,,0,70,,60176,23,,,0,30,,60177,23,,,0,70,,60178,23,,,0,30,,60179,23,,,0,70,,60180,23,,,0,30,,60181,23,,,0,70,,60182,23,,,0,30,,60183,23,,,0,70,,60184,23,,,0,30,,60185,23,,,0,70,,60186,23,,,0,30,,60187,23,,,0,70,,60188,23,,,0,30,,60189,23,,,0,70,,60190,23,,,0,30,,60191,23,,,0,70,,60192,23,,,0,30,,60193,23,,,0,70,,60194,23,,,0,30,,60195,23,,,0,70,,60196,23,,,0,30,,60197,23,,,0,70,,60198,23,,,0,30,,60199,23,,,0,100,,60200,23,,,0,100,,60201,23,,,0
1900,'1387',611,,60202,23,,,0,30,,60203,23,,,0,70,,60204,23,,,0,30,,60205,23,,,0,70,,60206,23,,,0,30,,60207,23,,,0,70,,60208,23,,,0,30,,60209,23,,,0,70,,60210,23,,,0,30,,60211,23,,,0,70,,60212,23,,,0,30,,60213,23,,,0,70,,60214,23,,,0,30,,60215,23,,,0,70,,60216,23,,,0,30,,60217,23,,,0,70,,60218,23,,,0,30,,60219,23,,,0,70,,60220,23,,,0,30,,60221,23,,,0,70,,60222,23,,,0,30,,60223,23,,,0,70,,60224,23,,,0,30,,60225,23,,,0,70,,60226,23,,,0,30,,60227,23,,,0,70,,60228,23,,,0,30,,60229,23,,,0,70,,60230,23,,,0,30,,60231,23,,,0,70,,60232,23,,,0,30,,60233,23,,,0,100,,60234,23,,,0,100,,60235,23,,,0
1900,'1388',611,,60236,23,,,0,30,,60237,23,,,0,70,,60238,23,,,0,30,,60239,23,,,0,70,,60240,23,,,0,30,,60241,23,,,0,70,,60242,23,,,0,30,,60243,23,,,0,70,,60244,23,,,0,30,,60245,23,,,0,70,,60246,23,,,0,30,,60247,23,,,0,70,,60248,23,,,0,30,,60249,23,,,0,70,,60250,23,,,0,30,,60251,23,,,0,70,,60252,23,,,0,30,,60253,23,,,0,70,,60254,23,,,0,30,,60255,23,,,0,70,,60256,23,,,0,30,,60257,23,,,0,70,,60258,23,,,0,30,,60259,23,,,0,70,,60260,23,,,0,30,,60261,23,,,0,70,,60262,23,,,0,30,,60263,23,,,0,70,,60264,23,,,0,30,,60265,23,,,0,70,,60266,23,,,0,30,,60267,23,,,0,100,,60268,23,,,0,100,,60269,23,,,0
1900,'1389',611,,60270,23,,,0,30,,60271,23,,,0,70,,60272,23,,,0,30,,60273,23,,,0,70,,60274,23,,,0,30,,60275,23,,,0,70,,60276,23,,,0,30,,60277,23,,,0,70,,60278,23,,,0,30,,60279,23,,,0,70,,60280,23,,,0,30,,60281,23,,,0,70,,60282,23,,,0,30,,60283,23,,,0,70,,60284,23,,,0,30,,60285,23,,,0,70,,60286,23,,,0,30,,60287,23,,,0,70,,60288,23,,,0,30,,60289,23,,,0,70,,60290,23,,,0,30,,60291,23,,,0,70,,60292,23,,,0,30,,60293,23,,,0,70,,60294,23,,,0,30,,60295,23,,,0,70,,60296,23,,,0,30,,60297,23,,,0,70,,60298,23,,,0,30,,60299,23,,,0,70,,60300,23,,,0,30,,60301,23,,,0,100,,60302,23,,,0,100,,60303,23,,,0
