1700,'1369',610,,43849,16,,,0,100,,43848,16,,,0,100,,43847,16,,,0,100,,43846,16,,,0,102,,43864,16,,,0,40,,43863,16,,,0,80,,43862,16,,,0,80,,43861,16,,,0,40,,43860,16,,,0,80,,43859,16,,,0,80,,43858,16,,,0,40,,43857,16,,,0,80,,43856,16,,,0,80,,43855,16,,,0,40,,43854,16,,,0,80,,43853,16,,,0,80,,43852,16,,,0,40,,43851,16,,,0,80,,43850,16,,,0
1700,'1370',528,,43865,16,,,0,27,,43866,16,,,0,70,,43867,16,,,0,30,,43868,16,,,0,70,,43869,16,,,0,30,,43870,16,,,0,70,,43871,16,,,0,30,,43872,16,,,0,70,,43873,16,,,0,30,,43874,16,,,0,78,,43883,16,,,0,20,,43884,16,,,0,60,,43885,16,,,0,20,,43886,16,,,0,20,,43887,16,,,0,60,,43888,16,,,0,20,,43889,16,,,0,20,,43890,16,,,0,60,,43891,16,,,0,20,,43892,16,,,0,20,,43893,16,,,0,60,,43894,16,,,0,20,,43895,16,,,0,20,,43896,16,,,0,60,,43897,16,,,0,20,,43898,16,,,0,20,,43899,16,,,0,60,,43900,16,,,0,20,,43901,16,,,0,20,,43902,16,,,0,60,,43903,16,,,0,20,,43904,16,,,0,20,,43905,16,,,0,60,,43906,16,,,0,15,,43907,16,,,0,30,,43908,16,,,0,70,,43909,16,,,0,30,,43910,16,,,0,70,,43911,16,,,0,27,,43875,16,,,0,70,,43876,16,,,0,30,,43877,16,,,0,70,,43878,16,,,0,30,,43879,16,,,0,70,,43880,16,,,0,30,,43881,16,,,0,70,,43882,16,,,0
1700,'1371',531,,43912,16,,,0,80,,43914,16,,,0,15,,43915,16,,,0,15,,43916,16,,,0,15,,43917,16,,,0,55,,43918,16,,,0,10,,43919,16,,,0,10,,43920,16,,,0,10,,43921,16,,,0,10,,43922,16,,,0,50,,43923,16,,,0,10,,43924,16,,,0,10,,43925,16,,,0,10,,43926,16,,,0,10,,43927,16,,,0,10,,43928,16,,,0,50,,43929,16,,,0,10,,43930,16,,,0,10,,43931,16,,,0,10,,43932,16,,,0,10,,43933,16,,,0,10,,43934,16,,,0,50,,43935,16,,,0,10,,43936,16,,,0,10,,43937,16,,,0,10,,43938,16,,,0,10,,43939,16,,,0,10,,43940,16,,,0,50,,43941,16,,,0,10,,43942,16,,,0,10,,43943,16,,,0,10,,43944,16,,,0,10,,43945,16,,,0,10,,43946,16,,,0,50,,43947,16,,,0,10,,43948,16,,,0,10,,43949,16,,,0,10,,43950,16,,,0,10,,43951,16,,,0,10,,43952,16,,,0,50,,43953,16,,,0,10,,43954,16,,,0,10,,43955,16,,,0,10,,43956,16,,,0,10,,43957,16,,,0,10,,43958,16,,,0,50,,43959,16,,,0,10,,43960,16,,,0,10,,43961,16,,,0,10,,43962,16,,,0,10,,43963,16,,,0,10,,43964,16,,,0,50,,43965,16,,,0,10,,43966,16,,,0,10,,43967,16,,,0,10,,43968,16,,,0,10,,43969,16,,,0,10,,43970,16,,,0,50,,43971,16,,,0,10,,43972,16,,,0,10,,43973,16,,,0,10,,43974,16,,,0,10,,43975,16,,,0,10,,43976,16,,,0,50,,43977,16,,,0,10,,43978,16,,,0,10,,43979,16,,,0,10,,43980,16,,,0,10,,43981,16,,,0,10,,43982,16,,,0,50,,43983,16,,,0,10,,43984,16,,,0,15,,43985,16,,,0,15,,43986,16,,,0,15,,43987,16,,,0,70,,43988,16,,,0,30,,43989,16,,,0,70,,43990,16,,,0,30,,43991,16,,,0,70,,43992,16,,,0,30,,43993,16,,,0,70,,43994,16,,,0,30,,43995,16,,,0,70,,43996,16,,,0,30,,43997,16,,,0,70,,43998,16,,,0
1700,'1372',531,,43999,16,,,0,80,,44001,16,,,0,15,,44002,16,,,0,15,,44003,16,,,0,15,,44004,16,,,0,55,,44005,16,,,0,10,,44006,16,,,0,10,,44007,16,,,0,10,,44008,16,,,0,10,,44009,16,,,0,50,,44010,16,,,0,10,,44011,16,,,0,10,,44012,16,,,0,10,,44013,16,,,0,10,,44014,16,,,0,10,,44015,16,,,0,50,,44016,16,,,0,10,,44017,16,,,0,10,,44018,16,,,0,10,,44019,16,,,0,10,,44020,16,,,0,10,,44021,16,,,0,50,,44022,16,,,0,10,,44023,16,,,0,10,,44024,16,,,0,10,,44025,16,,,0,10,,44026,16,,,0,10,,44027,16,,,0,50,,44028,16,,,0,10,,44029,16,,,0,10,,44030,16,,,0,10,,44031,16,,,0,10,,44032,16,,,0,10,,44033,16,,,0,50,,44034,16,,,0,10,,44035,16,,,0,10,,44036,16,,,0,10,,44037,16,,,0,10,,44038,16,,,0,10,,44039,16,,,0,50,,44040,16,,,0,10,,44041,16,,,0,10,,44042,16,,,0,10,,44043,16,,,0,10,,44044,16,,,0,10,,44045,16,,,0,50,,44046,16,,,0,10,,44047,16,,,0,10,,44048,16,,,0,10,,44049,16,,,0,10,,44050,16,,,0,10,,44051,16,,,0,50,,44052,16,,,0,10,,44053,16,,,0,10,,44054,16,,,0,10,,44055,16,,,0,10,,44056,16,,,0,10,,44057,16,,,0,50,,44058,16,,,0,10,,44059,16,,,0,10,,44060,16,,,0,10,,44061,16,,,0,10,,44062,16,,,0,10,,44063,16,,,0,50,,44064,16,,,0,10,,44065,16,,,0,10,,44066,16,,,0,10,,44067,16,,,0,10,,44068,16,,,0,10,,44069,16,,,0,50,,44070,16,,,0,10,,44071,16,,,0,15,,44072,16,,,0,15,,44073,16,,,0,15,,44074,16,,,0,70,,44075,16,,,0,30,,44076,16,,,0,70,,44077,16,,,0,30,,44078,16,,,0,70,,44079,16,,,0,30,,44080,16,,,0,70,,44081,16,,,0,30,,44082,16,,,0,70,,44083,16,,,0,30,,44084,16,,,0,70,,44085,16,,,0
1700,'1373',531,,44086,16,,,0,80,,44088,16,,,0,15,,44089,16,,,0,15,,44090,16,,,0,15,,44091,16,,,0,55,,44092,16,,,0,10,,44093,16,,,0,10,,44094,16,,,0,10,,44095,16,,,0,10,,44096,16,,,0,50,,44097,16,,,0,10,,44098,16,,,0,10,,44099,16,,,0,10,,44100,16,,,0,10,,44101,16,,,0,10,,44102,16,,,0,50,,44103,16,,,0,10,,44104,16,,,0,10,,44105,16,,,0,10,,44106,16,,,0,10,,44107,16,,,0,10,,44108,16,,,0,50,,44109,16,,,0,10,,44110,16,,,0,10,,44111,16,,,0,10,,44112,16,,,0,10,,44113,16,,,0,10,,44114,16,,,0,50,,44115,16,,,0,10,,44116,16,,,0,10,,44117,16,,,0,10,,44118,16,,,0,10,,44119,16,,,0,10,,44120,16,,,0,50,,44121,16,,,0,10,,44122,16,,,0,10,,44123,16,,,0,10,,44124,16,,,0,10,,44125,16,,,0,10,,44126,16,,,0,50,,44127,16,,,0,10,,44128,16,,,0,10,,44129,16,,,0,10,,44130,16,,,0,10,,44131,16,,,0,10,,44132,16,,,0,50,,44133,16,,,0,10,,44134,16,,,0,10,,44135,16,,,0,10,,44136,16,,,0,10,,44137,16,,,0,10,,44138,16,,,0,50,,44139,16,,,0,10,,44140,16,,,0,10,,44141,16,,,0,10,,44142,16,,,0,10,,44143,16,,,0,10,,44144,16,,,0,50,,44145,16,,,0,10,,44146,16,,,0,10,,44147,16,,,0,10,,44148,16,,,0,10,,44149,16,,,0,10,,44150,16,,,0,50,,44151,16,,,0,10,,44152,16,,,0,10,,44153,16,,,0,10,,44154,16,,,0,10,,44155,16,,,0,10,,44156,16,,,0,50,,44157,16,,,0,10,,44158,16,,,0,15,,44159,16,,,0,15,,44160,16,,,0,15,,44161,16,,,0,70,,44162,16,,,0,30,,44163,16,,,0,70,,44164,16,,,0,30,,44165,16,,,0,70,,44166,16,,,0,30,,44167,16,,,0,70,,44168,16,,,0,30,,44169,16,,,0,70,,44170,16,,,0,30,,44171,16,,,0,70,,44172,16,,,0
1700,'1374',531,,44173,16,,,0,80,,44175,16,,,0,15,,44176,16,,,0,15,,44177,16,,,0,15,,44178,16,,,0,55,,44179,16,,,0,10,,44180,16,,,0,10,,44181,16,,,0,10,,44182,16,,,0,10,,44183,16,,,0,50,,44184,16,,,0,10,,44185,16,,,0,10,,44186,16,,,0,10,,44187,16,,,0,10,,44188,16,,,0,10,,44189,16,,,0,50,,44190,16,,,0,10,,44191,16,,,0,10,,44192,16,,,0,10,,44193,16,,,0,10,,44194,16,,,0,10,,44195,16,,,0,50,,44196,16,,,0,10,,44197,16,,,0,10,,44198,16,,,0,10,,44199,16,,,0,10,,44200,16,,,0,10,,44201,16,,,0,50,,44202,16,,,0,10,,44203,16,,,0,10,,44204,16,,,0,10,,44205,16,,,0,10,,44206,16,,,0,10,,44207,16,,,0,50,,44208,16,,,0,10,,44209,16,,,0,10,,44210,16,,,0,10,,44211,16,,,0,10,,44212,16,,,0,10,,44213,16,,,0,50,,44214,16,,,0,10,,44215,16,,,0,10,,44216,16,,,0,10,,44217,16,,,0,10,,44218,16,,,0,10,,44219,16,,,0,50,,44220,16,,,0,10,,44221,16,,,0,10,,44222,16,,,0,10,,44223,16,,,0,10,,44224,16,,,0,10,,44225,16,,,0,50,,44226,16,,,0,10,,44227,16,,,0,10,,44228,16,,,0,10,,44229,16,,,0,10,,44230,16,,,0,10,,44231,16,,,0,50,,44232,16,,,0,10,,44233,16,,,0,10,,44234,16,,,0,10,,44235,16,,,0,10,,44236,16,,,0,10,,44237,16,,,0,50,,44238,16,,,0,10,,44239,16,,,0,10,,44240,16,,,0,10,,44241,16,,,0,10,,44242,16,,,0,10,,44243,16,,,0,50,,44244,16,,,0,10,,44245,16,,,0,15,,44246,16,,,0,15,,44247,16,,,0,15,,44248,16,,,0,70,,44249,16,,,0,30,,44250,16,,,0,70,,44251,16,,,0,30,,44252,16,,,0,70,,44253,16,,,0,30,,44254,16,,,0,70,,44255,16,,,0,30,,44256,16,,,0,70,,44257,16,,,0,30,,44258,16,,,0,70,,44259,16,,,0
1700,'1375',531,,44260,16,,,0,80,,44262,16,,,0,15,,44263,16,,,0,15,,44264,16,,,0,15,,44265,16,,,0,55,,44266,16,,,0,10,,44267,16,,,0,10,,44268,16,,,0,10,,44269,16,,,0,10,,44270,16,,,0,50,,44271,16,,,0,10,,44272,16,,,0,10,,44273,16,,,0,10,,44274,16,,,0,10,,44275,16,,,0,10,,44276,16,,,0,50,,44277,16,,,0,10,,44278,16,,,0,10,,44279,16,,,0,10,,44280,16,,,0,10,,44281,16,,,0,10,,44282,16,,,0,50,,44283,16,,,0,10,,44284,16,,,0,10,,44285,16,,,0,10,,44286,16,,,0,10,,44287,16,,,0,10,,44288,16,,,0,50,,44289,16,,,0,10,,44290,16,,,0,10,,44291,16,,,0,10,,44292,16,,,0,10,,44293,16,,,0,10,,44294,16,,,0,50,,44295,16,,,0,10,,44296,16,,,0,10,,44297,16,,,0,10,,44298,16,,,0,10,,44299,16,,,0,10,,44300,16,,,0,50,,44301,16,,,0,10,,44302,16,,,0,10,,44303,16,,,0,10,,44304,16,,,0,10,,44305,16,,,0,10,,44306,16,,,0,50,,44307,16,,,0,10,,44308,16,,,0,10,,44309,16,,,0,10,,44310,16,,,0,10,,44311,16,,,0,10,,44312,16,,,0,50,,44313,16,,,0,10,,44314,16,,,0,10,,44315,16,,,0,10,,44316,16,,,0,10,,44317,16,,,0,10,,44318,16,,,0,50,,44319,16,,,0,10,,44320,16,,,0,10,,44321,16,,,0,10,,44322,16,,,0,10,,44323,16,,,0,10,,44324,16,,,0,50,,44325,16,,,0,10,,44326,16,,,0,10,,44327,16,,,0,10,,44328,16,,,0,10,,44329,16,,,0,10,,44330,16,,,0,50,,44331,16,,,0,10,,44332,16,,,0,15,,44333,16,,,0,15,,44334,16,,,0,15,,44335,16,,,0,70,,44336,16,,,0,30,,44337,16,,,0,70,,44338,16,,,0,30,,44339,16,,,0,70,,44340,16,,,0,30,,44341,16,,,0,70,,44342,16,,,0,30,,44343,16,,,0,70,,44344,16,,,0,30,,44345,16,,,0,70,,44346,16,,,0
2000,'1369',933,,46122,13,,,0,85,,46121,13,,,0,85,,46120,13,,,0,45,,46119,13,,,0,85,,46118,13,,,0,85,,46117,13,,,0,85,,46116,13,,,0,45,,46115,13,,,0,85,,46114,13,,,0,85,,46113,13,,,0,85,,46112,13,,,0,45,,46111,13,,,0,85,,46110,13,,,0,85,,46109,13,,,0,85,,46108,13,,,0
2000,'1370',632,,46125,13,,,0,85,,46126,13,,,0,85,,46127,13,,,0,45,,46128,13,,,0,55,,46129,13,,,0,30,,46130,13,,,0,80,,46131,13,,,0,30,,46132,13,,,0,70,,46133,13,,,0,30,,46134,13,,,0,80,,46135,13,,,0,30,,46136,13,,,0,70,,46137,13,,,0,30,,46138,13,,,0,80,,46139,13,,,0,70,,46140,13,,,0,30,,46141,13,,,0,70,,46142,13,,,0,40,,46143,13,,,0,70,,46144,13,,,0,30,,46145,13,,,0,70,,46146,13,,,0,40,,46147,13,,,0,75,,46148,13,,,0,85,,46149,13,,,0,45,,46150,13,,,0,85,,46151,13,,,0,85,,46152,13,,,0,85,,46153,13,,,0,45,,46154,13,,,0
2000,'1371',600,,46165,15,,,0,20,,46166,15,,,0,20,,46167,15,,,0,60,,46168,15,,,0,20,,46169,15,,,0,20,,46170,15,,,0,60,,46171,15,,,0,20,,46172,15,,,0,20,,46173,15,,,0,60,,46174,15,,,0,20,,46175,15,,,0,20,,46176,15,,,0,60,,46177,15,,,0,20,,46178,15,,,0,20,,46179,15,,,0,60,,46180,15,,,0,20,,46181,15,,,0,20,,46182,15,,,0,60,,46183,15,,,0,20,,46184,15,,,0,20,,46185,15,,,0,60,,46186,15,,,0,20,,46187,15,,,0,20,,46188,15,,,0,60,,46189,15,,,0,20,,46190,15,,,0,20,,46191,15,,,0,60,,46192,15,,,0,20,,46193,15,,,0,20,,46194,15,,,0,60,,46195,15,,,0,20,,46196,15,,,0,20,,46197,15,,,0,60,,46198,15,,,0,20,,46199,15,,,0,20,,46200,15,,,0,60,,46201,15,,,0,20,,46202,15,,,0,17,,46156,13,,,0,81,,46157,13,,,0,85,,46158,13,,,0,45,,46159,13,,,0,85,,46160,13,,,0,85,,46161,13,,,0,85,,46162,13,,,0,45,,46163,13,,,0,85,,46164,13,,,0
2000,'1372',600,,46213,15,,,0,20,,46214,15,,,0,20,,46215,15,,,0,60,,46216,15,,,0,20,,46217,15,,,0,20,,46218,15,,,0,60,,46219,15,,,0,20,,46220,15,,,0,20,,46221,15,,,0,60,,46222,15,,,0,20,,46223,15,,,0,20,,46224,15,,,0,60,,46225,15,,,0,20,,46226,15,,,0,20,,46227,15,,,0,60,,46228,15,,,0,20,,46229,15,,,0,20,,46230,15,,,0,60,,46231,15,,,0,20,,46232,15,,,0,20,,46233,15,,,0,60,,46234,15,,,0,20,,46235,15,,,0,20,,46236,15,,,0,60,,46237,15,,,0,20,,46238,15,,,0,20,,46239,15,,,0,60,,46240,15,,,0,20,,46241,15,,,0,20,,46242,15,,,0,60,,46243,15,,,0,20,,46244,15,,,0,20,,46245,15,,,0,60,,46246,15,,,0,20,,46247,15,,,0,20,,46248,15,,,0,60,,46249,15,,,0,20,,46250,15,,,0,17,,46204,13,,,0,81,,46205,13,,,0,85,,46206,13,,,0,45,,46207,13,,,0,85,,46208,13,,,0,85,,46209,13,,,0,85,,46210,13,,,0,45,,46211,13,,,0,85,,46212,13,,,0
2000,'1373',600,,46261,15,,,0,20,,46262,15,,,0,20,,46263,15,,,0,60,,46264,15,,,0,20,,46265,15,,,0,20,,46266,15,,,0,60,,46267,15,,,0,20,,46268,15,,,0,20,,46269,15,,,0,60,,46270,15,,,0,20,,46271,15,,,0,20,,46272,15,,,0,60,,46273,15,,,0,20,,46274,15,,,0,20,,46275,15,,,0,60,,46276,15,,,0,20,,46277,15,,,0,20,,46278,15,,,0,60,,46279,15,,,0,20,,46280,15,,,0,20,,46281,15,,,0,60,,46282,15,,,0,20,,46283,15,,,0,20,,46284,15,,,0,60,,46285,15,,,0,20,,46286,15,,,0,20,,46287,15,,,0,60,,46288,15,,,0,20,,46289,15,,,0,20,,46290,15,,,0,60,,46291,15,,,0,20,,46292,15,,,0,20,,46293,15,,,0,60,,46294,15,,,0,20,,46295,15,,,0,20,,46296,15,,,0,60,,46297,15,,,0,20,,46298,15,,,0,17,,46252,13,,,0,81,,46253,13,,,0,85,,46254,13,,,0,45,,46255,13,,,0,85,,46256,13,,,0,85,,46257,13,,,0,85,,46258,13,,,0,45,,46259,13,,,0,85,,46260,13,,,0
2000,'1374',600,,46309,15,,,0,20,,46310,15,,,0,20,,46311,15,,,0,60,,46312,15,,,0,20,,46313,15,,,0,20,,46314,15,,,0,60,,46315,15,,,0,20,,46316,15,,,0,20,,46317,15,,,0,60,,46318,15,,,0,20,,46319,15,,,0,20,,46320,15,,,0,60,,46321,15,,,0,20,,46322,15,,,0,20,,46323,15,,,0,60,,46324,15,,,0,20,,46325,15,,,0,20,,46326,15,,,0,60,,46327,15,,,0,20,,46328,15,,,0,20,,46329,15,,,0,60,,46330,15,,,0,20,,46331,15,,,0,20,,46332,15,,,0,60,,46333,15,,,0,20,,46334,15,,,0,20,,46335,15,,,0,60,,46336,15,,,0,20,,46337,15,,,0,20,,46338,15,,,0,60,,46339,15,,,0,20,,46340,15,,,0,20,,46341,15,,,0,60,,46342,15,,,0,20,,46343,15,,,0,20,,46344,15,,,0,60,,46345,15,,,0,20,,46346,15,,,0,17,,46300,13,,,0,81,,46301,13,,,0,85,,46302,13,,,0,45,,46303,13,,,0,85,,46304,13,,,0,85,,46305,13,,,0,85,,46306,13,,,0,45,,46307,13,,,0,85,,46308,13,,,0
2000,'1375',600,,46357,15,,,0,20,,46358,15,,,0,20,,46359,15,,,0,60,,46360,15,,,0,20,,46361,15,,,0,20,,46362,15,,,0,60,,46363,15,,,0,20,,46364,15,,,0,20,,46365,15,,,0,60,,46366,15,,,0,20,,46367,15,,,0,20,,46368,15,,,0,60,,46369,15,,,0,20,,46370,15,,,0,20,,46371,15,,,0,60,,46372,15,,,0,20,,46373,15,,,0,20,,46374,15,,,0,60,,46375,15,,,0,20,,46376,15,,,0,20,,46377,15,,,0,60,,46378,15,,,0,20,,46379,15,,,0,20,,46380,15,,,0,60,,46381,15,,,0,20,,46382,15,,,0,20,,46383,15,,,0,60,,46384,15,,,0,20,,46385,15,,,0,20,,46386,15,,,0,60,,46387,15,,,0,20,,46388,15,,,0,20,,46389,15,,,0,60,,46390,15,,,0,20,,46391,15,,,0,20,,46392,15,,,0,60,,46393,15,,,0,20,,46394,15,,,0,17,,46348,13,,,0,81,,46349,13,,,0,85,,46350,13,,,0,45,,46351,13,,,0,85,,46352,13,,,0,85,,46353,13,,,0,85,,46354,13,,,0,45,,46355,13,,,0,85,,46356,13,,,0
2801,'1370',839,,46801,31,,,0,110,,46802,31,,,0,110,,46803,31,,,0,150,,46804,31,,,0,110,,46805,31,,,0,110,,46806,31,,,0,110,,46807,31,,,0,110,,46808,31,,,0,110,,46809,31,,,0,150,,46810,31,,,0
2801,'1371',703,,46811,30,,,0,35,,46812,30,,,0,75,,46813,30,,,0,35,,46814,30,,,0,75,,46815,30,,,0,35,,46816,30,,,0,75,,46817,30,,,0,75,,46818,30,,,0,35,,46819,30,,,0,75,,46820,30,,,0,35,,46821,30,,,0,75,,46822,30,,,0,75,,46823,30,,,0,35,,46824,30,,,0,75,,46825,30,,,0,35,,46826,30,,,0,75,,46827,30,,,0,35,,46828,30,,,0,76,,46829,31,,,0,75,,46830,31,,,0,35,,46831,31,,,0,75,,46832,31,,,0,35,,46833,31,,,0
2801,'1372',703,,46834,30,,,0,35,,46835,30,,,0,75,,46836,30,,,0,35,,46837,30,,,0,75,,46838,30,,,0,35,,46839,30,,,0,75,,46840,30,,,0,75,,46841,30,,,0,35,,46842,30,,,0,75,,46843,30,,,0,35,,46844,30,,,0,75,,46845,30,,,0,75,,46846,30,,,0,35,,46847,30,,,0,75,,46848,30,,,0,35,,46849,30,,,0,75,,46850,30,,,0,35,,46851,30,,,0,76,,46852,31,,,0,75,,46853,31,,,0,35,,46854,31,,,0,75,,46855,31,,,0,35,,46856,31,,,0
2801,'1373',703,,46857,30,,,0,35,,46858,30,,,0,75,,46859,30,,,0,35,,46860,30,,,0,75,,46861,30,,,0,35,,46862,30,,,0,75,,46863,30,,,0,75,,46864,30,,,0,35,,46865,30,,,0,75,,46866,30,,,0,35,,46867,30,,,0,75,,46868,30,,,0,75,,46869,30,,,0,35,,46870,30,,,0,75,,46871,30,,,0,35,,46872,30,,,0,75,,46873,30,,,0,35,,46874,30,,,0,76,,46875,31,,,0,75,,46876,31,,,0,35,,46877,31,,,0,75,,46878,31,,,0,35,,46879,31,,,0
2801,'1374',703,,46880,30,,,0,35,,46881,30,,,0,75,,46882,30,,,0,35,,46883,30,,,0,75,,46884,30,,,0,35,,46885,30,,,0,75,,46886,30,,,0,75,,46887,30,,,0,35,,46888,30,,,0,75,,46889,30,,,0,35,,46890,30,,,0,75,,46891,30,,,0,75,,46892,30,,,0,35,,46893,30,,,0,75,,46894,30,,,0,35,,46895,30,,,0,75,,46896,30,,,0,35,,46897,30,,,0,76,,46898,31,,,0,75,,46899,31,,,0,35,,46900,31,,,0,75,,46901,31,,,0,35,,46902,31,,,0
2801,'1375',703,,46903,30,,,0,35,,46904,30,,,0,75,,46905,30,,,0,35,,46906,30,,,0,75,,46907,30,,,0,35,,46908,30,,,0,75,,46909,30,,,0,75,,46910,30,,,0,35,,46911,30,,,0,75,,46912,30,,,0,35,,46913,30,,,0,75,,46914,30,,,0,75,,46915,30,,,0,35,,46916,30,,,0,75,,46917,30,,,0,35,,46918,30,,,0,75,,46919,30,,,0,35,,46920,30,,,0,76,,46921,31,,,0,75,,46922,31,,,0,35,,46923,31,,,0,75,,46924,31,,,0,35,,46925,31,,,0
722501,'1371',604,,50283,54,0,17,0,120,,50284,54,0,17,0,100,,50285,54,0,17,0,100,,50286,54,0,17,0,100,,50287,54,0,17,0,100,,50288,54,0,17,0,100,,50289,54,0,17,0,100,,50290,54,0,17,0,100,,50291,54,0,17,0,100,,50292,54,0,17,0,100,,50293,54,0,17,0,100,,50294,54,0,17,0,100,,50295,54,0,17,0,100,,50296,54,0,17,0,100,,50297,54,0,17,0,100,,50298,54,0,17,0,100,,50299,54,0,17,0,100,,50300,54,0,17,0
722501,'1372',604,,50301,54,0,17,0,120,,50302,54,0,17,0,100,,50303,54,0,17,0,100,,50304,54,0,17,0,100,,50305,54,0,17,0,100,,50306,54,0,17,0,100,,50307,54,0,17,0,100,,50308,54,0,17,0,100,,50309,54,0,17,0,100,,50310,54,0,17,0,100,,50311,54,0,17,0,100,,50312,54,0,17,0,100,,50313,54,0,17,0,100,,50314,54,0,17,0,100,,50315,54,0,17,0,100,,50316,54,0,17,0,100,,50317,54,0,17,0,100,,50318,54,0,17,0
722501,'1373',604,,50319,54,0,17,0,120,,50320,54,0,17,0,100,,50321,54,0,17,0,100,,50322,54,0,17,0,100,,50323,54,0,17,0,100,,50324,54,0,17,0,100,,50325,54,0,17,0,100,,50326,54,0,17,0,100,,50327,54,0,17,0,100,,50328,54,0,17,0,100,,50329,54,0,17,0,100,,50330,54,0,17,0,100,,50331,54,0,17,0,100,,50332,54,0,17,0,100,,50333,54,0,17,0,100,,50334,54,0,17,0,100,,50335,54,0,17,0,100,,50336,54,0,17,0
722501,'1374',604,,50337,54,0,17,0,120,,50338,54,0,17,0,100,,50339,54,0,17,0,100,,50340,54,0,17,0,100,,50341,54,0,17,0,100,,50342,54,0,17,0,100,,50343,54,0,17,0,100,,50344,54,0,17,0,100,,50345,54,0,17,0,100,,50346,54,0,17,0,100,,50347,54,0,17,0,100,,50348,54,0,17,0,100,,50349,54,0,17,0,100,,50350,54,0,17,0,100,,50351,54,0,17,0,100,,50352,54,0,17,0,100,,50353,54,0,17,0,100,,50354,54,0,17,0
722501,'1375',604,,50355,54,0,17,0,120,,50356,54,0,17,0,100,,50357,54,0,17,0,100,,50358,54,0,17,0,100,,50359,54,0,17,0,100,,50360,54,0,17,0,100,,50361,54,0,17,0,100,,50362,54,0,17,0,100,,50363,54,0,17,0,100,,50364,54,0,17,0,100,,50365,54,0,17,0,100,,50366,54,0,17,0,100,,50367,54,0,17,0,100,,50368,54,0,17,0,100,,50369,54,0,17,0,100,,50370,54,0,17,0,100,,50371,54,0,17,0,100,,50372,54,0,17,0
