722501,'1371',541,,50283,35,0,17,0,160,,50284,35,0,17,0,100,,50285,35,0,17,0,100,,50286,35,0,17,0,100,,50287,35,0,17,0,100,,50288,35,0,17,0,100,,50289,35,0,17,0,100,,50290,35,0,17,0,100,,50291,35,0,17,0,100,,50292,35,0,17,0,100,,50293,35,0,17,0,100,,50294,35,0,17,0,100,,50295,35,0,17,0,100,,50296,35,0,17,0,100,,50297,35,0,17,0,100,,50298,35,0,17,0,100,,50299,35,0,17,0,100,,50300,35,0,17,0
722501,'1372',541,,50301,35,0,17,0,160,,50302,35,0,17,0,100,,50303,35,0,17,0,100,,50304,35,0,17,0,100,,50305,35,0,17,0,100,,50306,35,0,17,0,100,,50307,35,0,17,0,100,,50308,35,0,17,0,100,,50309,35,0,17,0,100,,50310,35,0,17,0,100,,50311,35,0,17,0,100,,50312,35,0,17,0,100,,50313,35,0,17,0,100,,50314,35,0,17,0,100,,50315,35,0,17,0,100,,50316,35,0,17,0,100,,50317,35,0,17,0,100,,50318,35,0,17,0
722501,'1373',541,,50319,35,0,17,0,160,,50320,35,0,17,0,100,,50321,35,0,17,0,100,,50322,35,0,17,0,100,,50323,35,0,17,0,100,,50324,35,0,17,0,100,,50325,35,0,17,0,100,,50326,35,0,17,0,100,,50327,35,0,17,0,100,,50328,35,0,17,0,100,,50329,35,0,17,0,100,,50330,35,0,17,0,100,,50331,35,0,17,0,100,,50332,35,0,17,0,100,,50333,35,0,17,0,100,,50334,35,0,17,0,100,,50335,35,0,17,0,100,,50336,35,0,17,0
722501,'1374',541,,50337,35,0,17,0,160,,50338,35,0,17,0,100,,50339,35,0,17,0,100,,50340,35,0,17,0,100,,50341,35,0,17,0,100,,50342,35,0,17,0,100,,50343,35,0,17,0,100,,50344,35,0,17,0,100,,50345,35,0,17,0,100,,50346,35,0,17,0,100,,50347,35,0,17,0,100,,50348,35,0,17,0,100,,50349,35,0,17,0,100,,50350,35,0,17,0,100,,50351,35,0,17,0,100,,50352,35,0,17,0,100,,50353,35,0,17,0,100,,50354,35,0,17,0
722501,'1375',541,,50355,35,0,17,0,160,,50356,35,0,17,0,100,,50357,35,0,17,0,100,,50358,35,0,17,0,100,,50359,35,0,17,0,100,,50360,35,0,17,0,100,,50361,35,0,17,0,100,,50362,35,0,17,0,100,,50363,35,0,17,0,100,,50364,35,0,17,0,100,,50365,35,0,17,0,100,,50366,35,0,17,0,100,,50367,35,0,17,0,100,,50368,35,0,17,0,100,,50369,35,0,17,0,100,,50370,35,0,17,0,100,,50371,35,0,17,0,100,,50372,35,0,17,0
722502,'1371',552,,50373,17,0,16,0,100,,50374,17,0,16,0,100,,50375,17,0,16,0,100,,50376,17,0,16,0,100,,50377,17,0,16,0,100,,50378,17,0,16,0,100,,50379,17,0,16,0,100,,50380,17,0,16,0,100,,50381,17,0,16,0,100,,50382,17,0,16,0,100,,50383,17,0,16,0,100,,50384,17,0,16,0,100,,50385,17,0,16,0,100,,50386,17,0,16,0,100,,50387,17,0,16,0,100,,50388,17,0,16,0,100,,50389,17,0,16,0,100,,50390,17,0,16,0
722502,'1372',552,,50391,17,0,16,0,100,,50392,17,0,16,0,100,,50393,17,0,16,0,100,,50394,17,0,16,0,100,,50395,17,0,16,0,100,,50396,17,0,16,0,100,,50397,17,0,16,0,100,,50398,17,0,16,0,100,,50399,17,0,16,0,100,,50400,17,0,16,0,100,,50401,17,0,16,0,100,,50402,17,0,16,0,100,,50403,17,0,16,0,100,,50404,17,0,16,0,100,,50405,17,0,16,0,100,,50406,17,0,16,0,100,,50407,17,0,16,0,100,,50408,17,0,16,0
722502,'1373',552,,50409,17,0,16,0,100,,50410,17,0,16,0,100,,50411,17,0,16,0,100,,50412,17,0,16,0,100,,50413,17,0,16,0,100,,50414,17,0,16,0,100,,50415,17,0,16,0,100,,50416,17,0,16,0,100,,50417,17,0,16,0,100,,50418,17,0,16,0,100,,50419,17,0,16,0,100,,50420,17,0,16,0,100,,50421,17,0,16,0,100,,50422,17,0,16,0,100,,50423,17,0,16,0,100,,50424,17,0,16,0,100,,50425,17,0,16,0,100,,50426,17,0,16,0
722502,'1374',552,,50427,17,0,16,0,100,,50428,17,0,16,0,100,,50429,17,0,16,0,100,,50430,17,0,16,0,100,,50431,17,0,16,0,100,,50432,17,0,16,0,100,,50433,17,0,16,0,100,,50434,17,0,16,0,100,,50435,17,0,16,0,100,,50436,17,0,16,0,100,,50437,17,0,16,0,100,,50438,17,0,16,0,100,,50439,17,0,16,0,100,,50440,17,0,16,0,100,,50441,17,0,16,0,100,,50442,17,0,16,0,100,,50443,17,0,16,0,100,,50444,17,0,16,0
722502,'1375',552,,50445,17,0,16,0,100,,50446,17,0,16,0,100,,50447,17,0,16,0,100,,50448,17,0,16,0,100,,50449,17,0,16,0,100,,50450,17,0,16,0,100,,50451,17,0,16,0,100,,50452,17,0,16,0,100,,50453,17,0,16,0,100,,50454,17,0,16,0,100,,50455,17,0,16,0,100,,50456,17,0,16,0,100,,50457,17,0,16,0,100,,50458,17,0,16,0,100,,50459,17,0,16,0,100,,50460,17,0,16,0,100,,50461,17,0,16,0,100,,50462,17,0,16,0
