1801,'1383',702,,59688,5,,,0,100,,59687,5,,,0,100,,59686,5,,,0,105,,59685,5,,,0,40,,59684,5,,,0,80,,59683,5,,,0,80,,59682,5,,,0,40,,59681,5,,,0,80,,59680,5,,,0,80,,59679,5,,,0,40,,59678,5,,,0,80,,59677,5,,,0,80,,59676,5,,,0,40,,59675,5,,,0,80,,59674,5,,,0,80,,59673,5,,,0,40,,59672,5,,,0,80,,59671,5,,,0
1801,'1384',537,,59689,5,,,0,70,,59690,5,,,0,30,,59691,5,,,0,70,,59692,5,,,0,30,,59693,5,,,0,70,,59694,5,,,0,30,,59695,5,,,0,70,,59696,5,,,0,30,,59697,5,,,0,70,,59698,5,,,0,20,,59699,5,,,0,20,,59700,5,,,0,60,,59701,5,,,0,20,,59702,5,,,0,20,,59703,5,,,0,60,,59704,5,,,0,20,,59705,5,,,0,20,,59706,5,,,0,60,,59707,5,,,0,20,,59708,5,,,0,20,,59709,5,,,0,60,,59710,5,,,0,20,,59711,5,,,0,20,,59712,5,,,0,60,,59713,5,,,0,20,,59714,5,,,0,20,,59715,5,,,0,60,,59716,5,,,0,20,,59717,5,,,0,20,,59718,5,,,0,60,,59719,5,,,0,20,,59720,5,,,0,20,,59721,5,,,0,60,,59722,5,,,0,35,,59723,5,,,0,65,,59724,5,,,0,30,,59725,5,,,0,70,,59726,5,,,0,30,,59727,5,,,0,70,,59728,5,,,0,30,,59729,5,,,0,70,,59730,5,,,0,30,,59731,5,,,0,70,,59732,5,,,0,30,,59733,5,,,0,70,,59734,5,,,0,30,,59735,5,,,0
1801,'1385',535,,59774,5,,,0,70,,59775,5,,,0,15,,59741,5,,,0,15,,59740,5,,,0,15,,59739,5,,,0,55,,59738,5,,,0,10,,59737,5,,,0,10,,59736,5,,,0,10,,59742,5,,,0,10,,59743,5,,,0,10,,59744,5,,,0,50,,59745,5,,,0,15,,59746,5,,,0,15,,59747,5,,,0,15,,59748,5,,,0,55,,59776,5,,,0,15,,59777,5,,,0,15,,59778,5,,,0,15,,59779,5,,,0,55,,59780,5,,,0,15,,59781,5,,,0,15,,59782,5,,,0,15,,59783,5,,,0,55,,59784,5,,,0,15,,59785,5,,,0,15,,59786,5,,,0,15,,59787,5,,,0,55,,59788,5,,,0,15,,59789,5,,,0,15,,59790,5,,,0,15,,59791,5,,,0,55,,59792,5,,,0,17,,59749,5,,,0,15,,59750,5,,,0,15,,59773,5,,,0,55,,59772,5,,,0,10,,59771,5,,,0,10,,59770,5,,,0,10,,59769,5,,,0,10,,59768,5,,,0,10,,59767,5,,,0,50,,59766,5,,,0,10,,59765,5,,,0,10,,59764,5,,,0,10,,59763,5,,,0,10,,59762,5,,,0,10,,59751,5,,,0,50,,59752,5,,,0,10,,59753,5,,,0,10,,59754,5,,,0,10,,59755,5,,,0,10,,59756,5,,,0,10,,59757,5,,,0,50,,59758,5,,,0,15,,59759,5,,,0,15,,59760,5,,,0,15,,59761,5,,,0,54,,59793,5,,,0,30,,59794,5,,,0,70,,59795,5,,,0,30,,59796,5,,,0,70,,59797,5,,,0,30,,59798,5,,,0,70,,59799,5,,,0,30,,59800,5,,,0,70,,59801,5,,,0,30,,59802,5,,,0,70,,59803,5,,,0,30,,59804,5,,,0,70,,59805,5,,,0,30,,59806,5,,,0
1801,'1386',535,,59846,5,,,0,70,,59847,5,,,0,15,,59812,5,,,0,15,,59811,5,,,0,15,,59810,5,,,0,55,,59809,5,,,0,10,,59808,5,,,0,10,,59813,5,,,0,10,,59814,5,,,0,10,,59815,5,,,0,10,,59816,5,,,0,50,,59817,5,,,0,15,,59818,5,,,0,15,,59819,5,,,0,15,,59820,5,,,0,55,,59848,5,,,0,15,,59849,5,,,0,15,,59850,5,,,0,15,,59851,5,,,0,55,,59852,5,,,0,15,,59853,5,,,0,15,,59854,5,,,0,15,,59855,5,,,0,55,,59856,5,,,0,15,,59857,5,,,0,15,,59858,5,,,0,15,,59859,5,,,0,55,,59860,5,,,0,15,,59861,5,,,0,15,,59862,5,,,0,15,,59863,5,,,0,55,,59864,5,,,0,17,,59821,5,,,0,15,,59822,5,,,0,15,,59845,5,,,0,55,,59844,5,,,0,10,,59843,5,,,0,10,,59842,5,,,0,10,,59841,5,,,0,10,,59840,5,,,0,10,,59839,5,,,0,50,,59838,5,,,0,10,,59837,5,,,0,10,,59836,5,,,0,10,,59835,5,,,0,10,,59834,5,,,0,10,,59823,5,,,0,50,,59824,5,,,0,10,,59825,5,,,0,10,,59826,5,,,0,10,,59827,5,,,0,10,,59828,5,,,0,10,,59829,5,,,0,50,,59830,5,,,0,15,,59831,5,,,0,15,,59832,5,,,0,15,,59833,5,,,0,54,,59865,5,,,0,30,,59866,5,,,0,70,,59867,5,,,0,30,,59868,5,,,0,70,,59869,5,,,0,30,,59870,5,,,0,70,,59871,5,,,0,30,,59872,5,,,0,70,,59873,5,,,0,30,,59874,5,,,0,70,,59875,5,,,0,30,,59876,5,,,0,70,,59877,5,,,0,30,,59878,5,,,0
1801,'1387',535,,59918,5,,,0,70,,59919,5,,,0,15,,59884,5,,,0,15,,59883,5,,,0,15,,59882,5,,,0,55,,59881,5,,,0,10,,59880,5,,,0,10,,59885,5,,,0,10,,59886,5,,,0,10,,59887,5,,,0,10,,59888,5,,,0,50,,59889,5,,,0,15,,59890,5,,,0,15,,59891,5,,,0,15,,59892,5,,,0,55,,59920,5,,,0,15,,59921,5,,,0,15,,59922,5,,,0,15,,59923,5,,,0,55,,59924,5,,,0,15,,59925,5,,,0,15,,59926,5,,,0,15,,59927,5,,,0,55,,59928,5,,,0,15,,59929,5,,,0,15,,59930,5,,,0,15,,59931,5,,,0,55,,59932,5,,,0,15,,59933,5,,,0,15,,59934,5,,,0,15,,59935,5,,,0,55,,59936,5,,,0,17,,59893,5,,,0,15,,59894,5,,,0,15,,59917,5,,,0,55,,59916,5,,,0,10,,59915,5,,,0,10,,59914,5,,,0,10,,59913,5,,,0,10,,59912,5,,,0,10,,59911,5,,,0,50,,59910,5,,,0,10,,59909,5,,,0,10,,59908,5,,,0,10,,59907,5,,,0,10,,59906,5,,,0,10,,59895,5,,,0,50,,59896,5,,,0,10,,59897,5,,,0,10,,59898,5,,,0,10,,59899,5,,,0,10,,59900,5,,,0,10,,59901,5,,,0,50,,59902,5,,,0,15,,59903,5,,,0,15,,59904,5,,,0,15,,59905,5,,,0,54,,59937,5,,,0,30,,59938,5,,,0,70,,59939,5,,,0,30,,59940,5,,,0,70,,59941,5,,,0,30,,59942,5,,,0,70,,59943,5,,,0,30,,59944,5,,,0,70,,59945,5,,,0,30,,59946,5,,,0,70,,59947,5,,,0,30,,59948,5,,,0,70,,59949,5,,,0,30,,59950,5,,,0
1801,'1388',535,,59990,5,,,0,70,,59991,5,,,0,15,,59956,5,,,0,15,,59955,5,,,0,15,,59954,5,,,0,55,,59953,5,,,0,10,,59952,5,,,0,10,,59957,5,,,0,10,,59958,5,,,0,10,,59959,5,,,0,10,,59960,5,,,0,50,,59961,5,,,0,15,,59962,5,,,0,15,,59963,5,,,0,15,,59964,5,,,0,55,,59992,5,,,0,15,,59993,5,,,0,15,,59994,5,,,0,15,,59995,5,,,0,55,,59996,5,,,0,15,,59997,5,,,0,15,,59998,5,,,0,15,,59999,5,,,0,55,,60000,5,,,0,15,,60001,5,,,0,15,,60002,5,,,0,15,,60003,5,,,0,55,,60004,5,,,0,15,,60005,5,,,0,15,,60006,5,,,0,15,,60007,5,,,0,55,,60008,5,,,0,17,,59965,5,,,0,15,,59966,5,,,0,15,,59989,5,,,0,55,,59988,5,,,0,10,,59987,5,,,0,10,,59986,5,,,0,10,,59985,5,,,0,10,,59984,5,,,0,10,,59983,5,,,0,50,,59982,5,,,0,10,,59981,5,,,0,10,,59980,5,,,0,10,,59979,5,,,0,10,,59978,5,,,0,10,,59967,5,,,0,50,,59968,5,,,0,10,,59969,5,,,0,10,,59970,5,,,0,10,,59971,5,,,0,10,,59972,5,,,0,10,,59973,5,,,0,50,,59974,5,,,0,15,,59975,5,,,0,15,,59976,5,,,0,15,,59977,5,,,0,54,,60009,5,,,0,30,,60010,5,,,0,70,,60011,5,,,0,30,,60012,5,,,0,70,,60013,5,,,0,30,,60014,5,,,0,70,,60015,5,,,0,30,,60016,5,,,0,70,,60017,5,,,0,30,,60018,5,,,0,70,,60019,5,,,0,30,,60020,5,,,0,70,,60021,5,,,0,30,,60022,5,,,0
1801,'1389',535,,60062,5,,,0,70,,60063,5,,,0,15,,60028,5,,,0,15,,60027,5,,,0,15,,60026,5,,,0,55,,60025,5,,,0,10,,60024,5,,,0,10,,60029,5,,,0,10,,60030,5,,,0,10,,60031,5,,,0,10,,60032,5,,,0,50,,60033,5,,,0,15,,60034,5,,,0,15,,60035,5,,,0,15,,60036,5,,,0,55,,60064,5,,,0,15,,60065,5,,,0,15,,60066,5,,,0,15,,60067,5,,,0,55,,60068,5,,,0,15,,60069,5,,,0,15,,60070,5,,,0,15,,60071,5,,,0,55,,60072,5,,,0,15,,60073,5,,,0,15,,60074,5,,,0,15,,60075,5,,,0,55,,60076,5,,,0,15,,60077,5,,,0,15,,60078,5,,,0,15,,60079,5,,,0,55,,60080,5,,,0,17,,60037,5,,,0,15,,60038,5,,,0,15,,60061,5,,,0,55,,60060,5,,,0,10,,60059,5,,,0,10,,60058,5,,,0,10,,60057,5,,,0,10,,60056,5,,,0,10,,60055,5,,,0,50,,60054,5,,,0,10,,60053,5,,,0,10,,60052,5,,,0,10,,60051,5,,,0,10,,60050,5,,,0,10,,60039,5,,,0,50,,60040,5,,,0,10,,60041,5,,,0,10,,60042,5,,,0,10,,60043,5,,,0,10,,60044,5,,,0,10,,60045,5,,,0,50,,60046,5,,,0,15,,60047,5,,,0,15,,60048,5,,,0,15,,60049,5,,,0,54,,60081,5,,,0,30,,60082,5,,,0,70,,60083,5,,,0,30,,60084,5,,,0,70,,60085,5,,,0,30,,60086,5,,,0,70,,60087,5,,,0,30,,60088,5,,,0,70,,60089,5,,,0,30,,60090,5,,,0,70,,60091,5,,,0,30,,60092,5,,,0,70,,60093,5,,,0,30,,60094,5,,,0
552201,'1385',647,,62021,2,0,9,0,70,,62020,2,0,9,0,30,,62019,2,0,9,0,70,,62018,2,0,9,0,30,,62017,2,0,9,0,70,,62016,2,0,9,0,30,,62015,2,0,9,0,70,,61999,2,0,9,0,30,,62000,2,0,9,0,70,,62001,2,0,9,0,30,,62002,2,0,9,0,70,,62003,2,0,9,0,30,,62004,2,0,9,0,70,,62005,2,0,9,0,30,,62006,2,0,9,0,70,,62007,2,0,9,0,30,,62008,2,0,9,0,70,,62009,2,0,9,0,30,,62010,2,0,9,0,70,,62011,2,0,9,0,30,,62012,2,0,9,0,70,,62013,2,0,9,0,30,,62014,2,0,9,0
552201,'1386',647,,62044,2,0,9,0,70,,62043,2,0,9,0,30,,62042,2,0,9,0,70,,62041,2,0,9,0,30,,62040,2,0,9,0,70,,62039,2,0,9,0,30,,62038,2,0,9,0,70,,62022,2,0,9,0,30,,62023,2,0,9,0,70,,62024,2,0,9,0,30,,62025,2,0,9,0,70,,62026,2,0,9,0,30,,62027,2,0,9,0,70,,62028,2,0,9,0,30,,62029,2,0,9,0,70,,62030,2,0,9,0,30,,62031,2,0,9,0,70,,62032,2,0,9,0,30,,62033,2,0,9,0,70,,62034,2,0,9,0,30,,62035,2,0,9,0,70,,62036,2,0,9,0,30,,62037,2,0,9,0
552201,'1387',647,,62067,2,0,9,0,70,,62066,2,0,9,0,30,,62065,2,0,9,0,70,,62064,2,0,9,0,30,,62063,2,0,9,0,70,,62062,2,0,9,0,30,,62061,2,0,9,0,70,,62045,2,0,9,0,30,,62046,2,0,9,0,70,,62047,2,0,9,0,30,,62048,2,0,9,0,70,,62049,2,0,9,0,30,,62050,2,0,9,0,70,,62051,2,0,9,0,30,,62052,2,0,9,0,70,,62053,2,0,9,0,30,,62054,2,0,9,0,70,,62055,2,0,9,0,30,,62056,2,0,9,0,70,,62057,2,0,9,0,30,,62058,2,0,9,0,70,,62059,2,0,9,0,30,,62060,2,0,9,0
552201,'1388',647,,62090,2,0,9,0,70,,62089,2,0,9,0,30,,62088,2,0,9,0,70,,62087,2,0,9,0,30,,62086,2,0,9,0,70,,62085,2,0,9,0,30,,62084,2,0,9,0,70,,62068,2,0,9,0,30,,62069,2,0,9,0,70,,62070,2,0,9,0,30,,62071,2,0,9,0,70,,62072,2,0,9,0,30,,62073,2,0,9,0,70,,62074,2,0,9,0,30,,62075,2,0,9,0,70,,62076,2,0,9,0,30,,62077,2,0,9,0,70,,62078,2,0,9,0,30,,62079,2,0,9,0,70,,62080,2,0,9,0,30,,62081,2,0,9,0,70,,62082,2,0,9,0,30,,62083,2,0,9,0
552201,'1389',647,,62113,2,0,9,0,70,,62112,2,0,9,0,30,,62111,2,0,9,0,70,,62110,2,0,9,0,30,,62109,2,0,9,0,70,,62108,2,0,9,0,30,,62107,2,0,9,0,70,,62091,2,0,9,0,30,,62092,2,0,9,0,70,,62093,2,0,9,0,30,,62094,2,0,9,0,70,,62095,2,0,9,0,30,,62096,2,0,9,0,70,,62097,2,0,9,0,30,,62098,2,0,9,0,70,,62099,2,0,9,0,30,,62100,2,0,9,0,70,,62101,2,0,9,0,30,,62102,2,0,9,0,70,,62103,2,0,9,0,30,,62104,2,0,9,0,70,,62105,2,0,9,0,30,,62106,2,0,9,0
