1700,'1383',656,,58253,83,,,0,100,,58252,83,,,0,100,,58251,83,,,0,100,,58250,83,,,0,154,,58254,83,,,0,40,,58255,83,,,0,80,,58256,83,,,0,80,,58257,83,,,0,40,,58258,83,,,0,80,,58259,83,,,0,80,,58260,83,,,0,40,,58261,83,,,0,80,,58262,83,,,0,80,,58263,83,,,0,40,,58264,83,,,0,80,,58265,83,,,0,80,,58266,83,,,0,40,,58267,83,,,0,80,,58268,83,,,0
1700,'1384',619,,58269,83,,,0,35,,58270,83,,,0,70,,58271,83,,,0,30,,58272,83,,,0,70,,58273,83,,,0,30,,58274,83,,,0,70,,58275,83,,,0,30,,58276,83,,,0,70,,58277,83,,,0,30,,58278,83,,,0,79,,58287,83,,,0,20,,58288,83,,,0,60,,58289,83,,,0,20,,58290,83,,,0,20,,58291,83,,,0,60,,58292,83,,,0,20,,58293,83,,,0,20,,58294,83,,,0,60,,58295,83,,,0,20,,58296,83,,,0,20,,58297,83,,,0,60,,58298,83,,,0,20,,58299,83,,,0,20,,58300,83,,,0,60,,58301,83,,,0,20,,58302,83,,,0,20,,58303,83,,,0,60,,58304,83,,,0,20,,58305,83,,,0,20,,58306,83,,,0,60,,58307,83,,,0,20,,58308,83,,,0,20,,58309,83,,,0,60,,58310,83,,,0,15,,58311,83,,,0,30,,58312,83,,,0,70,,58313,83,,,0,30,,58314,83,,,0,70,,58315,83,,,0,26,,58279,83,,,0,70,,58280,83,,,0,30,,58281,83,,,0,70,,58282,83,,,0,30,,58283,83,,,0,70,,58284,83,,,0,30,,58285,83,,,0,70,,58286,83,,,0
1700,'1385',617,,58316,83,,,0,29,,58317,44,,,0,58,,58335,83,,,0,15,,58334,83,,,0,15,,58333,83,,,0,15,,58332,83,,,0,55,,58331,83,,,0,10,,58330,83,,,0,10,,58329,83,,,0,10,,58328,83,,,0,10,,58327,83,,,0,10,,58326,83,,,0,50,,58325,83,,,0,10,,58324,83,,,0,10,,58323,83,,,0,10,,58318,83,,,0,10,,58319,83,,,0,10,,58320,83,,,0,50,,58321,83,,,0,10,,58322,83,,,0,10,,58336,83,,,0,10,,58361,83,,,0,10,,58362,83,,,0,10,,58363,83,,,0,50,,58364,83,,,0,10,,58365,83,,,0,10,,58366,83,,,0,10,,58367,83,,,0,10,,58368,83,,,0,10,,58369,83,,,0,50,,58370,83,,,0,10,,58371,83,,,0,10,,58372,83,,,0,10,,58373,83,,,0,10,,58374,83,,,0,10,,58375,83,,,0,50,,58376,83,,,0,10,,58379,83,,,0,10,,58380,83,,,0,10,,58381,83,,,0,10,,58382,83,,,0,10,,58383,83,,,0,50,,58384,83,,,0,10,,58385,83,,,0,10,,58386,83,,,0,10,,58337,83,,,0,10,,58338,83,,,0,10,,58339,83,,,0,50,,58340,83,,,0,10,,58341,83,,,0,10,,58342,83,,,0,10,,58343,83,,,0,10,,58344,83,,,0,10,,58345,83,,,0,50,,58346,83,,,0,10,,58347,83,,,0,10,,58348,83,,,0,10,,58349,83,,,0,10,,58350,83,,,0,10,,58351,83,,,0,50,,58352,83,,,0,10,,58353,83,,,0,10,,58354,83,,,0,10,,58355,83,,,0,10,,58356,83,,,0,10,,58357,83,,,0,50,,58358,83,,,0,10,,58359,83,,,0,10,,58360,83,,,0,10,,58387,83,,,0,10,,58388,83,,,0,10,,58389,83,,,0,50,,58390,83,,,0,15,,58391,83,,,0,15,,58392,83,,,0,15,,58393,83,,,0,70,,58394,83,,,0,30,,58395,83,,,0,70,,58396,83,,,0,30,,58397,83,,,0,70,,58398,83,,,0,30,,58399,83,,,0,70,,58400,83,,,0,30,,58401,83,,,0,70,,58402,83,,,0,30,,58377,83,,,0,70,,58378,83,,,0
1700,'1386',617,,58403,83,,,0,29,,58404,44,,,0,58,,58422,83,,,0,15,,58421,83,,,0,15,,58420,83,,,0,15,,58419,83,,,0,55,,58418,83,,,0,10,,58417,83,,,0,10,,58416,83,,,0,10,,58415,83,,,0,10,,58414,83,,,0,10,,58413,83,,,0,50,,58412,83,,,0,10,,58411,83,,,0,10,,58410,83,,,0,10,,58405,83,,,0,10,,58406,83,,,0,10,,58407,83,,,0,50,,58408,83,,,0,10,,58409,83,,,0,10,,58423,83,,,0,10,,58448,83,,,0,10,,58449,83,,,0,10,,58450,83,,,0,50,,58451,83,,,0,10,,58452,83,,,0,10,,58453,83,,,0,10,,58454,83,,,0,10,,58455,83,,,0,10,,58456,83,,,0,50,,58457,83,,,0,10,,58458,83,,,0,10,,58459,83,,,0,10,,58460,83,,,0,10,,58461,83,,,0,10,,58462,83,,,0,50,,58463,83,,,0,10,,58466,83,,,0,10,,58467,83,,,0,10,,58468,83,,,0,10,,58469,83,,,0,10,,58470,83,,,0,50,,58471,83,,,0,10,,58472,83,,,0,10,,58473,83,,,0,10,,58424,83,,,0,10,,58425,83,,,0,10,,58426,83,,,0,50,,58427,83,,,0,10,,58428,83,,,0,10,,58429,83,,,0,10,,58430,83,,,0,10,,58431,83,,,0,10,,58432,83,,,0,50,,58433,83,,,0,10,,58434,83,,,0,10,,58435,83,,,0,10,,58436,83,,,0,10,,58437,83,,,0,10,,58438,83,,,0,50,,58439,83,,,0,10,,58440,83,,,0,10,,58441,83,,,0,10,,58442,83,,,0,10,,58443,83,,,0,10,,58444,83,,,0,50,,58445,83,,,0,10,,58446,83,,,0,10,,58447,83,,,0,10,,58474,83,,,0,10,,58475,83,,,0,10,,58476,83,,,0,50,,58477,83,,,0,15,,58478,83,,,0,15,,58479,83,,,0,15,,58480,83,,,0,70,,58481,83,,,0,30,,58482,83,,,0,70,,58483,83,,,0,30,,58484,83,,,0,70,,58485,83,,,0,30,,58486,83,,,0,70,,58487,83,,,0,30,,58488,83,,,0,70,,58489,83,,,0,30,,58464,83,,,0,70,,58465,83,,,0
1700,'1387',617,,58490,83,,,0,29,,58491,44,,,0,58,,58509,83,,,0,15,,58508,83,,,0,15,,58507,83,,,0,15,,58506,83,,,0,55,,58505,83,,,0,10,,58504,83,,,0,10,,58503,83,,,0,10,,58502,83,,,0,10,,58501,83,,,0,10,,58500,83,,,0,50,,58499,83,,,0,10,,58498,83,,,0,10,,58497,83,,,0,10,,58492,83,,,0,10,,58493,83,,,0,10,,58494,83,,,0,50,,58495,83,,,0,10,,58496,83,,,0,10,,58510,83,,,0,10,,58535,83,,,0,10,,58536,83,,,0,10,,58537,83,,,0,50,,58538,83,,,0,10,,58539,83,,,0,10,,58540,83,,,0,10,,58541,83,,,0,10,,58542,83,,,0,10,,58543,83,,,0,50,,58544,83,,,0,10,,58545,83,,,0,10,,58546,83,,,0,10,,58547,83,,,0,10,,58548,83,,,0,10,,58549,83,,,0,50,,58550,83,,,0,10,,58553,83,,,0,10,,58554,83,,,0,10,,58555,83,,,0,10,,58556,83,,,0,10,,58557,83,,,0,50,,58558,83,,,0,10,,58559,83,,,0,10,,58560,83,,,0,10,,58511,83,,,0,10,,58512,83,,,0,10,,58513,83,,,0,50,,58514,83,,,0,10,,58515,83,,,0,10,,58516,83,,,0,10,,58517,83,,,0,10,,58518,83,,,0,10,,58519,83,,,0,50,,58520,83,,,0,10,,58521,83,,,0,10,,58522,83,,,0,10,,58523,83,,,0,10,,58524,83,,,0,10,,58525,83,,,0,50,,58526,83,,,0,10,,58527,83,,,0,10,,58528,83,,,0,10,,58529,83,,,0,10,,58530,83,,,0,10,,58531,83,,,0,50,,58532,83,,,0,10,,58533,83,,,0,10,,58534,83,,,0,10,,58561,83,,,0,10,,58562,83,,,0,10,,58563,83,,,0,50,,58564,83,,,0,15,,58565,83,,,0,15,,58566,83,,,0,15,,58567,83,,,0,70,,58568,83,,,0,30,,58569,83,,,0,70,,58570,83,,,0,30,,58571,83,,,0,70,,58572,83,,,0,30,,58573,83,,,0,70,,58574,83,,,0,30,,58575,83,,,0,70,,58576,83,,,0,30,,58551,83,,,0,70,,58552,83,,,0
1700,'1388',617,,58577,83,,,0,29,,58578,44,,,0,58,,58596,83,,,0,15,,58595,83,,,0,15,,58594,83,,,0,15,,58593,83,,,0,55,,58592,83,,,0,10,,58591,83,,,0,10,,58590,83,,,0,10,,58589,83,,,0,10,,58588,83,,,0,10,,58587,83,,,0,50,,58586,83,,,0,10,,58585,83,,,0,10,,58584,83,,,0,10,,58579,83,,,0,10,,58580,83,,,0,10,,58581,83,,,0,50,,58582,83,,,0,10,,58583,83,,,0,10,,58597,83,,,0,10,,58622,83,,,0,10,,58623,83,,,0,10,,58624,83,,,0,50,,58625,83,,,0,10,,58626,83,,,0,10,,58627,83,,,0,10,,58628,83,,,0,10,,58629,83,,,0,10,,58630,83,,,0,50,,58631,83,,,0,10,,58632,83,,,0,10,,58633,83,,,0,10,,58634,83,,,0,10,,58635,83,,,0,10,,58636,83,,,0,50,,58637,83,,,0,10,,58640,83,,,0,10,,58641,83,,,0,10,,58642,83,,,0,10,,58643,83,,,0,10,,58644,83,,,0,50,,58645,83,,,0,10,,58646,83,,,0,10,,58647,83,,,0,10,,58598,83,,,0,10,,58599,83,,,0,10,,58600,83,,,0,50,,58601,83,,,0,10,,58602,83,,,0,10,,58603,83,,,0,10,,58604,83,,,0,10,,58605,83,,,0,10,,58606,83,,,0,50,,58607,83,,,0,10,,58608,83,,,0,10,,58609,83,,,0,10,,58610,83,,,0,10,,58611,83,,,0,10,,58612,83,,,0,50,,58613,83,,,0,10,,58614,83,,,0,10,,58615,83,,,0,10,,58616,83,,,0,10,,58617,83,,,0,10,,58618,83,,,0,50,,58619,83,,,0,10,,58620,83,,,0,10,,58621,83,,,0,10,,58648,83,,,0,10,,58649,83,,,0,10,,58650,83,,,0,50,,58651,83,,,0,15,,58652,83,,,0,15,,58653,83,,,0,15,,58654,83,,,0,70,,58655,83,,,0,30,,58656,83,,,0,70,,58657,83,,,0,30,,58658,83,,,0,70,,58659,83,,,0,30,,58660,83,,,0,70,,58661,83,,,0,30,,58662,83,,,0,70,,58663,83,,,0,30,,58638,83,,,0,70,,58639,83,,,0
1700,'1389',617,,58664,83,,,0,29,,58665,44,,,0,58,,58683,83,,,0,15,,58682,83,,,0,15,,58681,83,,,0,15,,58680,83,,,0,55,,58679,83,,,0,10,,58678,83,,,0,10,,58677,83,,,0,10,,58676,83,,,0,10,,58675,83,,,0,10,,58674,83,,,0,50,,58673,83,,,0,10,,58672,83,,,0,10,,58671,83,,,0,10,,58666,83,,,0,10,,58667,83,,,0,10,,58668,83,,,0,50,,58669,83,,,0,10,,58670,83,,,0,10,,58684,83,,,0,10,,58709,83,,,0,10,,58710,83,,,0,10,,58711,83,,,0,50,,58712,83,,,0,10,,58713,83,,,0,10,,58714,83,,,0,10,,58715,83,,,0,10,,58716,83,,,0,10,,58717,83,,,0,50,,58718,83,,,0,10,,58719,83,,,0,10,,58720,83,,,0,10,,58721,83,,,0,10,,58722,83,,,0,10,,58723,83,,,0,50,,58724,83,,,0,10,,58727,83,,,0,10,,58728,83,,,0,10,,58729,83,,,0,10,,58730,83,,,0,10,,58731,83,,,0,50,,58732,83,,,0,10,,58733,83,,,0,10,,58734,83,,,0,10,,58685,83,,,0,10,,58686,83,,,0,10,,58687,83,,,0,50,,58688,83,,,0,10,,58689,83,,,0,10,,58690,83,,,0,10,,58691,83,,,0,10,,58692,83,,,0,10,,58693,83,,,0,50,,58694,83,,,0,10,,58695,83,,,0,10,,58696,83,,,0,10,,58697,83,,,0,10,,58698,83,,,0,10,,58699,83,,,0,50,,58700,83,,,0,10,,58701,83,,,0,10,,58702,83,,,0,10,,58703,83,,,0,10,,58704,83,,,0,10,,58705,83,,,0,50,,58706,83,,,0,10,,58707,83,,,0,10,,58708,83,,,0,10,,58735,83,,,0,10,,58736,83,,,0,10,,58737,83,,,0,50,,58738,83,,,0,15,,58739,83,,,0,15,,58740,83,,,0,15,,58741,83,,,0,70,,58742,83,,,0,30,,58743,83,,,0,70,,58744,83,,,0,30,,58745,83,,,0,70,,58746,83,,,0,30,,58747,83,,,0,70,,58748,83,,,0,30,,58749,83,,,0,70,,58750,83,,,0,30,,58725,83,,,0,70,,58726,83,,,0
1900,'1383',951,,60107,85,,,0,100,,60106,85,,,0,100,,60105,85,,,0,100,,60104,85,,,0,100,,60103,85,,,0,100,,60102,85,,,0,100,,60101,85,,,0,100,,60099,85,,,0,100,,60098,85,,,0,100,,60097,85,,,0,100,,60096,85,,,0,100,,60100,85,,,0
1900,'1384',851,,60108,85,,,0,100,,60109,85,,,0,100,,60110,85,,,0,70,,60111,85,,,0,30,,60112,85,,,0,70,,60113,85,,,0,30,,60114,85,,,0,70,,60115,85,,,0,30,,60116,85,,,0,70,,60117,85,,,0,30,,60118,85,,,0,70,,60119,85,,,0,30,,60120,85,,,0,70,,60121,85,,,0,30,,60122,85,,,0,70,,60123,85,,,0,30,,60124,85,,,0,70,,60125,85,,,0,30,,60126,85,,,0,70,,60127,85,,,0,30,,60128,85,,,0,70,,60129,85,,,0,30,,60130,85,,,0,100,,60131,85,,,0,100,,60132,85,,,0,100,,60133,85,,,0
1900,'1385',651,,60134,85,,,0,70,,60135,85,,,0,30,,60136,85,,,0,70,,60137,85,,,0,30,,60138,85,,,0,70,,60139,85,,,0,30,,60140,85,,,0,70,,60141,85,,,0,30,,60142,85,,,0,70,,60143,85,,,0,30,,60144,85,,,0,70,,60145,85,,,0,30,,60146,85,,,0,70,,60147,85,,,0,30,,60148,85,,,0,70,,60149,85,,,0,30,,60150,85,,,0,70,,60151,85,,,0,30,,60152,85,,,0,70,,60153,85,,,0,30,,60154,85,,,0,70,,60155,85,,,0,30,,60156,85,,,0,70,,60157,85,,,0,30,,60158,85,,,0,70,,60159,85,,,0,30,,60160,85,,,0,70,,60161,85,,,0,30,,60162,85,,,0,70,,60163,85,,,0,30,,60164,85,,,0,70,,60165,85,,,0,100,,60166,85,,,0,100,,60167,85,,,0
1900,'1386',651,,60168,85,,,0,70,,60169,85,,,0,30,,60170,85,,,0,70,,60171,85,,,0,30,,60172,85,,,0,70,,60173,85,,,0,30,,60174,85,,,0,70,,60175,85,,,0,30,,60176,85,,,0,70,,60177,85,,,0,30,,60178,85,,,0,70,,60179,85,,,0,30,,60180,85,,,0,70,,60181,85,,,0,30,,60182,85,,,0,70,,60183,85,,,0,30,,60184,85,,,0,70,,60185,85,,,0,30,,60186,85,,,0,70,,60187,85,,,0,30,,60188,85,,,0,70,,60189,85,,,0,30,,60190,85,,,0,70,,60191,85,,,0,30,,60192,85,,,0,70,,60193,85,,,0,30,,60194,85,,,0,70,,60195,85,,,0,30,,60196,85,,,0,70,,60197,85,,,0,30,,60198,85,,,0,70,,60199,85,,,0,100,,60200,85,,,0,100,,60201,85,,,0
1900,'1387',651,,60202,85,,,0,70,,60203,85,,,0,30,,60204,85,,,0,70,,60205,85,,,0,30,,60206,85,,,0,70,,60207,85,,,0,30,,60208,85,,,0,70,,60209,85,,,0,30,,60210,85,,,0,70,,60211,85,,,0,30,,60212,85,,,0,70,,60213,85,,,0,30,,60214,85,,,0,70,,60215,85,,,0,30,,60216,85,,,0,70,,60217,85,,,0,30,,60218,85,,,0,70,,60219,85,,,0,30,,60220,85,,,0,70,,60221,85,,,0,30,,60222,85,,,0,70,,60223,85,,,0,30,,60224,85,,,0,70,,60225,85,,,0,30,,60226,85,,,0,70,,60227,85,,,0,30,,60228,85,,,0,70,,60229,85,,,0,30,,60230,85,,,0,70,,60231,85,,,0,30,,60232,85,,,0,70,,60233,85,,,0,100,,60234,85,,,0,100,,60235,85,,,0
1900,'1388',651,,60236,85,,,0,70,,60237,85,,,0,30,,60238,85,,,0,70,,60239,85,,,0,30,,60240,85,,,0,70,,60241,85,,,0,30,,60242,85,,,0,70,,60243,85,,,0,30,,60244,85,,,0,70,,60245,85,,,0,30,,60246,85,,,0,70,,60247,85,,,0,30,,60248,85,,,0,70,,60249,85,,,0,30,,60250,85,,,0,70,,60251,85,,,0,30,,60252,85,,,0,70,,60253,85,,,0,30,,60254,85,,,0,70,,60255,85,,,0,30,,60256,85,,,0,70,,60257,85,,,0,30,,60258,85,,,0,70,,60259,85,,,0,30,,60260,85,,,0,70,,60261,85,,,0,30,,60262,85,,,0,70,,60263,85,,,0,30,,60264,85,,,0,70,,60265,85,,,0,30,,60266,85,,,0,70,,60267,85,,,0,100,,60268,85,,,0,100,,60269,85,,,0
1900,'1389',651,,60270,85,,,0,70,,60271,85,,,0,30,,60272,85,,,0,70,,60273,85,,,0,30,,60274,85,,,0,70,,60275,85,,,0,30,,60276,85,,,0,70,,60277,85,,,0,30,,60278,85,,,0,70,,60279,85,,,0,30,,60280,85,,,0,70,,60281,85,,,0,30,,60282,85,,,0,70,,60283,85,,,0,30,,60284,85,,,0,70,,60285,85,,,0,30,,60286,85,,,0,70,,60287,85,,,0,30,,60288,85,,,0,70,,60289,85,,,0,30,,60290,85,,,0,70,,60291,85,,,0,30,,60292,85,,,0,70,,60293,85,,,0,30,,60294,85,,,0,70,,60295,85,,,0,30,,60296,85,,,0,70,,60297,85,,,0,30,,60298,85,,,0,70,,60299,85,,,0,30,,60300,85,,,0,70,,60301,85,,,0,100,,60302,85,,,0,100,,60303,85,,,0
