1600,'1383',1033,,57705,1,,,0,70,,57704,1,,,0,45,,57703,1,,,0,70,,57702,1,,,0,30,,57701,1,,,0,70,,57700,1,,,0,30,,57699,1,,,0,70,,57698,1,,,0,30,,57697,1,,,0,70,,57696,1,,,0,30,,57695,1,,,0,70,,57694,1,,,0,30,,57693,1,,,0,60,,57692,1,,,0,10,,57691,1,,,0,30,,57690,1,,,0,60,,57689,1,,,0,10,,57688,1,,,0,30,,57687,1,,,0,70,,57686,1,,,0,30,,57685,1,,,0
1600,'1384',720,,57706,1,,,0,30,,57707,1,,,0,70,,57708,1,,,0,30,,57709,1,,,0,70,,57710,1,,,0,30,,57711,1,,,0,70,,57712,1,,,0,30,,57713,1,,,0,60,,57714,1,,,0,20,,57715,1,,,0,20,,57716,1,,,0,60,,57717,1,,,0,20,,57718,1,,,0,20,,57719,1,,,0,60,,57720,1,,,0,20,,57721,1,,,0,20,,57722,1,,,0,60,,57723,1,,,0,20,,57724,1,,,0,20,,57725,1,,,0,60,,57726,1,,,0,20,,57727,1,,,0,20,,57728,1,,,0,60,,57729,1,,,0,20,,57730,1,,,0,20,,57731,1,,,0,60,,57732,1,,,0,20,,57733,1,,,0,20,,57734,1,,,0,60,,57735,1,,,0,5,,57736,1,,,0,15,,57737,1,,,0,20,,57738,1,,,0,70,,57739,1,,,0,30,,57740,1,,,0,70,,57741,1,,,0,30,,57742,1,,,0,70,,57743,1,,,0,30,,57744,1,,,0,100,,57745,1,,,0
1600,'1385',630,,57759,1,,,0,75,,57746,1,,,0,30,,57760,1,,,0,20,,57761,1,,,0,60,,57762,1,,,0,20,,57763,1,,,0,20,,57764,1,,,0,60,,57765,1,,,0,20,,57766,1,,,0,20,,57747,1,,,0,60,,57748,1,,,0,20,,57749,1,,,0,20,,57750,1,,,0,60,,57751,1,,,0,20,,57752,1,,,0,20,,57753,1,,,0,60,,57754,1,,,0,20,,57755,1,,,0,20,,57756,1,,,0,60,,57757,1,,,0,20,,57758,1,,,0,20,,57779,1,,,0,60,,57780,1,,,0,20,,57781,1,,,0,20,,57782,1,,,0,60,,57783,1,,,0,20,,57767,1,,,0,20,,57768,1,,,0,60,,57769,1,,,0,20,,57770,1,,,0,20,,57771,1,,,0,60,,57772,1,,,0,20,,57773,1,,,0,20,,57774,1,,,0,60,,57775,1,,,0,20,,57776,1,,,0,15,,57777,1,,,0,70,,57778,1,,,0,30,,57784,1,,,0,70,,57785,1,,,0,30,,57786,1,,,0,70,,57787,1,,,0,30,,57788,1,,,0,100,,57789,1,,,0
1600,'1386',630,,57803,1,,,0,75,,57790,1,,,0,30,,57804,1,,,0,20,,57805,1,,,0,60,,57806,1,,,0,20,,57807,1,,,0,20,,57808,1,,,0,60,,57809,1,,,0,20,,57810,1,,,0,20,,57791,1,,,0,60,,57792,1,,,0,20,,57793,1,,,0,20,,57794,1,,,0,60,,57795,1,,,0,20,,57796,1,,,0,20,,57797,1,,,0,60,,57798,1,,,0,20,,57799,1,,,0,20,,57800,1,,,0,60,,57801,1,,,0,20,,57802,1,,,0,20,,57823,1,,,0,60,,57824,1,,,0,20,,57825,1,,,0,20,,57826,1,,,0,60,,57827,1,,,0,20,,57811,1,,,0,20,,57812,1,,,0,60,,57813,1,,,0,20,,57814,1,,,0,20,,57815,1,,,0,60,,57816,1,,,0,20,,57817,1,,,0,20,,57818,1,,,0,60,,57819,1,,,0,20,,57820,1,,,0,15,,57821,1,,,0,70,,57822,1,,,0,30,,57828,1,,,0,70,,57829,1,,,0,30,,57830,1,,,0,70,,57831,1,,,0,30,,57832,1,,,0,100,,57833,1,,,0
1600,'1387',630,,57847,1,,,0,75,,57834,1,,,0,30,,57848,1,,,0,20,,57849,1,,,0,60,,57850,1,,,0,20,,57851,1,,,0,20,,57852,1,,,0,60,,57853,1,,,0,20,,57854,1,,,0,20,,57835,1,,,0,60,,57836,1,,,0,20,,57837,1,,,0,20,,57838,1,,,0,60,,57839,1,,,0,20,,57840,1,,,0,20,,57841,1,,,0,60,,57842,1,,,0,20,,57843,1,,,0,20,,57844,1,,,0,60,,57845,1,,,0,20,,57846,1,,,0,20,,57867,1,,,0,60,,57868,1,,,0,20,,57869,1,,,0,20,,57870,1,,,0,60,,57871,1,,,0,20,,57855,1,,,0,20,,57856,1,,,0,60,,57857,1,,,0,20,,57858,1,,,0,20,,57859,1,,,0,60,,57860,1,,,0,20,,57861,1,,,0,20,,57862,1,,,0,60,,57863,1,,,0,20,,57864,1,,,0,15,,57865,1,,,0,70,,57866,1,,,0,30,,57872,1,,,0,70,,57873,1,,,0,30,,57874,1,,,0,70,,57875,1,,,0,30,,57876,1,,,0,100,,57877,1,,,0
1600,'1388',630,,57891,1,,,0,75,,57878,1,,,0,30,,57892,1,,,0,20,,57893,1,,,0,60,,57894,1,,,0,20,,57895,1,,,0,20,,57896,1,,,0,60,,57897,1,,,0,20,,57898,1,,,0,20,,57879,1,,,0,60,,57880,1,,,0,20,,57881,1,,,0,20,,57882,1,,,0,60,,57883,1,,,0,20,,57884,1,,,0,20,,57885,1,,,0,60,,57886,1,,,0,20,,57887,1,,,0,20,,57888,1,,,0,60,,57889,1,,,0,20,,57890,1,,,0,20,,57911,1,,,0,60,,57912,1,,,0,20,,57913,1,,,0,20,,57914,1,,,0,60,,57915,1,,,0,20,,57899,1,,,0,20,,57900,1,,,0,60,,57901,1,,,0,20,,57902,1,,,0,20,,57903,1,,,0,60,,57904,1,,,0,20,,57905,1,,,0,20,,57906,1,,,0,60,,57907,1,,,0,20,,57908,1,,,0,15,,57909,1,,,0,70,,57910,1,,,0,30,,57916,1,,,0,70,,57917,1,,,0,30,,57918,1,,,0,70,,57919,1,,,0,30,,57920,1,,,0,100,,57921,1,,,0
1600,'1389',630,,57935,1,,,0,75,,57922,1,,,0,30,,57936,1,,,0,20,,57937,1,,,0,60,,57938,1,,,0,20,,57939,1,,,0,20,,57940,1,,,0,60,,57941,1,,,0,20,,57942,1,,,0,20,,57923,1,,,0,60,,57924,1,,,0,20,,57925,1,,,0,20,,57926,1,,,0,60,,57927,1,,,0,20,,57928,1,,,0,20,,57929,1,,,0,60,,57930,1,,,0,20,,57931,1,,,0,20,,57932,1,,,0,60,,57933,1,,,0,20,,57934,1,,,0,20,,57955,1,,,0,60,,57956,1,,,0,20,,57957,1,,,0,20,,57958,1,,,0,60,,57959,1,,,0,20,,57943,1,,,0,20,,57944,1,,,0,60,,57945,1,,,0,20,,57946,1,,,0,20,,57947,1,,,0,60,,57948,1,,,0,20,,57949,1,,,0,20,,57950,1,,,0,60,,57951,1,,,0,20,,57952,1,,,0,15,,57953,1,,,0,70,,57954,1,,,0,30,,57960,1,,,0,70,,57961,1,,,0,30,,57962,1,,,0,70,,57963,1,,,0,30,,57964,1,,,0,100,,57965,1,,,0
1601,'1383',1031,,57984,26,4,,0,70,,57983,26,4,,0,45,,57982,26,4,,0,70,,57981,26,4,,0,30,,57980,26,4,,0,70,,57979,26,4,,0,30,,57978,26,4,,0,70,,57977,26,4,,0,30,,57976,26,4,,0,70,,57975,26,4,,0,30,,57974,26,4,,0,70,,57973,26,4,,0,30,,57972,26,4,,0,70,,57971,26,4,,0,30,,57970,26,4,,0,57,,57985,26,4,,0,13,,57969,26,4,,0,30,,57968,26,4,,0,70,,57967,26,4,,0,30,,57966,26,4,,0
1601,'1384',715,,57986,26,4,,0,30,,57987,26,4,,0,70,,57988,26,4,,0,30,,57989,26,4,,0,70,,57990,26,4,,0,30,,57991,26,4,,0,70,,57992,26,4,,0,30,,57993,26,4,,0,60,,57994,26,4,,0,20,,57995,26,4,,0,20,,57996,26,4,,0,60,,57997,26,4,,0,20,,57998,26,4,,0,20,,57999,26,4,,0,60,,58000,26,4,,0,20,,58001,26,4,,0,20,,58002,26,4,,0,60,,58003,26,4,,0,20,,58004,26,4,,0,20,,58005,26,4,,0,60,,58006,26,4,,0,20,,58007,26,4,,0,20,,58008,26,4,,0,60,,58009,26,4,,0,20,,58010,26,4,,0,20,,58011,26,4,,0,60,,58012,26,4,,0,20,,58013,26,4,,0,20,,58014,26,4,,0,60,,58015,26,4,,0,20,,58016,26,4,,0,22,,58017,26,4,,0,70,,58018,26,4,,0,30,,58019,26,4,,0,70,,58020,26,4,,0,30,,58021,26,4,,0,70,,58022,26,4,,0,30,,58023,26,4,,0,100,,58024,26,4,,0
1601,'1385',625,,58025,26,4,,0,77,,58026,26,4,,0,30,,58027,26,4,,0,20,,58028,26,4,,0,60,,58029,26,4,,0,20,,58030,26,4,,0,20,,58031,26,4,,0,60,,58032,26,4,,0,20,,58033,26,4,,0,20,,58034,26,4,,0,60,,58035,26,4,,0,20,,58036,26,4,,0,20,,58037,26,4,,0,60,,58038,26,4,,0,20,,58039,26,4,,0,20,,58040,26,4,,0,60,,58041,26,4,,0,20,,58042,26,4,,0,20,,58043,26,4,,0,60,,58044,26,4,,0,20,,58045,26,4,,0,20,,58046,26,4,,0,60,,58047,26,4,,0,20,,58048,26,4,,0,20,,58049,26,4,,0,60,,58050,26,4,,0,20,,58051,26,4,,0,20,,58052,26,4,,0,60,,58053,26,4,,0,20,,58054,26,4,,0,20,,58055,26,4,,0,60,,58056,26,4,,0,20,,58057,26,4,,0,20,,58058,26,4,,0,60,,58059,26,4,,0,20,,58060,26,4,,0,15,,58061,26,4,,0,70,,58062,26,4,,0,30,,58063,26,4,,0,70,,58064,26,4,,0,30,,58065,26,4,,0,70,,58066,26,4,,0,30,,58067,26,4,,0,100,,58068,26,4,,0,100,,58069,26,4,,0
1601,'1386',625,,58070,26,4,,0,77,,58071,26,4,,0,30,,58072,26,4,,0,20,,58073,26,4,,0,60,,58074,26,4,,0,20,,58075,26,4,,0,20,,58076,26,4,,0,60,,58077,26,4,,0,20,,58078,26,4,,0,20,,58079,26,4,,0,60,,58080,26,4,,0,20,,58081,26,4,,0,20,,58082,26,4,,0,60,,58083,26,4,,0,20,,58084,26,4,,0,20,,58085,26,4,,0,60,,58086,26,4,,0,20,,58087,26,4,,0,20,,58088,26,4,,0,60,,58089,26,4,,0,20,,58090,26,4,,0,20,,58091,26,4,,0,60,,58092,26,4,,0,20,,58093,26,4,,0,20,,58094,26,4,,0,60,,58095,26,4,,0,20,,58096,26,4,,0,20,,58097,26,4,,0,60,,58098,26,4,,0,20,,58099,26,4,,0,20,,58100,26,4,,0,60,,58101,26,4,,0,20,,58102,26,4,,0,20,,58103,26,4,,0,60,,58104,26,4,,0,20,,58105,26,4,,0,15,,58106,26,4,,0,70,,58107,26,4,,0,30,,58108,26,4,,0,70,,58109,26,4,,0,30,,58110,26,4,,0,70,,58111,26,4,,0,30,,58112,26,4,,0,100,,58113,26,4,,0,100,,58114,26,4,,0
1601,'1387',625,,58115,26,4,,0,77,,58116,26,4,,0,30,,58117,26,4,,0,20,,58118,26,4,,0,60,,58119,26,4,,0,20,,58120,26,4,,0,20,,58121,26,4,,0,60,,58122,26,4,,0,20,,58123,26,4,,0,20,,58124,26,4,,0,60,,58125,26,4,,0,20,,58126,26,4,,0,20,,58127,26,4,,0,60,,58128,26,4,,0,20,,58129,26,4,,0,20,,58130,26,4,,0,60,,58131,26,4,,0,20,,58132,26,4,,0,20,,58133,26,4,,0,60,,58134,26,4,,0,20,,58135,26,4,,0,20,,58136,26,4,,0,60,,58137,26,4,,0,20,,58138,26,4,,0,20,,58139,26,4,,0,60,,58140,26,4,,0,20,,58141,26,4,,0,20,,58142,26,4,,0,60,,58143,26,4,,0,20,,58144,26,4,,0,20,,58145,26,4,,0,60,,58146,26,4,,0,20,,58147,26,4,,0,20,,58148,26,4,,0,60,,58149,26,4,,0,20,,58150,26,4,,0,15,,58151,26,4,,0,70,,58152,26,4,,0,30,,58153,26,4,,0,70,,58154,26,4,,0,30,,58155,26,4,,0,70,,58156,26,4,,0,30,,58157,26,4,,0,100,,58158,26,4,,0,100,,58159,26,4,,0
1601,'1388',625,,58160,26,4,,0,77,,58161,26,4,,0,30,,58162,26,4,,0,20,,58163,26,4,,0,60,,58164,26,4,,0,20,,58165,26,4,,0,20,,58166,26,4,,0,60,,58167,26,4,,0,20,,58168,26,4,,0,20,,58169,26,4,,0,60,,58170,26,4,,0,20,,58171,26,4,,0,20,,58172,26,4,,0,60,,58173,26,4,,0,20,,58174,26,4,,0,20,,58175,26,4,,0,60,,58176,26,4,,0,20,,58177,26,4,,0,20,,58178,26,4,,0,60,,58179,26,4,,0,20,,58180,26,4,,0,20,,58181,26,4,,0,60,,58182,26,4,,0,20,,58183,26,4,,0,20,,58184,26,4,,0,60,,58185,26,4,,0,20,,58186,26,4,,0,20,,58187,26,4,,0,60,,58188,26,4,,0,20,,58189,26,4,,0,20,,58190,26,4,,0,60,,58191,26,4,,0,20,,58192,26,4,,0,20,,58193,26,4,,0,60,,58194,26,4,,0,20,,58195,26,4,,0,15,,58196,26,4,,0,70,,58197,26,4,,0,30,,58198,26,4,,0,70,,58199,26,4,,0,30,,58200,26,4,,0,70,,58201,26,4,,0,30,,58202,26,4,,0,100,,58203,26,4,,0,100,,58204,26,4,,0
1601,'1389',625,,58205,26,4,,0,77,,58206,26,4,,0,30,,58207,26,4,,0,20,,58208,26,4,,0,60,,58209,26,4,,0,20,,58210,26,4,,0,20,,58211,26,4,,0,60,,58212,26,4,,0,20,,58213,26,4,,0,20,,58214,26,4,,0,60,,58215,26,4,,0,20,,58216,26,4,,0,20,,58217,26,4,,0,60,,58218,26,4,,0,20,,58219,26,4,,0,20,,58220,26,4,,0,60,,58221,26,4,,0,20,,58222,26,4,,0,20,,58223,26,4,,0,60,,58224,26,4,,0,20,,58225,26,4,,0,20,,58226,26,4,,0,60,,58227,26,4,,0,20,,58228,26,4,,0,20,,58229,26,4,,0,60,,58230,26,4,,0,20,,58231,26,4,,0,20,,58232,26,4,,0,60,,58233,26,4,,0,20,,58234,26,4,,0,20,,58235,26,4,,0,60,,58236,26,4,,0,20,,58237,26,4,,0,20,,58238,26,4,,0,60,,58239,26,4,,0,20,,58240,26,4,,0,15,,58241,26,4,,0,70,,58242,26,4,,0,30,,58243,26,4,,0,70,,58244,26,4,,0,30,,58245,26,4,,0,70,,58246,26,4,,0,30,,58247,26,4,,0,100,,58248,26,4,,0,100,,58249,26,4,,0
400100,'1383',934,,61501,2,0,11,0,75,,61500,2,0,11,0,35,,61499,2,0,11,0,75,,61498,2,0,11,0,35,,61497,2,0,11,0,75,,61496,2,0,11,0,75,,61495,2,0,11,0,35,,61494,2,0,11,0,75,,61493,2,0,11,0,35,,61492,2,0,11,0,75,,61491,2,0,11,0,35,,61490,2,0,11,0,75,,61489,2,0,11,0,75,,61488,2,0,11,0,35,,61487,2,0,11,0,75,,61486,2,0,11,0
400100,'1384',759,,61502,2,0,11,0,75,,61503,2,0,11,0,75,,61504,2,0,11,0,35,,61505,2,0,11,0,75,,61506,2,0,11,0,35,,61507,2,0,11,0,75,,61508,2,0,11,0,75,,61509,2,0,11,0,35,,61510,2,0,11,0,75,,61511,2,0,11,0,35,,61512,2,0,11,0,75,,61513,2,0,11,0,35,,61514,2,0,11,0,75,,61515,2,0,11,0,75,,61516,2,0,11,0,35,,61517,2,0,11,0,75,,61518,2,0,11,0,35,,61519,2,0,11,0,75,,61520,2,0,11,0,75,,61521,2,0,11,0
400100,'1385',659,,61522,2,0,11,0,75,,61523,2,0,11,0,75,,61524,2,0,11,0,35,,61540,2,0,11,0,75,,61541,2,0,11,0,35,,61542,2,0,11,0,75,,61543,2,0,11,0,75,,61544,2,0,11,0,35,,61545,2,0,11,0,75,,61546,2,0,11,0,35,,61547,2,0,11,0,75,,61548,2,0,11,0,35,,61525,2,0,11,0,75,,61526,2,0,11,0,75,,61527,2,0,11,0,35,,61528,2,0,11,0,75,,61529,2,0,11,0,35,,61530,2,0,11,0,75,,61531,2,0,11,0,75,,61532,2,0,11,0,35,,61533,2,0,11,0,75,,61534,2,0,11,0,35,,61535,2,0,11,0,75,,61536,2,0,11,0,35,,61537,2,0,11,0,75,,61538,2,0,11,0,75,,61539,2,0,11,0
400100,'1386',659,,61549,2,0,11,0,75,,61550,2,0,11,0,75,,61551,2,0,11,0,35,,61567,2,0,11,0,75,,61568,2,0,11,0,35,,61569,2,0,11,0,75,,61570,2,0,11,0,75,,61571,2,0,11,0,35,,61572,2,0,11,0,75,,61573,2,0,11,0,35,,61574,2,0,11,0,75,,61575,2,0,11,0,35,,61552,2,0,11,0,75,,61553,2,0,11,0,75,,61554,2,0,11,0,35,,61555,2,0,11,0,75,,61556,2,0,11,0,35,,61557,2,0,11,0,75,,61558,2,0,11,0,75,,61559,2,0,11,0,35,,61560,2,0,11,0,75,,61561,2,0,11,0,35,,61562,2,0,11,0,75,,61563,2,0,11,0,35,,61564,2,0,11,0,75,,61565,2,0,11,0,75,,61566,2,0,11,0
400100,'1387',659,,61576,2,0,11,0,75,,61577,2,0,11,0,75,,61578,2,0,11,0,35,,61594,2,0,11,0,75,,61595,2,0,11,0,35,,61596,2,0,11,0,75,,61597,2,0,11,0,75,,61598,2,0,11,0,35,,61599,2,0,11,0,75,,61600,2,0,11,0,35,,61601,2,0,11,0,75,,61602,2,0,11,0,35,,61579,2,0,11,0,75,,61580,2,0,11,0,75,,61581,2,0,11,0,35,,61582,2,0,11,0,75,,61583,2,0,11,0,35,,61584,2,0,11,0,75,,61585,2,0,11,0,75,,61586,2,0,11,0,35,,61587,2,0,11,0,75,,61588,2,0,11,0,35,,61589,2,0,11,0,75,,61590,2,0,11,0,35,,61591,2,0,11,0,75,,61592,2,0,11,0,75,,61593,2,0,11,0
400100,'1388',659,,61603,2,0,11,0,75,,61604,2,0,11,0,75,,61605,2,0,11,0,35,,61621,2,0,11,0,75,,61622,2,0,11,0,35,,61623,2,0,11,0,75,,61624,2,0,11,0,75,,61625,2,0,11,0,35,,61626,2,0,11,0,75,,61627,2,0,11,0,35,,61628,2,0,11,0,75,,61629,2,0,11,0,35,,61606,2,0,11,0,75,,61607,2,0,11,0,75,,61608,2,0,11,0,35,,61609,2,0,11,0,75,,61610,2,0,11,0,35,,61611,2,0,11,0,75,,61612,2,0,11,0,75,,61613,2,0,11,0,35,,61614,2,0,11,0,75,,61615,2,0,11,0,35,,61616,2,0,11,0,75,,61617,2,0,11,0,35,,61618,2,0,11,0,75,,61619,2,0,11,0,75,,61620,2,0,11,0
400100,'1389',659,,61630,2,0,11,0,75,,61631,2,0,11,0,75,,61632,2,0,11,0,35,,61648,2,0,11,0,75,,61649,2,0,11,0,35,,61650,2,0,11,0,75,,61651,2,0,11,0,75,,61652,2,0,11,0,35,,61653,2,0,11,0,75,,61654,2,0,11,0,35,,61655,2,0,11,0,75,,61656,2,0,11,0,35,,61633,2,0,11,0,75,,61634,2,0,11,0,75,,61635,2,0,11,0,35,,61636,2,0,11,0,75,,61637,2,0,11,0,35,,61638,2,0,11,0,75,,61639,2,0,11,0,75,,61640,2,0,11,0,35,,61641,2,0,11,0,75,,61642,2,0,11,0,35,,61643,2,0,11,0,75,,61644,2,0,11,0,35,,61645,2,0,11,0,75,,61646,2,0,11,0,75,,61647,2,0,11,0
721502,'1383',908,,64521,13,0,16,0,100,,64520,13,0,16,0,100,,64519,13,0,16,0,100,,64518,13,0,16,0,100,,64517,13,0,16,0,100,,64516,13,0,16,0,100,,64515,13,0,16,0,100,,64522,13,0,16,0,100,,64514,13,0,16,0,100,,64513,13,0,16,0,100,,64512,13,0,16,0
721502,'1384',708,,64523,13,0,16,0,100,,64524,13,0,16,0,100,,64525,13,0,16,0,100,,64526,13,0,16,0,100,,64527,13,0,16,0,100,,64528,13,0,16,0,100,,64529,13,0,16,0,30,,64530,13,0,16,0,70,,64531,13,0,16,0,30,,64532,13,0,16,0,70,,64533,13,0,16,0,30,,64534,13,0,16,0,70,,64535,13,0,16,0,30,,64536,13,0,16,0,70,,64537,13,0,16,0,30,,64538,13,0,16,0,70,,64539,13,0,16,0,30,,64540,13,0,16,0,70,,64541,13,0,16,0
721502,'1385',708,,64543,13,0,16,0,30,,64544,13,0,16,0,70,,64545,13,0,16,0,30,,64546,13,0,16,0,70,,64547,13,0,16,0,30,,64548,13,0,16,0,70,,64549,13,0,16,0,30,,64550,13,0,16,0,70,,64551,13,0,16,0,30,,64552,13,0,16,0,70,,64553,13,0,16,0,30,,64554,13,0,16,0,70,,64555,13,0,16,0,30,,64556,13,0,16,0,70,,64557,13,0,16,0,30,,64558,13,0,16,0,70,,64559,13,0,16,0,30,,64560,13,0,16,0,70,,64561,13,0,16,0,30,,64562,13,0,16,0,70,,64563,13,0,16,0,30,,64564,13,0,16,0,70,,64565,13,0,16,0,30,,64566,13,0,16,0,70,,64567,13,0,16,0,100,,64568,13,0,16,0,100,,64569,13,0,16,0,100,,64570,13,0,16,0
721502,'1386',708,,64572,13,0,16,0,30,,64573,13,0,16,0,70,,64574,13,0,16,0,30,,64575,13,0,16,0,70,,64576,13,0,16,0,30,,64577,13,0,16,0,70,,64578,13,0,16,0,30,,64579,13,0,16,0,70,,64580,13,0,16,0,30,,64581,13,0,16,0,70,,64582,13,0,16,0,30,,64583,13,0,16,0,70,,64584,13,0,16,0,30,,64585,13,0,16,0,70,,64586,13,0,16,0,30,,64587,13,0,16,0,70,,64588,13,0,16,0,30,,64589,13,0,16,0,70,,64590,13,0,16,0,30,,64591,13,0,16,0,70,,64592,13,0,16,0,30,,64593,13,0,16,0,70,,64594,13,0,16,0,30,,64595,13,0,16,0,70,,64596,13,0,16,0,100,,64597,13,0,16,0,100,,64598,13,0,16,0,100,,64599,13,0,16,0
721502,'1387',708,,64601,13,0,16,0,30,,64602,13,0,16,0,70,,64603,13,0,16,0,30,,64604,13,0,16,0,70,,64605,13,0,16,0,30,,64606,13,0,16,0,70,,64607,13,0,16,0,30,,64608,13,0,16,0,70,,64609,13,0,16,0,30,,64610,13,0,16,0,70,,64611,13,0,16,0,30,,64612,13,0,16,0,70,,64613,13,0,16,0,30,,64614,13,0,16,0,70,,64615,13,0,16,0,30,,64616,13,0,16,0,70,,64617,13,0,16,0,30,,64618,13,0,16,0,70,,64619,13,0,16,0,30,,64620,13,0,16,0,70,,64621,13,0,16,0,30,,64622,13,0,16,0,70,,64623,13,0,16,0,30,,64624,13,0,16,0,70,,64625,13,0,16,0,100,,64626,13,0,16,0,100,,64627,13,0,16,0,100,,64628,13,0,16,0
721502,'1388',708,,64630,13,0,16,0,30,,64631,13,0,16,0,70,,64632,13,0,16,0,30,,64633,13,0,16,0,70,,64634,13,0,16,0,30,,64635,13,0,16,0,70,,64636,13,0,16,0,30,,64637,13,0,16,0,70,,64638,13,0,16,0,30,,64639,13,0,16,0,70,,64640,13,0,16,0,30,,64641,13,0,16,0,70,,64642,13,0,16,0,30,,64643,13,0,16,0,70,,64644,13,0,16,0,30,,64645,13,0,16,0,70,,64646,13,0,16,0,30,,64647,13,0,16,0,70,,64648,13,0,16,0,30,,64649,13,0,16,0,70,,64650,13,0,16,0,30,,64651,13,0,16,0,70,,64652,13,0,16,0,30,,64653,13,0,16,0,70,,64654,13,0,16,0,100,,64655,13,0,16,0,100,,64656,13,0,16,0,100,,64657,13,0,16,0
721502,'1389',708,,64659,13,0,16,0,30,,64660,13,0,16,0,70,,64661,13,0,16,0,30,,64662,13,0,16,0,70,,64663,13,0,16,0,30,,64664,13,0,16,0,70,,64665,13,0,16,0,30,,64666,13,0,16,0,70,,64667,13,0,16,0,30,,64668,13,0,16,0,70,,64669,13,0,16,0,30,,64670,13,0,16,0,70,,64671,13,0,16,0,30,,64672,13,0,16,0,70,,64673,13,0,16,0,30,,64674,13,0,16,0,70,,64675,13,0,16,0,30,,64676,13,0,16,0,70,,64677,13,0,16,0,30,,64678,13,0,16,0,70,,64679,13,0,16,0,30,,64680,13,0,16,0,70,,64681,13,0,16,0,30,,64682,13,0,16,0,70,,64683,13,0,16,0,100,,64684,13,0,16,0,100,,64685,13,0,16,0,100,,64686,13,0,16,0
