1801,'1383',716,,59688,24,,,0,100,,59687,24,,,0,100,,59686,24,,,0,105,,59685,24,,,0,80,,59684,24,,,0,40,,59683,24,,,0,80,,59682,24,,,0,80,,59681,24,,,0,40,,59680,24,,,0,80,,59679,24,,,0,80,,59678,24,,,0,40,,59677,24,,,0,80,,59676,24,,,0,80,,59675,24,,,0,40,,59674,24,,,0,80,,59673,24,,,0,80,,59672,24,,,0,40,,59671,24,,,0
1801,'1384',551,,59689,24,,,0,70,,59690,24,,,0,30,,59691,24,,,0,70,,59692,24,,,0,30,,59693,24,,,0,70,,59694,24,,,0,30,,59695,24,,,0,70,,59696,24,,,0,30,,59697,24,,,0,70,,59698,24,,,0,20,,59699,24,,,0,60,,59700,24,,,0,20,,59701,24,,,0,20,,59702,24,,,0,60,,59703,24,,,0,20,,59704,24,,,0,20,,59705,24,,,0,60,,59706,24,,,0,20,,59707,24,,,0,20,,59708,24,,,0,60,,59709,24,,,0,20,,59710,24,,,0,20,,59711,24,,,0,60,,59712,24,,,0,20,,59713,24,,,0,20,,59714,24,,,0,60,,59715,24,,,0,20,,59716,24,,,0,20,,59717,24,,,0,60,,59718,24,,,0,20,,59719,24,,,0,20,,59720,24,,,0,60,,59721,24,,,0,20,,59722,24,,,0,35,,59723,24,,,0,65,,59724,24,,,0,30,,59725,24,,,0,70,,59726,24,,,0,30,,59727,24,,,0,70,,59728,24,,,0,30,,59729,24,,,0,70,,59730,24,,,0,30,,59731,24,,,0,70,,59732,24,,,0,30,,59733,24,,,0,70,,59734,24,,,0,30,,59735,24,,,0
1801,'1385',549,,59774,24,,,0,70,,59775,24,,,0,15,,59741,24,,,0,16,,59740,24,,,0,55,,59739,24,,,0,15,,59738,24,,,0,10,,59737,24,,,0,10,,59736,24,,,0,10,,59742,24,,,0,50,,59743,24,,,0,10,,59744,24,,,0,10,,59745,24,,,0,15,,59746,24,,,0,15,,59747,24,,,0,55,,59748,24,,,0,14,,59776,24,,,0,15,,59777,24,,,0,15,,59778,24,,,0,55,,59779,24,,,0,15,,59780,24,,,0,15,,59781,24,,,0,15,,59782,24,,,0,55,,59783,24,,,0,15,,59784,24,,,0,15,,59785,24,,,0,15,,59786,24,,,0,55,,59787,24,,,0,15,,59788,24,,,0,10,,59807,8,,,0,5,,59789,24,,,0,15,,59790,24,,,0,55,,59791,24,,,0,15,,59792,24,,,0,18,,59749,24,,,0,15,,59750,24,,,0,55,,59773,24,,,0,15,,59772,24,,,0,10,,59771,24,,,0,10,,59770,24,,,0,10,,59769,24,,,0,50,,59768,24,,,0,10,,59767,24,,,0,10,,59766,24,,,0,10,,59765,24,,,0,10,,59764,24,,,0,10,,59763,24,,,0,50,,59762,24,,,0,10,,59751,24,,,0,10,,59752,24,,,0,10,,59753,24,,,0,10,,59754,24,,,0,10,,59755,24,,,0,50,,59756,24,,,0,10,,59757,24,,,0,10,,59758,24,,,0,15,,59759,24,,,0,15,,59760,24,,,0,55,,59761,24,,,0,13,,59793,24,,,0,30,,59794,24,,,0,70,,59795,24,,,0,30,,59796,24,,,0,70,,59797,24,,,0,30,,59798,24,,,0,70,,59799,24,,,0,30,,59800,24,,,0,70,,59801,24,,,0,30,,59802,24,,,0,70,,59803,24,,,0,30,,59804,24,,,0,70,,59805,24,,,0,30,,59806,24,,,0
1801,'1386',549,,59846,24,,,0,70,,59847,24,,,0,15,,59812,24,,,0,16,,59811,24,,,0,55,,59810,24,,,0,15,,59809,24,,,0,10,,59808,24,,,0,10,,59813,24,,,0,10,,59814,24,,,0,50,,59815,24,,,0,10,,59816,24,,,0,10,,59817,24,,,0,15,,59818,24,,,0,15,,59819,24,,,0,55,,59820,24,,,0,14,,59848,24,,,0,15,,59849,24,,,0,15,,59850,24,,,0,55,,59851,24,,,0,15,,59852,24,,,0,15,,59853,24,,,0,15,,59854,24,,,0,55,,59855,24,,,0,15,,59856,24,,,0,15,,59857,24,,,0,15,,59858,24,,,0,55,,59859,24,,,0,15,,59860,24,,,0,10,,59879,8,,,0,5,,59861,24,,,0,15,,59862,24,,,0,55,,59863,24,,,0,15,,59864,24,,,0,18,,59821,24,,,0,15,,59822,24,,,0,55,,59845,24,,,0,15,,59844,24,,,0,10,,59843,24,,,0,10,,59842,24,,,0,10,,59841,24,,,0,50,,59840,24,,,0,10,,59839,24,,,0,10,,59838,24,,,0,10,,59837,24,,,0,10,,59836,24,,,0,10,,59835,24,,,0,50,,59834,24,,,0,10,,59823,24,,,0,10,,59824,24,,,0,10,,59825,24,,,0,10,,59826,24,,,0,10,,59827,24,,,0,50,,59828,24,,,0,10,,59829,24,,,0,10,,59830,24,,,0,15,,59831,24,,,0,15,,59832,24,,,0,55,,59833,24,,,0,13,,59865,24,,,0,30,,59866,24,,,0,70,,59867,24,,,0,30,,59868,24,,,0,70,,59869,24,,,0,30,,59870,24,,,0,70,,59871,24,,,0,30,,59872,24,,,0,70,,59873,24,,,0,30,,59874,24,,,0,70,,59875,24,,,0,30,,59876,24,,,0,70,,59877,24,,,0,30,,59878,24,,,0
1801,'1387',549,,59918,24,,,0,70,,59919,24,,,0,15,,59884,24,,,0,16,,59883,24,,,0,55,,59882,24,,,0,15,,59881,24,,,0,10,,59880,24,,,0,10,,59885,24,,,0,10,,59886,24,,,0,50,,59887,24,,,0,10,,59888,24,,,0,10,,59889,24,,,0,15,,59890,24,,,0,15,,59891,24,,,0,55,,59892,24,,,0,14,,59920,24,,,0,15,,59921,24,,,0,15,,59922,24,,,0,55,,59923,24,,,0,15,,59924,24,,,0,15,,59925,24,,,0,15,,59926,24,,,0,55,,59927,24,,,0,15,,59928,24,,,0,15,,59929,24,,,0,15,,59930,24,,,0,55,,59931,24,,,0,15,,59932,24,,,0,10,,59951,8,,,0,5,,59933,24,,,0,15,,59934,24,,,0,55,,59935,24,,,0,15,,59936,24,,,0,18,,59893,24,,,0,15,,59894,24,,,0,55,,59917,24,,,0,15,,59916,24,,,0,10,,59915,24,,,0,10,,59914,24,,,0,10,,59913,24,,,0,50,,59912,24,,,0,10,,59911,24,,,0,10,,59910,24,,,0,10,,59909,24,,,0,10,,59908,24,,,0,10,,59907,24,,,0,50,,59906,24,,,0,10,,59895,24,,,0,10,,59896,24,,,0,10,,59897,24,,,0,10,,59898,24,,,0,10,,59899,24,,,0,50,,59900,24,,,0,10,,59901,24,,,0,10,,59902,24,,,0,15,,59903,24,,,0,15,,59904,24,,,0,55,,59905,24,,,0,13,,59937,24,,,0,30,,59938,24,,,0,70,,59939,24,,,0,30,,59940,24,,,0,70,,59941,24,,,0,30,,59942,24,,,0,70,,59943,24,,,0,30,,59944,24,,,0,70,,59945,24,,,0,30,,59946,24,,,0,70,,59947,24,,,0,30,,59948,24,,,0,70,,59949,24,,,0,30,,59950,24,,,0
1801,'1388',549,,59990,24,,,0,70,,59991,24,,,0,15,,59956,24,,,0,16,,59955,24,,,0,55,,59954,24,,,0,15,,59953,24,,,0,10,,59952,24,,,0,10,,59957,24,,,0,10,,59958,24,,,0,50,,59959,24,,,0,10,,59960,24,,,0,10,,59961,24,,,0,15,,59962,24,,,0,15,,59963,24,,,0,55,,59964,24,,,0,14,,59992,24,,,0,15,,59993,24,,,0,15,,59994,24,,,0,55,,59995,24,,,0,15,,59996,24,,,0,15,,59997,24,,,0,15,,59998,24,,,0,55,,59999,24,,,0,15,,60000,24,,,0,15,,60001,24,,,0,15,,60002,24,,,0,55,,60003,24,,,0,15,,60004,24,,,0,10,,60023,8,,,0,5,,60005,24,,,0,15,,60006,24,,,0,55,,60007,24,,,0,15,,60008,24,,,0,18,,59965,24,,,0,15,,59966,24,,,0,55,,59989,24,,,0,15,,59988,24,,,0,10,,59987,24,,,0,10,,59986,24,,,0,10,,59985,24,,,0,50,,59984,24,,,0,10,,59983,24,,,0,10,,59982,24,,,0,10,,59981,24,,,0,10,,59980,24,,,0,10,,59979,24,,,0,50,,59978,24,,,0,10,,59967,24,,,0,10,,59968,24,,,0,10,,59969,24,,,0,10,,59970,24,,,0,10,,59971,24,,,0,50,,59972,24,,,0,10,,59973,24,,,0,10,,59974,24,,,0,15,,59975,24,,,0,15,,59976,24,,,0,55,,59977,24,,,0,13,,60009,24,,,0,30,,60010,24,,,0,70,,60011,24,,,0,30,,60012,24,,,0,70,,60013,24,,,0,30,,60014,24,,,0,70,,60015,24,,,0,30,,60016,24,,,0,70,,60017,24,,,0,30,,60018,24,,,0,70,,60019,24,,,0,30,,60020,24,,,0,70,,60021,24,,,0,30,,60022,24,,,0
1801,'1389',549,,60062,24,,,0,70,,60063,24,,,0,15,,60028,24,,,0,16,,60027,24,,,0,55,,60026,24,,,0,15,,60025,24,,,0,10,,60024,24,,,0,10,,60029,24,,,0,10,,60030,24,,,0,50,,60031,24,,,0,10,,60032,24,,,0,10,,60033,24,,,0,15,,60034,24,,,0,15,,60035,24,,,0,55,,60036,24,,,0,14,,60064,24,,,0,15,,60065,24,,,0,15,,60066,24,,,0,55,,60067,24,,,0,15,,60068,24,,,0,15,,60069,24,,,0,15,,60070,24,,,0,55,,60071,24,,,0,15,,60072,24,,,0,15,,60073,24,,,0,15,,60074,24,,,0,55,,60075,24,,,0,15,,60076,24,,,0,10,,60095,8,,,0,5,,60077,24,,,0,15,,60078,24,,,0,55,,60079,24,,,0,15,,60080,24,,,0,18,,60037,24,,,0,15,,60038,24,,,0,55,,60061,24,,,0,15,,60060,24,,,0,10,,60059,24,,,0,10,,60058,24,,,0,10,,60057,24,,,0,50,,60056,24,,,0,10,,60055,24,,,0,10,,60054,24,,,0,10,,60053,24,,,0,10,,60052,24,,,0,10,,60051,24,,,0,50,,60050,24,,,0,10,,60039,24,,,0,10,,60040,24,,,0,10,,60041,24,,,0,10,,60042,24,,,0,10,,60043,24,,,0,50,,60044,24,,,0,10,,60045,24,,,0,10,,60046,24,,,0,15,,60047,24,,,0,15,,60048,24,,,0,55,,60049,24,,,0,13,,60081,24,,,0,30,,60082,24,,,0,70,,60083,24,,,0,30,,60084,24,,,0,70,,60085,24,,,0,30,,60086,24,,,0,70,,60087,24,,,0,30,,60088,24,,,0,70,,60089,24,,,0,30,,60090,24,,,0,70,,60091,24,,,0,30,,60092,24,,,0,70,,60093,24,,,0,30,,60094,24,,,0
1901,'1383',920,,60309,26,,,0,100,,60310,26,,,0,100,,60311,26,,,0,100,,60312,26,,,0,100,,60313,26,,,0,100,,60315,26,,,0,100,,60314,26,,,0,100,,60308,26,,,0,100,,60307,26,,,0,100,,60306,26,,,0,100,,60305,26,,,0,100,,60304,26,,,0
1901,'1384',820,,60316,26,,,0,100,,60317,26,,,0,100,,60318,26,,,0,30,,60319,26,,,0,70,,60320,26,,,0,30,,60321,26,,,0,70,,60322,26,,,0,30,,60323,26,,,0,70,,60324,26,,,0,30,,60325,26,,,0,70,,60326,26,,,0,30,,60327,26,,,0,70,,60328,26,,,0,30,,60329,26,,,0,70,,60330,26,,,0,30,,60331,26,,,0,70,,60332,26,,,0,30,,60333,26,,,0,70,,60334,26,,,0,30,,60335,26,,,0,70,,60336,26,,,0,30,,60337,26,,,0,70,,60338,26,,,0,100,,60339,26,,,0,100,,60340,26,,,0,100,,60341,26,,,0
1901,'1385',620,,60342,26,,,0,30,,60343,26,,,0,70,,60344,26,,,0,30,,60345,26,,,0,70,,60346,26,,,0,30,,60347,26,,,0,70,,60348,26,,,0,30,,60349,26,,,0,70,,60350,26,,,0,30,,60351,26,,,0,70,,60352,26,,,0,30,,60353,26,,,0,70,,60354,26,,,0,30,,60355,26,,,0,70,,60356,26,,,0,30,,60357,26,,,0,70,,60358,26,,,0,30,,60359,26,,,0,70,,60360,26,,,0,30,,60361,26,,,0,70,,60362,26,,,0,30,,60363,26,,,0,70,,60364,26,,,0,30,,60365,26,,,0,70,,60366,26,,,0,30,,60367,26,,,0,70,,60368,26,,,0,30,,60369,26,,,0,70,,60370,26,,,0,30,,60371,26,,,0,70,,60372,26,,,0,30,,60373,26,,,0,100,,60374,26,,,0,100,,60375,26,,,0
1901,'1386',620,,60376,26,,,0,30,,60377,26,,,0,70,,60378,26,,,0,30,,60379,26,,,0,70,,60380,26,,,0,30,,60381,26,,,0,70,,60382,26,,,0,30,,60383,26,,,0,70,,60384,26,,,0,30,,60385,26,,,0,70,,60386,26,,,0,30,,60387,26,,,0,70,,60388,26,,,0,30,,60389,26,,,0,70,,60390,26,,,0,30,,60391,26,,,0,70,,60392,26,,,0,30,,60393,26,,,0,70,,60394,26,,,0,30,,60395,26,,,0,70,,60396,26,,,0,30,,60397,26,,,0,70,,60398,26,,,0,30,,60399,26,,,0,70,,60400,26,,,0,30,,60401,26,,,0,70,,60402,26,,,0,30,,60403,26,,,0,70,,60404,26,,,0,30,,60405,26,,,0,70,,60406,26,,,0,30,,60407,26,,,0,100,,60408,26,,,0,100,,60409,26,,,0
1901,'1387',620,,60410,26,,,0,30,,60411,26,,,0,70,,60412,26,,,0,30,,60413,26,,,0,70,,60414,26,,,0,30,,60415,26,,,0,70,,60416,26,,,0,30,,60417,26,,,0,70,,60418,26,,,0,30,,60419,26,,,0,70,,60420,26,,,0,30,,60421,26,,,0,70,,60422,26,,,0,30,,60423,26,,,0,70,,60424,26,,,0,30,,60425,26,,,0,70,,60426,26,,,0,30,,60427,26,,,0,70,,60428,26,,,0,30,,60429,26,,,0,70,,60430,26,,,0,30,,60431,26,,,0,70,,60432,26,,,0,30,,60433,26,,,0,70,,60434,26,,,0,30,,60435,26,,,0,70,,60436,26,,,0,30,,60437,26,,,0,70,,60438,26,,,0,30,,60439,26,,,0,70,,60440,26,,,0,30,,60441,26,,,0,100,,60442,26,,,0,100,,60443,26,,,0
1901,'1388',620,,60444,26,,,0,30,,60445,26,,,0,70,,60446,26,,,0,30,,60447,26,,,0,70,,60448,26,,,0,30,,60449,26,,,0,70,,60450,26,,,0,30,,60451,26,,,0,70,,60452,26,,,0,30,,60453,26,,,0,70,,60454,26,,,0,30,,60455,26,,,0,70,,60456,26,,,0,30,,60457,26,,,0,70,,60458,26,,,0,30,,60459,26,,,0,70,,60460,26,,,0,30,,60461,26,,,0,70,,60462,26,,,0,30,,60463,26,,,0,70,,60464,26,,,0,30,,60465,26,,,0,70,,60466,26,,,0,30,,60467,26,,,0,70,,60468,26,,,0,30,,60469,26,,,0,70,,60470,26,,,0,30,,60471,26,,,0,70,,60472,26,,,0,30,,60473,26,,,0,70,,60474,26,,,0,30,,60475,26,,,0,100,,60476,26,,,0,100,,60477,26,,,0
1901,'1389',620,,60478,26,,,0,30,,60479,26,,,0,70,,60480,26,,,0,30,,60481,26,,,0,70,,60482,26,,,0,30,,60483,26,,,0,70,,60484,26,,,0,30,,60485,26,,,0,70,,60486,26,,,0,30,,60487,26,,,0,70,,60488,26,,,0,30,,60489,26,,,0,70,,60490,26,,,0,30,,60491,26,,,0,70,,60492,26,,,0,30,,60493,26,,,0,70,,60494,26,,,0,30,,60495,26,,,0,70,,60496,26,,,0,30,,60497,26,,,0,70,,60498,26,,,0,30,,60499,26,,,0,70,,60500,26,,,0,30,,60501,26,,,0,70,,60502,26,,,0,30,,60503,26,,,0,70,,60504,26,,,0,30,,60505,26,,,0,70,,60506,26,,,0,30,,60507,26,,,0,70,,60508,26,,,0,30,,60509,26,,,0,100,,60510,26,,,0,100,,60511,26,,,0
