721303,'1390',846,,70801,13,0,15,0,80,,70800,13,0,15,0,80,,70799,13,0,15,0,40,,70798,13,0,15,0,80,,70797,13,0,15,0,80,,70796,13,0,15,0,40,,70795,13,0,15,0,80,,70794,13,0,15,0,80,,70793,13,0,15,0,40,,70792,13,0,15,0,80,,70791,13,0,15,0,80,,70790,13,0,15,0,40,,70789,13,0,15,0,80,,70788,13,0,15,0,80,,70787,13,0,15,0,40,,70786,13,0,15,0,80,,70785,13,0,15,0,80,,70784,13,0,15,0
721303,'1391',646,,70802,13,0,15,0,80,,70803,13,0,15,0,80,,70804,13,0,15,0,40,,70805,13,0,15,0,80,,70806,13,0,15,0,80,,70807,13,0,15,0,40,,70808,13,0,15,0,80,,70809,13,0,15,0,80,,70810,13,0,15,0,20,,70811,13,0,15,0,20,,70812,13,0,15,0,60,,70813,13,0,15,0,20,,70814,13,0,15,0,20,,70815,13,0,15,0,60,,70816,13,0,15,0,20,,70817,13,0,15,0,20,,70818,13,0,15,0,60,,70819,13,0,15,0,20,,70820,13,0,15,0,20,,70821,13,0,15,0,60,,70822,13,0,15,0,20,,70823,13,0,15,0,20,,70824,13,0,15,0,60,,70825,13,0,15,0,20,,70826,13,0,15,0,20,,70827,13,0,15,0,60,,70828,13,0,15,0,20,,70829,13,0,15,0,20,,70830,13,0,15,0,80,,70831,13,0,15,0,80,,70832,13,0,15,0,40,,70833,13,0,15,0,80,,70834,13,0,15,0,80,,70835,13,0,15,0,40,,70836,13,0,15,0,80,,70837,13,0,15,0
721303,'1392',620,,70838,13,0,15,0,85,,70839,13,0,15,0,20,,70840,13,0,15,0,25,,70841,13,0,15,0,60,,70842,13,0,15,0,25,,70843,13,0,15,0,20,,70844,13,0,15,0,65,,70845,13,0,15,0,20,,70846,13,0,15,0,65,,70847,13,0,15,0,20,,70848,13,0,15,0,25,,70849,13,0,15,0,60,,70850,13,0,15,0,25,,70851,13,0,15,0,20,,70852,13,0,15,0,65,,70853,13,0,15,0,20,,70854,13,0,15,0,65,,70855,13,0,15,0,20,,70856,13,0,15,0,25,,70857,13,0,15,0,60,,70858,13,0,15,0,25,,70859,13,0,15,0,20,,70860,13,0,15,0,65,,70861,13,0,15,0,20,,70862,13,0,15,0,65,,70863,13,0,15,0,20,,70864,13,0,15,0,25,,70865,13,0,15,0,60,,70866,13,0,15,0,25,,70867,13,0,15,0,20,,70868,13,0,15,0,65,,70869,13,0,15,0,20,,70870,13,0,15,0,69,,70871,13,0,15,0,37,,70872,13,0,15,0,80,,70873,13,0,15,0,80,,70874,13,0,15,0,40,,70875,13,0,15,0,80,,70876,13,0,15,0,80,,70877,13,0,15,0,40,,70878,13,0,15,0
721303,'1393',620,,70879,13,0,15,0,85,,70880,13,0,15,0,20,,70881,13,0,15,0,25,,70882,13,0,15,0,60,,70883,13,0,15,0,25,,70884,13,0,15,0,20,,70885,13,0,15,0,65,,70886,13,0,15,0,20,,70887,13,0,15,0,65,,70888,13,0,15,0,20,,70889,13,0,15,0,25,,70890,13,0,15,0,60,,70891,13,0,15,0,25,,70892,13,0,15,0,20,,70893,13,0,15,0,65,,70894,13,0,15,0,20,,70895,13,0,15,0,65,,70896,13,0,15,0,20,,70897,13,0,15,0,25,,70898,13,0,15,0,60,,70899,13,0,15,0,25,,70900,13,0,15,0,20,,70901,13,0,15,0,65,,70902,13,0,15,0,20,,70903,13,0,15,0,65,,70904,13,0,15,0,20,,70905,13,0,15,0,25,,70906,13,0,15,0,60,,70907,13,0,15,0,25,,70908,13,0,15,0,20,,70909,13,0,15,0,65,,70910,13,0,15,0,20,,70911,13,0,15,0,69,,70912,13,0,15,0,37,,70913,13,0,15,0,80,,70914,13,0,15,0,80,,70915,13,0,15,0,40,,70916,13,0,15,0,80,,70917,13,0,15,0,80,,70918,13,0,15,0,40,,70919,13,0,15,0
721303,'1394',620,,70920,13,0,15,0,85,,70921,13,0,15,0,20,,70922,13,0,15,0,25,,70923,13,0,15,0,60,,70924,13,0,15,0,25,,70925,13,0,15,0,20,,70926,13,0,15,0,65,,70927,13,0,15,0,20,,70928,13,0,15,0,65,,70929,13,0,15,0,20,,70930,13,0,15,0,25,,70931,13,0,15,0,60,,70932,13,0,15,0,25,,70933,13,0,15,0,20,,70934,13,0,15,0,65,,70935,13,0,15,0,20,,70936,13,0,15,0,65,,70937,13,0,15,0,20,,70938,13,0,15,0,25,,70939,13,0,15,0,60,,70940,13,0,15,0,25,,70941,13,0,15,0,20,,70942,13,0,15,0,65,,70943,13,0,15,0,20,,70944,13,0,15,0,65,,70945,13,0,15,0,20,,70946,13,0,15,0,25,,70947,13,0,15,0,60,,70948,13,0,15,0,25,,70949,13,0,15,0,20,,70950,13,0,15,0,65,,70951,13,0,15,0,20,,70952,13,0,15,0,69,,70953,13,0,15,0,37,,70954,13,0,15,0,80,,70955,13,0,15,0,80,,70956,13,0,15,0,40,,70957,13,0,15,0,80,,70958,13,0,15,0,80,,70959,13,0,15,0,40,,70960,13,0,15,0
721303,'1395',620,,70961,13,0,15,0,85,,70962,13,0,15,0,20,,70963,13,0,15,0,25,,70964,13,0,15,0,60,,70965,13,0,15,0,25,,70966,13,0,15,0,20,,70967,13,0,15,0,65,,70968,13,0,15,0,20,,70969,13,0,15,0,65,,70970,13,0,15,0,20,,70971,13,0,15,0,25,,70972,13,0,15,0,60,,70973,13,0,15,0,25,,70974,13,0,15,0,20,,70975,13,0,15,0,65,,70976,13,0,15,0,20,,70977,13,0,15,0,65,,70978,13,0,15,0,20,,70979,13,0,15,0,25,,70980,13,0,15,0,60,,70981,13,0,15,0,25,,70982,13,0,15,0,20,,70983,13,0,15,0,65,,70984,13,0,15,0,20,,70985,13,0,15,0,65,,70986,13,0,15,0,20,,70987,13,0,15,0,25,,70988,13,0,15,0,60,,70989,13,0,15,0,25,,70990,13,0,15,0,20,,70991,13,0,15,0,65,,70992,13,0,15,0,20,,70993,13,0,15,0,69,,70994,13,0,15,0,37,,70995,13,0,15,0,80,,70996,13,0,15,0,80,,70997,13,0,15,0,40,,70998,13,0,15,0,80,,70999,13,0,15,0,80,,71000,13,0,15,0,40,,71001,13,0,15,0
721303,'1396',620,,71002,13,0,15,0,85,,71003,13,0,15,0,20,,71004,13,0,15,0,25,,71005,13,0,15,0,60,,71006,13,0,15,0,25,,71007,13,0,15,0,20,,71008,13,0,15,0,65,,71009,13,0,15,0,20,,71010,13,0,15,0,65,,71011,13,0,15,0,20,,71012,13,0,15,0,25,,71013,13,0,15,0,60,,71014,13,0,15,0,25,,71015,13,0,15,0,20,,71016,13,0,15,0,65,,71017,13,0,15,0,20,,71018,13,0,15,0,65,,71019,13,0,15,0,20,,71020,13,0,15,0,25,,71021,13,0,15,0,60,,71022,13,0,15,0,25,,71023,13,0,15,0,20,,71024,13,0,15,0,65,,71025,13,0,15,0,20,,71026,13,0,15,0,65,,71027,13,0,15,0,20,,71028,13,0,15,0,25,,71029,13,0,15,0,60,,71030,13,0,15,0,25,,71031,13,0,15,0,20,,71032,13,0,15,0,65,,71033,13,0,15,0,20,,71034,13,0,15,0,69,,71035,13,0,15,0,37,,71036,13,0,15,0,80,,71037,13,0,15,0,80,,71038,13,0,15,0,40,,71039,13,0,15,0,80,,71040,13,0,15,0,80,,71041,13,0,15,0,40,,71042,13,0,15,0
721502,'1390',900,,71724,4,0,16,0,100,,71723,4,0,16,0,100,,71722,4,0,16,0,100,,71721,4,0,16,0,100,,71720,4,0,16,0,100,,71719,4,0,16,0,100,,71718,4,0,16,0,100,,71717,4,0,16,0,100,,71716,4,0,16,0,100,,71715,4,0,16,0,100,,71714,4,0,16,0
721502,'1391',700,,71725,4,0,16,0,100,,71726,4,0,16,0,100,,71727,4,0,16,0,100,,71728,4,0,16,0,100,,71729,4,0,16,0,100,,71730,4,0,16,0,100,,71731,4,0,16,0,30,,71732,4,0,16,0,70,,71733,4,0,16,0,30,,71734,4,0,16,0,70,,71735,4,0,16,0,30,,71736,4,0,16,0,70,,71737,4,0,16,0,30,,71738,4,0,16,0,70,,71739,4,0,16,0,30,,71740,4,0,16,0,70,,71741,4,0,16,0,30,,71742,4,0,16,0,70,,71743,4,0,16,0
721502,'1392',700,,71745,4,0,16,0,30,,71746,4,0,16,0,70,,71747,4,0,16,0,30,,71748,4,0,16,0,70,,71749,4,0,16,0,30,,71750,4,0,16,0,70,,71751,4,0,16,0,30,,71752,4,0,16,0,70,,71753,4,0,16,0,30,,71754,4,0,16,0,70,,71755,4,0,16,0,30,,71756,4,0,16,0,70,,71757,4,0,16,0,30,,71758,4,0,16,0,70,,71759,4,0,16,0,30,,71760,4,0,16,0,70,,71761,4,0,16,0,30,,71762,4,0,16,0,70,,71763,4,0,16,0,30,,71764,4,0,16,0,70,,71765,4,0,16,0,30,,71766,4,0,16,0,70,,71767,4,0,16,0,30,,71768,4,0,16,0,70,,71769,4,0,16,0,100,,71770,4,0,16,0,100,,71771,4,0,16,0,100,,71772,4,0,16,0
721502,'1393',700,,71774,4,0,16,0,30,,71775,4,0,16,0,70,,71776,4,0,16,0,30,,71777,4,0,16,0,70,,71778,4,0,16,0,30,,71779,4,0,16,0,70,,71780,4,0,16,0,30,,71781,4,0,16,0,70,,71782,4,0,16,0,30,,71783,4,0,16,0,70,,71784,4,0,16,0,30,,71785,4,0,16,0,70,,71786,4,0,16,0,30,,71787,4,0,16,0,70,,71788,4,0,16,0,30,,71789,4,0,16,0,70,,71790,4,0,16,0,30,,71791,4,0,16,0,70,,71792,4,0,16,0,30,,71793,4,0,16,0,70,,71794,4,0,16,0,30,,71795,4,0,16,0,70,,71796,4,0,16,0,30,,71797,4,0,16,0,70,,71798,4,0,16,0,100,,71799,4,0,16,0,100,,71800,4,0,16,0,100,,71801,4,0,16,0
721502,'1394',700,,71803,4,0,16,0,30,,71804,4,0,16,0,70,,71805,4,0,16,0,30,,71806,4,0,16,0,70,,71807,4,0,16,0,30,,71808,4,0,16,0,70,,71809,4,0,16,0,30,,71810,4,0,16,0,70,,71811,4,0,16,0,30,,71812,4,0,16,0,70,,71813,4,0,16,0,30,,71814,4,0,16,0,70,,71815,4,0,16,0,30,,71816,4,0,16,0,70,,71817,4,0,16,0,30,,71818,4,0,16,0,70,,71819,4,0,16,0,30,,71820,4,0,16,0,70,,71821,4,0,16,0,30,,71822,4,0,16,0,70,,71823,4,0,16,0,30,,71824,4,0,16,0,70,,71825,4,0,16,0,30,,71826,4,0,16,0,70,,71827,4,0,16,0,100,,71828,4,0,16,0,100,,71829,4,0,16,0,100,,71830,4,0,16,0
721502,'1395',700,,71832,4,0,16,0,30,,71833,4,0,16,0,70,,71834,4,0,16,0,30,,71835,4,0,16,0,70,,71836,4,0,16,0,30,,71837,4,0,16,0,70,,71838,4,0,16,0,30,,71839,4,0,16,0,70,,71840,4,0,16,0,30,,71841,4,0,16,0,70,,71842,4,0,16,0,30,,71843,4,0,16,0,70,,71844,4,0,16,0,30,,71845,4,0,16,0,70,,71846,4,0,16,0,30,,71847,4,0,16,0,70,,71848,4,0,16,0,30,,71849,4,0,16,0,70,,71850,4,0,16,0,30,,71851,4,0,16,0,70,,71852,4,0,16,0,30,,71853,4,0,16,0,70,,71854,4,0,16,0,30,,71855,4,0,16,0,70,,71856,4,0,16,0,100,,71857,4,0,16,0,100,,71858,4,0,16,0,100,,71859,4,0,16,0
721502,'1396',700,,71861,4,0,16,0,30,,71862,4,0,16,0,70,,71863,4,0,16,0,30,,71864,4,0,16,0,70,,71865,4,0,16,0,30,,71866,4,0,16,0,70,,71867,4,0,16,0,30,,71868,4,0,16,0,70,,71869,4,0,16,0,30,,71870,4,0,16,0,70,,71871,4,0,16,0,30,,71872,4,0,16,0,70,,71873,4,0,16,0,30,,71874,4,0,16,0,70,,71875,4,0,16,0,30,,71876,4,0,16,0,70,,71877,4,0,16,0,30,,71878,4,0,16,0,70,,71879,4,0,16,0,30,,71880,4,0,16,0,70,,71881,4,0,16,0,30,,71882,4,0,16,0,70,,71883,4,0,16,0,30,,71884,4,0,16,0,70,,71885,4,0,16,0,100,,71886,4,0,16,0,100,,71887,4,0,16,0,100,,71888,4,0,16,0
