1700,'1390',624,,65455,36,,,0,100,,65454,36,,,0,100,,65453,36,,,0,100,,65452,36,,,0,109,,65470,36,,,0,80,,65469,36,,,0,40,,65468,36,,,0,80,,65467,36,,,0,80,,65466,36,,,0,40,,65465,36,,,0,80,,65464,36,,,0,80,,65463,36,,,0,40,,65462,36,,,0,80,,65461,36,,,0,80,,65460,36,,,0,40,,65459,36,,,0,80,,65458,36,,,0,80,,65457,36,,,0,40,,65456,36,,,0
1700,'1391',542,,65471,36,,,0,74,,65472,36,,,0,30,,65473,36,,,0,70,,65474,36,,,0,30,,65475,36,,,0,70,,65476,36,,,0,30,,65477,36,,,0,70,,65478,36,,,0,30,,65479,36,,,0,70,,65480,36,,,0,37,,65489,36,,,0,60,,65490,36,,,0,20,,65491,36,,,0,20,,65492,36,,,0,60,,65493,36,,,0,20,,65494,36,,,0,20,,65495,36,,,0,60,,65496,36,,,0,20,,65497,36,,,0,20,,65498,36,,,0,60,,65499,36,,,0,20,,65500,36,,,0,20,,65501,36,,,0,60,,65502,36,,,0,20,,65503,36,,,0,20,,65504,36,,,0,60,,65505,36,,,0,20,,65506,36,,,0,20,,65507,36,,,0,60,,65508,36,,,0,20,,65509,36,,,0,20,,65510,36,,,0,60,,65511,36,,,0,20,,65512,36,,,0,15,,65513,36,,,0,70,,65514,36,,,0,30,,65515,36,,,0,70,,65516,36,,,0,30,,65517,36,,,0,68,,65481,36,,,0,30,,65482,36,,,0,70,,65483,36,,,0,30,,65484,36,,,0,70,,65485,36,,,0,30,,65486,36,,,0,70,,65487,36,,,0,30,,65488,36,,,0
1700,'1392',546,,65518,36,,,0,83,,65520,36,,,0,15,,65521,36,,,0,15,,65522,36,,,0,55,,65523,36,,,0,15,,65524,36,,,0,10,,65525,36,,,0,10,,65526,36,,,0,10,,65527,36,,,0,50,,65528,36,,,0,10,,65529,36,,,0,10,,65530,36,,,0,10,,65531,36,,,0,10,,65532,36,,,0,10,,65533,36,,,0,50,,65534,36,,,0,10,,65535,36,,,0,10,,65536,36,,,0,10,,65537,36,,,0,10,,65538,36,,,0,10,,65539,36,,,0,50,,65540,36,,,0,10,,65541,36,,,0,10,,65542,36,,,0,10,,65543,36,,,0,10,,65544,36,,,0,10,,65545,36,,,0,50,,65546,36,,,0,10,,65547,36,,,0,10,,65548,36,,,0,10,,65549,36,,,0,10,,65550,36,,,0,10,,65551,36,,,0,50,,65552,36,,,0,10,,65553,36,,,0,10,,65554,36,,,0,10,,65555,36,,,0,10,,65556,36,,,0,10,,65557,36,,,0,50,,65558,36,,,0,10,,65559,36,,,0,10,,65560,36,,,0,10,,65561,36,,,0,10,,65562,36,,,0,10,,65563,36,,,0,50,,65564,36,,,0,10,,65565,36,,,0,10,,65566,36,,,0,10,,65567,36,,,0,10,,65568,36,,,0,10,,65569,36,,,0,50,,65570,36,,,0,10,,65571,36,,,0,10,,65572,36,,,0,10,,65573,36,,,0,10,,65574,36,,,0,10,,65575,36,,,0,50,,65576,36,,,0,10,,65577,36,,,0,10,,65578,36,,,0,10,,65579,36,,,0,10,,65580,36,,,0,10,,65581,36,,,0,50,,65582,36,,,0,10,,65583,36,,,0,10,,65584,36,,,0,10,,65585,36,,,0,10,,65586,36,,,0,10,,65587,36,,,0,50,,65588,36,,,0,10,,65589,36,,,0,10,,65590,36,,,0,15,,65591,36,,,0,15,,65592,36,,,0,55,,65593,36,,,0,30,,65594,36,,,0,70,,65595,36,,,0,30,,65596,36,,,0,70,,65597,36,,,0,30,,65598,36,,,0,70,,65599,36,,,0,30,,65600,36,,,0,70,,65601,36,,,0,30,,65602,36,,,0,70,,65603,36,,,0,30,,65604,36,,,0
1700,'1393',546,,65605,36,,,0,83,,65607,36,,,0,15,,65608,36,,,0,15,,65609,36,,,0,55,,65610,36,,,0,15,,65611,36,,,0,10,,65612,36,,,0,10,,65613,36,,,0,10,,65614,36,,,0,50,,65615,36,,,0,10,,65616,36,,,0,10,,65617,36,,,0,10,,65618,36,,,0,10,,65619,36,,,0,10,,65620,36,,,0,50,,65621,36,,,0,10,,65622,36,,,0,10,,65623,36,,,0,10,,65624,36,,,0,10,,65625,36,,,0,10,,65626,36,,,0,50,,65627,36,,,0,10,,65628,36,,,0,10,,65629,36,,,0,10,,65630,36,,,0,10,,65631,36,,,0,10,,65632,36,,,0,50,,65633,36,,,0,10,,65634,36,,,0,10,,65635,36,,,0,10,,65636,36,,,0,10,,65637,36,,,0,10,,65638,36,,,0,50,,65639,36,,,0,10,,65640,36,,,0,10,,65641,36,,,0,10,,65642,36,,,0,10,,65643,36,,,0,10,,65644,36,,,0,50,,65645,36,,,0,10,,65646,36,,,0,10,,65647,36,,,0,10,,65648,36,,,0,10,,65649,36,,,0,10,,65650,36,,,0,50,,65651,36,,,0,10,,65652,36,,,0,10,,65653,36,,,0,10,,65654,36,,,0,10,,65655,36,,,0,10,,65656,36,,,0,50,,65657,36,,,0,10,,65658,36,,,0,10,,65659,36,,,0,10,,65660,36,,,0,10,,65661,36,,,0,10,,65662,36,,,0,50,,65663,36,,,0,10,,65664,36,,,0,10,,65665,36,,,0,10,,65666,36,,,0,10,,65667,36,,,0,10,,65668,36,,,0,50,,65669,36,,,0,10,,65670,36,,,0,10,,65671,36,,,0,10,,65672,36,,,0,10,,65673,36,,,0,10,,65674,36,,,0,50,,65675,36,,,0,10,,65676,36,,,0,10,,65677,36,,,0,15,,65678,36,,,0,15,,65679,36,,,0,55,,65680,36,,,0,30,,65681,36,,,0,70,,65682,36,,,0,30,,65683,36,,,0,70,,65684,36,,,0,30,,65685,36,,,0,70,,65686,36,,,0,30,,65687,36,,,0,70,,65688,36,,,0,30,,65689,36,,,0,70,,65690,36,,,0,30,,65691,36,,,0
1700,'1394',546,,65692,36,,,0,83,,65694,36,,,0,15,,65695,36,,,0,15,,65696,36,,,0,55,,65697,36,,,0,15,,65698,36,,,0,10,,65699,36,,,0,10,,65700,36,,,0,10,,65701,36,,,0,50,,65702,36,,,0,10,,65703,36,,,0,10,,65704,36,,,0,10,,65705,36,,,0,10,,65706,36,,,0,10,,65707,36,,,0,50,,65708,36,,,0,10,,65709,36,,,0,10,,65710,36,,,0,10,,65711,36,,,0,10,,65712,36,,,0,10,,65713,36,,,0,50,,65714,36,,,0,10,,65715,36,,,0,10,,65716,36,,,0,10,,65717,36,,,0,10,,65718,36,,,0,10,,65719,36,,,0,50,,65720,36,,,0,10,,65721,36,,,0,10,,65722,36,,,0,10,,65723,36,,,0,10,,65724,36,,,0,10,,65725,36,,,0,50,,65726,36,,,0,10,,65727,36,,,0,10,,65728,36,,,0,10,,65729,36,,,0,10,,65730,36,,,0,10,,65731,36,,,0,50,,65732,36,,,0,10,,65733,36,,,0,10,,65734,36,,,0,10,,65735,36,,,0,10,,65736,36,,,0,10,,65737,36,,,0,50,,65738,36,,,0,10,,65739,36,,,0,10,,65740,36,,,0,10,,65741,36,,,0,10,,65742,36,,,0,10,,65743,36,,,0,50,,65744,36,,,0,10,,65745,36,,,0,10,,65746,36,,,0,10,,65747,36,,,0,10,,65748,36,,,0,10,,65749,36,,,0,50,,65750,36,,,0,10,,65751,36,,,0,10,,65752,36,,,0,10,,65753,36,,,0,10,,65754,36,,,0,10,,65755,36,,,0,50,,65756,36,,,0,10,,65757,36,,,0,10,,65758,36,,,0,10,,65759,36,,,0,10,,65760,36,,,0,10,,65761,36,,,0,50,,65762,36,,,0,10,,65763,36,,,0,10,,65764,36,,,0,15,,65765,36,,,0,15,,65766,36,,,0,55,,65767,36,,,0,30,,65768,36,,,0,70,,65769,36,,,0,30,,65770,36,,,0,70,,65771,36,,,0,30,,65772,36,,,0,70,,65773,36,,,0,30,,65774,36,,,0,70,,65775,36,,,0,30,,65776,36,,,0,70,,65777,36,,,0,30,,65778,36,,,0
1700,'1395',546,,65779,36,,,0,83,,65781,36,,,0,15,,65782,36,,,0,15,,65783,36,,,0,55,,65784,36,,,0,15,,65785,36,,,0,10,,65786,36,,,0,10,,65787,36,,,0,10,,65788,36,,,0,50,,65789,36,,,0,10,,65790,36,,,0,10,,65791,36,,,0,10,,65792,36,,,0,10,,65793,36,,,0,10,,65794,36,,,0,50,,65795,36,,,0,10,,65796,36,,,0,10,,65797,36,,,0,10,,65798,36,,,0,10,,65799,36,,,0,10,,65800,36,,,0,50,,65801,36,,,0,10,,65802,36,,,0,10,,65803,36,,,0,10,,65804,36,,,0,10,,65805,36,,,0,10,,65806,36,,,0,50,,65807,36,,,0,10,,65808,36,,,0,10,,65809,36,,,0,10,,65810,36,,,0,10,,65811,36,,,0,10,,65812,36,,,0,50,,65813,36,,,0,10,,65814,36,,,0,10,,65815,36,,,0,10,,65816,36,,,0,10,,65817,36,,,0,10,,65818,36,,,0,50,,65819,36,,,0,10,,65820,36,,,0,10,,65821,36,,,0,10,,65822,36,,,0,10,,65823,36,,,0,10,,65824,36,,,0,50,,65825,36,,,0,10,,65826,36,,,0,10,,65827,36,,,0,10,,65828,36,,,0,10,,65829,36,,,0,10,,65830,36,,,0,50,,65831,36,,,0,10,,65832,36,,,0,10,,65833,36,,,0,10,,65834,36,,,0,10,,65835,36,,,0,10,,65836,36,,,0,50,,65837,36,,,0,10,,65838,36,,,0,10,,65839,36,,,0,10,,65840,36,,,0,10,,65841,36,,,0,10,,65842,36,,,0,50,,65843,36,,,0,10,,65844,36,,,0,10,,65845,36,,,0,10,,65846,36,,,0,10,,65847,36,,,0,10,,65848,36,,,0,50,,65849,36,,,0,10,,65850,36,,,0,10,,65851,36,,,0,15,,65852,36,,,0,15,,65853,36,,,0,55,,65854,36,,,0,30,,65855,36,,,0,70,,65856,36,,,0,30,,65857,36,,,0,70,,65858,36,,,0,30,,65859,36,,,0,70,,65860,36,,,0,30,,65861,36,,,0,70,,65862,36,,,0,30,,65863,36,,,0,70,,65864,36,,,0,30,,65865,36,,,0
1700,'1396',546,,65866,36,,,0,83,,65868,36,,,0,15,,65869,36,,,0,15,,65870,36,,,0,55,,65871,36,,,0,15,,65872,36,,,0,10,,65873,36,,,0,10,,65874,36,,,0,10,,65875,36,,,0,50,,65876,36,,,0,10,,65877,36,,,0,10,,65878,36,,,0,10,,65879,36,,,0,10,,65880,36,,,0,10,,65881,36,,,0,50,,65882,36,,,0,10,,65883,36,,,0,10,,65884,36,,,0,10,,65885,36,,,0,10,,65886,36,,,0,10,,65887,36,,,0,50,,65888,36,,,0,10,,65889,36,,,0,10,,65890,36,,,0,10,,65891,36,,,0,10,,65892,36,,,0,10,,65893,36,,,0,50,,65894,36,,,0,10,,65895,36,,,0,10,,65896,36,,,0,10,,65897,36,,,0,10,,65898,36,,,0,10,,65899,36,,,0,50,,65900,36,,,0,10,,65901,36,,,0,10,,65902,36,,,0,10,,65903,36,,,0,10,,65904,36,,,0,10,,65905,36,,,0,50,,65906,36,,,0,10,,65907,36,,,0,10,,65908,36,,,0,10,,65909,36,,,0,10,,65910,36,,,0,10,,65911,36,,,0,50,,65912,36,,,0,10,,65913,36,,,0,10,,65914,36,,,0,10,,65915,36,,,0,10,,65916,36,,,0,10,,65917,36,,,0,50,,65918,36,,,0,10,,65919,36,,,0,10,,65920,36,,,0,10,,65921,36,,,0,10,,65922,36,,,0,10,,65923,36,,,0,50,,65924,36,,,0,10,,65925,36,,,0,10,,65926,36,,,0,10,,65927,36,,,0,10,,65928,36,,,0,10,,65929,36,,,0,50,,65930,36,,,0,10,,65931,36,,,0,10,,65932,36,,,0,10,,65933,36,,,0,10,,65934,36,,,0,10,,65935,36,,,0,50,,65936,36,,,0,10,,65937,36,,,0,10,,65938,36,,,0,15,,65939,36,,,0,15,,65940,36,,,0,55,,65941,36,,,0,30,,65942,36,,,0,70,,65943,36,,,0,30,,65944,36,,,0,70,,65945,36,,,0,30,,65946,36,,,0,70,,65947,36,,,0,30,,65948,36,,,0,70,,65949,36,,,0,30,,65950,36,,,0,70,,65951,36,,,0,30,,65952,36,,,0
1900,'1390',912,,67309,25,,,0,100,,67308,25,,,0,100,,67307,25,,,0,100,,67306,25,,,0,100,,67305,25,,,0,100,,67304,25,,,0,100,,67303,25,,,0,100,,67302,25,,,0,100,,67301,25,,,0,100,,67300,25,,,0,100,,67299,25,,,0,100,,67298,25,,,0
1900,'1391',812,,67310,25,,,0,100,,67311,25,,,0,100,,67312,25,,,0,30,,67313,25,,,0,70,,67314,25,,,0,30,,67315,25,,,0,70,,67316,25,,,0,30,,67317,25,,,0,70,,67318,25,,,0,30,,67319,25,,,0,70,,67320,25,,,0,30,,67321,25,,,0,70,,67322,25,,,0,30,,67323,25,,,0,70,,67324,25,,,0,30,,67325,25,,,0,70,,67326,25,,,0,30,,67327,25,,,0,70,,67328,25,,,0,30,,67329,25,,,0,70,,67330,25,,,0,30,,67331,25,,,0,70,,67332,25,,,0,100,,67333,25,,,0,100,,67334,25,,,0,100,,67335,25,,,0
1900,'1392',612,,67336,25,,,0,30,,67337,25,,,0,70,,67338,25,,,0,30,,67339,25,,,0,70,,67340,25,,,0,30,,67341,25,,,0,70,,67342,25,,,0,30,,67343,25,,,0,70,,67344,25,,,0,30,,67345,25,,,0,70,,67346,25,,,0,30,,67347,25,,,0,70,,67348,25,,,0,30,,67349,25,,,0,70,,67350,25,,,0,30,,67351,25,,,0,70,,67352,25,,,0,30,,67353,25,,,0,70,,67354,25,,,0,30,,67355,25,,,0,70,,67356,25,,,0,30,,67357,25,,,0,70,,67358,25,,,0,30,,67359,25,,,0,70,,67360,25,,,0,30,,67361,25,,,0,70,,67362,25,,,0,30,,67363,25,,,0,70,,67364,25,,,0,30,,67365,25,,,0,70,,67366,25,,,0,30,,67367,25,,,0,100,,67368,25,,,0,100,,67369,25,,,0
1900,'1393',612,,67370,25,,,0,30,,67371,25,,,0,70,,67372,25,,,0,30,,67373,25,,,0,70,,67374,25,,,0,30,,67375,25,,,0,70,,67376,25,,,0,30,,67377,25,,,0,70,,67378,25,,,0,30,,67379,25,,,0,70,,67380,25,,,0,30,,67381,25,,,0,70,,67382,25,,,0,30,,67383,25,,,0,70,,67384,25,,,0,30,,67385,25,,,0,70,,67386,25,,,0,30,,67387,25,,,0,70,,67388,25,,,0,30,,67389,25,,,0,70,,67390,25,,,0,30,,67391,25,,,0,70,,67392,25,,,0,30,,67393,25,,,0,70,,67394,25,,,0,30,,67395,25,,,0,70,,67396,25,,,0,30,,67397,25,,,0,70,,67398,25,,,0,30,,67399,25,,,0,70,,67400,25,,,0,30,,67401,25,,,0,100,,67402,25,,,0,100,,67403,25,,,0
1900,'1394',612,,67404,25,,,0,30,,67405,25,,,0,70,,67406,25,,,0,30,,67407,25,,,0,70,,67408,25,,,0,30,,67409,25,,,0,70,,67410,25,,,0,30,,67411,25,,,0,70,,67412,25,,,0,30,,67413,25,,,0,70,,67414,25,,,0,30,,67415,25,,,0,70,,67416,25,,,0,30,,67417,25,,,0,70,,67418,25,,,0,30,,67419,25,,,0,70,,67420,25,,,0,30,,67421,25,,,0,70,,67422,25,,,0,30,,67423,25,,,0,70,,67424,25,,,0,30,,67425,25,,,0,70,,67426,25,,,0,30,,67427,25,,,0,70,,67428,25,,,0,30,,67429,25,,,0,70,,67430,25,,,0,30,,67431,25,,,0,70,,67432,25,,,0,30,,67433,25,,,0,70,,67434,25,,,0,30,,67435,25,,,0,100,,67436,25,,,0,100,,67437,25,,,0
1900,'1395',612,,67438,25,,,0,30,,67439,25,,,0,70,,67440,25,,,0,30,,67441,25,,,0,70,,67442,25,,,0,30,,67443,25,,,0,70,,67444,25,,,0,30,,67445,25,,,0,70,,67446,25,,,0,30,,67447,25,,,0,70,,67448,25,,,0,30,,67449,25,,,0,70,,67450,25,,,0,30,,67451,25,,,0,70,,67452,25,,,0,30,,67453,25,,,0,70,,67454,25,,,0,30,,67455,25,,,0,70,,67456,25,,,0,30,,67457,25,,,0,70,,67458,25,,,0,30,,67459,25,,,0,70,,67460,25,,,0,30,,67461,25,,,0,70,,67462,25,,,0,30,,67463,25,,,0,70,,67464,25,,,0,30,,67465,25,,,0,70,,67466,25,,,0,30,,67467,25,,,0,70,,67468,25,,,0,30,,67469,25,,,0,100,,67470,25,,,0,100,,67471,25,,,0
1900,'1396',612,,67472,25,,,0,30,,67473,25,,,0,70,,67474,25,,,0,30,,67475,25,,,0,70,,67476,25,,,0,30,,67477,25,,,0,70,,67478,25,,,0,30,,67479,25,,,0,70,,67480,25,,,0,30,,67481,25,,,0,70,,67482,25,,,0,30,,67483,25,,,0,70,,67484,25,,,0,30,,67485,25,,,0,70,,67486,25,,,0,30,,67487,25,,,0,70,,67488,25,,,0,30,,67489,25,,,0,70,,67490,25,,,0,30,,67491,25,,,0,70,,67492,25,,,0,30,,67493,25,,,0,70,,67494,25,,,0,30,,67495,25,,,0,70,,67496,25,,,0,30,,67497,25,,,0,70,,67498,25,,,0,30,,67499,25,,,0,70,,67500,25,,,0,30,,67501,25,,,0,70,,67502,25,,,0,30,,67503,25,,,0,100,,67504,25,,,0,100,,67505,25,,,0
552200,'1392',643,,69086,5,0,9,0,70,,69087,5,0,9,0,30,,69088,5,0,9,0,70,,69089,5,0,9,0,30,,69090,5,0,9,0,70,,69091,5,0,9,0,30,,69092,5,0,9,0,70,,69093,5,0,9,0,30,,69094,5,0,9,0,70,,69095,5,0,9,0,30,,69096,5,0,9,0,70,,69097,5,0,9,0,30,,69098,5,0,9,0,70,,69099,5,0,9,0,30,,69100,5,0,9,0,70,,69101,5,0,9,0,30,,69102,5,0,9,0,70,,69103,5,0,9,0,30,,69104,5,0,9,0,70,,69105,5,0,9,0,30,,69106,5,0,9,0,70,,69107,5,0,9,0,30,,69108,5,0,9,0
552200,'1393',643,,69109,5,0,9,0,70,,69110,5,0,9,0,30,,69111,5,0,9,0,70,,69112,5,0,9,0,30,,69113,5,0,9,0,70,,69114,5,0,9,0,30,,69115,5,0,9,0,70,,69116,5,0,9,0,30,,69117,5,0,9,0,70,,69118,5,0,9,0,30,,69119,5,0,9,0,70,,69120,5,0,9,0,30,,69121,5,0,9,0,70,,69122,5,0,9,0,30,,69123,5,0,9,0,70,,69124,5,0,9,0,30,,69125,5,0,9,0,70,,69126,5,0,9,0,30,,69127,5,0,9,0,70,,69128,5,0,9,0,30,,69129,5,0,9,0,70,,69130,5,0,9,0,30,,69131,5,0,9,0
552200,'1394',643,,69132,5,0,9,0,70,,69133,5,0,9,0,30,,69134,5,0,9,0,70,,69135,5,0,9,0,30,,69136,5,0,9,0,70,,69137,5,0,9,0,30,,69138,5,0,9,0,70,,69139,5,0,9,0,30,,69140,5,0,9,0,70,,69141,5,0,9,0,30,,69142,5,0,9,0,70,,69143,5,0,9,0,30,,69144,5,0,9,0,70,,69145,5,0,9,0,30,,69146,5,0,9,0,70,,69147,5,0,9,0,30,,69148,5,0,9,0,70,,69149,5,0,9,0,30,,69150,5,0,9,0,70,,69151,5,0,9,0,30,,69152,5,0,9,0,70,,69153,5,0,9,0,30,,69154,5,0,9,0
552200,'1395',643,,69155,5,0,9,0,70,,69156,5,0,9,0,30,,69157,5,0,9,0,70,,69158,5,0,9,0,30,,69159,5,0,9,0,70,,69160,5,0,9,0,30,,69161,5,0,9,0,70,,69162,5,0,9,0,30,,69163,5,0,9,0,70,,69164,5,0,9,0,30,,69165,5,0,9,0,70,,69166,5,0,9,0,30,,69167,5,0,9,0,70,,69168,5,0,9,0,30,,69169,5,0,9,0,70,,69170,5,0,9,0,30,,69171,5,0,9,0,70,,69172,5,0,9,0,30,,69173,5,0,9,0,70,,69174,5,0,9,0,30,,69175,5,0,9,0,70,,69176,5,0,9,0,30,,69177,5,0,9,0
552200,'1396',643,,69178,5,0,9,0,70,,69179,5,0,9,0,30,,69180,5,0,9,0,70,,69181,5,0,9,0,30,,69182,5,0,9,0,70,,69183,5,0,9,0,30,,69184,5,0,9,0,70,,69185,5,0,9,0,30,,69186,5,0,9,0,70,,69187,5,0,9,0,30,,69188,5,0,9,0,70,,69189,5,0,9,0,30,,69190,5,0,9,0,70,,69191,5,0,9,0,30,,69192,5,0,9,0,70,,69193,5,0,9,0,30,,69194,5,0,9,0,70,,69195,5,0,9,0,30,,69196,5,0,9,0,70,,69197,5,0,9,0,30,,69198,5,0,9,0,70,,69199,5,0,9,0,30,,69200,5,0,9,0
