1700,'1390',657,,65455,84,,,0,100,,65454,84,,,0,100,,65453,84,,,0,100,,65452,84,,,0,154,,65470,84,,,0,40,,65469,84,,,0,80,,65468,84,,,0,80,,65467,84,,,0,40,,65466,84,,,0,80,,65465,84,,,0,80,,65464,84,,,0,40,,65463,84,,,0,80,,65462,84,,,0,80,,65461,84,,,0,40,,65460,84,,,0,80,,65459,84,,,0,80,,65458,84,,,0,40,,65457,84,,,0,80,,65456,84,,,0
1700,'1391',619,,65471,84,,,0,35,,65472,84,,,0,70,,65473,84,,,0,30,,65474,84,,,0,70,,65475,84,,,0,30,,65476,84,,,0,70,,65477,84,,,0,30,,65478,84,,,0,70,,65479,84,,,0,30,,65480,84,,,0,79,,65489,84,,,0,20,,65490,84,,,0,60,,65491,84,,,0,20,,65492,84,,,0,20,,65493,84,,,0,60,,65494,84,,,0,20,,65495,84,,,0,20,,65496,84,,,0,60,,65497,84,,,0,20,,65498,84,,,0,20,,65499,84,,,0,60,,65500,84,,,0,20,,65501,84,,,0,20,,65502,84,,,0,60,,65503,84,,,0,20,,65504,84,,,0,20,,65505,84,,,0,60,,65506,84,,,0,20,,65507,84,,,0,20,,65508,84,,,0,60,,65509,84,,,0,20,,65510,84,,,0,20,,65511,84,,,0,60,,65512,84,,,0,15,,65513,84,,,0,30,,65514,84,,,0,70,,65515,84,,,0,30,,65516,84,,,0,70,,65517,84,,,0,26,,65481,84,,,0,70,,65482,84,,,0,30,,65483,84,,,0,70,,65484,84,,,0,30,,65485,84,,,0,70,,65486,84,,,0,30,,65487,84,,,0,70,,65488,84,,,0
1700,'1392',617,,65518,84,,,0,29,,65519,45,,,0,59,,65520,84,,,0,15,,65521,84,,,0,15,,65522,84,,,0,15,,65523,84,,,0,55,,65524,84,,,0,10,,65525,84,,,0,10,,65526,84,,,0,10,,65527,84,,,0,10,,65528,84,,,0,10,,65529,84,,,0,50,,65530,84,,,0,10,,65531,84,,,0,10,,65532,84,,,0,10,,65533,84,,,0,10,,65534,84,,,0,10,,65535,84,,,0,50,,65536,84,,,0,10,,65537,84,,,0,10,,65538,84,,,0,10,,65539,84,,,0,10,,65540,84,,,0,10,,65541,84,,,0,50,,65542,84,,,0,10,,65543,84,,,0,10,,65544,84,,,0,10,,65545,84,,,0,10,,65546,84,,,0,10,,65547,84,,,0,50,,65548,84,,,0,10,,65549,84,,,0,10,,65550,84,,,0,10,,65551,84,,,0,10,,65552,84,,,0,10,,65553,84,,,0,50,,65554,84,,,0,10,,65555,84,,,0,10,,65556,84,,,0,10,,65557,84,,,0,10,,65558,84,,,0,10,,65559,84,,,0,50,,65560,84,,,0,10,,65561,84,,,0,10,,65562,84,,,0,10,,65563,84,,,0,10,,65564,84,,,0,10,,65565,84,,,0,50,,65566,84,,,0,10,,65567,84,,,0,10,,65568,84,,,0,10,,65569,84,,,0,10,,65570,84,,,0,10,,65571,84,,,0,50,,65572,84,,,0,10,,65573,84,,,0,10,,65574,84,,,0,10,,65575,84,,,0,10,,65576,84,,,0,10,,65577,84,,,0,50,,65578,84,,,0,10,,65579,84,,,0,10,,65580,84,,,0,10,,65581,84,,,0,10,,65582,84,,,0,10,,65583,84,,,0,50,,65584,84,,,0,10,,65585,84,,,0,10,,65586,84,,,0,10,,65587,84,,,0,10,,65588,84,,,0,10,,65589,84,,,0,50,,65590,84,,,0,15,,65591,84,,,0,15,,65592,84,,,0,15,,65593,84,,,0,70,,65594,84,,,0,30,,65595,84,,,0,70,,65596,84,,,0,30,,65597,84,,,0,70,,65598,84,,,0,30,,65599,84,,,0,70,,65600,84,,,0,30,,65601,84,,,0,70,,65602,84,,,0,30,,65603,84,,,0,70,,65604,84,,,0
1700,'1393',617,,65605,84,,,0,29,,65606,45,,,0,59,,65607,84,,,0,15,,65608,84,,,0,15,,65609,84,,,0,15,,65610,84,,,0,55,,65611,84,,,0,10,,65612,84,,,0,10,,65613,84,,,0,10,,65614,84,,,0,10,,65615,84,,,0,10,,65616,84,,,0,50,,65617,84,,,0,10,,65618,84,,,0,10,,65619,84,,,0,10,,65620,84,,,0,10,,65621,84,,,0,10,,65622,84,,,0,50,,65623,84,,,0,10,,65624,84,,,0,10,,65625,84,,,0,10,,65626,84,,,0,10,,65627,84,,,0,10,,65628,84,,,0,50,,65629,84,,,0,10,,65630,84,,,0,10,,65631,84,,,0,10,,65632,84,,,0,10,,65633,84,,,0,10,,65634,84,,,0,50,,65635,84,,,0,10,,65636,84,,,0,10,,65637,84,,,0,10,,65638,84,,,0,10,,65639,84,,,0,10,,65640,84,,,0,50,,65641,84,,,0,10,,65642,84,,,0,10,,65643,84,,,0,10,,65644,84,,,0,10,,65645,84,,,0,10,,65646,84,,,0,50,,65647,84,,,0,10,,65648,84,,,0,10,,65649,84,,,0,10,,65650,84,,,0,10,,65651,84,,,0,10,,65652,84,,,0,50,,65653,84,,,0,10,,65654,84,,,0,10,,65655,84,,,0,10,,65656,84,,,0,10,,65657,84,,,0,10,,65658,84,,,0,50,,65659,84,,,0,10,,65660,84,,,0,10,,65661,84,,,0,10,,65662,84,,,0,10,,65663,84,,,0,10,,65664,84,,,0,50,,65665,84,,,0,10,,65666,84,,,0,10,,65667,84,,,0,10,,65668,84,,,0,10,,65669,84,,,0,10,,65670,84,,,0,50,,65671,84,,,0,10,,65672,84,,,0,10,,65673,84,,,0,10,,65674,84,,,0,10,,65675,84,,,0,10,,65676,84,,,0,50,,65677,84,,,0,15,,65678,84,,,0,15,,65679,84,,,0,15,,65680,84,,,0,70,,65681,84,,,0,30,,65682,84,,,0,70,,65683,84,,,0,30,,65684,84,,,0,70,,65685,84,,,0,30,,65686,84,,,0,70,,65687,84,,,0,30,,65688,84,,,0,70,,65689,84,,,0,30,,65690,84,,,0,70,,65691,84,,,0
1700,'1394',617,,65692,84,,,0,29,,65693,45,,,0,59,,65694,84,,,0,15,,65695,84,,,0,15,,65696,84,,,0,15,,65697,84,,,0,55,,65698,84,,,0,10,,65699,84,,,0,10,,65700,84,,,0,10,,65701,84,,,0,10,,65702,84,,,0,10,,65703,84,,,0,50,,65704,84,,,0,10,,65705,84,,,0,10,,65706,84,,,0,10,,65707,84,,,0,10,,65708,84,,,0,10,,65709,84,,,0,50,,65710,84,,,0,10,,65711,84,,,0,10,,65712,84,,,0,10,,65713,84,,,0,10,,65714,84,,,0,10,,65715,84,,,0,50,,65716,84,,,0,10,,65717,84,,,0,10,,65718,84,,,0,10,,65719,84,,,0,10,,65720,84,,,0,10,,65721,84,,,0,50,,65722,84,,,0,10,,65723,84,,,0,10,,65724,84,,,0,10,,65725,84,,,0,10,,65726,84,,,0,10,,65727,84,,,0,50,,65728,84,,,0,10,,65729,84,,,0,10,,65730,84,,,0,10,,65731,84,,,0,10,,65732,84,,,0,10,,65733,84,,,0,50,,65734,84,,,0,10,,65735,84,,,0,10,,65736,84,,,0,10,,65737,84,,,0,10,,65738,84,,,0,10,,65739,84,,,0,50,,65740,84,,,0,10,,65741,84,,,0,10,,65742,84,,,0,10,,65743,84,,,0,10,,65744,84,,,0,10,,65745,84,,,0,50,,65746,84,,,0,10,,65747,84,,,0,10,,65748,84,,,0,10,,65749,84,,,0,10,,65750,84,,,0,10,,65751,84,,,0,50,,65752,84,,,0,10,,65753,84,,,0,10,,65754,84,,,0,10,,65755,84,,,0,10,,65756,84,,,0,10,,65757,84,,,0,50,,65758,84,,,0,10,,65759,84,,,0,10,,65760,84,,,0,10,,65761,84,,,0,10,,65762,84,,,0,10,,65763,84,,,0,50,,65764,84,,,0,15,,65765,84,,,0,15,,65766,84,,,0,15,,65767,84,,,0,70,,65768,84,,,0,30,,65769,84,,,0,70,,65770,84,,,0,30,,65771,84,,,0,70,,65772,84,,,0,30,,65773,84,,,0,70,,65774,84,,,0,30,,65775,84,,,0,70,,65776,84,,,0,30,,65777,84,,,0,70,,65778,84,,,0
1700,'1395',617,,65779,84,,,0,29,,65780,45,,,0,59,,65781,84,,,0,15,,65782,84,,,0,15,,65783,84,,,0,15,,65784,84,,,0,55,,65785,84,,,0,10,,65786,84,,,0,10,,65787,84,,,0,10,,65788,84,,,0,10,,65789,84,,,0,10,,65790,84,,,0,50,,65791,84,,,0,10,,65792,84,,,0,10,,65793,84,,,0,10,,65794,84,,,0,10,,65795,84,,,0,10,,65796,84,,,0,50,,65797,84,,,0,10,,65798,84,,,0,10,,65799,84,,,0,10,,65800,84,,,0,10,,65801,84,,,0,10,,65802,84,,,0,50,,65803,84,,,0,10,,65804,84,,,0,10,,65805,84,,,0,10,,65806,84,,,0,10,,65807,84,,,0,10,,65808,84,,,0,50,,65809,84,,,0,10,,65810,84,,,0,10,,65811,84,,,0,10,,65812,84,,,0,10,,65813,84,,,0,10,,65814,84,,,0,50,,65815,84,,,0,10,,65816,84,,,0,10,,65817,84,,,0,10,,65818,84,,,0,10,,65819,84,,,0,10,,65820,84,,,0,50,,65821,84,,,0,10,,65822,84,,,0,10,,65823,84,,,0,10,,65824,84,,,0,10,,65825,84,,,0,10,,65826,84,,,0,50,,65827,84,,,0,10,,65828,84,,,0,10,,65829,84,,,0,10,,65830,84,,,0,10,,65831,84,,,0,10,,65832,84,,,0,50,,65833,84,,,0,10,,65834,84,,,0,10,,65835,84,,,0,10,,65836,84,,,0,10,,65837,84,,,0,10,,65838,84,,,0,50,,65839,84,,,0,10,,65840,84,,,0,10,,65841,84,,,0,10,,65842,84,,,0,10,,65843,84,,,0,10,,65844,84,,,0,50,,65845,84,,,0,10,,65846,84,,,0,10,,65847,84,,,0,10,,65848,84,,,0,10,,65849,84,,,0,10,,65850,84,,,0,50,,65851,84,,,0,15,,65852,84,,,0,15,,65853,84,,,0,15,,65854,84,,,0,70,,65855,84,,,0,30,,65856,84,,,0,70,,65857,84,,,0,30,,65858,84,,,0,70,,65859,84,,,0,30,,65860,84,,,0,70,,65861,84,,,0,30,,65862,84,,,0,70,,65863,84,,,0,30,,65864,84,,,0,70,,65865,84,,,0
1700,'1396',617,,65866,84,,,0,29,,65867,45,,,0,59,,65868,84,,,0,15,,65869,84,,,0,15,,65870,84,,,0,15,,65871,84,,,0,55,,65872,84,,,0,10,,65873,84,,,0,10,,65874,84,,,0,10,,65875,84,,,0,10,,65876,84,,,0,10,,65877,84,,,0,50,,65878,84,,,0,10,,65879,84,,,0,10,,65880,84,,,0,10,,65881,84,,,0,10,,65882,84,,,0,10,,65883,84,,,0,50,,65884,84,,,0,10,,65885,84,,,0,10,,65886,84,,,0,10,,65887,84,,,0,10,,65888,84,,,0,10,,65889,84,,,0,50,,65890,84,,,0,10,,65891,84,,,0,10,,65892,84,,,0,10,,65893,84,,,0,10,,65894,84,,,0,10,,65895,84,,,0,50,,65896,84,,,0,10,,65897,84,,,0,10,,65898,84,,,0,10,,65899,84,,,0,10,,65900,84,,,0,10,,65901,84,,,0,50,,65902,84,,,0,10,,65903,84,,,0,10,,65904,84,,,0,10,,65905,84,,,0,10,,65906,84,,,0,10,,65907,84,,,0,50,,65908,84,,,0,10,,65909,84,,,0,10,,65910,84,,,0,10,,65911,84,,,0,10,,65912,84,,,0,10,,65913,84,,,0,50,,65914,84,,,0,10,,65915,84,,,0,10,,65916,84,,,0,10,,65917,84,,,0,10,,65918,84,,,0,10,,65919,84,,,0,50,,65920,84,,,0,10,,65921,84,,,0,10,,65922,84,,,0,10,,65923,84,,,0,10,,65924,84,,,0,10,,65925,84,,,0,50,,65926,84,,,0,10,,65927,84,,,0,10,,65928,84,,,0,10,,65929,84,,,0,10,,65930,84,,,0,10,,65931,84,,,0,50,,65932,84,,,0,10,,65933,84,,,0,10,,65934,84,,,0,10,,65935,84,,,0,10,,65936,84,,,0,10,,65937,84,,,0,50,,65938,84,,,0,15,,65939,84,,,0,15,,65940,84,,,0,15,,65941,84,,,0,70,,65942,84,,,0,30,,65943,84,,,0,70,,65944,84,,,0,30,,65945,84,,,0,70,,65946,84,,,0,30,,65947,84,,,0,70,,65948,84,,,0,30,,65949,84,,,0,70,,65950,84,,,0,30,,65951,84,,,0,70,,65952,84,,,0
1900,'1390',951,,67309,86,,,0,100,,67308,86,,,0,100,,67307,86,,,0,100,,67306,86,,,0,100,,67305,86,,,0,100,,67304,86,,,0,100,,67303,86,,,0,100,,67302,86,,,0,100,,67301,86,,,0,100,,67300,86,,,0,100,,67299,86,,,0,100,,67298,86,,,0
1900,'1391',851,,67310,86,,,0,100,,67311,86,,,0,100,,67312,86,,,0,70,,67313,86,,,0,30,,67314,86,,,0,70,,67315,86,,,0,30,,67316,86,,,0,70,,67317,86,,,0,30,,67318,86,,,0,70,,67319,86,,,0,30,,67320,86,,,0,70,,67321,86,,,0,30,,67322,86,,,0,70,,67323,86,,,0,30,,67324,86,,,0,70,,67325,86,,,0,30,,67326,86,,,0,70,,67327,86,,,0,30,,67328,86,,,0,70,,67329,86,,,0,30,,67330,86,,,0,70,,67331,86,,,0,30,,67332,86,,,0,100,,67333,86,,,0,100,,67334,86,,,0,100,,67335,86,,,0
1900,'1392',651,,67336,86,,,0,70,,67337,86,,,0,30,,67338,86,,,0,70,,67339,86,,,0,30,,67340,86,,,0,70,,67341,86,,,0,30,,67342,86,,,0,70,,67343,86,,,0,30,,67344,86,,,0,70,,67345,86,,,0,30,,67346,86,,,0,70,,67347,86,,,0,30,,67348,86,,,0,70,,67349,86,,,0,30,,67350,86,,,0,70,,67351,86,,,0,30,,67352,86,,,0,70,,67353,86,,,0,30,,67354,86,,,0,70,,67355,86,,,0,30,,67356,86,,,0,70,,67357,86,,,0,30,,67358,86,,,0,70,,67359,86,,,0,30,,67360,86,,,0,70,,67361,86,,,0,30,,67362,86,,,0,70,,67363,86,,,0,30,,67364,86,,,0,70,,67365,86,,,0,30,,67366,86,,,0,70,,67367,86,,,0,100,,67368,86,,,0,100,,67369,86,,,0
1900,'1393',651,,67370,86,,,0,70,,67371,86,,,0,30,,67372,86,,,0,70,,67373,86,,,0,30,,67374,86,,,0,70,,67375,86,,,0,30,,67376,86,,,0,70,,67377,86,,,0,30,,67378,86,,,0,70,,67379,86,,,0,30,,67380,86,,,0,70,,67381,86,,,0,30,,67382,86,,,0,70,,67383,86,,,0,30,,67384,86,,,0,70,,67385,86,,,0,30,,67386,86,,,0,70,,67387,86,,,0,30,,67388,86,,,0,70,,67389,86,,,0,30,,67390,86,,,0,70,,67391,86,,,0,30,,67392,86,,,0,70,,67393,86,,,0,30,,67394,86,,,0,70,,67395,86,,,0,30,,67396,86,,,0,70,,67397,86,,,0,30,,67398,86,,,0,70,,67399,86,,,0,30,,67400,86,,,0,70,,67401,86,,,0,100,,67402,86,,,0,100,,67403,86,,,0
1900,'1394',651,,67404,86,,,0,70,,67405,86,,,0,30,,67406,86,,,0,70,,67407,86,,,0,30,,67408,86,,,0,70,,67409,86,,,0,30,,67410,86,,,0,70,,67411,86,,,0,30,,67412,86,,,0,70,,67413,86,,,0,30,,67414,86,,,0,70,,67415,86,,,0,30,,67416,86,,,0,70,,67417,86,,,0,30,,67418,86,,,0,70,,67419,86,,,0,30,,67420,86,,,0,70,,67421,86,,,0,30,,67422,86,,,0,70,,67423,86,,,0,30,,67424,86,,,0,70,,67425,86,,,0,30,,67426,86,,,0,70,,67427,86,,,0,30,,67428,86,,,0,70,,67429,86,,,0,30,,67430,86,,,0,70,,67431,86,,,0,30,,67432,86,,,0,70,,67433,86,,,0,30,,67434,86,,,0,70,,67435,86,,,0,100,,67436,86,,,0,100,,67437,86,,,0
1900,'1395',651,,67438,86,,,0,70,,67439,86,,,0,30,,67440,86,,,0,70,,67441,86,,,0,30,,67442,86,,,0,70,,67443,86,,,0,30,,67444,86,,,0,70,,67445,86,,,0,30,,67446,86,,,0,70,,67447,86,,,0,30,,67448,86,,,0,70,,67449,86,,,0,30,,67450,86,,,0,70,,67451,86,,,0,30,,67452,86,,,0,70,,67453,86,,,0,30,,67454,86,,,0,70,,67455,86,,,0,30,,67456,86,,,0,70,,67457,86,,,0,30,,67458,86,,,0,70,,67459,86,,,0,30,,67460,86,,,0,70,,67461,86,,,0,30,,67462,86,,,0,70,,67463,86,,,0,30,,67464,86,,,0,70,,67465,86,,,0,30,,67466,86,,,0,70,,67467,86,,,0,30,,67468,86,,,0,70,,67469,86,,,0,100,,67470,86,,,0,100,,67471,86,,,0
1900,'1396',651,,67472,86,,,0,70,,67473,86,,,0,30,,67474,86,,,0,70,,67475,86,,,0,30,,67476,86,,,0,70,,67477,86,,,0,30,,67478,86,,,0,70,,67479,86,,,0,30,,67480,86,,,0,70,,67481,86,,,0,30,,67482,86,,,0,70,,67483,86,,,0,30,,67484,86,,,0,70,,67485,86,,,0,30,,67486,86,,,0,70,,67487,86,,,0,30,,67488,86,,,0,70,,67489,86,,,0,30,,67490,86,,,0,70,,67491,86,,,0,30,,67492,86,,,0,70,,67493,86,,,0,30,,67494,86,,,0,70,,67495,86,,,0,30,,67496,86,,,0,70,,67497,86,,,0,30,,67498,86,,,0,70,,67499,86,,,0,30,,67500,86,,,0,70,,67501,86,,,0,30,,67502,86,,,0,70,,67503,86,,,0,100,,67504,86,,,0,100,,67505,86,,,0
