70101,'1391',700,,68532,1,0,17,0,130,,68533,1,0,17,0,170,,68534,1,0,17,0,130,,68535,1,0,17,0,170,,68536,1,0,17,0,130,,68537,1,0,17,0,170,,68538,1,0,17,0,130,,68539,1,0,17,0
70101,'1392',700,,68540,1,0,17,0,45,,68541,1,0,17,0,85,,68542,1,0,17,0,85,,68543,1,0,17,0,85,,68544,1,0,17,0,130,,68545,1,0,17,0,170,,68546,1,0,17,0,45,,68547,1,0,17,0,85,,68548,1,0,17,0,85,,68549,1,0,17,0,85,,68550,1,0,17,0,45,,68551,1,0,17,0,85,,68552,1,0,17,0,85,,68553,1,0,17,0
70101,'1393',700,,68554,1,0,17,0,45,,68555,1,0,17,0,85,,68556,1,0,17,0,85,,68557,1,0,17,0,85,,68558,1,0,17,0,130,,68559,1,0,17,0,170,,68560,1,0,17,0,45,,68561,1,0,17,0,85,,68562,1,0,17,0,85,,68563,1,0,17,0,85,,68564,1,0,17,0,45,,68565,1,0,17,0,85,,68566,1,0,17,0,85,,68567,1,0,17,0
70101,'1394',700,,68568,1,0,17,0,45,,68569,1,0,17,0,85,,68570,1,0,17,0,85,,68571,1,0,17,0,85,,68572,1,0,17,0,130,,68573,1,0,17,0,170,,68574,1,0,17,0,45,,68575,1,0,17,0,85,,68576,1,0,17,0,85,,68577,1,0,17,0,85,,68578,1,0,17,0,45,,68579,1,0,17,0,85,,68580,1,0,17,0,85,,68581,1,0,17,0
70101,'1395',700,,68582,1,0,17,0,45,,68583,1,0,17,0,85,,68584,1,0,17,0,85,,68585,1,0,17,0,85,,68586,1,0,17,0,130,,68587,1,0,17,0,170,,68588,1,0,17,0,45,,68589,1,0,17,0,85,,68590,1,0,17,0,85,,68591,1,0,17,0,85,,68592,1,0,17,0,45,,68593,1,0,17,0,85,,68594,1,0,17,0,85,,68595,1,0,17,0
70101,'1396',700,,68596,1,0,17,0,45,,68597,1,0,17,0,85,,68598,1,0,17,0,85,,68599,1,0,17,0,85,,68600,1,0,17,0,130,,68601,1,0,17,0,170,,68602,1,0,17,0,45,,68603,1,0,17,0,85,,68604,1,0,17,0,85,,68605,1,0,17,0,85,,68606,1,0,17,0,45,,68607,1,0,17,0,85,,68608,1,0,17,0,85,,68609,1,0,17,0
70102,'1391',830,,68610,48,4,,0,170,,68611,48,4,,0,130,,68612,48,4,,0,170,,68613,48,4,,0,130,,68614,48,4,,0,170,,68615,48,4,,0,130,,68616,48,4,,0,170,,68617,48,4,,0
70102,'1392',745,,68618,48,4,,0,85,,68619,48,4,,0,85,,68620,48,4,,0,85,,68621,48,4,,0,45,,68622,48,4,,0,85,,68623,48,4,,0,170,,68624,48,4,,0,130,,68625,48,4,,0,85,,68626,48,4,,0,85,,68627,48,4,,0,45,,68628,48,4,,0,85,,68629,48,4,,0,85,,68630,48,4,,0,85,,68631,48,4,,0
70102,'1393',745,,68632,48,4,,0,85,,68633,48,4,,0,85,,68634,48,4,,0,85,,68635,48,4,,0,45,,68636,48,4,,0,85,,68637,48,4,,0,170,,68638,48,4,,0,130,,68639,48,4,,0,85,,68640,48,4,,0,85,,68641,48,4,,0,45,,68642,48,4,,0,85,,68643,48,4,,0,85,,68644,48,4,,0,85,,68645,48,4,,0
70102,'1394',745,,68646,48,4,,0,85,,68647,48,4,,0,85,,68648,48,4,,0,85,,68649,48,4,,0,45,,68650,48,4,,0,85,,68651,48,4,,0,170,,68652,48,4,,0,130,,68653,48,4,,0,85,,68654,48,4,,0,85,,68655,48,4,,0,45,,68656,48,4,,0,85,,68657,48,4,,0,85,,68658,48,4,,0,85,,68659,48,4,,0
70102,'1395',745,,68660,48,4,,0,85,,68661,48,4,,0,85,,68662,48,4,,0,85,,68663,48,4,,0,45,,68664,48,4,,0,85,,68665,48,4,,0,170,,68666,48,4,,0,130,,68667,48,4,,0,85,,68668,48,4,,0,85,,68669,48,4,,0,45,,68670,48,4,,0,85,,68671,48,4,,0,85,,68672,48,4,,0,85,,68673,48,4,,0
70102,'1396',745,,68674,48,4,,0,85,,68675,48,4,,0,85,,68676,48,4,,0,85,,68677,48,4,,0,45,,68678,48,4,,0,85,,68679,48,4,,0,170,,68680,48,4,,0,130,,68681,48,4,,0,85,,68682,48,4,,0,85,,68683,48,4,,0,45,,68684,48,4,,0,85,,68685,48,4,,0,85,,68686,48,4,,0,85,,68687,48,4,,0
