1600,'1390',1049,,64907,23,,,0,70,,64906,23,,,0,85,,64905,23,,,0,30,,64904,23,,,0,70,,64903,23,,,0,30,,64902,23,,,0,70,,64901,23,,,0,30,,64900,23,,,0,70,,64899,23,,,0,30,,64898,23,,,0,70,,64897,23,,,0,30,,64896,23,,,0,70,,64895,23,,,0,20,,64894,23,,,0,10,,64893,23,,,0,70,,64892,23,,,0,20,,64891,23,,,0,10,,64890,23,,,0,70,,64889,23,,,0,30,,64888,23,,,0,70,,64887,23,,,0
1600,'1391',737,,64908,23,,,0,70,,64909,23,,,0,30,,64910,23,,,0,70,,64911,23,,,0,30,,64912,23,,,0,70,,64913,23,,,0,30,,64914,23,,,0,70,,64915,23,,,0,20,,64916,23,,,0,20,,64917,23,,,0,60,,64918,23,,,0,20,,64919,23,,,0,20,,64920,23,,,0,60,,64921,23,,,0,20,,64922,23,,,0,20,,64923,23,,,0,60,,64924,23,,,0,20,,64925,23,,,0,20,,64926,23,,,0,60,,64927,23,,,0,20,,64928,23,,,0,20,,64929,23,,,0,60,,64930,23,,,0,20,,64931,23,,,0,20,,64932,23,,,0,60,,64933,23,,,0,20,,64934,23,,,0,20,,64935,23,,,0,60,,64936,23,,,0,20,,64937,23,,,0,5,,64938,23,,,0,15,,64939,23,,,0,60,,64940,23,,,0,30,,64941,23,,,0,70,,64942,23,,,0,30,,64943,23,,,0,70,,64944,23,,,0,30,,64945,23,,,0,70,,64946,23,,,0,100,,64947,23,,,0
1600,'1392',646,,64949,23,,,0,74,,64948,23,,,0,31,,64950,23,,,0,60,,64951,23,,,0,20,,64952,23,,,0,20,,64953,23,,,0,60,,64954,23,,,0,20,,64955,23,,,0,20,,64956,23,,,0,60,,64957,23,,,0,20,,64958,23,,,0,20,,64959,23,,,0,60,,64960,23,,,0,20,,64961,23,,,0,20,,64962,23,,,0,60,,64963,23,,,0,20,,64964,23,,,0,20,,64965,23,,,0,60,,64966,23,,,0,20,,64967,23,,,0,20,,64968,23,,,0,60,,64969,23,,,0,20,,64970,23,,,0,20,,64971,23,,,0,60,,64972,23,,,0,20,,64973,23,,,0,20,,64974,23,,,0,60,,64975,23,,,0,20,,64976,23,,,0,20,,64977,23,,,0,60,,64978,23,,,0,20,,64979,23,,,0,20,,64980,23,,,0,60,,64981,23,,,0,20,,64982,23,,,0,20,,64983,23,,,0,55,,64984,23,,,0,30,,64985,23,,,0,70,,64986,23,,,0,30,,64987,23,,,0,70,,64988,23,,,0,30,,64989,23,,,0,70,,64990,23,,,0,100,,64991,23,,,0
1600,'1393',646,,64993,23,,,0,74,,64992,23,,,0,31,,64994,23,,,0,60,,64995,23,,,0,20,,64996,23,,,0,20,,64997,23,,,0,60,,64998,23,,,0,20,,64999,23,,,0,20,,65000,23,,,0,60,,65001,23,,,0,20,,65002,23,,,0,20,,65003,23,,,0,60,,65004,23,,,0,20,,65005,23,,,0,20,,65006,23,,,0,60,,65007,23,,,0,20,,65008,23,,,0,20,,65009,23,,,0,60,,65010,23,,,0,20,,65011,23,,,0,20,,65012,23,,,0,60,,65013,23,,,0,20,,65014,23,,,0,20,,65015,23,,,0,60,,65016,23,,,0,20,,65017,23,,,0,20,,65018,23,,,0,60,,65019,23,,,0,20,,65020,23,,,0,20,,65021,23,,,0,60,,65022,23,,,0,20,,65023,23,,,0,20,,65024,23,,,0,60,,65025,23,,,0,20,,65026,23,,,0,20,,65027,23,,,0,55,,65028,23,,,0,30,,65029,23,,,0,70,,65030,23,,,0,30,,65031,23,,,0,70,,65032,23,,,0,30,,65033,23,,,0,70,,65034,23,,,0,100,,65035,23,,,0
1600,'1394',646,,65037,23,,,0,74,,65036,23,,,0,31,,65038,23,,,0,60,,65039,23,,,0,20,,65040,23,,,0,20,,65041,23,,,0,60,,65042,23,,,0,20,,65043,23,,,0,20,,65044,23,,,0,60,,65045,23,,,0,20,,65046,23,,,0,20,,65047,23,,,0,60,,65048,23,,,0,20,,65049,23,,,0,20,,65050,23,,,0,60,,65051,23,,,0,20,,65052,23,,,0,20,,65053,23,,,0,60,,65054,23,,,0,20,,65055,23,,,0,20,,65056,23,,,0,60,,65057,23,,,0,20,,65058,23,,,0,20,,65059,23,,,0,60,,65060,23,,,0,20,,65061,23,,,0,20,,65062,23,,,0,60,,65063,23,,,0,20,,65064,23,,,0,20,,65065,23,,,0,60,,65066,23,,,0,20,,65067,23,,,0,20,,65068,23,,,0,60,,65069,23,,,0,20,,65070,23,,,0,20,,65071,23,,,0,55,,65072,23,,,0,30,,65073,23,,,0,70,,65074,23,,,0,30,,65075,23,,,0,70,,65076,23,,,0,30,,65077,23,,,0,70,,65078,23,,,0,100,,65079,23,,,0
1600,'1395',646,,65081,23,,,0,74,,65080,23,,,0,31,,65082,23,,,0,60,,65083,23,,,0,20,,65084,23,,,0,20,,65085,23,,,0,60,,65086,23,,,0,20,,65087,23,,,0,20,,65088,23,,,0,60,,65089,23,,,0,20,,65090,23,,,0,20,,65091,23,,,0,60,,65092,23,,,0,20,,65093,23,,,0,20,,65094,23,,,0,60,,65095,23,,,0,20,,65096,23,,,0,20,,65097,23,,,0,60,,65098,23,,,0,20,,65099,23,,,0,20,,65100,23,,,0,60,,65101,23,,,0,20,,65102,23,,,0,20,,65103,23,,,0,60,,65104,23,,,0,20,,65105,23,,,0,20,,65106,23,,,0,60,,65107,23,,,0,20,,65108,23,,,0,20,,65109,23,,,0,60,,65110,23,,,0,20,,65111,23,,,0,20,,65112,23,,,0,60,,65113,23,,,0,20,,65114,23,,,0,20,,65115,23,,,0,55,,65116,23,,,0,30,,65117,23,,,0,70,,65118,23,,,0,30,,65119,23,,,0,70,,65120,23,,,0,30,,65121,23,,,0,70,,65122,23,,,0,100,,65123,23,,,0
1600,'1396',646,,65125,23,,,0,74,,65124,23,,,0,31,,65126,23,,,0,60,,65127,23,,,0,20,,65128,23,,,0,20,,65129,23,,,0,60,,65130,23,,,0,20,,65131,23,,,0,20,,65132,23,,,0,60,,65133,23,,,0,20,,65134,23,,,0,20,,65135,23,,,0,60,,65136,23,,,0,20,,65137,23,,,0,20,,65138,23,,,0,60,,65139,23,,,0,20,,65140,23,,,0,20,,65141,23,,,0,60,,65142,23,,,0,20,,65143,23,,,0,20,,65144,23,,,0,60,,65145,23,,,0,20,,65146,23,,,0,20,,65147,23,,,0,60,,65148,23,,,0,20,,65149,23,,,0,20,,65150,23,,,0,60,,65151,23,,,0,20,,65152,23,,,0,20,,65153,23,,,0,60,,65154,23,,,0,20,,65155,23,,,0,20,,65156,23,,,0,60,,65157,23,,,0,20,,65158,23,,,0,20,,65159,23,,,0,55,,65160,23,,,0,30,,65161,23,,,0,70,,65162,23,,,0,30,,65163,23,,,0,70,,65164,23,,,0,30,,65165,23,,,0,70,,65166,23,,,0,100,,65167,23,,,0
1700,'1390',638,,65455,60,,,0,100,,65454,60,,,0,100,,65453,60,,,0,100,,65452,60,,,0,114,,65470,60,,,0,80,,65469,60,,,0,80,,65468,60,,,0,40,,65467,60,,,0,80,,65466,60,,,0,80,,65465,60,,,0,40,,65464,60,,,0,80,,65463,60,,,0,80,,65462,60,,,0,40,,65461,60,,,0,80,,65460,60,,,0,80,,65459,60,,,0,40,,65458,60,,,0,80,,65457,60,,,0,80,,65456,60,,,0
1700,'1391',559,,65471,60,,,0,74,,65472,60,,,0,70,,65473,60,,,0,30,,65474,60,,,0,70,,65475,60,,,0,30,,65476,60,,,0,70,,65477,60,,,0,30,,65478,60,,,0,70,,65479,60,,,0,30,,65480,60,,,0,78,,65489,60,,,0,20,,65490,60,,,0,20,,65491,60,,,0,60,,65492,60,,,0,20,,65493,60,,,0,20,,65494,60,,,0,60,,65495,60,,,0,20,,65496,60,,,0,20,,65497,60,,,0,60,,65498,60,,,0,20,,65499,60,,,0,20,,65500,60,,,0,60,,65501,60,,,0,20,,65502,60,,,0,20,,65503,60,,,0,60,,65504,60,,,0,20,,65505,60,,,0,20,,65506,60,,,0,60,,65507,60,,,0,20,,65508,60,,,0,20,,65509,60,,,0,60,,65510,60,,,0,20,,65511,60,,,0,20,,65512,60,,,0,55,,65513,60,,,0,30,,65514,60,,,0,70,,65515,60,,,0,30,,65516,60,,,0,70,,65517,60,,,0,27,,65481,60,,,0,70,,65482,60,,,0,30,,65483,60,,,0,70,,65484,60,,,0,30,,65485,60,,,0,70,,65486,60,,,0,30,,65487,60,,,0,70,,65488,60,,,0
1700,'1392',600,,65518,60,,,0,28,,65519,21,,,0,18,,65520,60,,,0,55,,65521,60,,,0,15,,65522,60,,,0,15,,65523,60,,,0,15,,65524,60,,,0,10,,65525,60,,,0,50,,65526,60,,,0,10,,65527,60,,,0,10,,65528,60,,,0,10,,65529,60,,,0,10,,65530,60,,,0,10,,65531,60,,,0,50,,65532,60,,,0,10,,65533,60,,,0,10,,65534,60,,,0,10,,65535,60,,,0,10,,65536,60,,,0,10,,65537,60,,,0,50,,65538,60,,,0,10,,65539,60,,,0,10,,65540,60,,,0,10,,65541,60,,,0,10,,65542,60,,,0,10,,65543,60,,,0,50,,65544,60,,,0,10,,65545,60,,,0,10,,65546,60,,,0,10,,65547,60,,,0,10,,65548,60,,,0,10,,65549,60,,,0,50,,65550,60,,,0,10,,65551,60,,,0,10,,65552,60,,,0,10,,65553,60,,,0,10,,65554,60,,,0,10,,65555,60,,,0,50,,65556,60,,,0,10,,65557,60,,,0,10,,65558,60,,,0,10,,65559,60,,,0,10,,65560,60,,,0,10,,65561,60,,,0,50,,65562,60,,,0,10,,65563,60,,,0,10,,65564,60,,,0,10,,65565,60,,,0,10,,65566,60,,,0,10,,65567,60,,,0,50,,65568,60,,,0,10,,65569,60,,,0,10,,65570,60,,,0,10,,65571,60,,,0,10,,65572,60,,,0,10,,65573,60,,,0,50,,65574,60,,,0,10,,65575,60,,,0,10,,65576,60,,,0,10,,65577,60,,,0,10,,65578,60,,,0,10,,65579,60,,,0,50,,65580,60,,,0,10,,65581,60,,,0,10,,65582,60,,,0,10,,65583,60,,,0,10,,65584,60,,,0,10,,65585,60,,,0,50,,65586,60,,,0,10,,65587,60,,,0,10,,65588,60,,,0,10,,65589,60,,,0,10,,65590,60,,,0,55,,65591,60,,,0,15,,65592,60,,,0,15,,65593,60,,,0,70,,65594,60,,,0,30,,65595,60,,,0,70,,65596,60,,,0,30,,65597,60,,,0,70,,65598,60,,,0,30,,65599,60,,,0,70,,65600,60,,,0,30,,65601,60,,,0,70,,65602,60,,,0,30,,65603,60,,,0,70,,65604,60,,,0
1700,'1393',600,,65605,60,,,0,28,,65606,21,,,0,18,,65607,60,,,0,55,,65608,60,,,0,15,,65609,60,,,0,15,,65610,60,,,0,15,,65611,60,,,0,10,,65612,60,,,0,50,,65613,60,,,0,10,,65614,60,,,0,10,,65615,60,,,0,10,,65616,60,,,0,10,,65617,60,,,0,10,,65618,60,,,0,50,,65619,60,,,0,10,,65620,60,,,0,10,,65621,60,,,0,10,,65622,60,,,0,10,,65623,60,,,0,10,,65624,60,,,0,50,,65625,60,,,0,10,,65626,60,,,0,10,,65627,60,,,0,10,,65628,60,,,0,10,,65629,60,,,0,10,,65630,60,,,0,50,,65631,60,,,0,10,,65632,60,,,0,10,,65633,60,,,0,10,,65634,60,,,0,10,,65635,60,,,0,10,,65636,60,,,0,50,,65637,60,,,0,10,,65638,60,,,0,10,,65639,60,,,0,10,,65640,60,,,0,10,,65641,60,,,0,10,,65642,60,,,0,50,,65643,60,,,0,10,,65644,60,,,0,10,,65645,60,,,0,10,,65646,60,,,0,10,,65647,60,,,0,10,,65648,60,,,0,50,,65649,60,,,0,10,,65650,60,,,0,10,,65651,60,,,0,10,,65652,60,,,0,10,,65653,60,,,0,10,,65654,60,,,0,50,,65655,60,,,0,10,,65656,60,,,0,10,,65657,60,,,0,10,,65658,60,,,0,10,,65659,60,,,0,10,,65660,60,,,0,50,,65661,60,,,0,10,,65662,60,,,0,10,,65663,60,,,0,10,,65664,60,,,0,10,,65665,60,,,0,10,,65666,60,,,0,50,,65667,60,,,0,10,,65668,60,,,0,10,,65669,60,,,0,10,,65670,60,,,0,10,,65671,60,,,0,10,,65672,60,,,0,50,,65673,60,,,0,10,,65674,60,,,0,10,,65675,60,,,0,10,,65676,60,,,0,10,,65677,60,,,0,55,,65678,60,,,0,15,,65679,60,,,0,15,,65680,60,,,0,70,,65681,60,,,0,30,,65682,60,,,0,70,,65683,60,,,0,30,,65684,60,,,0,70,,65685,60,,,0,30,,65686,60,,,0,70,,65687,60,,,0,30,,65688,60,,,0,70,,65689,60,,,0,30,,65690,60,,,0,70,,65691,60,,,0
1700,'1394',600,,65692,60,,,0,28,,65693,21,,,0,18,,65694,60,,,0,55,,65695,60,,,0,15,,65696,60,,,0,15,,65697,60,,,0,15,,65698,60,,,0,10,,65699,60,,,0,50,,65700,60,,,0,10,,65701,60,,,0,10,,65702,60,,,0,10,,65703,60,,,0,10,,65704,60,,,0,10,,65705,60,,,0,50,,65706,60,,,0,10,,65707,60,,,0,10,,65708,60,,,0,10,,65709,60,,,0,10,,65710,60,,,0,10,,65711,60,,,0,50,,65712,60,,,0,10,,65713,60,,,0,10,,65714,60,,,0,10,,65715,60,,,0,10,,65716,60,,,0,10,,65717,60,,,0,50,,65718,60,,,0,10,,65719,60,,,0,10,,65720,60,,,0,10,,65721,60,,,0,10,,65722,60,,,0,10,,65723,60,,,0,50,,65724,60,,,0,10,,65725,60,,,0,10,,65726,60,,,0,10,,65727,60,,,0,10,,65728,60,,,0,10,,65729,60,,,0,50,,65730,60,,,0,10,,65731,60,,,0,10,,65732,60,,,0,10,,65733,60,,,0,10,,65734,60,,,0,10,,65735,60,,,0,50,,65736,60,,,0,10,,65737,60,,,0,10,,65738,60,,,0,10,,65739,60,,,0,10,,65740,60,,,0,10,,65741,60,,,0,50,,65742,60,,,0,10,,65743,60,,,0,10,,65744,60,,,0,10,,65745,60,,,0,10,,65746,60,,,0,10,,65747,60,,,0,50,,65748,60,,,0,10,,65749,60,,,0,10,,65750,60,,,0,10,,65751,60,,,0,10,,65752,60,,,0,10,,65753,60,,,0,50,,65754,60,,,0,10,,65755,60,,,0,10,,65756,60,,,0,10,,65757,60,,,0,10,,65758,60,,,0,10,,65759,60,,,0,50,,65760,60,,,0,10,,65761,60,,,0,10,,65762,60,,,0,10,,65763,60,,,0,10,,65764,60,,,0,55,,65765,60,,,0,15,,65766,60,,,0,15,,65767,60,,,0,70,,65768,60,,,0,30,,65769,60,,,0,70,,65770,60,,,0,30,,65771,60,,,0,70,,65772,60,,,0,30,,65773,60,,,0,70,,65774,60,,,0,30,,65775,60,,,0,70,,65776,60,,,0,30,,65777,60,,,0,70,,65778,60,,,0
1700,'1395',600,,65779,60,,,0,28,,65780,21,,,0,18,,65781,60,,,0,55,,65782,60,,,0,15,,65783,60,,,0,15,,65784,60,,,0,15,,65785,60,,,0,10,,65786,60,,,0,50,,65787,60,,,0,10,,65788,60,,,0,10,,65789,60,,,0,10,,65790,60,,,0,10,,65791,60,,,0,10,,65792,60,,,0,50,,65793,60,,,0,10,,65794,60,,,0,10,,65795,60,,,0,10,,65796,60,,,0,10,,65797,60,,,0,10,,65798,60,,,0,50,,65799,60,,,0,10,,65800,60,,,0,10,,65801,60,,,0,10,,65802,60,,,0,10,,65803,60,,,0,10,,65804,60,,,0,50,,65805,60,,,0,10,,65806,60,,,0,10,,65807,60,,,0,10,,65808,60,,,0,10,,65809,60,,,0,10,,65810,60,,,0,50,,65811,60,,,0,10,,65812,60,,,0,10,,65813,60,,,0,10,,65814,60,,,0,10,,65815,60,,,0,10,,65816,60,,,0,50,,65817,60,,,0,10,,65818,60,,,0,10,,65819,60,,,0,10,,65820,60,,,0,10,,65821,60,,,0,10,,65822,60,,,0,50,,65823,60,,,0,10,,65824,60,,,0,10,,65825,60,,,0,10,,65826,60,,,0,10,,65827,60,,,0,10,,65828,60,,,0,50,,65829,60,,,0,10,,65830,60,,,0,10,,65831,60,,,0,10,,65832,60,,,0,10,,65833,60,,,0,10,,65834,60,,,0,50,,65835,60,,,0,10,,65836,60,,,0,10,,65837,60,,,0,10,,65838,60,,,0,10,,65839,60,,,0,10,,65840,60,,,0,50,,65841,60,,,0,10,,65842,60,,,0,10,,65843,60,,,0,10,,65844,60,,,0,10,,65845,60,,,0,10,,65846,60,,,0,50,,65847,60,,,0,10,,65848,60,,,0,10,,65849,60,,,0,10,,65850,60,,,0,10,,65851,60,,,0,55,,65852,60,,,0,15,,65853,60,,,0,15,,65854,60,,,0,70,,65855,60,,,0,30,,65856,60,,,0,70,,65857,60,,,0,30,,65858,60,,,0,70,,65859,60,,,0,30,,65860,60,,,0,70,,65861,60,,,0,30,,65862,60,,,0,70,,65863,60,,,0,30,,65864,60,,,0,70,,65865,60,,,0
1700,'1396',600,,65866,60,,,0,28,,65867,21,,,0,18,,65868,60,,,0,55,,65869,60,,,0,15,,65870,60,,,0,15,,65871,60,,,0,15,,65872,60,,,0,10,,65873,60,,,0,50,,65874,60,,,0,10,,65875,60,,,0,10,,65876,60,,,0,10,,65877,60,,,0,10,,65878,60,,,0,10,,65879,60,,,0,50,,65880,60,,,0,10,,65881,60,,,0,10,,65882,60,,,0,10,,65883,60,,,0,10,,65884,60,,,0,10,,65885,60,,,0,50,,65886,60,,,0,10,,65887,60,,,0,10,,65888,60,,,0,10,,65889,60,,,0,10,,65890,60,,,0,10,,65891,60,,,0,50,,65892,60,,,0,10,,65893,60,,,0,10,,65894,60,,,0,10,,65895,60,,,0,10,,65896,60,,,0,10,,65897,60,,,0,50,,65898,60,,,0,10,,65899,60,,,0,10,,65900,60,,,0,10,,65901,60,,,0,10,,65902,60,,,0,10,,65903,60,,,0,50,,65904,60,,,0,10,,65905,60,,,0,10,,65906,60,,,0,10,,65907,60,,,0,10,,65908,60,,,0,10,,65909,60,,,0,50,,65910,60,,,0,10,,65911,60,,,0,10,,65912,60,,,0,10,,65913,60,,,0,10,,65914,60,,,0,10,,65915,60,,,0,50,,65916,60,,,0,10,,65917,60,,,0,10,,65918,60,,,0,10,,65919,60,,,0,10,,65920,60,,,0,10,,65921,60,,,0,50,,65922,60,,,0,10,,65923,60,,,0,10,,65924,60,,,0,10,,65925,60,,,0,10,,65926,60,,,0,10,,65927,60,,,0,50,,65928,60,,,0,10,,65929,60,,,0,10,,65930,60,,,0,10,,65931,60,,,0,10,,65932,60,,,0,10,,65933,60,,,0,50,,65934,60,,,0,10,,65935,60,,,0,10,,65936,60,,,0,10,,65937,60,,,0,10,,65938,60,,,0,55,,65939,60,,,0,15,,65940,60,,,0,15,,65941,60,,,0,70,,65942,60,,,0,30,,65943,60,,,0,70,,65944,60,,,0,30,,65945,60,,,0,70,,65946,60,,,0,30,,65947,60,,,0,70,,65948,60,,,0,30,,65949,60,,,0,70,,65950,60,,,0,30,,65951,60,,,0,70,,65952,60,,,0
2000,'1390',1016,,67728,76,,,0,85,,67727,76,,,0,45,,67726,76,,,0,85,,67725,76,,,0,85,,67724,76,,,0,85,,67723,76,,,0,45,,67722,76,,,0,85,,67721,76,,,0,85,,67720,76,,,0,85,,67719,76,,,0,46,,67718,76,,,0,84,,67717,76,,,0,85,,67716,76,,,0,85,,67715,76,,,0,45,,67714,76,,,0
2000,'1391',721,,67731,76,,,0,85,,67732,76,,,0,45,,67733,76,,,0,85,,67734,76,,,0,15,,67735,76,,,0,70,,67736,76,,,0,80,,67737,76,,,0,30,,67738,76,,,0,70,,67739,76,,,0,30,,67740,76,,,0,80,,67741,76,,,0,30,,67742,76,,,0,70,,67743,76,,,0,30,,67744,76,,,0,80,,67745,76,,,0,30,,67746,76,,,0,70,,67747,76,,,0,30,,67748,76,,,0,80,,67749,76,,,0,70,,67750,76,,,0,30,,67751,76,,,0,70,,67752,76,,,0,40,,67753,76,,,0,75,,67754,76,,,0,85,,67755,76,,,0,45,,67756,76,,,0,85,,67757,76,,,0,85,,67758,76,,,0,85,,67759,76,,,0,45,,67760,76,,,0
2000,'1392',648,,67771,78,,,0,60,,67772,78,,,0,20,,67773,78,,,0,20,,67774,78,,,0,60,,67775,78,,,0,20,,67776,78,,,0,20,,67777,78,,,0,60,,67778,78,,,0,20,,67779,78,,,0,20,,67780,78,,,0,60,,67781,78,,,0,20,,67782,78,,,0,20,,67783,78,,,0,60,,67784,78,,,0,20,,67785,78,,,0,20,,67786,78,,,0,60,,67787,78,,,0,20,,67788,78,,,0,20,,67789,78,,,0,60,,67790,78,,,0,20,,67791,78,,,0,20,,67792,78,,,0,60,,67793,78,,,0,20,,67794,78,,,0,20,,67795,78,,,0,60,,67796,78,,,0,20,,67797,78,,,0,20,,67798,78,,,0,60,,67799,78,,,0,20,,67800,78,,,0,20,,67801,78,,,0,60,,67802,78,,,0,20,,67803,78,,,0,20,,67804,78,,,0,60,,67805,78,,,0,20,,67806,78,,,0,20,,67807,78,,,0,60,,67808,78,,,0,18,,67762,76,,,0,75,,67763,76,,,0,45,,67764,76,,,0,85,,67765,76,,,0,85,,67766,76,,,0,85,,67767,76,,,0,45,,67768,76,,,0,85,,67769,76,,,0,85,,67770,76,,,0
2000,'1393',648,,67819,78,,,0,60,,67820,78,,,0,20,,67821,78,,,0,20,,67822,78,,,0,60,,67823,78,,,0,20,,67824,78,,,0,20,,67825,78,,,0,60,,67826,78,,,0,20,,67827,78,,,0,20,,67828,78,,,0,60,,67829,78,,,0,20,,67830,78,,,0,20,,67831,78,,,0,60,,67832,78,,,0,20,,67833,78,,,0,20,,67834,78,,,0,60,,67835,78,,,0,20,,67836,78,,,0,20,,67837,78,,,0,60,,67838,78,,,0,20,,67839,78,,,0,20,,67840,78,,,0,60,,67841,78,,,0,20,,67842,78,,,0,20,,67843,78,,,0,60,,67844,78,,,0,20,,67845,78,,,0,20,,67846,78,,,0,60,,67847,78,,,0,20,,67848,78,,,0,20,,67849,78,,,0,60,,67850,78,,,0,20,,67851,78,,,0,20,,67852,78,,,0,60,,67853,78,,,0,20,,67854,78,,,0,20,,67855,78,,,0,60,,67856,78,,,0,18,,67810,76,,,0,75,,67811,76,,,0,45,,67812,76,,,0,85,,67813,76,,,0,85,,67814,76,,,0,85,,67815,76,,,0,45,,67816,76,,,0,85,,67817,76,,,0,85,,67818,76,,,0
2000,'1394',648,,67867,78,,,0,60,,67868,78,,,0,20,,67869,78,,,0,20,,67870,78,,,0,60,,67871,78,,,0,20,,67872,78,,,0,20,,67873,78,,,0,60,,67874,78,,,0,20,,67875,78,,,0,20,,67876,78,,,0,60,,67877,78,,,0,20,,67878,78,,,0,20,,67879,78,,,0,60,,67880,78,,,0,20,,67881,78,,,0,20,,67882,78,,,0,60,,67883,78,,,0,20,,67884,78,,,0,20,,67885,78,,,0,60,,67886,78,,,0,20,,67887,78,,,0,20,,67888,78,,,0,60,,67889,78,,,0,20,,67890,78,,,0,20,,67891,78,,,0,60,,67892,78,,,0,20,,67893,78,,,0,20,,67894,78,,,0,60,,67895,78,,,0,20,,67896,78,,,0,20,,67897,78,,,0,60,,67898,78,,,0,20,,67899,78,,,0,20,,67900,78,,,0,60,,67901,78,,,0,20,,67902,78,,,0,20,,67903,78,,,0,60,,67904,78,,,0,18,,67858,76,,,0,75,,67859,76,,,0,45,,67860,76,,,0,85,,67861,76,,,0,85,,67862,76,,,0,85,,67863,76,,,0,45,,67864,76,,,0,85,,67865,76,,,0,85,,67866,76,,,0
2000,'1395',648,,67915,78,,,0,60,,67916,78,,,0,20,,67917,78,,,0,20,,67918,78,,,0,60,,67919,78,,,0,20,,67920,78,,,0,20,,67921,78,,,0,60,,67922,78,,,0,20,,67923,78,,,0,20,,67924,78,,,0,60,,67925,78,,,0,20,,67926,78,,,0,20,,67927,78,,,0,60,,67928,78,,,0,20,,67929,78,,,0,20,,67930,78,,,0,60,,67931,78,,,0,20,,67932,78,,,0,20,,67933,78,,,0,60,,67934,78,,,0,20,,67935,78,,,0,20,,67936,78,,,0,60,,67937,78,,,0,20,,67938,78,,,0,20,,67939,78,,,0,60,,67940,78,,,0,20,,67941,78,,,0,20,,67942,78,,,0,60,,67943,78,,,0,20,,67944,78,,,0,20,,67945,78,,,0,60,,67946,78,,,0,20,,67947,78,,,0,20,,67948,78,,,0,60,,67949,78,,,0,20,,67950,78,,,0,20,,67951,78,,,0,60,,67952,78,,,0,18,,67906,76,,,0,75,,67907,76,,,0,45,,67908,76,,,0,85,,67909,76,,,0,85,,67910,76,,,0,85,,67911,76,,,0,45,,67912,76,,,0,85,,67913,76,,,0,85,,67914,76,,,0
2000,'1396',648,,67963,78,,,0,60,,67964,78,,,0,20,,67965,78,,,0,20,,67966,78,,,0,60,,67967,78,,,0,20,,67968,78,,,0,20,,67969,78,,,0,60,,67970,78,,,0,20,,67971,78,,,0,20,,67972,78,,,0,60,,67973,78,,,0,20,,67974,78,,,0,20,,67975,78,,,0,60,,67976,78,,,0,20,,67977,78,,,0,20,,67978,78,,,0,60,,67979,78,,,0,20,,67980,78,,,0,20,,67981,78,,,0,60,,67982,78,,,0,20,,67983,78,,,0,20,,67984,78,,,0,60,,67985,78,,,0,20,,67986,78,,,0,20,,67987,78,,,0,60,,67988,78,,,0,20,,67989,78,,,0,20,,67990,78,,,0,60,,67991,78,,,0,20,,67992,78,,,0,20,,67993,78,,,0,60,,67994,78,,,0,20,,67995,78,,,0,20,,67996,78,,,0,60,,67997,78,,,0,20,,67998,78,,,0,20,,67999,78,,,0,60,,68000,78,,,0,18,,67954,76,,,0,75,,67955,76,,,0,45,,67956,76,,,0,85,,67957,76,,,0,85,,67958,76,,,0,85,,67959,76,,,0,45,,67960,76,,,0,85,,67961,76,,,0,85,,67962,76,,,0
