1701,'1390',730,,65970,43,,,0,100,,65969,43,,,0,100,,65968,43,,,0,108,,65967,43,,,0,80,,65966,43,,,0,40,,65965,43,,,0,80,,65964,43,,,0,80,,65963,43,,,0,40,,65962,43,,,0,80,,65961,43,,,0,80,,65960,43,,,0,40,,65959,43,,,0,80,,65958,43,,,0,80,,65957,43,,,0,40,,65956,43,,,0,80,,65955,43,,,0,80,,65954,43,,,0,40,,65953,43,,,0
1701,'1391',608,,65996,43,,,0,30,,65997,43,,,0,70,,65998,43,,,0,30,,65999,43,,,0,70,,66000,43,,,0,30,,66001,43,,,0,70,,66002,43,,,0,30,,65971,43,,,0,70,,65972,43,,,0,30,,65973,43,,,0,20,,65974,43,,,0,60,,65975,43,,,0,20,,65976,43,,,0,20,,65977,43,,,0,60,,65978,43,,,0,20,,65979,43,,,0,20,,65980,43,,,0,60,,65981,43,,,0,20,,65982,43,,,0,20,,65983,43,,,0,60,,65984,43,,,0,20,,65985,43,,,0,20,,65986,43,,,0,60,,65987,43,,,0,20,,65988,43,,,0,20,,65989,43,,,0,60,,65990,43,,,0,20,,65991,43,,,0,20,,65992,43,,,0,60,,65993,43,,,0,20,,66003,43,,,0,20,,65994,43,,,0,60,,65995,43,,,0,20,,66004,43,,,0,70,,66005,43,,,0,30,,66006,43,,,0,70,,66007,43,,,0,30,,66008,43,,,0,70,,66009,43,,,0,30,,66010,43,,,0,70,,66011,43,,,0,30,,66012,43,,,0,70,,66013,43,,,0,30,,66014,43,,,0,70,,66015,43,,,0,30,,66016,43,,,0,70,,66017,43,,,0
1701,'1392',605,,66018,43,,,0,30,,66019,43,,,0,15,,66020,43,,,0,55,,66021,43,,,0,15,,66022,43,,,0,15,,66023,43,,,0,10,,66024,43,,,0,10,,66025,43,,,0,50,,66026,43,,,0,10,,66027,43,,,0,10,,66028,43,,,0,10,,66029,43,,,0,10,,66030,43,,,0,10,,66031,43,,,0,50,,66032,43,,,0,10,,66033,43,,,0,10,,66034,43,,,0,10,,66035,43,,,0,10,,66036,43,,,0,10,,66037,43,,,0,50,,66038,43,,,0,10,,66039,43,,,0,10,,66040,43,,,0,10,,66041,43,,,0,10,,66042,43,,,0,10,,66043,43,,,0,50,,66044,43,,,0,10,,66045,43,,,0,10,,66046,43,,,0,10,,66047,43,,,0,10,,66048,43,,,0,10,,66049,43,,,0,50,,66050,43,,,0,10,,66051,43,,,0,10,,66052,43,,,0,10,,66053,43,,,0,10,,66054,43,,,0,10,,66055,43,,,0,50,,66056,43,,,0,10,,66057,43,,,0,10,,66058,43,,,0,10,,66059,43,,,0,10,,66060,43,,,0,10,,66061,43,,,0,50,,66062,43,,,0,10,,66063,43,,,0,10,,66064,43,,,0,10,,66065,43,,,0,10,,66066,43,,,0,10,,66067,43,,,0,50,,66068,43,,,0,10,,66069,43,,,0,10,,66070,43,,,0,10,,66071,43,,,0,10,,66072,43,,,0,10,,66073,43,,,0,50,,66074,43,,,0,10,,66075,43,,,0,10,,66076,43,,,0,10,,66077,43,,,0,10,,66078,43,,,0,10,,66079,43,,,0,50,,66080,43,,,0,10,,66081,43,,,0,10,,66082,43,,,0,10,,66083,43,,,0,10,,66084,43,,,0,10,,66085,43,,,0,50,,66086,43,,,0,10,,66087,43,,,0,10,,66088,43,,,0,10,,66089,43,,,0,15,,66090,43,,,0,55,,66091,43,,,0,15,,66092,43,,,0,15,,66093,43,,,0,70,,66094,43,,,0,30,,66095,43,,,0,70,,66096,43,,,0,30,,66097,43,,,0,70,,66098,43,,,0,30,,66099,43,,,0,70,,66100,43,,,0,30,,66101,43,,,0,70,,66102,43,,,0,30,,66103,43,,,0,70,,66104,43,,,0
1701,'1393',605,,66105,43,,,0,30,,66106,43,,,0,15,,66107,43,,,0,55,,66108,43,,,0,15,,66109,43,,,0,15,,66110,43,,,0,10,,66111,43,,,0,10,,66112,43,,,0,50,,66113,43,,,0,10,,66114,43,,,0,10,,66115,43,,,0,10,,66116,43,,,0,10,,66117,43,,,0,10,,66118,43,,,0,50,,66119,43,,,0,10,,66120,43,,,0,10,,66121,43,,,0,10,,66122,43,,,0,10,,66123,43,,,0,10,,66124,43,,,0,50,,66125,43,,,0,10,,66126,43,,,0,10,,66127,43,,,0,10,,66128,43,,,0,10,,66129,43,,,0,10,,66130,43,,,0,50,,66131,43,,,0,10,,66132,43,,,0,10,,66133,43,,,0,10,,66134,43,,,0,10,,66135,43,,,0,10,,66136,43,,,0,50,,66137,43,,,0,10,,66138,43,,,0,10,,66139,43,,,0,10,,66140,43,,,0,10,,66141,43,,,0,10,,66142,43,,,0,50,,66143,43,,,0,10,,66144,43,,,0,10,,66145,43,,,0,10,,66146,43,,,0,10,,66147,43,,,0,10,,66148,43,,,0,50,,66149,43,,,0,10,,66150,43,,,0,10,,66151,43,,,0,10,,66152,43,,,0,10,,66153,43,,,0,10,,66154,43,,,0,50,,66155,43,,,0,10,,66156,43,,,0,10,,66157,43,,,0,10,,66158,43,,,0,10,,66159,43,,,0,10,,66160,43,,,0,50,,66161,43,,,0,10,,66162,43,,,0,10,,66163,43,,,0,10,,66164,43,,,0,10,,66165,43,,,0,10,,66166,43,,,0,50,,66167,43,,,0,10,,66168,43,,,0,10,,66169,43,,,0,10,,66170,43,,,0,10,,66171,43,,,0,10,,66172,43,,,0,50,,66173,43,,,0,10,,66174,43,,,0,10,,66175,43,,,0,10,,66176,43,,,0,15,,66177,43,,,0,55,,66178,43,,,0,15,,66179,43,,,0,15,,66180,43,,,0,70,,66181,43,,,0,30,,66182,43,,,0,70,,66183,43,,,0,30,,66184,43,,,0,70,,66185,43,,,0,30,,66186,43,,,0,70,,66187,43,,,0,30,,66188,43,,,0,70,,66189,43,,,0,30,,66190,43,,,0,70,,66191,43,,,0
1701,'1394',605,,66192,43,,,0,30,,66193,43,,,0,15,,66194,43,,,0,55,,66195,43,,,0,15,,66196,43,,,0,15,,66197,43,,,0,10,,66198,43,,,0,10,,66199,43,,,0,50,,66200,43,,,0,10,,66201,43,,,0,10,,66202,43,,,0,10,,66203,43,,,0,10,,66204,43,,,0,10,,66205,43,,,0,50,,66206,43,,,0,10,,66207,43,,,0,10,,66208,43,,,0,10,,66209,43,,,0,10,,66210,43,,,0,10,,66211,43,,,0,50,,66212,43,,,0,10,,66213,43,,,0,10,,66214,43,,,0,10,,66215,43,,,0,10,,66216,43,,,0,10,,66217,43,,,0,50,,66218,43,,,0,10,,66219,43,,,0,10,,66220,43,,,0,10,,66221,43,,,0,10,,66222,43,,,0,10,,66223,43,,,0,50,,66224,43,,,0,10,,66225,43,,,0,10,,66226,43,,,0,10,,66227,43,,,0,10,,66228,43,,,0,10,,66229,43,,,0,50,,66230,43,,,0,10,,66231,43,,,0,10,,66232,43,,,0,10,,66233,43,,,0,10,,66234,43,,,0,10,,66235,43,,,0,50,,66236,43,,,0,10,,66237,43,,,0,10,,66238,43,,,0,10,,66239,43,,,0,10,,66240,43,,,0,10,,66241,43,,,0,50,,66242,43,,,0,10,,66243,43,,,0,10,,66244,43,,,0,10,,66245,43,,,0,10,,66246,43,,,0,10,,66247,43,,,0,50,,66248,43,,,0,10,,66249,43,,,0,10,,66250,43,,,0,10,,66251,43,,,0,10,,66252,43,,,0,10,,66253,43,,,0,50,,66254,43,,,0,10,,66255,43,,,0,10,,66256,43,,,0,10,,66257,43,,,0,10,,66258,43,,,0,10,,66259,43,,,0,50,,66260,43,,,0,10,,66261,43,,,0,10,,66262,43,,,0,10,,66263,43,,,0,15,,66264,43,,,0,55,,66265,43,,,0,15,,66266,43,,,0,15,,66267,43,,,0,70,,66268,43,,,0,30,,66269,43,,,0,70,,66270,43,,,0,30,,66271,43,,,0,70,,66272,43,,,0,30,,66273,43,,,0,70,,66274,43,,,0,30,,66275,43,,,0,70,,66276,43,,,0,30,,66277,43,,,0,70,,66278,43,,,0
1701,'1395',605,,66279,43,,,0,30,,66280,43,,,0,15,,66281,43,,,0,55,,66282,43,,,0,15,,66283,43,,,0,15,,66284,43,,,0,10,,66285,43,,,0,10,,66286,43,,,0,50,,66287,43,,,0,10,,66288,43,,,0,10,,66289,43,,,0,10,,66290,43,,,0,10,,66291,43,,,0,10,,66292,43,,,0,50,,66293,43,,,0,10,,66294,43,,,0,10,,66295,43,,,0,10,,66296,43,,,0,10,,66297,43,,,0,10,,66298,43,,,0,50,,66299,43,,,0,10,,66300,43,,,0,10,,66301,43,,,0,10,,66302,43,,,0,10,,66303,43,,,0,10,,66304,43,,,0,50,,66305,43,,,0,10,,66306,43,,,0,10,,66307,43,,,0,10,,66308,43,,,0,10,,66309,43,,,0,10,,66310,43,,,0,50,,66311,43,,,0,10,,66312,43,,,0,10,,66313,43,,,0,10,,66314,43,,,0,10,,66315,43,,,0,10,,66316,43,,,0,50,,66317,43,,,0,10,,66318,43,,,0,10,,66319,43,,,0,10,,66320,43,,,0,10,,66321,43,,,0,10,,66322,43,,,0,50,,66323,43,,,0,10,,66324,43,,,0,10,,66325,43,,,0,10,,66326,43,,,0,10,,66327,43,,,0,10,,66328,43,,,0,50,,66329,43,,,0,10,,66330,43,,,0,10,,66331,43,,,0,10,,66332,43,,,0,10,,66333,43,,,0,10,,66334,43,,,0,50,,66335,43,,,0,10,,66336,43,,,0,10,,66337,43,,,0,10,,66338,43,,,0,10,,66339,43,,,0,10,,66340,43,,,0,50,,66341,43,,,0,10,,66342,43,,,0,10,,66343,43,,,0,10,,66344,43,,,0,10,,66345,43,,,0,10,,66346,43,,,0,50,,66347,43,,,0,10,,66348,43,,,0,10,,66349,43,,,0,10,,66350,43,,,0,15,,66351,43,,,0,55,,66352,43,,,0,15,,66353,43,,,0,15,,66354,43,,,0,70,,66355,43,,,0,30,,66356,43,,,0,70,,66357,43,,,0,30,,66358,43,,,0,70,,66359,43,,,0,30,,66360,43,,,0,70,,66361,43,,,0,30,,66362,43,,,0,70,,66363,43,,,0,30,,66364,43,,,0,70,,66365,43,,,0
1701,'1396',605,,66366,43,,,0,30,,66367,43,,,0,15,,66368,43,,,0,55,,66369,43,,,0,15,,66370,43,,,0,15,,66371,43,,,0,10,,66372,43,,,0,10,,66373,43,,,0,50,,66374,43,,,0,10,,66375,43,,,0,10,,66376,43,,,0,10,,66377,43,,,0,10,,66378,43,,,0,10,,66379,43,,,0,50,,66380,43,,,0,10,,66381,43,,,0,10,,66382,43,,,0,10,,66383,43,,,0,10,,66384,43,,,0,10,,66385,43,,,0,50,,66386,43,,,0,10,,66387,43,,,0,10,,66388,43,,,0,10,,66389,43,,,0,10,,66390,43,,,0,10,,66391,43,,,0,50,,66392,43,,,0,10,,66393,43,,,0,10,,66394,43,,,0,10,,66395,43,,,0,10,,66396,43,,,0,10,,66397,43,,,0,50,,66398,43,,,0,10,,66399,43,,,0,10,,66400,43,,,0,10,,66401,43,,,0,10,,66402,43,,,0,10,,66403,43,,,0,50,,66404,43,,,0,10,,66405,43,,,0,10,,66406,43,,,0,10,,66407,43,,,0,10,,66408,43,,,0,10,,66409,43,,,0,50,,66410,43,,,0,10,,66411,43,,,0,10,,66412,43,,,0,10,,66413,43,,,0,10,,66414,43,,,0,10,,66415,43,,,0,50,,66416,43,,,0,10,,66417,43,,,0,10,,66418,43,,,0,10,,66419,43,,,0,10,,66420,43,,,0,10,,66421,43,,,0,50,,66422,43,,,0,10,,66423,43,,,0,10,,66424,43,,,0,10,,66425,43,,,0,10,,66426,43,,,0,10,,66427,43,,,0,50,,66428,43,,,0,10,,66429,43,,,0,10,,66430,43,,,0,10,,66431,43,,,0,10,,66432,43,,,0,10,,66433,43,,,0,50,,66434,43,,,0,10,,66435,43,,,0,10,,66436,43,,,0,10,,66437,43,,,0,15,,66438,43,,,0,55,,66439,43,,,0,15,,66440,43,,,0,15,,66441,43,,,0,70,,66442,43,,,0,30,,66443,43,,,0,70,,66444,43,,,0,30,,66445,43,,,0,70,,66446,43,,,0,30,,66447,43,,,0,70,,66448,43,,,0,30,,66449,43,,,0,70,,66450,43,,,0,30,,66451,43,,,0,70,,66452,43,,,0
721404,'1390',913,,71430,16,0,14,0,110,,71429,16,0,14,0,110,,71428,16,0,14,0,110,,71427,16,0,14,0,110,,71426,16,0,14,0,150,,71425,16,0,14,0,110,,71424,16,0,14,0,110,,71423,16,0,14,0
721404,'1391',813,,71431,16,0,14,0,110,,71432,16,0,14,0,110,,71433,16,0,14,0,110,,71434,16,0,14,0,110,,71435,16,0,14,0,148,,71436,16,0,14,0,45,,71437,16,0,14,0,85,,71438,16,0,14,0,85,,71439,16,0,14,0,85,,71440,16,0,14,0,45,,71441,16,0,14,0,85,,71442,16,0,14,0,85,,71443,16,0,14,0
721404,'1392',633,,71444,16,0,14,0,97,,71445,16,0,14,0,85,,71446,16,0,14,0,85,,71447,16,0,14,0,45,,71448,16,0,14,0,85,,71449,16,0,14,0,85,,71450,16,0,14,0,85,,71451,16,0,14,0,45,,71452,16,0,14,0,85,,71453,16,0,14,0,85,,71454,16,0,14,0,85,,71455,16,0,14,0,45,,71456,16,0,14,0,85,,71457,16,0,14,0,85,,71458,16,0,14,0,85,,71459,16,0,14,0,45,,71460,16,0,14,0,85,,71461,16,0,14,0,85,,71462,16,0,14,0,85,,71463,16,0,14,0
721404,'1393',633,,71464,16,0,14,0,97,,71465,16,0,14,0,85,,71466,16,0,14,0,85,,71467,16,0,14,0,45,,71468,16,0,14,0,85,,71469,16,0,14,0,85,,71470,16,0,14,0,85,,71471,16,0,14,0,45,,71472,16,0,14,0,85,,71473,16,0,14,0,85,,71474,16,0,14,0,85,,71475,16,0,14,0,45,,71476,16,0,14,0,85,,71477,16,0,14,0,85,,71478,16,0,14,0,85,,71479,16,0,14,0,45,,71480,16,0,14,0,85,,71481,16,0,14,0,85,,71482,16,0,14,0,85,,71483,16,0,14,0
721404,'1394',633,,71484,16,0,14,0,97,,71485,16,0,14,0,85,,71486,16,0,14,0,85,,71487,16,0,14,0,45,,71488,16,0,14,0,85,,71489,16,0,14,0,85,,71490,16,0,14,0,85,,71491,16,0,14,0,45,,71492,16,0,14,0,85,,71493,16,0,14,0,85,,71494,16,0,14,0,85,,71495,16,0,14,0,45,,71496,16,0,14,0,85,,71497,16,0,14,0,85,,71498,16,0,14,0,85,,71499,16,0,14,0,45,,71500,16,0,14,0,85,,71501,16,0,14,0,85,,71502,16,0,14,0,85,,71503,16,0,14,0
721404,'1395',633,,71504,16,0,14,0,97,,71505,16,0,14,0,85,,71506,16,0,14,0,85,,71507,16,0,14,0,45,,71508,16,0,14,0,85,,71509,16,0,14,0,85,,71510,16,0,14,0,85,,71511,16,0,14,0,45,,71512,16,0,14,0,85,,71513,16,0,14,0,85,,71514,16,0,14,0,85,,71515,16,0,14,0,45,,71516,16,0,14,0,85,,71517,16,0,14,0,85,,71518,16,0,14,0,85,,71519,16,0,14,0,45,,71520,16,0,14,0,85,,71521,16,0,14,0,85,,71522,16,0,14,0,85,,71523,16,0,14,0
721404,'1396',633,,71524,16,0,14,0,97,,71525,16,0,14,0,85,,71526,16,0,14,0,85,,71527,16,0,14,0,45,,71528,16,0,14,0,85,,71529,16,0,14,0,85,,71530,16,0,14,0,85,,71531,16,0,14,0,45,,71532,16,0,14,0,85,,71533,16,0,14,0,85,,71534,16,0,14,0,85,,71535,16,0,14,0,45,,71536,16,0,14,0,85,,71537,16,0,14,0,85,,71538,16,0,14,0,85,,71539,16,0,14,0,45,,71540,16,0,14,0,85,,71541,16,0,14,0,85,,71542,16,0,14,0,85,,71543,16,0,14,0
