1800,'1383',723,,59268,40,,,0,100,,59267,40,,,0,100,,59266,40,,,0,80,,59265,40,,,0,40,,59264,40,,,0,85,,59263,40,,,0,80,,59262,40,,,0,40,,59261,40,,,0,80,,59260,40,,,0,80,,59259,40,,,0,40,,59258,40,,,0,80,,59257,40,,,0,80,,59256,40,,,0,40,,59255,40,,,0,80,,59254,40,,,0,80,,59253,40,,,0,40,,59252,40,,,0,80,,59251,40,,,0
1800,'1384',542,,59269,40,,,0,85,,59270,40,,,0,30,,59271,40,,,0,70,,59272,40,,,0,30,,59273,40,,,0,70,,59274,40,,,0,30,,59275,40,,,0,70,,59276,40,,,0,30,,59277,40,,,0,70,,59278,40,,,0,20,,59279,40,,,0,60,,59280,40,,,0,20,,59281,40,,,0,20,,59282,40,,,0,60,,59283,40,,,0,20,,59284,40,,,0,20,,59285,40,,,0,60,,59286,40,,,0,20,,59287,40,,,0,20,,59288,40,,,0,60,,59289,40,,,0,20,,59290,40,,,0,20,,59291,40,,,0,60,,59292,40,,,0,20,,59293,40,,,0,20,,59294,40,,,0,60,,59295,40,,,0,20,,59296,40,,,0,20,,59297,40,,,0,60,,59298,40,,,0,20,,59299,40,,,0,20,,59300,40,,,0,60,,59301,40,,,0,20,,59302,40,,,0,30,,59303,40,,,0,70,,59304,40,,,0,30,,59305,40,,,0,70,,59306,40,,,0,30,,59307,40,,,0,70,,59308,40,,,0,30,,59309,40,,,0,70,,59310,40,,,0,30,,59311,40,,,0,70,,59312,40,,,0,30,,59313,40,,,0,70,,59314,40,,,0,30,,59315,40,,,0
1800,'1385',543,,59352,40,,,0,75,,59353,40,,,0,14,,59316,40,,,0,15,,59317,40,,,0,55,,59318,40,,,0,15,,59319,40,,,0,15,,59320,40,,,0,10,,59321,40,,,0,10,,59322,40,,,0,50,,59323,40,,,0,10,,59324,40,,,0,10,,59325,40,,,0,10,,59326,40,,,0,10,,59354,40,,,0,15,,59355,40,,,0,55,,59356,40,,,0,15,,59357,40,,,0,15,,59358,40,,,0,15,,59359,40,,,0,55,,59360,40,,,0,13,,59361,40,,,0,15,,59362,40,,,0,15,,59363,40,,,0,55,,59364,40,,,0,15,,59365,40,,,0,15,,59366,40,,,0,15,,59367,40,,,0,55,,59368,40,,,0,15,,59369,40,,,0,15,,59370,40,,,0,15,,59371,40,,,0,55,,59372,40,,,0,19,,59327,40,,,0,20,,59328,40,,,0,55,,59329,40,,,0,15,,59330,40,,,0,15,,59331,40,,,0,10,,59332,40,,,0,10,,59333,40,,,0,50,,59334,40,,,0,10,,59335,40,,,0,10,,59336,40,,,0,10,,59337,40,,,0,10,,59338,40,,,0,10,,59339,40,,,0,50,,59340,40,,,0,10,,59341,40,,,0,10,,59342,40,,,0,10,,59343,40,,,0,10,,59344,40,,,0,10,,59345,40,,,0,50,,59346,40,,,0,10,,59347,40,,,0,10,,59348,40,,,0,10,,59349,40,,,0,15,,59350,40,,,0,55,,59351,40,,,0,22,,59373,40,,,0,30,,59374,40,,,0,70,,59375,40,,,0,30,,59376,40,,,0,70,,59377,40,,,0,30,,59378,40,,,0,70,,59379,40,,,0,30,,59380,40,,,0,70,,59381,40,,,0,30,,59382,40,,,0,70,,59383,40,,,0,30,,59384,40,,,0,70,,59385,40,,,0,30,,59386,40,,,0
1800,'1386',543,,59423,40,,,0,75,,59424,40,,,0,14,,59387,40,,,0,15,,59388,40,,,0,55,,59389,40,,,0,15,,59390,40,,,0,15,,59391,40,,,0,10,,59392,40,,,0,10,,59393,40,,,0,50,,59394,40,,,0,10,,59395,40,,,0,10,,59396,40,,,0,10,,59397,40,,,0,10,,59425,40,,,0,15,,59426,40,,,0,55,,59427,40,,,0,15,,59428,40,,,0,15,,59429,40,,,0,15,,59430,40,,,0,55,,59431,40,,,0,13,,59432,40,,,0,15,,59433,40,,,0,15,,59434,40,,,0,55,,59435,40,,,0,15,,59436,40,,,0,15,,59437,40,,,0,15,,59438,40,,,0,55,,59439,40,,,0,15,,59440,40,,,0,15,,59441,40,,,0,15,,59442,40,,,0,55,,59443,40,,,0,19,,59398,40,,,0,20,,59399,40,,,0,55,,59400,40,,,0,15,,59401,40,,,0,15,,59402,40,,,0,10,,59403,40,,,0,10,,59404,40,,,0,50,,59405,40,,,0,10,,59406,40,,,0,10,,59407,40,,,0,10,,59408,40,,,0,10,,59409,40,,,0,10,,59410,40,,,0,50,,59411,40,,,0,10,,59412,40,,,0,10,,59413,40,,,0,10,,59414,40,,,0,10,,59415,40,,,0,10,,59416,40,,,0,50,,59417,40,,,0,10,,59418,40,,,0,10,,59419,40,,,0,10,,59420,40,,,0,15,,59421,40,,,0,55,,59422,40,,,0,22,,59444,40,,,0,30,,59445,40,,,0,70,,59446,40,,,0,30,,59447,40,,,0,70,,59448,40,,,0,30,,59449,40,,,0,70,,59450,40,,,0,30,,59451,40,,,0,70,,59452,40,,,0,30,,59453,40,,,0,70,,59454,40,,,0,30,,59455,40,,,0,70,,59456,40,,,0,30,,59457,40,,,0
1800,'1387',543,,59494,40,,,0,75,,59495,40,,,0,14,,59458,40,,,0,15,,59459,40,,,0,55,,59460,40,,,0,15,,59461,40,,,0,15,,59462,40,,,0,10,,59463,40,,,0,10,,59464,40,,,0,50,,59465,40,,,0,10,,59466,40,,,0,10,,59467,40,,,0,10,,59468,40,,,0,10,,59496,40,,,0,15,,59497,40,,,0,55,,59498,40,,,0,15,,59499,40,,,0,15,,59500,40,,,0,15,,59501,40,,,0,55,,59502,40,,,0,13,,59503,40,,,0,15,,59504,40,,,0,15,,59505,40,,,0,55,,59506,40,,,0,15,,59507,40,,,0,15,,59508,40,,,0,15,,59509,40,,,0,55,,59510,40,,,0,15,,59511,40,,,0,15,,59512,40,,,0,15,,59513,40,,,0,55,,59514,40,,,0,19,,59469,40,,,0,20,,59470,40,,,0,55,,59471,40,,,0,15,,59472,40,,,0,15,,59473,40,,,0,10,,59474,40,,,0,10,,59475,40,,,0,50,,59476,40,,,0,10,,59477,40,,,0,10,,59478,40,,,0,10,,59479,40,,,0,10,,59480,40,,,0,10,,59481,40,,,0,50,,59482,40,,,0,10,,59483,40,,,0,10,,59484,40,,,0,10,,59485,40,,,0,10,,59486,40,,,0,10,,59487,40,,,0,50,,59488,40,,,0,10,,59489,40,,,0,10,,59490,40,,,0,10,,59491,40,,,0,15,,59492,40,,,0,55,,59493,40,,,0,22,,59515,40,,,0,30,,59516,40,,,0,70,,59517,40,,,0,30,,59518,40,,,0,70,,59519,40,,,0,30,,59520,40,,,0,70,,59521,40,,,0,30,,59522,40,,,0,70,,59523,40,,,0,30,,59524,40,,,0,70,,59525,40,,,0,30,,59526,40,,,0,70,,59527,40,,,0,30,,59528,40,,,0
1800,'1388',543,,59565,40,,,0,75,,59566,40,,,0,14,,59529,40,,,0,15,,59530,40,,,0,55,,59531,40,,,0,15,,59532,40,,,0,15,,59533,40,,,0,10,,59534,40,,,0,10,,59535,40,,,0,50,,59536,40,,,0,10,,59537,40,,,0,10,,59538,40,,,0,10,,59539,40,,,0,10,,59567,40,,,0,15,,59568,40,,,0,55,,59569,40,,,0,15,,59570,40,,,0,15,,59571,40,,,0,15,,59572,40,,,0,55,,59573,40,,,0,13,,59574,40,,,0,15,,59575,40,,,0,15,,59576,40,,,0,55,,59577,40,,,0,15,,59578,40,,,0,15,,59579,40,,,0,15,,59580,40,,,0,55,,59581,40,,,0,15,,59582,40,,,0,15,,59583,40,,,0,15,,59584,40,,,0,55,,59585,40,,,0,19,,59540,40,,,0,20,,59541,40,,,0,55,,59542,40,,,0,15,,59543,40,,,0,15,,59544,40,,,0,10,,59545,40,,,0,10,,59546,40,,,0,50,,59547,40,,,0,10,,59548,40,,,0,10,,59549,40,,,0,10,,59550,40,,,0,10,,59551,40,,,0,10,,59552,40,,,0,50,,59553,40,,,0,10,,59554,40,,,0,10,,59555,40,,,0,10,,59556,40,,,0,10,,59557,40,,,0,10,,59558,40,,,0,50,,59559,40,,,0,10,,59560,40,,,0,10,,59561,40,,,0,10,,59562,40,,,0,15,,59563,40,,,0,55,,59564,40,,,0,22,,59586,40,,,0,30,,59587,40,,,0,70,,59588,40,,,0,30,,59589,40,,,0,70,,59590,40,,,0,30,,59591,40,,,0,70,,59592,40,,,0,30,,59593,40,,,0,70,,59594,40,,,0,30,,59595,40,,,0,70,,59596,40,,,0,30,,59597,40,,,0,70,,59598,40,,,0,30,,59599,40,,,0
1800,'1389',543,,59636,40,,,0,75,,59637,40,,,0,14,,59600,40,,,0,15,,59601,40,,,0,55,,59602,40,,,0,15,,59603,40,,,0,15,,59604,40,,,0,10,,59605,40,,,0,10,,59606,40,,,0,50,,59607,40,,,0,10,,59608,40,,,0,10,,59609,40,,,0,10,,59610,40,,,0,10,,59638,40,,,0,15,,59639,40,,,0,55,,59640,40,,,0,15,,59641,40,,,0,15,,59642,40,,,0,15,,59643,40,,,0,55,,59644,40,,,0,13,,59645,40,,,0,15,,59646,40,,,0,15,,59647,40,,,0,55,,59648,40,,,0,15,,59649,40,,,0,15,,59650,40,,,0,15,,59651,40,,,0,55,,59652,40,,,0,15,,59653,40,,,0,15,,59654,40,,,0,15,,59655,40,,,0,55,,59656,40,,,0,19,,59611,40,,,0,20,,59612,40,,,0,55,,59613,40,,,0,15,,59614,40,,,0,15,,59615,40,,,0,10,,59616,40,,,0,10,,59617,40,,,0,50,,59618,40,,,0,10,,59619,40,,,0,10,,59620,40,,,0,10,,59621,40,,,0,10,,59622,40,,,0,10,,59623,40,,,0,50,,59624,40,,,0,10,,59625,40,,,0,10,,59626,40,,,0,10,,59627,40,,,0,10,,59628,40,,,0,10,,59629,40,,,0,50,,59630,40,,,0,10,,59631,40,,,0,10,,59632,40,,,0,10,,59633,40,,,0,15,,59634,40,,,0,55,,59635,40,,,0,22,,59657,40,,,0,30,,59658,40,,,0,70,,59659,40,,,0,30,,59660,40,,,0,70,,59661,40,,,0,30,,59662,40,,,0,70,,59663,40,,,0,30,,59664,40,,,0,70,,59665,40,,,0,30,,59666,40,,,0,70,,59667,40,,,0,30,,59668,40,,,0,70,,59669,40,,,0,30,,59670,40,,,0
2000,'1383',958,,60518,47,,,0,85,,60517,47,,,0,85,,60516,47,,,0,85,,60515,47,,,0,45,,60514,47,,,0,85,,60519,47,,,0,85,,60513,47,,,0,85,,60512,47,,,0,45,,60526,47,,,0,85,,60525,47,,,0,86,,60524,47,,,0,84,,60523,47,,,0,45,,60522,47,,,0,85,,60521,47,,,0,85,,60520,47,,,0
2000,'1384',659,,60529,47,,,0,85,,60530,47,,,0,85,,60531,47,,,0,85,,60532,47,,,0,15,,60533,47,,,0,30,,60534,47,,,0,80,,60535,47,,,0,70,,60536,47,,,0,30,,60537,47,,,0,70,,60538,47,,,0,40,,60539,47,,,0,70,,60540,47,,,0,30,,60541,47,,,0,70,,60542,47,,,0,40,,60543,47,,,0,70,,60544,47,,,0,30,,60545,47,,,0,70,,60546,47,,,0,80,,60547,47,,,0,30,,60548,47,,,0,70,,60549,47,,,0,30,,60550,47,,,0,80,,60551,47,,,0,35,,60552,47,,,0,85,,60553,47,,,0,85,,60554,47,,,0,85,,60555,47,,,0,45,,60556,47,,,0,85,,60557,47,,,0,85,,60558,47,,,0
2000,'1385',628,,60569,49,,,0,20,,60570,49,,,0,60,,60571,49,,,0,20,,60572,49,,,0,20,,60573,49,,,0,60,,60574,49,,,0,20,,60575,49,,,0,20,,60576,49,,,0,60,,60577,49,,,0,20,,60578,49,,,0,20,,60579,49,,,0,60,,60580,49,,,0,20,,60581,49,,,0,20,,60582,49,,,0,60,,60583,49,,,0,20,,60584,49,,,0,20,,60585,49,,,0,60,,60586,49,,,0,20,,60587,49,,,0,20,,60588,49,,,0,60,,60589,49,,,0,20,,60590,49,,,0,20,,60591,49,,,0,60,,60592,49,,,0,20,,60593,49,,,0,20,,60594,49,,,0,60,,60595,49,,,0,20,,60596,49,,,0,20,,60597,49,,,0,60,,60598,49,,,0,20,,60599,49,,,0,20,,60600,49,,,0,60,,60601,49,,,0,20,,60602,49,,,0,20,,60603,49,,,0,60,,60604,49,,,0,20,,60605,49,,,0,20,,60606,49,,,0,57,,60560,47,,,0,38,,60561,47,,,0,85,,60562,47,,,0,85,,60563,47,,,0,45,,60564,47,,,0,85,,60565,47,,,0,85,,60566,47,,,0,85,,60567,47,,,0,45,,60568,47,,,0
2000,'1386',628,,60617,49,,,0,20,,60618,49,,,0,60,,60619,49,,,0,20,,60620,49,,,0,20,,60621,49,,,0,60,,60622,49,,,0,20,,60623,49,,,0,20,,60624,49,,,0,60,,60625,49,,,0,20,,60626,49,,,0,20,,60627,49,,,0,60,,60628,49,,,0,20,,60629,49,,,0,20,,60630,49,,,0,60,,60631,49,,,0,20,,60632,49,,,0,20,,60633,49,,,0,60,,60634,49,,,0,20,,60635,49,,,0,20,,60636,49,,,0,60,,60637,49,,,0,20,,60638,49,,,0,20,,60639,49,,,0,60,,60640,49,,,0,20,,60641,49,,,0,20,,60642,49,,,0,60,,60643,49,,,0,20,,60644,49,,,0,20,,60645,49,,,0,60,,60646,49,,,0,20,,60647,49,,,0,20,,60648,49,,,0,60,,60649,49,,,0,20,,60650,49,,,0,20,,60651,49,,,0,60,,60652,49,,,0,20,,60653,49,,,0,20,,60654,49,,,0,57,,60608,47,,,0,38,,60609,47,,,0,85,,60610,47,,,0,85,,60611,47,,,0,45,,60612,47,,,0,85,,60613,47,,,0,85,,60614,47,,,0,85,,60615,47,,,0,45,,60616,47,,,0
2000,'1387',628,,60665,49,,,0,20,,60666,49,,,0,60,,60667,49,,,0,20,,60668,49,,,0,20,,60669,49,,,0,60,,60670,49,,,0,20,,60671,49,,,0,20,,60672,49,,,0,60,,60673,49,,,0,20,,60674,49,,,0,20,,60675,49,,,0,60,,60676,49,,,0,20,,60677,49,,,0,20,,60678,49,,,0,60,,60679,49,,,0,20,,60680,49,,,0,20,,60681,49,,,0,60,,60682,49,,,0,20,,60683,49,,,0,20,,60684,49,,,0,60,,60685,49,,,0,20,,60686,49,,,0,20,,60687,49,,,0,60,,60688,49,,,0,20,,60689,49,,,0,20,,60690,49,,,0,60,,60691,49,,,0,20,,60692,49,,,0,20,,60693,49,,,0,60,,60694,49,,,0,20,,60695,49,,,0,20,,60696,49,,,0,60,,60697,49,,,0,20,,60698,49,,,0,20,,60699,49,,,0,60,,60700,49,,,0,20,,60701,49,,,0,20,,60702,49,,,0,57,,60656,47,,,0,38,,60657,47,,,0,85,,60658,47,,,0,85,,60659,47,,,0,45,,60660,47,,,0,85,,60661,47,,,0,85,,60662,47,,,0,85,,60663,47,,,0,45,,60664,47,,,0
2000,'1388',628,,60713,49,,,0,20,,60714,49,,,0,60,,60715,49,,,0,20,,60716,49,,,0,20,,60717,49,,,0,60,,60718,49,,,0,20,,60719,49,,,0,20,,60720,49,,,0,60,,60721,49,,,0,20,,60722,49,,,0,20,,60723,49,,,0,60,,60724,49,,,0,20,,60725,49,,,0,20,,60726,49,,,0,60,,60727,49,,,0,20,,60728,49,,,0,20,,60729,49,,,0,60,,60730,49,,,0,20,,60731,49,,,0,20,,60732,49,,,0,60,,60733,49,,,0,20,,60734,49,,,0,20,,60735,49,,,0,60,,60736,49,,,0,20,,60737,49,,,0,20,,60738,49,,,0,60,,60739,49,,,0,20,,60740,49,,,0,20,,60741,49,,,0,60,,60742,49,,,0,20,,60743,49,,,0,20,,60744,49,,,0,60,,60745,49,,,0,20,,60746,49,,,0,20,,60747,49,,,0,60,,60748,49,,,0,20,,60749,49,,,0,20,,60750,49,,,0,57,,60704,47,,,0,38,,60705,47,,,0,85,,60706,47,,,0,85,,60707,47,,,0,45,,60708,47,,,0,85,,60709,47,,,0,85,,60710,47,,,0,85,,60711,47,,,0,45,,60712,47,,,0
2000,'1389',628,,60761,49,,,0,20,,60762,49,,,0,60,,60763,49,,,0,20,,60764,49,,,0,20,,60765,49,,,0,60,,60766,49,,,0,20,,60767,49,,,0,20,,60768,49,,,0,60,,60769,49,,,0,20,,60770,49,,,0,20,,60771,49,,,0,60,,60772,49,,,0,20,,60773,49,,,0,20,,60774,49,,,0,60,,60775,49,,,0,20,,60776,49,,,0,20,,60777,49,,,0,60,,60778,49,,,0,20,,60779,49,,,0,20,,60780,49,,,0,60,,60781,49,,,0,20,,60782,49,,,0,20,,60783,49,,,0,60,,60784,49,,,0,20,,60785,49,,,0,20,,60786,49,,,0,60,,60787,49,,,0,20,,60788,49,,,0,20,,60789,49,,,0,60,,60790,49,,,0,20,,60791,49,,,0,20,,60792,49,,,0,60,,60793,49,,,0,20,,60794,49,,,0,20,,60795,49,,,0,60,,60796,49,,,0,20,,60797,49,,,0,20,,60798,49,,,0,57,,60752,47,,,0,38,,60753,47,,,0,85,,60754,47,,,0,85,,60755,47,,,0,45,,60756,47,,,0,85,,60757,47,,,0,85,,60758,47,,,0,85,,60759,47,,,0,45,,60760,47,,,0
