1701,'1383',743,,58766,62,,,0,100,,58768,62,,,0,100,,58767,62,,,0,109,,58765,62,,,0,80,,58764,62,,,0,80,,58763,62,,,0,40,,58762,62,,,0,80,,58761,62,,,0,80,,58760,62,,,0,40,,58759,62,,,0,80,,58758,62,,,0,80,,58757,62,,,0,40,,58756,62,,,0,80,,58755,62,,,0,80,,58754,62,,,0,40,,58753,62,,,0,80,,58752,62,,,0,80,,58751,62,,,0
1701,'1384',622,,58794,62,,,0,30,,58795,62,,,0,70,,58796,62,,,0,30,,58797,62,,,0,70,,58798,62,,,0,30,,58799,62,,,0,70,,58800,62,,,0,30,,58769,62,,,0,70,,58770,62,,,0,30,,58771,62,,,0,60,,58772,62,,,0,20,,58773,62,,,0,20,,58774,62,,,0,60,,58775,62,,,0,20,,58776,62,,,0,20,,58777,62,,,0,60,,58778,62,,,0,20,,58779,62,,,0,20,,58780,62,,,0,60,,58781,62,,,0,20,,58782,62,,,0,20,,58783,62,,,0,60,,58784,62,,,0,20,,58785,62,,,0,20,,58786,62,,,0,60,,58787,62,,,0,20,,58788,62,,,0,20,,58789,62,,,0,60,,58790,62,,,0,20,,58791,62,,,0,20,,58801,62,,,0,60,,58792,62,,,0,20,,58793,62,,,0,20,,58802,62,,,0,70,,58803,62,,,0,30,,58804,62,,,0,70,,58805,62,,,0,30,,58806,62,,,0,70,,58807,62,,,0,30,,58808,62,,,0,70,,58809,62,,,0,30,,58810,62,,,0,70,,58811,62,,,0,30,,58812,62,,,0,70,,58813,62,,,0,30,,58814,62,,,0,70,,58815,62,,,0
1701,'1385',618,,58816,62,,,0,30,,58817,62,,,0,55,,58818,62,,,0,15,,58819,62,,,0,15,,58820,62,,,0,15,,58821,62,,,0,10,,58822,62,,,0,50,,58823,62,,,0,10,,58824,62,,,0,10,,58825,62,,,0,10,,58826,62,,,0,10,,58827,62,,,0,10,,58828,62,,,0,50,,58829,62,,,0,10,,58830,62,,,0,10,,58831,62,,,0,10,,58832,62,,,0,10,,58833,62,,,0,10,,58834,62,,,0,50,,58835,62,,,0,10,,58875,62,,,0,10,,58836,62,,,0,10,,58861,62,,,0,10,,58862,62,,,0,10,,58863,62,,,0,50,,58864,62,,,0,10,,58865,62,,,0,10,,58866,62,,,0,10,,58867,62,,,0,10,,58868,62,,,0,10,,58869,62,,,0,50,,58870,62,,,0,10,,58871,62,,,0,10,,58872,62,,,0,10,,58873,62,,,0,10,,58874,62,,,0,10,,58876,62,,,0,50,,58877,62,,,0,10,,58879,62,,,0,10,,58880,62,,,0,10,,58881,62,,,0,10,,58882,62,,,0,10,,58883,62,,,0,50,,58884,62,,,0,10,,58885,62,,,0,10,,58837,62,,,0,10,,58838,62,,,0,10,,58839,62,,,0,10,,58840,62,,,0,50,,58841,62,,,0,10,,58842,62,,,0,10,,58843,62,,,0,10,,58844,62,,,0,10,,58845,62,,,0,10,,58846,62,,,0,50,,58847,62,,,0,10,,58848,62,,,0,10,,58849,62,,,0,10,,58850,62,,,0,10,,58851,62,,,0,10,,58852,62,,,0,50,,58853,62,,,0,10,,58854,62,,,0,10,,58855,62,,,0,10,,58856,62,,,0,10,,58857,62,,,0,10,,58858,62,,,0,50,,58859,62,,,0,10,,58860,62,,,0,10,,58886,62,,,0,10,,58887,62,,,0,10,,58888,62,,,0,55,,58889,62,,,0,15,,58890,62,,,0,15,,58891,62,,,0,15,,58892,62,,,0,70,,58893,62,,,0,30,,58894,62,,,0,70,,58895,62,,,0,30,,58896,62,,,0,70,,58897,62,,,0,30,,58898,62,,,0,70,,58899,62,,,0,30,,58900,62,,,0,70,,58901,62,,,0,30,,58902,62,,,0,70,,58878,62,,,0
1701,'1386',618,,58903,62,,,0,30,,58904,62,,,0,55,,58905,62,,,0,15,,58906,62,,,0,15,,58907,62,,,0,15,,58908,62,,,0,10,,58909,62,,,0,50,,58910,62,,,0,10,,58911,62,,,0,10,,58912,62,,,0,10,,58913,62,,,0,10,,58914,62,,,0,10,,58915,62,,,0,50,,58916,62,,,0,10,,58917,62,,,0,10,,58918,62,,,0,10,,58919,62,,,0,10,,58920,62,,,0,10,,58921,62,,,0,50,,58922,62,,,0,10,,58962,62,,,0,10,,58923,62,,,0,10,,58948,62,,,0,10,,58949,62,,,0,10,,58950,62,,,0,50,,58951,62,,,0,10,,58952,62,,,0,10,,58953,62,,,0,10,,58954,62,,,0,10,,58955,62,,,0,10,,58956,62,,,0,50,,58957,62,,,0,10,,58958,62,,,0,10,,58959,62,,,0,10,,58960,62,,,0,10,,58961,62,,,0,10,,58963,62,,,0,50,,58964,62,,,0,10,,58966,62,,,0,10,,58967,62,,,0,10,,58968,62,,,0,10,,58969,62,,,0,10,,58970,62,,,0,50,,58971,62,,,0,10,,58972,62,,,0,10,,58924,62,,,0,10,,58925,62,,,0,10,,58926,62,,,0,10,,58927,62,,,0,50,,58928,62,,,0,10,,58929,62,,,0,10,,58930,62,,,0,10,,58931,62,,,0,10,,58932,62,,,0,10,,58933,62,,,0,50,,58934,62,,,0,10,,58935,62,,,0,10,,58936,62,,,0,10,,58937,62,,,0,10,,58938,62,,,0,10,,58939,62,,,0,50,,58940,62,,,0,10,,58941,62,,,0,10,,58942,62,,,0,10,,58943,62,,,0,10,,58944,62,,,0,10,,58945,62,,,0,50,,58946,62,,,0,10,,58947,62,,,0,10,,58973,62,,,0,10,,58974,62,,,0,10,,58975,62,,,0,55,,58976,62,,,0,15,,58977,62,,,0,15,,58978,62,,,0,15,,58979,62,,,0,70,,58980,62,,,0,30,,58981,62,,,0,70,,58982,62,,,0,30,,58983,62,,,0,70,,58984,62,,,0,30,,58985,62,,,0,70,,58986,62,,,0,30,,58987,62,,,0,70,,58988,62,,,0,30,,58989,62,,,0,70,,58965,62,,,0
1701,'1387',618,,58990,62,,,0,30,,58991,62,,,0,55,,58992,62,,,0,15,,58993,62,,,0,15,,58994,62,,,0,15,,58995,62,,,0,10,,58996,62,,,0,50,,58997,62,,,0,10,,58998,62,,,0,10,,58999,62,,,0,10,,59000,62,,,0,10,,59001,62,,,0,10,,59002,62,,,0,50,,59003,62,,,0,10,,59004,62,,,0,10,,59005,62,,,0,10,,59006,62,,,0,10,,59007,62,,,0,10,,59008,62,,,0,50,,59009,62,,,0,10,,59049,62,,,0,10,,59010,62,,,0,10,,59035,62,,,0,10,,59036,62,,,0,10,,59037,62,,,0,50,,59038,62,,,0,10,,59039,62,,,0,10,,59040,62,,,0,10,,59041,62,,,0,10,,59042,62,,,0,10,,59043,62,,,0,50,,59044,62,,,0,10,,59045,62,,,0,10,,59046,62,,,0,10,,59047,62,,,0,10,,59048,62,,,0,10,,59050,62,,,0,50,,59051,62,,,0,10,,59053,62,,,0,10,,59054,62,,,0,10,,59055,62,,,0,10,,59056,62,,,0,10,,59057,62,,,0,50,,59058,62,,,0,10,,59059,62,,,0,10,,59011,62,,,0,10,,59012,62,,,0,10,,59013,62,,,0,10,,59014,62,,,0,50,,59015,62,,,0,10,,59016,62,,,0,10,,59017,62,,,0,10,,59018,62,,,0,10,,59019,62,,,0,10,,59020,62,,,0,50,,59021,62,,,0,10,,59022,62,,,0,10,,59023,62,,,0,10,,59024,62,,,0,10,,59025,62,,,0,10,,59026,62,,,0,50,,59027,62,,,0,10,,59028,62,,,0,10,,59029,62,,,0,10,,59030,62,,,0,10,,59031,62,,,0,10,,59032,62,,,0,50,,59033,62,,,0,10,,59034,62,,,0,10,,59060,62,,,0,10,,59061,62,,,0,10,,59062,62,,,0,55,,59063,62,,,0,15,,59064,62,,,0,15,,59065,62,,,0,15,,59066,62,,,0,70,,59067,62,,,0,30,,59068,62,,,0,70,,59069,62,,,0,30,,59070,62,,,0,70,,59071,62,,,0,30,,59072,62,,,0,70,,59073,62,,,0,30,,59074,62,,,0,70,,59075,62,,,0,30,,59076,62,,,0,70,,59052,62,,,0
1701,'1388',618,,59077,62,,,0,30,,59078,62,,,0,55,,59079,62,,,0,15,,59080,62,,,0,15,,59081,62,,,0,15,,59082,62,,,0,10,,59083,62,,,0,50,,59084,62,,,0,10,,59085,62,,,0,10,,59086,62,,,0,10,,59087,62,,,0,10,,59088,62,,,0,10,,59089,62,,,0,50,,59090,62,,,0,10,,59091,62,,,0,10,,59092,62,,,0,10,,59093,62,,,0,10,,59094,62,,,0,10,,59095,62,,,0,50,,59096,62,,,0,10,,59136,62,,,0,10,,59097,62,,,0,10,,59122,62,,,0,10,,59123,62,,,0,10,,59124,62,,,0,50,,59125,62,,,0,10,,59126,62,,,0,10,,59127,62,,,0,10,,59128,62,,,0,10,,59129,62,,,0,10,,59130,62,,,0,50,,59131,62,,,0,10,,59132,62,,,0,10,,59133,62,,,0,10,,59134,62,,,0,10,,59135,62,,,0,10,,59137,62,,,0,50,,59138,62,,,0,10,,59140,62,,,0,10,,59141,62,,,0,10,,59142,62,,,0,10,,59143,62,,,0,10,,59144,62,,,0,50,,59145,62,,,0,10,,59146,62,,,0,10,,59098,62,,,0,10,,59099,62,,,0,10,,59100,62,,,0,10,,59101,62,,,0,50,,59102,62,,,0,10,,59103,62,,,0,10,,59104,62,,,0,10,,59105,62,,,0,10,,59106,62,,,0,10,,59107,62,,,0,50,,59108,62,,,0,10,,59109,62,,,0,10,,59110,62,,,0,10,,59111,62,,,0,10,,59112,62,,,0,10,,59113,62,,,0,50,,59114,62,,,0,10,,59115,62,,,0,10,,59116,62,,,0,10,,59117,62,,,0,10,,59118,62,,,0,10,,59119,62,,,0,50,,59120,62,,,0,10,,59121,62,,,0,10,,59147,62,,,0,10,,59148,62,,,0,10,,59149,62,,,0,55,,59150,62,,,0,15,,59151,62,,,0,15,,59152,62,,,0,15,,59153,62,,,0,70,,59154,62,,,0,30,,59155,62,,,0,70,,59156,62,,,0,30,,59157,62,,,0,70,,59158,62,,,0,30,,59159,62,,,0,70,,59160,62,,,0,30,,59161,62,,,0,70,,59162,62,,,0,30,,59163,62,,,0,70,,59139,62,,,0
1701,'1389',618,,59164,62,,,0,30,,59165,62,,,0,55,,59166,62,,,0,15,,59167,62,,,0,15,,59168,62,,,0,15,,59169,62,,,0,10,,59170,62,,,0,50,,59171,62,,,0,10,,59172,62,,,0,10,,59173,62,,,0,10,,59174,62,,,0,10,,59175,62,,,0,10,,59176,62,,,0,50,,59177,62,,,0,10,,59178,62,,,0,10,,59179,62,,,0,10,,59180,62,,,0,10,,59181,62,,,0,10,,59182,62,,,0,50,,59183,62,,,0,10,,59223,62,,,0,10,,59184,62,,,0,10,,59209,62,,,0,10,,59210,62,,,0,10,,59211,62,,,0,50,,59212,62,,,0,10,,59213,62,,,0,10,,59214,62,,,0,10,,59215,62,,,0,10,,59216,62,,,0,10,,59217,62,,,0,50,,59218,62,,,0,10,,59219,62,,,0,10,,59220,62,,,0,10,,59221,62,,,0,10,,59222,62,,,0,10,,59224,62,,,0,50,,59225,62,,,0,10,,59227,62,,,0,10,,59228,62,,,0,10,,59229,62,,,0,10,,59230,62,,,0,10,,59231,62,,,0,50,,59232,62,,,0,10,,59233,62,,,0,10,,59185,62,,,0,10,,59186,62,,,0,10,,59187,62,,,0,10,,59188,62,,,0,50,,59189,62,,,0,10,,59190,62,,,0,10,,59191,62,,,0,10,,59192,62,,,0,10,,59193,62,,,0,10,,59194,62,,,0,50,,59195,62,,,0,10,,59196,62,,,0,10,,59197,62,,,0,10,,59198,62,,,0,10,,59199,62,,,0,10,,59200,62,,,0,50,,59201,62,,,0,10,,59202,62,,,0,10,,59203,62,,,0,10,,59204,62,,,0,10,,59205,62,,,0,10,,59206,62,,,0,50,,59207,62,,,0,10,,59208,62,,,0,10,,59234,62,,,0,10,,59235,62,,,0,10,,59236,62,,,0,55,,59237,62,,,0,15,,59238,62,,,0,15,,59239,62,,,0,15,,59240,62,,,0,70,,59241,62,,,0,30,,59242,62,,,0,70,,59243,62,,,0,30,,59244,62,,,0,70,,59245,62,,,0,30,,59246,62,,,0,70,,59247,62,,,0,30,,59248,62,,,0,70,,59249,62,,,0,30,,59250,62,,,0,70,,59226,62,,,0
552201,'1385',720,,62021,21,0,9,0,30,,62020,21,0,9,0,70,,62019,21,0,9,0,30,,62018,21,0,9,0,70,,62017,21,0,9,0,30,,62016,21,0,9,0,70,,62015,21,0,9,0,30,,61999,21,0,9,0,70,,62000,21,0,9,0,30,,62001,21,0,9,0,70,,62002,21,0,9,0,30,,62003,21,0,9,0,70,,62004,21,0,9,0,30,,62005,21,0,9,0,70,,62006,21,0,9,0,30,,62007,21,0,9,0,70,,62008,21,0,9,0,30,,62009,21,0,9,0,70,,62010,21,0,9,0,30,,62011,21,0,9,0,70,,62012,21,0,9,0,30,,62013,21,0,9,0,70,,62014,21,0,9,0
552201,'1386',720,,62044,21,0,9,0,30,,62043,21,0,9,0,70,,62042,21,0,9,0,30,,62041,21,0,9,0,70,,62040,21,0,9,0,30,,62039,21,0,9,0,70,,62038,21,0,9,0,30,,62022,21,0,9,0,70,,62023,21,0,9,0,30,,62024,21,0,9,0,70,,62025,21,0,9,0,30,,62026,21,0,9,0,70,,62027,21,0,9,0,30,,62028,21,0,9,0,70,,62029,21,0,9,0,30,,62030,21,0,9,0,70,,62031,21,0,9,0,30,,62032,21,0,9,0,70,,62033,21,0,9,0,30,,62034,21,0,9,0,70,,62035,21,0,9,0,30,,62036,21,0,9,0,70,,62037,21,0,9,0
552201,'1387',720,,62067,21,0,9,0,30,,62066,21,0,9,0,70,,62065,21,0,9,0,30,,62064,21,0,9,0,70,,62063,21,0,9,0,30,,62062,21,0,9,0,70,,62061,21,0,9,0,30,,62045,21,0,9,0,70,,62046,21,0,9,0,30,,62047,21,0,9,0,70,,62048,21,0,9,0,30,,62049,21,0,9,0,70,,62050,21,0,9,0,30,,62051,21,0,9,0,70,,62052,21,0,9,0,30,,62053,21,0,9,0,70,,62054,21,0,9,0,30,,62055,21,0,9,0,70,,62056,21,0,9,0,30,,62057,21,0,9,0,70,,62058,21,0,9,0,30,,62059,21,0,9,0,70,,62060,21,0,9,0
552201,'1388',720,,62090,21,0,9,0,30,,62089,21,0,9,0,70,,62088,21,0,9,0,30,,62087,21,0,9,0,70,,62086,21,0,9,0,30,,62085,21,0,9,0,70,,62084,21,0,9,0,30,,62068,21,0,9,0,70,,62069,21,0,9,0,30,,62070,21,0,9,0,70,,62071,21,0,9,0,30,,62072,21,0,9,0,70,,62073,21,0,9,0,30,,62074,21,0,9,0,70,,62075,21,0,9,0,30,,62076,21,0,9,0,70,,62077,21,0,9,0,30,,62078,21,0,9,0,70,,62079,21,0,9,0,30,,62080,21,0,9,0,70,,62081,21,0,9,0,30,,62082,21,0,9,0,70,,62083,21,0,9,0
552201,'1389',720,,62113,21,0,9,0,30,,62112,21,0,9,0,70,,62111,21,0,9,0,30,,62110,21,0,9,0,70,,62109,21,0,9,0,30,,62108,21,0,9,0,70,,62107,21,0,9,0,30,,62091,21,0,9,0,70,,62092,21,0,9,0,30,,62093,21,0,9,0,70,,62094,21,0,9,0,30,,62095,21,0,9,0,70,,62096,21,0,9,0,30,,62097,21,0,9,0,70,,62098,21,0,9,0,30,,62099,21,0,9,0,70,,62100,21,0,9,0,30,,62101,21,0,9,0,70,,62102,21,0,9,0,30,,62103,21,0,9,0,70,,62104,21,0,9,0,30,,62105,21,0,9,0,70,,62106,21,0,9,0
