721303,'1383',845,,63599,12,0,15,0,80,,63598,12,0,15,0,80,,63597,12,0,15,0,40,,63596,12,0,15,0,80,,63595,12,0,15,0,80,,63594,12,0,15,0,40,,63593,12,0,15,0,80,,63592,12,0,15,0,80,,63591,12,0,15,0,40,,63590,12,0,15,0,80,,63589,12,0,15,0,80,,63588,12,0,15,0,40,,63587,12,0,15,0,80,,63586,12,0,15,0,80,,63585,12,0,15,0,40,,63584,12,0,15,0,80,,63583,12,0,15,0,80,,63582,12,0,15,0
721303,'1384',645,,63600,12,0,15,0,80,,63601,12,0,15,0,80,,63602,12,0,15,0,40,,63603,12,0,15,0,80,,63604,12,0,15,0,80,,63605,12,0,15,0,40,,63606,12,0,15,0,80,,63607,12,0,15,0,80,,63608,12,0,15,0,20,,63609,12,0,15,0,20,,63610,12,0,15,0,60,,63611,12,0,15,0,20,,63612,12,0,15,0,20,,63613,12,0,15,0,60,,63614,12,0,15,0,20,,63615,12,0,15,0,20,,63616,12,0,15,0,60,,63617,12,0,15,0,20,,63618,12,0,15,0,20,,63619,12,0,15,0,60,,63620,12,0,15,0,20,,63621,12,0,15,0,20,,63622,12,0,15,0,60,,63623,12,0,15,0,20,,63624,12,0,15,0,20,,63625,12,0,15,0,60,,63626,12,0,15,0,20,,63627,12,0,15,0,20,,63628,12,0,15,0,80,,63629,12,0,15,0,80,,63630,12,0,15,0,40,,63631,12,0,15,0,80,,63632,12,0,15,0,80,,63633,12,0,15,0,40,,63634,12,0,15,0,80,,63635,12,0,15,0
721303,'1385',619,,63636,12,0,15,0,85,,63637,12,0,15,0,20,,63638,12,0,15,0,25,,63639,12,0,15,0,60,,63640,12,0,15,0,25,,63641,12,0,15,0,20,,63642,12,0,15,0,65,,63643,12,0,15,0,20,,63644,12,0,15,0,65,,63645,12,0,15,0,20,,63646,12,0,15,0,25,,63647,12,0,15,0,60,,63648,12,0,15,0,25,,63649,12,0,15,0,20,,63650,12,0,15,0,65,,63651,12,0,15,0,20,,63652,12,0,15,0,65,,63653,12,0,15,0,20,,63654,12,0,15,0,25,,63655,12,0,15,0,60,,63656,12,0,15,0,25,,63657,12,0,15,0,20,,63658,12,0,15,0,65,,63659,12,0,15,0,20,,63660,12,0,15,0,65,,63661,12,0,15,0,20,,63662,12,0,15,0,25,,63663,12,0,15,0,60,,63664,12,0,15,0,25,,63665,12,0,15,0,20,,63666,12,0,15,0,65,,63667,12,0,15,0,20,,63668,12,0,15,0,69,,63669,12,0,15,0,37,,63670,12,0,15,0,80,,63671,12,0,15,0,80,,63672,12,0,15,0,40,,63676,12,0,15,0,80,,63675,12,0,15,0,80,,63674,12,0,15,0,40,,63673,12,0,15,0
721303,'1386',619,,63677,12,0,15,0,85,,63678,12,0,15,0,20,,63679,12,0,15,0,25,,63680,12,0,15,0,60,,63681,12,0,15,0,25,,63682,12,0,15,0,20,,63683,12,0,15,0,65,,63684,12,0,15,0,20,,63685,12,0,15,0,65,,63686,12,0,15,0,20,,63687,12,0,15,0,25,,63688,12,0,15,0,60,,63689,12,0,15,0,25,,63690,12,0,15,0,20,,63691,12,0,15,0,65,,63692,12,0,15,0,20,,63693,12,0,15,0,65,,63694,12,0,15,0,20,,63695,12,0,15,0,25,,63696,12,0,15,0,60,,63697,12,0,15,0,25,,63698,12,0,15,0,20,,63699,12,0,15,0,65,,63700,12,0,15,0,20,,63701,12,0,15,0,65,,63702,12,0,15,0,20,,63703,12,0,15,0,25,,63704,12,0,15,0,60,,63705,12,0,15,0,25,,63706,12,0,15,0,20,,63707,12,0,15,0,65,,63708,12,0,15,0,20,,63709,12,0,15,0,69,,63710,12,0,15,0,37,,63711,12,0,15,0,80,,63712,12,0,15,0,80,,63713,12,0,15,0,40,,63717,12,0,15,0,80,,63716,12,0,15,0,80,,63715,12,0,15,0,40,,63714,12,0,15,0
721303,'1387',619,,63718,12,0,15,0,85,,63719,12,0,15,0,20,,63720,12,0,15,0,25,,63721,12,0,15,0,60,,63722,12,0,15,0,25,,63723,12,0,15,0,20,,63724,12,0,15,0,65,,63725,12,0,15,0,20,,63726,12,0,15,0,65,,63727,12,0,15,0,20,,63728,12,0,15,0,25,,63729,12,0,15,0,60,,63730,12,0,15,0,25,,63731,12,0,15,0,20,,63732,12,0,15,0,65,,63733,12,0,15,0,20,,63734,12,0,15,0,65,,63735,12,0,15,0,20,,63736,12,0,15,0,25,,63737,12,0,15,0,60,,63738,12,0,15,0,25,,63739,12,0,15,0,20,,63740,12,0,15,0,65,,63741,12,0,15,0,20,,63742,12,0,15,0,65,,63743,12,0,15,0,20,,63744,12,0,15,0,25,,63745,12,0,15,0,60,,63746,12,0,15,0,25,,63747,12,0,15,0,20,,63748,12,0,15,0,65,,63749,12,0,15,0,20,,63750,12,0,15,0,69,,63751,12,0,15,0,37,,63752,12,0,15,0,80,,63753,12,0,15,0,80,,63754,12,0,15,0,40,,63758,12,0,15,0,80,,63757,12,0,15,0,80,,63756,12,0,15,0,40,,63755,12,0,15,0
721303,'1388',619,,63759,12,0,15,0,85,,63760,12,0,15,0,20,,63761,12,0,15,0,25,,63762,12,0,15,0,60,,63763,12,0,15,0,25,,63764,12,0,15,0,20,,63765,12,0,15,0,65,,63766,12,0,15,0,20,,63767,12,0,15,0,65,,63768,12,0,15,0,20,,63769,12,0,15,0,25,,63770,12,0,15,0,60,,63771,12,0,15,0,25,,63772,12,0,15,0,20,,63773,12,0,15,0,65,,63774,12,0,15,0,20,,63775,12,0,15,0,65,,63776,12,0,15,0,20,,63777,12,0,15,0,25,,63778,12,0,15,0,60,,63779,12,0,15,0,25,,63780,12,0,15,0,20,,63781,12,0,15,0,65,,63782,12,0,15,0,20,,63783,12,0,15,0,65,,63784,12,0,15,0,20,,63785,12,0,15,0,25,,63786,12,0,15,0,60,,63787,12,0,15,0,25,,63788,12,0,15,0,20,,63789,12,0,15,0,65,,63790,12,0,15,0,20,,63791,12,0,15,0,69,,63792,12,0,15,0,37,,63793,12,0,15,0,80,,63794,12,0,15,0,80,,63795,12,0,15,0,40,,63799,12,0,15,0,80,,63798,12,0,15,0,80,,63797,12,0,15,0,40,,63796,12,0,15,0
721303,'1389',619,,63800,12,0,15,0,85,,63801,12,0,15,0,20,,63802,12,0,15,0,25,,63803,12,0,15,0,60,,63804,12,0,15,0,25,,63805,12,0,15,0,20,,63806,12,0,15,0,65,,63807,12,0,15,0,20,,63808,12,0,15,0,65,,63809,12,0,15,0,20,,63810,12,0,15,0,25,,63811,12,0,15,0,60,,63812,12,0,15,0,25,,63813,12,0,15,0,20,,63814,12,0,15,0,65,,63815,12,0,15,0,20,,63816,12,0,15,0,65,,63817,12,0,15,0,20,,63818,12,0,15,0,25,,63819,12,0,15,0,60,,63820,12,0,15,0,25,,63821,12,0,15,0,20,,63822,12,0,15,0,65,,63823,12,0,15,0,20,,63824,12,0,15,0,65,,63825,12,0,15,0,20,,63826,12,0,15,0,25,,63827,12,0,15,0,60,,63828,12,0,15,0,25,,63829,12,0,15,0,20,,63830,12,0,15,0,65,,63831,12,0,15,0,20,,63832,12,0,15,0,69,,63833,12,0,15,0,37,,63834,12,0,15,0,80,,63835,12,0,15,0,80,,63836,12,0,15,0,40,,63840,12,0,15,0,80,,63839,12,0,15,0,80,,63838,12,0,15,0,40,,63837,12,0,15,0
721502,'1383',859,,64521,3,0,16,0,100,,64520,3,0,16,0,100,,64519,3,0,16,0,100,,64518,3,0,16,0,100,,64517,3,0,16,0,100,,64516,3,0,16,0,100,,64515,3,0,16,0,100,,64522,3,0,16,0,100,,64514,3,0,16,0,100,,64513,3,0,16,0,100,,64512,3,0,16,0
721502,'1384',659,,64523,3,0,16,0,100,,64524,3,0,16,0,100,,64525,3,0,16,0,100,,64526,3,0,16,0,100,,64527,3,0,16,0,100,,64528,3,0,16,0,100,,64529,3,0,16,0,70,,64530,3,0,16,0,30,,64531,3,0,16,0,70,,64532,3,0,16,0,30,,64533,3,0,16,0,70,,64534,3,0,16,0,30,,64535,3,0,16,0,70,,64536,3,0,16,0,30,,64537,3,0,16,0,70,,64538,3,0,16,0,30,,64539,3,0,16,0,70,,64540,3,0,16,0,30,,64541,3,0,16,0
721502,'1385',659,,64543,3,0,16,0,70,,64544,3,0,16,0,30,,64545,3,0,16,0,70,,64546,3,0,16,0,30,,64547,3,0,16,0,70,,64548,3,0,16,0,30,,64549,3,0,16,0,70,,64550,3,0,16,0,30,,64551,3,0,16,0,70,,64552,3,0,16,0,30,,64553,3,0,16,0,70,,64554,3,0,16,0,30,,64555,3,0,16,0,70,,64556,3,0,16,0,30,,64557,3,0,16,0,70,,64558,3,0,16,0,30,,64559,3,0,16,0,70,,64560,3,0,16,0,30,,64561,3,0,16,0,70,,64562,3,0,16,0,30,,64563,3,0,16,0,70,,64564,3,0,16,0,30,,64565,3,0,16,0,70,,64566,3,0,16,0,30,,64567,3,0,16,0,100,,64568,3,0,16,0,100,,64569,3,0,16,0,100,,64570,3,0,16,0
721502,'1386',659,,64572,3,0,16,0,70,,64573,3,0,16,0,30,,64574,3,0,16,0,70,,64575,3,0,16,0,30,,64576,3,0,16,0,70,,64577,3,0,16,0,30,,64578,3,0,16,0,70,,64579,3,0,16,0,30,,64580,3,0,16,0,70,,64581,3,0,16,0,30,,64582,3,0,16,0,70,,64583,3,0,16,0,30,,64584,3,0,16,0,70,,64585,3,0,16,0,30,,64586,3,0,16,0,70,,64587,3,0,16,0,30,,64588,3,0,16,0,70,,64589,3,0,16,0,30,,64590,3,0,16,0,70,,64591,3,0,16,0,30,,64592,3,0,16,0,70,,64593,3,0,16,0,30,,64594,3,0,16,0,70,,64595,3,0,16,0,30,,64596,3,0,16,0,100,,64597,3,0,16,0,100,,64598,3,0,16,0,100,,64599,3,0,16,0
721502,'1387',659,,64601,3,0,16,0,70,,64602,3,0,16,0,30,,64603,3,0,16,0,70,,64604,3,0,16,0,30,,64605,3,0,16,0,70,,64606,3,0,16,0,30,,64607,3,0,16,0,70,,64608,3,0,16,0,30,,64609,3,0,16,0,70,,64610,3,0,16,0,30,,64611,3,0,16,0,70,,64612,3,0,16,0,30,,64613,3,0,16,0,70,,64614,3,0,16,0,30,,64615,3,0,16,0,70,,64616,3,0,16,0,30,,64617,3,0,16,0,70,,64618,3,0,16,0,30,,64619,3,0,16,0,70,,64620,3,0,16,0,30,,64621,3,0,16,0,70,,64622,3,0,16,0,30,,64623,3,0,16,0,70,,64624,3,0,16,0,30,,64625,3,0,16,0,100,,64626,3,0,16,0,100,,64627,3,0,16,0,100,,64628,3,0,16,0
721502,'1388',659,,64630,3,0,16,0,70,,64631,3,0,16,0,30,,64632,3,0,16,0,70,,64633,3,0,16,0,30,,64634,3,0,16,0,70,,64635,3,0,16,0,30,,64636,3,0,16,0,70,,64637,3,0,16,0,30,,64638,3,0,16,0,70,,64639,3,0,16,0,30,,64640,3,0,16,0,70,,64641,3,0,16,0,30,,64642,3,0,16,0,70,,64643,3,0,16,0,30,,64644,3,0,16,0,70,,64645,3,0,16,0,30,,64646,3,0,16,0,70,,64647,3,0,16,0,30,,64648,3,0,16,0,70,,64649,3,0,16,0,30,,64650,3,0,16,0,70,,64651,3,0,16,0,30,,64652,3,0,16,0,70,,64653,3,0,16,0,30,,64654,3,0,16,0,100,,64655,3,0,16,0,100,,64656,3,0,16,0,100,,64657,3,0,16,0
721502,'1389',659,,64659,3,0,16,0,70,,64660,3,0,16,0,30,,64661,3,0,16,0,70,,64662,3,0,16,0,30,,64663,3,0,16,0,70,,64664,3,0,16,0,30,,64665,3,0,16,0,70,,64666,3,0,16,0,30,,64667,3,0,16,0,70,,64668,3,0,16,0,30,,64669,3,0,16,0,70,,64670,3,0,16,0,30,,64671,3,0,16,0,70,,64672,3,0,16,0,30,,64673,3,0,16,0,70,,64674,3,0,16,0,30,,64675,3,0,16,0,70,,64676,3,0,16,0,30,,64677,3,0,16,0,70,,64678,3,0,16,0,30,,64679,3,0,16,0,70,,64680,3,0,16,0,30,,64681,3,0,16,0,70,,64682,3,0,16,0,30,,64683,3,0,16,0,100,,64684,3,0,16,0,100,,64685,3,0,16,0,100,,64686,3,0,16,0
