1700,'1390',619,,65455,26,,,0,100,,65454,26,,,0,100,,65453,26,,,0,100,,65452,26,,,0,109,,65470,26,,,0,80,,65469,26,,,0,40,,65468,26,,,0,80,,65467,26,,,0,80,,65466,26,,,0,40,,65465,26,,,0,80,,65464,26,,,0,80,,65463,26,,,0,40,,65462,26,,,0,80,,65461,26,,,0,80,,65460,26,,,0,40,,65459,26,,,0,80,,65458,26,,,0,80,,65457,26,,,0,40,,65456,26,,,0
1700,'1391',537,,65471,26,,,0,74,,65472,26,,,0,30,,65473,26,,,0,70,,65474,26,,,0,30,,65475,26,,,0,70,,65476,26,,,0,30,,65477,26,,,0,70,,65478,26,,,0,30,,65479,26,,,0,70,,65480,26,,,0,37,,65489,26,,,0,60,,65490,26,,,0,20,,65491,26,,,0,20,,65492,26,,,0,60,,65493,26,,,0,20,,65494,26,,,0,20,,65495,26,,,0,60,,65496,26,,,0,20,,65497,26,,,0,20,,65498,26,,,0,60,,65499,26,,,0,20,,65500,26,,,0,20,,65501,26,,,0,60,,65502,26,,,0,20,,65503,26,,,0,20,,65504,26,,,0,60,,65505,26,,,0,20,,65506,26,,,0,20,,65507,26,,,0,60,,65508,26,,,0,20,,65509,26,,,0,20,,65510,26,,,0,60,,65511,26,,,0,20,,65512,26,,,0,15,,65513,26,,,0,70,,65514,26,,,0,30,,65515,26,,,0,70,,65516,26,,,0,30,,65517,26,,,0,68,,65481,26,,,0,30,,65482,26,,,0,70,,65483,26,,,0,30,,65484,26,,,0,70,,65485,26,,,0,30,,65486,26,,,0,70,,65487,26,,,0,30,,65488,26,,,0
1700,'1392',542,,65518,26,,,0,82,,65520,26,,,0,15,,65521,26,,,0,15,,65522,26,,,0,55,,65523,26,,,0,15,,65524,26,,,0,10,,65525,26,,,0,10,,65526,26,,,0,10,,65527,26,,,0,50,,65528,26,,,0,10,,65529,26,,,0,10,,65530,26,,,0,10,,65531,26,,,0,10,,65532,26,,,0,10,,65533,26,,,0,50,,65534,26,,,0,10,,65535,26,,,0,10,,65536,26,,,0,10,,65537,26,,,0,10,,65538,26,,,0,10,,65539,26,,,0,50,,65540,26,,,0,10,,65541,26,,,0,10,,65542,26,,,0,10,,65543,26,,,0,10,,65544,26,,,0,10,,65545,26,,,0,50,,65546,26,,,0,10,,65547,26,,,0,10,,65548,26,,,0,10,,65549,26,,,0,10,,65550,26,,,0,10,,65551,26,,,0,50,,65552,26,,,0,10,,65553,26,,,0,10,,65554,26,,,0,10,,65555,26,,,0,10,,65556,26,,,0,10,,65557,26,,,0,50,,65558,26,,,0,10,,65559,26,,,0,10,,65560,26,,,0,10,,65561,26,,,0,10,,65562,26,,,0,10,,65563,26,,,0,50,,65564,26,,,0,10,,65565,26,,,0,10,,65566,26,,,0,10,,65567,26,,,0,10,,65568,26,,,0,10,,65569,26,,,0,50,,65570,26,,,0,10,,65571,26,,,0,10,,65572,26,,,0,10,,65573,26,,,0,10,,65574,26,,,0,10,,65575,26,,,0,50,,65576,26,,,0,10,,65577,26,,,0,10,,65578,26,,,0,10,,65579,26,,,0,10,,65580,26,,,0,10,,65581,26,,,0,50,,65582,26,,,0,10,,65583,26,,,0,10,,65584,26,,,0,10,,65585,26,,,0,10,,65586,26,,,0,10,,65587,26,,,0,50,,65588,26,,,0,10,,65589,26,,,0,10,,65590,26,,,0,15,,65591,26,,,0,15,,65592,26,,,0,55,,65593,26,,,0,30,,65594,26,,,0,70,,65595,26,,,0,30,,65596,26,,,0,70,,65597,26,,,0,30,,65598,26,,,0,70,,65599,26,,,0,30,,65600,26,,,0,70,,65601,26,,,0,30,,65602,26,,,0,70,,65603,26,,,0,30,,65604,26,,,0
1700,'1393',542,,65605,26,,,0,82,,65607,26,,,0,15,,65608,26,,,0,15,,65609,26,,,0,55,,65610,26,,,0,15,,65611,26,,,0,10,,65612,26,,,0,10,,65613,26,,,0,10,,65614,26,,,0,50,,65615,26,,,0,10,,65616,26,,,0,10,,65617,26,,,0,10,,65618,26,,,0,10,,65619,26,,,0,10,,65620,26,,,0,50,,65621,26,,,0,10,,65622,26,,,0,10,,65623,26,,,0,10,,65624,26,,,0,10,,65625,26,,,0,10,,65626,26,,,0,50,,65627,26,,,0,10,,65628,26,,,0,10,,65629,26,,,0,10,,65630,26,,,0,10,,65631,26,,,0,10,,65632,26,,,0,50,,65633,26,,,0,10,,65634,26,,,0,10,,65635,26,,,0,10,,65636,26,,,0,10,,65637,26,,,0,10,,65638,26,,,0,50,,65639,26,,,0,10,,65640,26,,,0,10,,65641,26,,,0,10,,65642,26,,,0,10,,65643,26,,,0,10,,65644,26,,,0,50,,65645,26,,,0,10,,65646,26,,,0,10,,65647,26,,,0,10,,65648,26,,,0,10,,65649,26,,,0,10,,65650,26,,,0,50,,65651,26,,,0,10,,65652,26,,,0,10,,65653,26,,,0,10,,65654,26,,,0,10,,65655,26,,,0,10,,65656,26,,,0,50,,65657,26,,,0,10,,65658,26,,,0,10,,65659,26,,,0,10,,65660,26,,,0,10,,65661,26,,,0,10,,65662,26,,,0,50,,65663,26,,,0,10,,65664,26,,,0,10,,65665,26,,,0,10,,65666,26,,,0,10,,65667,26,,,0,10,,65668,26,,,0,50,,65669,26,,,0,10,,65670,26,,,0,10,,65671,26,,,0,10,,65672,26,,,0,10,,65673,26,,,0,10,,65674,26,,,0,50,,65675,26,,,0,10,,65676,26,,,0,10,,65677,26,,,0,15,,65678,26,,,0,15,,65679,26,,,0,55,,65680,26,,,0,30,,65681,26,,,0,70,,65682,26,,,0,30,,65683,26,,,0,70,,65684,26,,,0,30,,65685,26,,,0,70,,65686,26,,,0,30,,65687,26,,,0,70,,65688,26,,,0,30,,65689,26,,,0,70,,65690,26,,,0,30,,65691,26,,,0
1700,'1394',542,,65692,26,,,0,82,,65694,26,,,0,15,,65695,26,,,0,15,,65696,26,,,0,55,,65697,26,,,0,15,,65698,26,,,0,10,,65699,26,,,0,10,,65700,26,,,0,10,,65701,26,,,0,50,,65702,26,,,0,10,,65703,26,,,0,10,,65704,26,,,0,10,,65705,26,,,0,10,,65706,26,,,0,10,,65707,26,,,0,50,,65708,26,,,0,10,,65709,26,,,0,10,,65710,26,,,0,10,,65711,26,,,0,10,,65712,26,,,0,10,,65713,26,,,0,50,,65714,26,,,0,10,,65715,26,,,0,10,,65716,26,,,0,10,,65717,26,,,0,10,,65718,26,,,0,10,,65719,26,,,0,50,,65720,26,,,0,10,,65721,26,,,0,10,,65722,26,,,0,10,,65723,26,,,0,10,,65724,26,,,0,10,,65725,26,,,0,50,,65726,26,,,0,10,,65727,26,,,0,10,,65728,26,,,0,10,,65729,26,,,0,10,,65730,26,,,0,10,,65731,26,,,0,50,,65732,26,,,0,10,,65733,26,,,0,10,,65734,26,,,0,10,,65735,26,,,0,10,,65736,26,,,0,10,,65737,26,,,0,50,,65738,26,,,0,10,,65739,26,,,0,10,,65740,26,,,0,10,,65741,26,,,0,10,,65742,26,,,0,10,,65743,26,,,0,50,,65744,26,,,0,10,,65745,26,,,0,10,,65746,26,,,0,10,,65747,26,,,0,10,,65748,26,,,0,10,,65749,26,,,0,50,,65750,26,,,0,10,,65751,26,,,0,10,,65752,26,,,0,10,,65753,26,,,0,10,,65754,26,,,0,10,,65755,26,,,0,50,,65756,26,,,0,10,,65757,26,,,0,10,,65758,26,,,0,10,,65759,26,,,0,10,,65760,26,,,0,10,,65761,26,,,0,50,,65762,26,,,0,10,,65763,26,,,0,10,,65764,26,,,0,15,,65765,26,,,0,15,,65766,26,,,0,55,,65767,26,,,0,30,,65768,26,,,0,70,,65769,26,,,0,30,,65770,26,,,0,70,,65771,26,,,0,30,,65772,26,,,0,70,,65773,26,,,0,30,,65774,26,,,0,70,,65775,26,,,0,30,,65776,26,,,0,70,,65777,26,,,0,30,,65778,26,,,0
1700,'1395',542,,65779,26,,,0,82,,65781,26,,,0,15,,65782,26,,,0,15,,65783,26,,,0,55,,65784,26,,,0,15,,65785,26,,,0,10,,65786,26,,,0,10,,65787,26,,,0,10,,65788,26,,,0,50,,65789,26,,,0,10,,65790,26,,,0,10,,65791,26,,,0,10,,65792,26,,,0,10,,65793,26,,,0,10,,65794,26,,,0,50,,65795,26,,,0,10,,65796,26,,,0,10,,65797,26,,,0,10,,65798,26,,,0,10,,65799,26,,,0,10,,65800,26,,,0,50,,65801,26,,,0,10,,65802,26,,,0,10,,65803,26,,,0,10,,65804,26,,,0,10,,65805,26,,,0,10,,65806,26,,,0,50,,65807,26,,,0,10,,65808,26,,,0,10,,65809,26,,,0,10,,65810,26,,,0,10,,65811,26,,,0,10,,65812,26,,,0,50,,65813,26,,,0,10,,65814,26,,,0,10,,65815,26,,,0,10,,65816,26,,,0,10,,65817,26,,,0,10,,65818,26,,,0,50,,65819,26,,,0,10,,65820,26,,,0,10,,65821,26,,,0,10,,65822,26,,,0,10,,65823,26,,,0,10,,65824,26,,,0,50,,65825,26,,,0,10,,65826,26,,,0,10,,65827,26,,,0,10,,65828,26,,,0,10,,65829,26,,,0,10,,65830,26,,,0,50,,65831,26,,,0,10,,65832,26,,,0,10,,65833,26,,,0,10,,65834,26,,,0,10,,65835,26,,,0,10,,65836,26,,,0,50,,65837,26,,,0,10,,65838,26,,,0,10,,65839,26,,,0,10,,65840,26,,,0,10,,65841,26,,,0,10,,65842,26,,,0,50,,65843,26,,,0,10,,65844,26,,,0,10,,65845,26,,,0,10,,65846,26,,,0,10,,65847,26,,,0,10,,65848,26,,,0,50,,65849,26,,,0,10,,65850,26,,,0,10,,65851,26,,,0,15,,65852,26,,,0,15,,65853,26,,,0,55,,65854,26,,,0,30,,65855,26,,,0,70,,65856,26,,,0,30,,65857,26,,,0,70,,65858,26,,,0,30,,65859,26,,,0,70,,65860,26,,,0,30,,65861,26,,,0,70,,65862,26,,,0,30,,65863,26,,,0,70,,65864,26,,,0,30,,65865,26,,,0
1700,'1396',542,,65866,26,,,0,82,,65868,26,,,0,15,,65869,26,,,0,15,,65870,26,,,0,55,,65871,26,,,0,15,,65872,26,,,0,10,,65873,26,,,0,10,,65874,26,,,0,10,,65875,26,,,0,50,,65876,26,,,0,10,,65877,26,,,0,10,,65878,26,,,0,10,,65879,26,,,0,10,,65880,26,,,0,10,,65881,26,,,0,50,,65882,26,,,0,10,,65883,26,,,0,10,,65884,26,,,0,10,,65885,26,,,0,10,,65886,26,,,0,10,,65887,26,,,0,50,,65888,26,,,0,10,,65889,26,,,0,10,,65890,26,,,0,10,,65891,26,,,0,10,,65892,26,,,0,10,,65893,26,,,0,50,,65894,26,,,0,10,,65895,26,,,0,10,,65896,26,,,0,10,,65897,26,,,0,10,,65898,26,,,0,10,,65899,26,,,0,50,,65900,26,,,0,10,,65901,26,,,0,10,,65902,26,,,0,10,,65903,26,,,0,10,,65904,26,,,0,10,,65905,26,,,0,50,,65906,26,,,0,10,,65907,26,,,0,10,,65908,26,,,0,10,,65909,26,,,0,10,,65910,26,,,0,10,,65911,26,,,0,50,,65912,26,,,0,10,,65913,26,,,0,10,,65914,26,,,0,10,,65915,26,,,0,10,,65916,26,,,0,10,,65917,26,,,0,50,,65918,26,,,0,10,,65919,26,,,0,10,,65920,26,,,0,10,,65921,26,,,0,10,,65922,26,,,0,10,,65923,26,,,0,50,,65924,26,,,0,10,,65925,26,,,0,10,,65926,26,,,0,10,,65927,26,,,0,10,,65928,26,,,0,10,,65929,26,,,0,50,,65930,26,,,0,10,,65931,26,,,0,10,,65932,26,,,0,10,,65933,26,,,0,10,,65934,26,,,0,10,,65935,26,,,0,50,,65936,26,,,0,10,,65937,26,,,0,10,,65938,26,,,0,15,,65939,26,,,0,15,,65940,26,,,0,55,,65941,26,,,0,30,,65942,26,,,0,70,,65943,26,,,0,30,,65944,26,,,0,70,,65945,26,,,0,30,,65946,26,,,0,70,,65947,26,,,0,30,,65948,26,,,0,70,,65949,26,,,0,30,,65950,26,,,0,70,,65951,26,,,0,30,,65952,26,,,0
2000,'1390',950,,67728,36,,,0,85,,67727,36,,,0,85,,67726,36,,,0,85,,67725,36,,,0,45,,67724,36,,,0,85,,67723,36,,,0,85,,67722,36,,,0,85,,67721,36,,,0,45,,67720,36,,,0,85,,67719,36,,,0,86,,67718,36,,,0,84,,67717,36,,,0,45,,67716,36,,,0,85,,67715,36,,,0,85,,67714,36,,,0
2000,'1391',651,,67731,36,,,0,85,,67732,36,,,0,85,,67733,36,,,0,85,,67734,36,,,0,15,,67735,36,,,0,30,,67736,36,,,0,80,,67737,36,,,0,70,,67738,36,,,0,30,,67739,36,,,0,70,,67740,36,,,0,40,,67741,36,,,0,70,,67742,36,,,0,30,,67743,36,,,0,70,,67744,36,,,0,40,,67745,36,,,0,70,,67746,36,,,0,30,,67747,36,,,0,70,,67748,36,,,0,80,,67749,36,,,0,30,,67750,36,,,0,70,,67751,36,,,0,30,,67752,36,,,0,80,,67753,36,,,0,35,,67754,36,,,0,85,,67755,36,,,0,85,,67756,36,,,0,85,,67757,36,,,0,45,,67758,36,,,0,85,,67759,36,,,0,85,,67760,36,,,0
2000,'1392',620,,67771,38,,,0,20,,67772,38,,,0,60,,67773,38,,,0,20,,67774,38,,,0,20,,67775,38,,,0,60,,67776,38,,,0,20,,67777,38,,,0,20,,67778,38,,,0,60,,67779,38,,,0,20,,67780,38,,,0,20,,67781,38,,,0,60,,67782,38,,,0,20,,67783,38,,,0,20,,67784,38,,,0,60,,67785,38,,,0,20,,67786,38,,,0,20,,67787,38,,,0,60,,67788,38,,,0,20,,67789,38,,,0,20,,67790,38,,,0,60,,67791,38,,,0,20,,67792,38,,,0,20,,67793,38,,,0,60,,67794,38,,,0,20,,67795,38,,,0,20,,67796,38,,,0,60,,67797,38,,,0,20,,67798,38,,,0,20,,67799,38,,,0,60,,67800,38,,,0,20,,67801,38,,,0,20,,67802,38,,,0,60,,67803,38,,,0,20,,67804,38,,,0,20,,67805,38,,,0,60,,67806,38,,,0,20,,67807,38,,,0,20,,67808,38,,,0,17,,67762,36,,,0,78,,67763,36,,,0,85,,67764,36,,,0,85,,67765,36,,,0,45,,67766,36,,,0,85,,67767,36,,,0,85,,67768,36,,,0,85,,67769,36,,,0,45,,67770,36,,,0
2000,'1393',620,,67819,38,,,0,20,,67820,38,,,0,60,,67821,38,,,0,20,,67822,38,,,0,20,,67823,38,,,0,60,,67824,38,,,0,20,,67825,38,,,0,20,,67826,38,,,0,60,,67827,38,,,0,20,,67828,38,,,0,20,,67829,38,,,0,60,,67830,38,,,0,20,,67831,38,,,0,20,,67832,38,,,0,60,,67833,38,,,0,20,,67834,38,,,0,20,,67835,38,,,0,60,,67836,38,,,0,20,,67837,38,,,0,20,,67838,38,,,0,60,,67839,38,,,0,20,,67840,38,,,0,20,,67841,38,,,0,60,,67842,38,,,0,20,,67843,38,,,0,20,,67844,38,,,0,60,,67845,38,,,0,20,,67846,38,,,0,20,,67847,38,,,0,60,,67848,38,,,0,20,,67849,38,,,0,20,,67850,38,,,0,60,,67851,38,,,0,20,,67852,38,,,0,20,,67853,38,,,0,60,,67854,38,,,0,20,,67855,38,,,0,20,,67856,38,,,0,17,,67810,36,,,0,78,,67811,36,,,0,85,,67812,36,,,0,85,,67813,36,,,0,45,,67814,36,,,0,85,,67815,36,,,0,85,,67816,36,,,0,85,,67817,36,,,0,45,,67818,36,,,0
2000,'1394',620,,67867,38,,,0,20,,67868,38,,,0,60,,67869,38,,,0,20,,67870,38,,,0,20,,67871,38,,,0,60,,67872,38,,,0,20,,67873,38,,,0,20,,67874,38,,,0,60,,67875,38,,,0,20,,67876,38,,,0,20,,67877,38,,,0,60,,67878,38,,,0,20,,67879,38,,,0,20,,67880,38,,,0,60,,67881,38,,,0,20,,67882,38,,,0,20,,67883,38,,,0,60,,67884,38,,,0,20,,67885,38,,,0,20,,67886,38,,,0,60,,67887,38,,,0,20,,67888,38,,,0,20,,67889,38,,,0,60,,67890,38,,,0,20,,67891,38,,,0,20,,67892,38,,,0,60,,67893,38,,,0,20,,67894,38,,,0,20,,67895,38,,,0,60,,67896,38,,,0,20,,67897,38,,,0,20,,67898,38,,,0,60,,67899,38,,,0,20,,67900,38,,,0,20,,67901,38,,,0,60,,67902,38,,,0,20,,67903,38,,,0,20,,67904,38,,,0,17,,67858,36,,,0,78,,67859,36,,,0,85,,67860,36,,,0,85,,67861,36,,,0,45,,67862,36,,,0,85,,67863,36,,,0,85,,67864,36,,,0,85,,67865,36,,,0,45,,67866,36,,,0
2000,'1395',620,,67915,38,,,0,20,,67916,38,,,0,60,,67917,38,,,0,20,,67918,38,,,0,20,,67919,38,,,0,60,,67920,38,,,0,20,,67921,38,,,0,20,,67922,38,,,0,60,,67923,38,,,0,20,,67924,38,,,0,20,,67925,38,,,0,60,,67926,38,,,0,20,,67927,38,,,0,20,,67928,38,,,0,60,,67929,38,,,0,20,,67930,38,,,0,20,,67931,38,,,0,60,,67932,38,,,0,20,,67933,38,,,0,20,,67934,38,,,0,60,,67935,38,,,0,20,,67936,38,,,0,20,,67937,38,,,0,60,,67938,38,,,0,20,,67939,38,,,0,20,,67940,38,,,0,60,,67941,38,,,0,20,,67942,38,,,0,20,,67943,38,,,0,60,,67944,38,,,0,20,,67945,38,,,0,20,,67946,38,,,0,60,,67947,38,,,0,20,,67948,38,,,0,20,,67949,38,,,0,60,,67950,38,,,0,20,,67951,38,,,0,20,,67952,38,,,0,17,,67906,36,,,0,78,,67907,36,,,0,85,,67908,36,,,0,85,,67909,36,,,0,45,,67910,36,,,0,85,,67911,36,,,0,85,,67912,36,,,0,85,,67913,36,,,0,45,,67914,36,,,0
2000,'1396',620,,67963,38,,,0,20,,67964,38,,,0,60,,67965,38,,,0,20,,67966,38,,,0,20,,67967,38,,,0,60,,67968,38,,,0,20,,67969,38,,,0,20,,67970,38,,,0,60,,67971,38,,,0,20,,67972,38,,,0,20,,67973,38,,,0,60,,67974,38,,,0,20,,67975,38,,,0,20,,67976,38,,,0,60,,67977,38,,,0,20,,67978,38,,,0,20,,67979,38,,,0,60,,67980,38,,,0,20,,67981,38,,,0,20,,67982,38,,,0,60,,67983,38,,,0,20,,67984,38,,,0,20,,67985,38,,,0,60,,67986,38,,,0,20,,67987,38,,,0,20,,67988,38,,,0,60,,67989,38,,,0,20,,67990,38,,,0,20,,67991,38,,,0,60,,67992,38,,,0,20,,67993,38,,,0,20,,67994,38,,,0,60,,67995,38,,,0,20,,67996,38,,,0,20,,67997,38,,,0,60,,67998,38,,,0,20,,67999,38,,,0,20,,68000,38,,,0,17,,67954,36,,,0,78,,67955,36,,,0,85,,67956,36,,,0,85,,67957,36,,,0,45,,67958,36,,,0,85,,67959,36,,,0,85,,67960,36,,,0,85,,67961,36,,,0,45,,67962,36,,,0
552200,'1392',637,,69086,3,0,9,0,70,,69087,3,0,9,0,30,,69088,3,0,9,0,70,,69089,3,0,9,0,30,,69090,3,0,9,0,70,,69091,3,0,9,0,30,,69092,3,0,9,0,70,,69093,3,0,9,0,30,,69094,3,0,9,0,70,,69095,3,0,9,0,30,,69096,3,0,9,0,70,,69097,3,0,9,0,30,,69098,3,0,9,0,70,,69099,3,0,9,0,30,,69100,3,0,9,0,70,,69101,3,0,9,0,30,,69102,3,0,9,0,70,,69103,3,0,9,0,30,,69104,3,0,9,0,70,,69105,3,0,9,0,30,,69106,3,0,9,0,70,,69107,3,0,9,0,30,,69108,3,0,9,0
552200,'1393',637,,69109,3,0,9,0,70,,69110,3,0,9,0,30,,69111,3,0,9,0,70,,69112,3,0,9,0,30,,69113,3,0,9,0,70,,69114,3,0,9,0,30,,69115,3,0,9,0,70,,69116,3,0,9,0,30,,69117,3,0,9,0,70,,69118,3,0,9,0,30,,69119,3,0,9,0,70,,69120,3,0,9,0,30,,69121,3,0,9,0,70,,69122,3,0,9,0,30,,69123,3,0,9,0,70,,69124,3,0,9,0,30,,69125,3,0,9,0,70,,69126,3,0,9,0,30,,69127,3,0,9,0,70,,69128,3,0,9,0,30,,69129,3,0,9,0,70,,69130,3,0,9,0,30,,69131,3,0,9,0
552200,'1394',637,,69132,3,0,9,0,70,,69133,3,0,9,0,30,,69134,3,0,9,0,70,,69135,3,0,9,0,30,,69136,3,0,9,0,70,,69137,3,0,9,0,30,,69138,3,0,9,0,70,,69139,3,0,9,0,30,,69140,3,0,9,0,70,,69141,3,0,9,0,30,,69142,3,0,9,0,70,,69143,3,0,9,0,30,,69144,3,0,9,0,70,,69145,3,0,9,0,30,,69146,3,0,9,0,70,,69147,3,0,9,0,30,,69148,3,0,9,0,70,,69149,3,0,9,0,30,,69150,3,0,9,0,70,,69151,3,0,9,0,30,,69152,3,0,9,0,70,,69153,3,0,9,0,30,,69154,3,0,9,0
552200,'1395',637,,69155,3,0,9,0,70,,69156,3,0,9,0,30,,69157,3,0,9,0,70,,69158,3,0,9,0,30,,69159,3,0,9,0,70,,69160,3,0,9,0,30,,69161,3,0,9,0,70,,69162,3,0,9,0,30,,69163,3,0,9,0,70,,69164,3,0,9,0,30,,69165,3,0,9,0,70,,69166,3,0,9,0,30,,69167,3,0,9,0,70,,69168,3,0,9,0,30,,69169,3,0,9,0,70,,69170,3,0,9,0,30,,69171,3,0,9,0,70,,69172,3,0,9,0,30,,69173,3,0,9,0,70,,69174,3,0,9,0,30,,69175,3,0,9,0,70,,69176,3,0,9,0,30,,69177,3,0,9,0
552200,'1396',637,,69178,3,0,9,0,70,,69179,3,0,9,0,30,,69180,3,0,9,0,70,,69181,3,0,9,0,30,,69182,3,0,9,0,70,,69183,3,0,9,0,30,,69184,3,0,9,0,70,,69185,3,0,9,0,30,,69186,3,0,9,0,70,,69187,3,0,9,0,30,,69188,3,0,9,0,70,,69189,3,0,9,0,30,,69190,3,0,9,0,70,,69191,3,0,9,0,30,,69192,3,0,9,0,70,,69193,3,0,9,0,30,,69194,3,0,9,0,70,,69195,3,0,9,0,30,,69196,3,0,9,0,70,,69197,3,0,9,0,30,,69198,3,0,9,0,70,,69199,3,0,9,0,30,,69200,3,0,9,0
