1900,'1390',936,,67309,58,,,0,100,,67308,58,,,0,100,,67307,58,,,0,100,,67306,58,,,0,100,,67305,58,,,0,100,,67304,58,,,0,100,,67303,58,,,0,100,,67302,58,,,0,100,,67301,58,,,0,100,,67300,58,,,0,100,,67299,58,,,0,100,,67298,58,,,0
1900,'1391',836,,67310,58,,,0,100,,67311,58,,,0,100,,67312,58,,,0,70,,67313,58,,,0,30,,67314,58,,,0,70,,67315,58,,,0,30,,67316,58,,,0,70,,67317,58,,,0,30,,67318,58,,,0,70,,67319,58,,,0,30,,67320,58,,,0,70,,67321,58,,,0,30,,67322,58,,,0,70,,67323,58,,,0,30,,67324,58,,,0,70,,67325,58,,,0,30,,67326,58,,,0,70,,67327,58,,,0,30,,67328,58,,,0,70,,67329,58,,,0,30,,67330,58,,,0,70,,67331,58,,,0,30,,67332,58,,,0,100,,67333,58,,,0,100,,67334,58,,,0,100,,67335,58,,,0
1900,'1392',636,,67336,58,,,0,70,,67337,58,,,0,30,,67338,58,,,0,70,,67339,58,,,0,30,,67340,58,,,0,70,,67341,58,,,0,30,,67342,58,,,0,70,,67343,58,,,0,30,,67344,58,,,0,70,,67345,58,,,0,30,,67346,58,,,0,70,,67347,58,,,0,30,,67348,58,,,0,70,,67349,58,,,0,30,,67350,58,,,0,70,,67351,58,,,0,30,,67352,58,,,0,70,,67353,58,,,0,30,,67354,58,,,0,70,,67355,58,,,0,30,,67356,58,,,0,70,,67357,58,,,0,30,,67358,58,,,0,70,,67359,58,,,0,30,,67360,58,,,0,70,,67361,58,,,0,30,,67362,58,,,0,70,,67363,58,,,0,30,,67364,58,,,0,70,,67365,58,,,0,30,,67366,58,,,0,70,,67367,58,,,0,100,,67368,58,,,0,100,,67369,58,,,0
1900,'1393',636,,67370,58,,,0,70,,67371,58,,,0,30,,67372,58,,,0,70,,67373,58,,,0,30,,67374,58,,,0,70,,67375,58,,,0,30,,67376,58,,,0,70,,67377,58,,,0,30,,67378,58,,,0,70,,67379,58,,,0,30,,67380,58,,,0,70,,67381,58,,,0,30,,67382,58,,,0,70,,67383,58,,,0,30,,67384,58,,,0,70,,67385,58,,,0,30,,67386,58,,,0,70,,67387,58,,,0,30,,67388,58,,,0,70,,67389,58,,,0,30,,67390,58,,,0,70,,67391,58,,,0,30,,67392,58,,,0,70,,67393,58,,,0,30,,67394,58,,,0,70,,67395,58,,,0,30,,67396,58,,,0,70,,67397,58,,,0,30,,67398,58,,,0,70,,67399,58,,,0,30,,67400,58,,,0,70,,67401,58,,,0,100,,67402,58,,,0,100,,67403,58,,,0
1900,'1394',636,,67404,58,,,0,70,,67405,58,,,0,30,,67406,58,,,0,70,,67407,58,,,0,30,,67408,58,,,0,70,,67409,58,,,0,30,,67410,58,,,0,70,,67411,58,,,0,30,,67412,58,,,0,70,,67413,58,,,0,30,,67414,58,,,0,70,,67415,58,,,0,30,,67416,58,,,0,70,,67417,58,,,0,30,,67418,58,,,0,70,,67419,58,,,0,30,,67420,58,,,0,70,,67421,58,,,0,30,,67422,58,,,0,70,,67423,58,,,0,30,,67424,58,,,0,70,,67425,58,,,0,30,,67426,58,,,0,70,,67427,58,,,0,30,,67428,58,,,0,70,,67429,58,,,0,30,,67430,58,,,0,70,,67431,58,,,0,30,,67432,58,,,0,70,,67433,58,,,0,30,,67434,58,,,0,70,,67435,58,,,0,100,,67436,58,,,0,100,,67437,58,,,0
1900,'1395',636,,67438,58,,,0,70,,67439,58,,,0,30,,67440,58,,,0,70,,67441,58,,,0,30,,67442,58,,,0,70,,67443,58,,,0,30,,67444,58,,,0,70,,67445,58,,,0,30,,67446,58,,,0,70,,67447,58,,,0,30,,67448,58,,,0,70,,67449,58,,,0,30,,67450,58,,,0,70,,67451,58,,,0,30,,67452,58,,,0,70,,67453,58,,,0,30,,67454,58,,,0,70,,67455,58,,,0,30,,67456,58,,,0,70,,67457,58,,,0,30,,67458,58,,,0,70,,67459,58,,,0,30,,67460,58,,,0,70,,67461,58,,,0,30,,67462,58,,,0,70,,67463,58,,,0,30,,67464,58,,,0,70,,67465,58,,,0,30,,67466,58,,,0,70,,67467,58,,,0,30,,67468,58,,,0,70,,67469,58,,,0,100,,67470,58,,,0,100,,67471,58,,,0
1900,'1396',636,,67472,58,,,0,70,,67473,58,,,0,30,,67474,58,,,0,70,,67475,58,,,0,30,,67476,58,,,0,70,,67477,58,,,0,30,,67478,58,,,0,70,,67479,58,,,0,30,,67480,58,,,0,70,,67481,58,,,0,30,,67482,58,,,0,70,,67483,58,,,0,30,,67484,58,,,0,70,,67485,58,,,0,30,,67486,58,,,0,70,,67487,58,,,0,30,,67488,58,,,0,70,,67489,58,,,0,30,,67490,58,,,0,70,,67491,58,,,0,30,,67492,58,,,0,70,,67493,58,,,0,30,,67494,58,,,0,70,,67495,58,,,0,30,,67496,58,,,0,70,,67497,58,,,0,30,,67498,58,,,0,70,,67499,58,,,0,30,,67500,58,,,0,70,,67501,58,,,0,30,,67502,58,,,0,70,,67503,58,,,0,100,,67504,58,,,0,100,,67505,58,,,0
552201,'1392',659,,69201,9,0,9,0,70,,69202,9,0,9,0,30,,69203,9,0,9,0,70,,69204,9,0,9,0,30,,69205,9,0,9,0,70,,69206,9,0,9,0,30,,69207,9,0,9,0,70,,69208,9,0,9,0,30,,69209,9,0,9,0,70,,69210,9,0,9,0,30,,69211,9,0,9,0,70,,69212,9,0,9,0,30,,69213,9,0,9,0,70,,69214,9,0,9,0,30,,69215,9,0,9,0,70,,69216,9,0,9,0,30,,69217,9,0,9,0,70,,69218,9,0,9,0,30,,69219,9,0,9,0,70,,69220,9,0,9,0,30,,69221,9,0,9,0,70,,69222,9,0,9,0,30,,69223,9,0,9,0
552201,'1393',659,,69224,9,0,9,0,70,,69225,9,0,9,0,30,,69226,9,0,9,0,70,,69227,9,0,9,0,30,,69228,9,0,9,0,70,,69229,9,0,9,0,30,,69230,9,0,9,0,70,,69231,9,0,9,0,30,,69232,9,0,9,0,70,,69233,9,0,9,0,30,,69234,9,0,9,0,70,,69235,9,0,9,0,30,,69236,9,0,9,0,70,,69237,9,0,9,0,30,,69238,9,0,9,0,70,,69239,9,0,9,0,30,,69240,9,0,9,0,70,,69241,9,0,9,0,30,,69242,9,0,9,0,70,,69243,9,0,9,0,30,,69244,9,0,9,0,70,,69245,9,0,9,0,30,,69246,9,0,9,0
552201,'1394',659,,69247,9,0,9,0,70,,69248,9,0,9,0,30,,69249,9,0,9,0,70,,69250,9,0,9,0,30,,69251,9,0,9,0,70,,69252,9,0,9,0,30,,69253,9,0,9,0,70,,69254,9,0,9,0,30,,69255,9,0,9,0,70,,69256,9,0,9,0,30,,69257,9,0,9,0,70,,69258,9,0,9,0,30,,69259,9,0,9,0,70,,69260,9,0,9,0,30,,69261,9,0,9,0,70,,69262,9,0,9,0,30,,69263,9,0,9,0,70,,69264,9,0,9,0,30,,69265,9,0,9,0,70,,69266,9,0,9,0,30,,69267,9,0,9,0,70,,69268,9,0,9,0,30,,69269,9,0,9,0
552201,'1395',659,,69270,9,0,9,0,70,,69271,9,0,9,0,30,,69272,9,0,9,0,70,,69273,9,0,9,0,30,,69274,9,0,9,0,70,,69275,9,0,9,0,30,,69276,9,0,9,0,70,,69277,9,0,9,0,30,,69278,9,0,9,0,70,,69279,9,0,9,0,30,,69280,9,0,9,0,70,,69281,9,0,9,0,30,,69282,9,0,9,0,70,,69283,9,0,9,0,30,,69284,9,0,9,0,70,,69285,9,0,9,0,30,,69286,9,0,9,0,70,,69287,9,0,9,0,30,,69288,9,0,9,0,70,,69289,9,0,9,0,30,,69290,9,0,9,0,70,,69291,9,0,9,0,30,,69292,9,0,9,0
552201,'1396',659,,69293,9,0,9,0,70,,69294,9,0,9,0,30,,69295,9,0,9,0,70,,69296,9,0,9,0,30,,69297,9,0,9,0,70,,69298,9,0,9,0,30,,69299,9,0,9,0,70,,69300,9,0,9,0,30,,69301,9,0,9,0,70,,69302,9,0,9,0,30,,69303,9,0,9,0,70,,69304,9,0,9,0,30,,69305,9,0,9,0,70,,69306,9,0,9,0,30,,69307,9,0,9,0,70,,69308,9,0,9,0,30,,69309,9,0,9,0,70,,69310,9,0,9,0,30,,69311,9,0,9,0,70,,69312,9,0,9,0,30,,69313,9,0,9,0,70,,69314,9,0,9,0,30,,69315,9,0,9,0
