721203,'1390',948,,70358,3,0,15,0,85,,70357,3,0,15,0,85,,70356,3,0,15,0,85,,70355,3,0,15,0,45,,70354,3,0,15,0,85,,70353,3,0,15,0,85,,70352,3,0,15,0,85,,70351,3,0,15,0,45,,70350,3,0,15,0,85,,70349,3,0,15,0,85,,70348,3,0,15,0,85,,70347,3,0,15,0,45,,70346,3,0,15,0,85,,70345,3,0,15,0
721203,'1391',648,,70359,3,0,15,0,85,,70360,3,0,15,0,85,,70361,3,0,15,0,85,,70362,3,0,15,0,45,,70363,3,0,15,0,85,,70364,3,0,15,0,70,,70365,3,0,15,0,30,,70366,3,0,15,0,70,,70367,3,0,15,0,30,,70368,3,0,15,0,70,,70369,3,0,15,0,30,,70370,3,0,15,0,70,,70371,3,0,15,0,30,,70372,3,0,15,0,70,,70373,3,0,15,0,30,,70374,3,0,15,0,70,,70375,3,0,15,0,30,,70376,3,0,15,0,70,,70377,3,0,15,0,30,,70378,3,0,15,0,70,,70379,3,0,15,0,30,,70380,3,0,15,0,85,,70381,3,0,15,0,85,,70382,3,0,15,0,45,,70383,3,0,15,0,85,,70384,3,0,15,0,85,,70385,3,0,15,0,85,,70386,3,0,15,0
721203,'1392',618,,70387,3,0,15,0,30,,70388,3,0,15,0,70,,70389,3,0,15,0,30,,70390,3,0,15,0,55,,70391,3,0,15,0,15,,70392,3,0,15,0,15,,70393,3,0,15,0,15,,70394,3,0,15,0,70,,70395,3,0,15,0,30,,70396,3,0,15,0,70,,70397,3,0,15,0,30,,70398,3,0,15,0,70,,70399,3,0,15,0,30,,70400,3,0,15,0,70,,70401,3,0,15,0,30,,70402,3,0,15,0,70,,70403,3,0,15,0,30,,70404,3,0,15,0,70,,70405,3,0,15,0,30,,70406,3,0,15,0,55,,70407,3,0,15,0,15,,70408,3,0,15,0,15,,70409,3,0,15,0,15,,70410,3,0,15,0,70,,70411,3,0,15,0,30,,70412,3,0,15,0,70,,70413,3,0,15,0,30,,70414,3,0,15,0,70,,70415,3,0,15,0,30,,70416,3,0,15,0,85,,70417,3,0,15,0,85,,70418,3,0,15,0,85,,70419,3,0,15,0,45,,70420,3,0,15,0,85,,70421,3,0,15,0,85,,70422,3,0,15,0
721203,'1393',618,,70423,3,0,15,0,30,,70424,3,0,15,0,70,,70425,3,0,15,0,30,,70426,3,0,15,0,55,,70427,3,0,15,0,15,,70428,3,0,15,0,15,,70429,3,0,15,0,15,,70430,3,0,15,0,70,,70431,3,0,15,0,30,,70432,3,0,15,0,70,,70433,3,0,15,0,30,,70434,3,0,15,0,70,,70435,3,0,15,0,30,,70436,3,0,15,0,70,,70437,3,0,15,0,30,,70438,3,0,15,0,70,,70439,3,0,15,0,30,,70440,3,0,15,0,70,,70441,3,0,15,0,30,,70442,3,0,15,0,55,,70443,3,0,15,0,15,,70444,3,0,15,0,15,,70445,3,0,15,0,15,,70446,3,0,15,0,70,,70447,3,0,15,0,30,,70448,3,0,15,0,70,,70449,3,0,15,0,30,,70450,3,0,15,0,70,,70451,3,0,15,0,30,,70452,3,0,15,0,85,,70453,3,0,15,0,85,,70454,3,0,15,0,85,,70455,3,0,15,0,45,,70456,3,0,15,0,85,,70457,3,0,15,0,85,,70458,3,0,15,0
721203,'1394',618,,70459,3,0,15,0,30,,70460,3,0,15,0,70,,70461,3,0,15,0,30,,70462,3,0,15,0,55,,70463,3,0,15,0,15,,70464,3,0,15,0,15,,70465,3,0,15,0,15,,70466,3,0,15,0,70,,70467,3,0,15,0,30,,70468,3,0,15,0,70,,70469,3,0,15,0,30,,70470,3,0,15,0,70,,70471,3,0,15,0,30,,70472,3,0,15,0,70,,70473,3,0,15,0,30,,70474,3,0,15,0,70,,70475,3,0,15,0,30,,70476,3,0,15,0,70,,70477,3,0,15,0,30,,70478,3,0,15,0,55,,70479,3,0,15,0,15,,70480,3,0,15,0,15,,70481,3,0,15,0,15,,70482,3,0,15,0,70,,70483,3,0,15,0,30,,70484,3,0,15,0,70,,70485,3,0,15,0,30,,70486,3,0,15,0,70,,70487,3,0,15,0,30,,70488,3,0,15,0,85,,70489,3,0,15,0,85,,70490,3,0,15,0,85,,70491,3,0,15,0,45,,70492,3,0,15,0,85,,70493,3,0,15,0,85,,70494,3,0,15,0
721203,'1395',618,,70495,3,0,15,0,30,,70496,3,0,15,0,70,,70497,3,0,15,0,30,,70498,3,0,15,0,55,,70499,3,0,15,0,15,,70500,3,0,15,0,15,,70501,3,0,15,0,15,,70502,3,0,15,0,70,,70503,3,0,15,0,30,,70504,3,0,15,0,70,,70505,3,0,15,0,30,,70506,3,0,15,0,70,,70507,3,0,15,0,30,,70508,3,0,15,0,70,,70509,3,0,15,0,30,,70510,3,0,15,0,70,,70511,3,0,15,0,30,,70512,3,0,15,0,70,,70513,3,0,15,0,30,,70514,3,0,15,0,55,,70515,3,0,15,0,15,,70516,3,0,15,0,15,,70517,3,0,15,0,15,,70518,3,0,15,0,70,,70519,3,0,15,0,30,,70520,3,0,15,0,70,,70521,3,0,15,0,30,,70522,3,0,15,0,70,,70523,3,0,15,0,30,,70524,3,0,15,0,85,,70525,3,0,15,0,85,,70526,3,0,15,0,85,,70527,3,0,15,0,45,,70528,3,0,15,0,85,,70529,3,0,15,0,85,,70530,3,0,15,0
721203,'1396',618,,70531,3,0,15,0,30,,70532,3,0,15,0,70,,70533,3,0,15,0,30,,70534,3,0,15,0,55,,70535,3,0,15,0,15,,70536,3,0,15,0,15,,70537,3,0,15,0,15,,70538,3,0,15,0,70,,70539,3,0,15,0,30,,70540,3,0,15,0,70,,70541,3,0,15,0,30,,70542,3,0,15,0,70,,70543,3,0,15,0,30,,70544,3,0,15,0,70,,70545,3,0,15,0,30,,70546,3,0,15,0,70,,70547,3,0,15,0,30,,70548,3,0,15,0,70,,70549,3,0,15,0,30,,70550,3,0,15,0,55,,70551,3,0,15,0,15,,70552,3,0,15,0,15,,70553,3,0,15,0,15,,70554,3,0,15,0,70,,70555,3,0,15,0,30,,70556,3,0,15,0,70,,70557,3,0,15,0,30,,70558,3,0,15,0,70,,70559,3,0,15,0,30,,70560,3,0,15,0,85,,70561,3,0,15,0,85,,70562,3,0,15,0,85,,70563,3,0,15,0,45,,70564,3,0,15,0,85,,70565,3,0,15,0,85,,70566,3,0,15,0
721501,'1390',936,,71554,29,0,17,0,100,,71553,29,0,17,0,100,,71552,29,0,17,0,100,,71551,29,0,17,0,100,,71550,29,0,17,0,100,,71549,29,0,17,0,100,,71548,29,0,17,0,100,,71547,29,0,17,0,100,,71546,29,0,17,0,100,,71545,29,0,17,0,100,,71544,29,0,17,0
721501,'1391',736,,71555,29,0,17,0,100,,71556,29,0,17,0,100,,71557,29,0,17,0,100,,71558,29,0,17,0,100,,71559,29,0,17,0,100,,71560,29,0,17,0,70,,71561,29,0,17,0,30,,71562,29,0,17,0,70,,71563,29,0,17,0,30,,71564,29,0,17,0,70,,71565,29,0,17,0,30,,71566,29,0,17,0,70,,71567,29,0,17,0,30,,71568,29,0,17,0,70,,71569,29,0,17,0,30,,71570,29,0,17,0,70,,71571,29,0,17,0,30,,71572,29,0,17,0,100,,71573,29,0,17,0
721501,'1392',736,,71574,29,0,17,0,70,,71575,29,0,17,0,30,,71576,29,0,17,0,70,,71577,29,0,17,0,30,,71578,29,0,17,0,70,,71579,29,0,17,0,30,,71580,29,0,17,0,70,,71581,29,0,17,0,30,,71582,29,0,17,0,70,,71583,29,0,17,0,30,,71584,29,0,17,0,70,,71585,29,0,17,0,30,,71586,29,0,17,0,70,,71587,29,0,17,0,30,,71588,29,0,17,0,70,,71589,29,0,17,0,30,,71590,29,0,17,0,70,,71591,29,0,17,0,30,,71592,29,0,17,0,70,,71593,29,0,17,0,30,,71594,29,0,17,0,70,,71595,29,0,17,0,30,,71596,29,0,17,0,70,,71597,29,0,17,0,30,,71598,29,0,17,0,100,,71599,29,0,17,0,100,,71600,29,0,17,0,100,,71601,29,0,17,0
721501,'1393',736,,71602,29,0,17,0,70,,71603,29,0,17,0,30,,71604,29,0,17,0,70,,71605,29,0,17,0,30,,71606,29,0,17,0,70,,71607,29,0,17,0,30,,71608,29,0,17,0,70,,71609,29,0,17,0,30,,71610,29,0,17,0,70,,71611,29,0,17,0,30,,71612,29,0,17,0,70,,71613,29,0,17,0,30,,71614,29,0,17,0,70,,71615,29,0,17,0,30,,71616,29,0,17,0,70,,71617,29,0,17,0,30,,71618,29,0,17,0,70,,71619,29,0,17,0,30,,71620,29,0,17,0,70,,71621,29,0,17,0,30,,71622,29,0,17,0,70,,71623,29,0,17,0,30,,71624,29,0,17,0,70,,71625,29,0,17,0,30,,71626,29,0,17,0,100,,71627,29,0,17,0,100,,71628,29,0,17,0,100,,71629,29,0,17,0
721501,'1394',736,,71630,29,0,17,0,70,,71631,29,0,17,0,30,,71632,29,0,17,0,70,,71633,29,0,17,0,30,,71634,29,0,17,0,70,,71635,29,0,17,0,30,,71636,29,0,17,0,70,,71637,29,0,17,0,30,,71638,29,0,17,0,70,,71639,29,0,17,0,30,,71640,29,0,17,0,70,,71641,29,0,17,0,30,,71642,29,0,17,0,70,,71643,29,0,17,0,30,,71644,29,0,17,0,70,,71645,29,0,17,0,30,,71646,29,0,17,0,70,,71647,29,0,17,0,30,,71648,29,0,17,0,70,,71649,29,0,17,0,30,,71650,29,0,17,0,70,,71651,29,0,17,0,30,,71652,29,0,17,0,70,,71653,29,0,17,0,30,,71654,29,0,17,0,100,,71655,29,0,17,0,100,,71656,29,0,17,0,100,,71657,29,0,17,0
721501,'1395',736,,71658,29,0,17,0,70,,71659,29,0,17,0,30,,71660,29,0,17,0,70,,71661,29,0,17,0,30,,71662,29,0,17,0,70,,71663,29,0,17,0,30,,71664,29,0,17,0,70,,71665,29,0,17,0,30,,71666,29,0,17,0,70,,71667,29,0,17,0,30,,71668,29,0,17,0,70,,71669,29,0,17,0,30,,71670,29,0,17,0,70,,71671,29,0,17,0,30,,71672,29,0,17,0,70,,71673,29,0,17,0,30,,71674,29,0,17,0,70,,71675,29,0,17,0,30,,71676,29,0,17,0,70,,71677,29,0,17,0,30,,71678,29,0,17,0,70,,71679,29,0,17,0,30,,71680,29,0,17,0,70,,71681,29,0,17,0,30,,71682,29,0,17,0,100,,71683,29,0,17,0,100,,71684,29,0,17,0,100,,71685,29,0,17,0
721501,'1396',736,,71686,29,0,17,0,70,,71687,29,0,17,0,30,,71688,29,0,17,0,70,,71689,29,0,17,0,30,,71690,29,0,17,0,70,,71691,29,0,17,0,30,,71692,29,0,17,0,70,,71693,29,0,17,0,30,,71694,29,0,17,0,70,,71695,29,0,17,0,30,,71696,29,0,17,0,70,,71697,29,0,17,0,30,,71698,29,0,17,0,70,,71699,29,0,17,0,30,,71700,29,0,17,0,70,,71701,29,0,17,0,30,,71702,29,0,17,0,70,,71703,29,0,17,0,30,,71704,29,0,17,0,70,,71705,29,0,17,0,30,,71706,29,0,17,0,70,,71707,29,0,17,0,30,,71708,29,0,17,0,70,,71709,29,0,17,0,30,,71710,29,0,17,0,100,,71711,29,0,17,0,100,,71712,29,0,17,0,100,,71713,29,0,17,0
