400101,'1390',1004,,68874,2,0,11,0,35,,68873,2,0,11,0,75,,68872,2,0,11,0,35,,68871,2,0,11,0,75,,68870,2,0,11,0,35,,68869,2,0,11,0,75,,68868,2,0,11,0,75,,68867,2,0,11,0,35,,68866,2,0,11,0,75,,68865,2,0,11,0,35,,68864,2,0,11,0,75,,68863,2,0,11,0,75,,68862,2,0,11,0,35,,68861,2,0,11,0,75,,68860,2,0,11,0,35,,68859,2,0,11,0
400101,'1391',829,,68875,2,0,11,0,75,,68876,2,0,11,0,35,,68877,2,0,11,0,75,,68878,2,0,11,0,35,,68879,2,0,11,0,75,,68880,2,0,11,0,35,,68881,2,0,11,0,75,,68882,2,0,11,0,75,,68883,2,0,11,0,35,,68884,2,0,11,0,75,,68885,2,0,11,0,35,,68886,2,0,11,0,75,,68887,2,0,11,0,75,,68888,2,0,11,0,35,,68889,2,0,11,0,75,,68890,2,0,11,0,35,,68891,2,0,11,0,75,,68892,2,0,11,0,35,,68893,2,0,11,0,75,,68894,2,0,11,0
400101,'1392',729,,68895,2,0,11,0,75,,68896,2,0,11,0,35,,68897,2,0,11,0,75,,68898,2,0,11,0,35,,68899,2,0,11,0,75,,68900,2,0,11,0,35,,68901,2,0,11,0,75,,68902,2,0,11,0,75,,68903,2,0,11,0,35,,68904,2,0,11,0,75,,68905,2,0,11,0,35,,68906,2,0,11,0,75,,68907,2,0,11,0,75,,68908,2,0,11,0,35,,68909,2,0,11,0,75,,68910,2,0,11,0,35,,68911,2,0,11,0,75,,68912,2,0,11,0,35,,68913,2,0,11,0,75,,68914,2,0,11,0,75,,68915,2,0,11,0,35,,68916,2,0,11,0,75,,68917,2,0,11,0,35,,68918,2,0,11,0,75,,68919,2,0,11,0,75,,68920,2,0,11,0,35,,68921,2,0,11,0
400101,'1393',729,,68922,2,0,11,0,75,,68923,2,0,11,0,35,,68924,2,0,11,0,75,,68925,2,0,11,0,35,,68926,2,0,11,0,75,,68927,2,0,11,0,35,,68928,2,0,11,0,75,,68929,2,0,11,0,75,,68930,2,0,11,0,35,,68931,2,0,11,0,75,,68932,2,0,11,0,35,,68933,2,0,11,0,75,,68934,2,0,11,0,75,,68935,2,0,11,0,35,,68936,2,0,11,0,75,,68937,2,0,11,0,35,,68938,2,0,11,0,75,,68939,2,0,11,0,35,,68940,2,0,11,0,75,,68941,2,0,11,0,75,,68942,2,0,11,0,35,,68943,2,0,11,0,75,,68944,2,0,11,0,35,,68945,2,0,11,0,75,,68946,2,0,11,0,75,,68947,2,0,11,0,35,,68948,2,0,11,0
400101,'1394',729,,68949,2,0,11,0,75,,68950,2,0,11,0,35,,68951,2,0,11,0,75,,68952,2,0,11,0,35,,68953,2,0,11,0,75,,68954,2,0,11,0,35,,68955,2,0,11,0,75,,68956,2,0,11,0,75,,68957,2,0,11,0,35,,68958,2,0,11,0,75,,68959,2,0,11,0,35,,68960,2,0,11,0,75,,68961,2,0,11,0,75,,68962,2,0,11,0,35,,68963,2,0,11,0,75,,68964,2,0,11,0,35,,68965,2,0,11,0,75,,68966,2,0,11,0,35,,68967,2,0,11,0,75,,68968,2,0,11,0,75,,68969,2,0,11,0,35,,68970,2,0,11,0,75,,68971,2,0,11,0,35,,68972,2,0,11,0,75,,68973,2,0,11,0,75,,68974,2,0,11,0,35,,68975,2,0,11,0
400101,'1395',729,,68976,2,0,11,0,75,,68977,2,0,11,0,35,,68978,2,0,11,0,75,,68979,2,0,11,0,35,,68980,2,0,11,0,75,,68981,2,0,11,0,35,,68982,2,0,11,0,75,,68983,2,0,11,0,75,,68984,2,0,11,0,35,,68985,2,0,11,0,75,,68986,2,0,11,0,35,,68987,2,0,11,0,75,,68988,2,0,11,0,75,,68989,2,0,11,0,35,,68990,2,0,11,0,75,,68991,2,0,11,0,35,,68992,2,0,11,0,75,,68993,2,0,11,0,35,,68994,2,0,11,0,75,,68995,2,0,11,0,75,,68996,2,0,11,0,35,,68997,2,0,11,0,75,,68998,2,0,11,0,35,,68999,2,0,11,0,75,,69000,2,0,11,0,75,,69001,2,0,11,0,35,,69002,2,0,11,0
400101,'1396',729,,69003,2,0,11,0,75,,69004,2,0,11,0,35,,69005,2,0,11,0,75,,69006,2,0,11,0,35,,69007,2,0,11,0,75,,69008,2,0,11,0,35,,69009,2,0,11,0,75,,69010,2,0,11,0,75,,69011,2,0,11,0,35,,69012,2,0,11,0,75,,69013,2,0,11,0,35,,69014,2,0,11,0,75,,69015,2,0,11,0,75,,69016,2,0,11,0,35,,69017,2,0,11,0,75,,69018,2,0,11,0,35,,69019,2,0,11,0,75,,69020,2,0,11,0,35,,69021,2,0,11,0,75,,69022,2,0,11,0,75,,69023,2,0,11,0,35,,69024,2,0,11,0,75,,69025,2,0,11,0,35,,69026,2,0,11,0,75,,69027,2,0,11,0,75,,69028,2,0,11,0,35,,69029,2,0,11,0
721203,'1390',1010,,70358,37,0,15,0,45,,70357,37,0,15,0,85,,70356,37,0,15,0,85,,70355,37,0,15,0,85,,70354,37,0,15,0,45,,70353,37,0,15,0,85,,70352,37,0,15,0,85,,70351,37,0,15,0,85,,70350,37,0,15,0,45,,70349,37,0,15,0,85,,70348,37,0,15,0,85,,70347,37,0,15,0,85,,70346,37,0,15,0,45,,70345,37,0,15,0
721203,'1391',710,,70359,37,0,15,0,45,,70360,37,0,15,0,85,,70361,37,0,15,0,85,,70362,37,0,15,0,85,,70363,37,0,15,0,45,,70364,37,0,15,0,70,,70365,37,0,15,0,30,,70366,37,0,15,0,70,,70367,37,0,15,0,30,,70368,37,0,15,0,70,,70369,37,0,15,0,30,,70370,37,0,15,0,70,,70371,37,0,15,0,30,,70372,37,0,15,0,70,,70373,37,0,15,0,30,,70374,37,0,15,0,70,,70375,37,0,15,0,30,,70376,37,0,15,0,70,,70377,37,0,15,0,30,,70378,37,0,15,0,70,,70379,37,0,15,0,30,,70380,37,0,15,0,85,,70381,37,0,15,0,85,,70382,37,0,15,0,85,,70383,37,0,15,0,45,,70384,37,0,15,0,85,,70385,37,0,15,0,85,,70386,37,0,15,0
721203,'1392',640,,70387,37,0,15,0,70,,70388,37,0,15,0,30,,70389,37,0,15,0,70,,70390,37,0,15,0,15,,70391,37,0,15,0,15,,70392,37,0,15,0,15,,70393,37,0,15,0,55,,70394,37,0,15,0,30,,70395,37,0,15,0,70,,70396,37,0,15,0,30,,70397,37,0,15,0,70,,70398,37,0,15,0,30,,70399,37,0,15,0,70,,70400,37,0,15,0,30,,70401,37,0,15,0,70,,70402,37,0,15,0,30,,70403,37,0,15,0,70,,70404,37,0,15,0,30,,70405,37,0,15,0,70,,70406,37,0,15,0,15,,70407,37,0,15,0,15,,70408,37,0,15,0,15,,70409,37,0,15,0,55,,70410,37,0,15,0,30,,70411,37,0,15,0,70,,70412,37,0,15,0,30,,70413,37,0,15,0,70,,70414,37,0,15,0,30,,70415,37,0,15,0,70,,70416,37,0,15,0,45,,70417,37,0,15,0,85,,70418,37,0,15,0,85,,70419,37,0,15,0,85,,70420,37,0,15,0,45,,70421,37,0,15,0,85,,70422,37,0,15,0
721203,'1393',640,,70423,37,0,15,0,70,,70424,37,0,15,0,30,,70425,37,0,15,0,70,,70426,37,0,15,0,15,,70427,37,0,15,0,15,,70428,37,0,15,0,15,,70429,37,0,15,0,55,,70430,37,0,15,0,30,,70431,37,0,15,0,70,,70432,37,0,15,0,30,,70433,37,0,15,0,70,,70434,37,0,15,0,30,,70435,37,0,15,0,70,,70436,37,0,15,0,30,,70437,37,0,15,0,70,,70438,37,0,15,0,30,,70439,37,0,15,0,70,,70440,37,0,15,0,30,,70441,37,0,15,0,70,,70442,37,0,15,0,15,,70443,37,0,15,0,15,,70444,37,0,15,0,15,,70445,37,0,15,0,55,,70446,37,0,15,0,30,,70447,37,0,15,0,70,,70448,37,0,15,0,30,,70449,37,0,15,0,70,,70450,37,0,15,0,30,,70451,37,0,15,0,70,,70452,37,0,15,0,45,,70453,37,0,15,0,85,,70454,37,0,15,0,85,,70455,37,0,15,0,85,,70456,37,0,15,0,45,,70457,37,0,15,0,85,,70458,37,0,15,0
721203,'1394',640,,70459,37,0,15,0,70,,70460,37,0,15,0,30,,70461,37,0,15,0,70,,70462,37,0,15,0,15,,70463,37,0,15,0,15,,70464,37,0,15,0,15,,70465,37,0,15,0,55,,70466,37,0,15,0,30,,70467,37,0,15,0,70,,70468,37,0,15,0,30,,70469,37,0,15,0,70,,70470,37,0,15,0,30,,70471,37,0,15,0,70,,70472,37,0,15,0,30,,70473,37,0,15,0,70,,70474,37,0,15,0,30,,70475,37,0,15,0,70,,70476,37,0,15,0,30,,70477,37,0,15,0,70,,70478,37,0,15,0,15,,70479,37,0,15,0,15,,70480,37,0,15,0,15,,70481,37,0,15,0,55,,70482,37,0,15,0,30,,70483,37,0,15,0,70,,70484,37,0,15,0,30,,70485,37,0,15,0,70,,70486,37,0,15,0,30,,70487,37,0,15,0,70,,70488,37,0,15,0,45,,70489,37,0,15,0,85,,70490,37,0,15,0,85,,70491,37,0,15,0,85,,70492,37,0,15,0,45,,70493,37,0,15,0,85,,70494,37,0,15,0
721203,'1395',640,,70495,37,0,15,0,70,,70496,37,0,15,0,30,,70497,37,0,15,0,70,,70498,37,0,15,0,15,,70499,37,0,15,0,15,,70500,37,0,15,0,15,,70501,37,0,15,0,55,,70502,37,0,15,0,30,,70503,37,0,15,0,70,,70504,37,0,15,0,30,,70505,37,0,15,0,70,,70506,37,0,15,0,30,,70507,37,0,15,0,70,,70508,37,0,15,0,30,,70509,37,0,15,0,70,,70510,37,0,15,0,30,,70511,37,0,15,0,70,,70512,37,0,15,0,30,,70513,37,0,15,0,70,,70514,37,0,15,0,15,,70515,37,0,15,0,15,,70516,37,0,15,0,15,,70517,37,0,15,0,55,,70518,37,0,15,0,30,,70519,37,0,15,0,70,,70520,37,0,15,0,30,,70521,37,0,15,0,70,,70522,37,0,15,0,30,,70523,37,0,15,0,70,,70524,37,0,15,0,45,,70525,37,0,15,0,85,,70526,37,0,15,0,85,,70527,37,0,15,0,85,,70528,37,0,15,0,45,,70529,37,0,15,0,85,,70530,37,0,15,0
721203,'1396',640,,70531,37,0,15,0,70,,70532,37,0,15,0,30,,70533,37,0,15,0,70,,70534,37,0,15,0,15,,70535,37,0,15,0,15,,70536,37,0,15,0,15,,70537,37,0,15,0,55,,70538,37,0,15,0,30,,70539,37,0,15,0,70,,70540,37,0,15,0,30,,70541,37,0,15,0,70,,70542,37,0,15,0,30,,70543,37,0,15,0,70,,70544,37,0,15,0,30,,70545,37,0,15,0,70,,70546,37,0,15,0,30,,70547,37,0,15,0,70,,70548,37,0,15,0,30,,70549,37,0,15,0,70,,70550,37,0,15,0,15,,70551,37,0,15,0,15,,70552,37,0,15,0,15,,70553,37,0,15,0,55,,70554,37,0,15,0,30,,70555,37,0,15,0,70,,70556,37,0,15,0,30,,70557,37,0,15,0,70,,70558,37,0,15,0,30,,70559,37,0,15,0,70,,70560,37,0,15,0,45,,70561,37,0,15,0,85,,70562,37,0,15,0,85,,70563,37,0,15,0,85,,70564,37,0,15,0,45,,70565,37,0,15,0,85,,70566,37,0,15,0
