1700,'1362',611,,36647,20,,,0,100,,36646,20,,,0,100,,36645,20,,,0,100,,36644,20,,,0,102,,36648,20,,,0,40,,36649,20,,,0,80,,36650,20,,,0,80,,36651,20,,,0,40,,36652,20,,,0,80,,36653,20,,,0,80,,36654,20,,,0,40,,36655,20,,,0,80,,36656,20,,,0,80,,36657,20,,,0,40,,36658,20,,,0,80,,36659,20,,,0,80,,36660,20,,,0,40,,36661,20,,,0,80,,36662,20,,,0
1700,'1363',529,,36663,20,,,0,27,,36664,20,,,0,70,,36665,20,,,0,30,,36666,20,,,0,70,,36667,20,,,0,30,,36668,20,,,0,70,,36669,20,,,0,30,,36670,20,,,0,70,,36671,20,,,0,30,,36672,20,,,0,78,,36681,20,,,0,20,,36682,20,,,0,60,,36683,20,,,0,20,,36684,20,,,0,20,,36685,20,,,0,60,,36686,20,,,0,20,,36687,20,,,0,20,,36688,20,,,0,60,,36689,20,,,0,20,,36690,20,,,0,20,,36691,20,,,0,60,,36692,20,,,0,20,,36693,20,,,0,20,,36694,20,,,0,60,,36695,20,,,0,20,,36696,20,,,0,20,,36697,20,,,0,60,,36698,20,,,0,20,,36699,20,,,0,20,,36700,20,,,0,60,,36701,20,,,0,20,,36702,20,,,0,20,,36703,20,,,0,60,,36704,20,,,0,15,,36705,20,,,0,30,,36706,20,,,0,70,,36707,20,,,0,30,,36708,20,,,0,70,,36709,20,,,0,27,,36673,20,,,0,70,,36674,20,,,0,30,,36675,20,,,0,70,,36676,20,,,0,30,,36677,20,,,0,70,,36678,20,,,0,30,,36679,20,,,0,70,,36680,20,,,0
1700,'1364',533,,36795,20,,,0,80,,36710,20,,,0,15,,36711,20,,,0,15,,36712,20,,,0,15,,36713,20,,,0,55,,36714,20,,,0,10,,36715,20,,,0,10,,36716,20,,,0,10,,36717,20,,,0,10,,36718,20,,,0,50,,36719,20,,,0,10,,36720,20,,,0,10,,36721,20,,,0,10,,36722,20,,,0,10,,36723,20,,,0,10,,36724,20,,,0,50,,36725,20,,,0,10,,36726,20,,,0,10,,36727,20,,,0,10,,36728,20,,,0,10,,36729,20,,,0,10,,36730,20,,,0,50,,36731,20,,,0,10,,36732,20,,,0,10,,36733,20,,,0,10,,36734,20,,,0,10,,36735,20,,,0,10,,36736,20,,,0,50,,36737,20,,,0,10,,36738,20,,,0,10,,36739,20,,,0,10,,36740,20,,,0,10,,36741,20,,,0,10,,36742,20,,,0,50,,36743,20,,,0,10,,36744,20,,,0,10,,36745,20,,,0,10,,36746,20,,,0,10,,36747,20,,,0,10,,36748,20,,,0,50,,36749,20,,,0,10,,36750,20,,,0,10,,36751,20,,,0,10,,36752,20,,,0,10,,36753,20,,,0,10,,36754,20,,,0,50,,36755,20,,,0,10,,36756,20,,,0,10,,36757,20,,,0,10,,36758,20,,,0,10,,36759,20,,,0,10,,36760,20,,,0,50,,36761,20,,,0,10,,36762,20,,,0,10,,36763,20,,,0,10,,36764,20,,,0,10,,36765,20,,,0,10,,36766,20,,,0,50,,36767,20,,,0,10,,36768,20,,,0,10,,36769,20,,,0,10,,36770,20,,,0,10,,36771,20,,,0,10,,36772,20,,,0,50,,36773,20,,,0,10,,36774,20,,,0,10,,36775,20,,,0,10,,36776,20,,,0,10,,36777,20,,,0,10,,36778,20,,,0,50,,36779,20,,,0,10,,36780,20,,,0,15,,36781,20,,,0,15,,36782,20,,,0,15,,36783,20,,,0,70,,36784,20,,,0,30,,36785,20,,,0,70,,36786,20,,,0,30,,36787,20,,,0,70,,36788,20,,,0,30,,36789,20,,,0,70,,36790,20,,,0,30,,36791,20,,,0,70,,36792,20,,,0,30,,36793,20,,,0,70,,36794,20,,,0
1700,'1365',533,,36882,20,,,0,80,,36797,20,,,0,15,,36798,20,,,0,15,,36799,20,,,0,15,,36800,20,,,0,55,,36801,20,,,0,10,,36802,20,,,0,10,,36803,20,,,0,10,,36804,20,,,0,10,,36805,20,,,0,50,,36806,20,,,0,10,,36807,20,,,0,10,,36808,20,,,0,10,,36809,20,,,0,10,,36810,20,,,0,10,,36811,20,,,0,50,,36812,20,,,0,10,,36813,20,,,0,10,,36814,20,,,0,10,,36815,20,,,0,10,,36816,20,,,0,10,,36817,20,,,0,50,,36818,20,,,0,10,,36819,20,,,0,10,,36820,20,,,0,10,,36821,20,,,0,10,,36822,20,,,0,10,,36823,20,,,0,50,,36824,20,,,0,10,,36825,20,,,0,10,,36826,20,,,0,10,,36827,20,,,0,10,,36828,20,,,0,10,,36829,20,,,0,50,,36830,20,,,0,10,,36831,20,,,0,10,,36832,20,,,0,10,,36833,20,,,0,10,,36834,20,,,0,10,,36835,20,,,0,50,,36836,20,,,0,10,,36837,20,,,0,10,,36838,20,,,0,10,,36839,20,,,0,10,,36840,20,,,0,10,,36841,20,,,0,50,,36842,20,,,0,10,,36843,20,,,0,10,,36844,20,,,0,10,,36845,20,,,0,10,,36846,20,,,0,10,,36847,20,,,0,50,,36848,20,,,0,10,,36849,20,,,0,10,,36850,20,,,0,10,,36851,20,,,0,10,,36852,20,,,0,10,,36853,20,,,0,50,,36854,20,,,0,10,,36855,20,,,0,10,,36856,20,,,0,10,,36857,20,,,0,10,,36858,20,,,0,10,,36859,20,,,0,50,,36860,20,,,0,10,,36861,20,,,0,10,,36862,20,,,0,10,,36863,20,,,0,10,,36864,20,,,0,10,,36865,20,,,0,50,,36866,20,,,0,10,,36867,20,,,0,15,,36868,20,,,0,15,,36869,20,,,0,15,,36870,20,,,0,70,,36871,20,,,0,30,,36872,20,,,0,70,,36873,20,,,0,30,,36874,20,,,0,70,,36875,20,,,0,30,,36876,20,,,0,70,,36877,20,,,0,30,,36878,20,,,0,70,,36879,20,,,0,30,,36880,20,,,0,70,,36881,20,,,0
1700,'1366',533,,36969,20,,,0,80,,36884,20,,,0,15,,36885,20,,,0,15,,36886,20,,,0,15,,36887,20,,,0,55,,36888,20,,,0,10,,36889,20,,,0,10,,36890,20,,,0,10,,36891,20,,,0,10,,36892,20,,,0,50,,36893,20,,,0,10,,36894,20,,,0,10,,36895,20,,,0,10,,36896,20,,,0,10,,36897,20,,,0,10,,36898,20,,,0,50,,36899,20,,,0,10,,36900,20,,,0,10,,36901,20,,,0,10,,36902,20,,,0,10,,36903,20,,,0,10,,36904,20,,,0,50,,36905,20,,,0,10,,36906,20,,,0,10,,36907,20,,,0,10,,36908,20,,,0,10,,36909,20,,,0,10,,36910,20,,,0,50,,36911,20,,,0,10,,36912,20,,,0,10,,36913,20,,,0,10,,36914,20,,,0,10,,36915,20,,,0,10,,36916,20,,,0,50,,36917,20,,,0,10,,36918,20,,,0,10,,36919,20,,,0,10,,36920,20,,,0,10,,36921,20,,,0,10,,36922,20,,,0,50,,36923,20,,,0,10,,36924,20,,,0,10,,36925,20,,,0,10,,36926,20,,,0,10,,36927,20,,,0,10,,36928,20,,,0,50,,36929,20,,,0,10,,36930,20,,,0,10,,36931,20,,,0,10,,36932,20,,,0,10,,36933,20,,,0,10,,36934,20,,,0,50,,36935,20,,,0,10,,36936,20,,,0,10,,36937,20,,,0,10,,36938,20,,,0,10,,36939,20,,,0,10,,36940,20,,,0,50,,36941,20,,,0,10,,36942,20,,,0,10,,36943,20,,,0,10,,36944,20,,,0,10,,36945,20,,,0,10,,36946,20,,,0,50,,36947,20,,,0,10,,36948,20,,,0,10,,36949,20,,,0,10,,36950,20,,,0,10,,36951,20,,,0,10,,36952,20,,,0,50,,36953,20,,,0,10,,36954,20,,,0,15,,36955,20,,,0,15,,36956,20,,,0,15,,36957,20,,,0,70,,36958,20,,,0,30,,36959,20,,,0,70,,36960,20,,,0,30,,36961,20,,,0,70,,36962,20,,,0,30,,36963,20,,,0,70,,36964,20,,,0,30,,36965,20,,,0,70,,36966,20,,,0,30,,36967,20,,,0,70,,36968,20,,,0
1700,'1367',533,,37056,20,,,0,80,,36971,20,,,0,15,,36972,20,,,0,15,,36973,20,,,0,15,,36974,20,,,0,55,,36975,20,,,0,10,,36976,20,,,0,10,,36977,20,,,0,10,,36978,20,,,0,10,,36979,20,,,0,50,,36980,20,,,0,10,,36981,20,,,0,10,,36982,20,,,0,10,,36983,20,,,0,10,,36984,20,,,0,10,,36985,20,,,0,50,,36986,20,,,0,10,,36987,20,,,0,10,,36988,20,,,0,10,,36989,20,,,0,10,,36990,20,,,0,10,,36991,20,,,0,50,,36992,20,,,0,10,,36993,20,,,0,10,,36994,20,,,0,10,,36995,20,,,0,10,,36996,20,,,0,10,,36997,20,,,0,50,,36998,20,,,0,10,,36999,20,,,0,10,,37000,20,,,0,10,,37001,20,,,0,10,,37002,20,,,0,10,,37003,20,,,0,50,,37004,20,,,0,10,,37005,20,,,0,10,,37006,20,,,0,10,,37007,20,,,0,10,,37008,20,,,0,10,,37009,20,,,0,50,,37010,20,,,0,10,,37011,20,,,0,10,,37012,20,,,0,10,,37013,20,,,0,10,,37014,20,,,0,10,,37015,20,,,0,50,,37016,20,,,0,10,,37017,20,,,0,10,,37018,20,,,0,10,,37019,20,,,0,10,,37020,20,,,0,10,,37021,20,,,0,50,,37022,20,,,0,10,,37023,20,,,0,10,,37024,20,,,0,10,,37025,20,,,0,10,,37026,20,,,0,10,,37027,20,,,0,50,,37028,20,,,0,10,,37029,20,,,0,10,,37030,20,,,0,10,,37031,20,,,0,10,,37032,20,,,0,10,,37033,20,,,0,50,,37034,20,,,0,10,,37035,20,,,0,10,,37036,20,,,0,10,,37037,20,,,0,10,,37038,20,,,0,10,,37039,20,,,0,50,,37040,20,,,0,10,,37041,20,,,0,15,,37042,20,,,0,15,,37043,20,,,0,15,,37044,20,,,0,70,,37045,20,,,0,30,,37046,20,,,0,70,,37047,20,,,0,30,,37048,20,,,0,70,,37049,20,,,0,30,,37050,20,,,0,70,,37051,20,,,0,30,,37052,20,,,0,70,,37053,20,,,0,30,,37054,20,,,0,70,,37055,20,,,0
1700,'1368',533,,37143,20,,,0,80,,37058,20,,,0,15,,37059,20,,,0,15,,37060,20,,,0,15,,37061,20,,,0,55,,37062,20,,,0,10,,37063,20,,,0,10,,37064,20,,,0,10,,37065,20,,,0,10,,37066,20,,,0,50,,37067,20,,,0,10,,37068,20,,,0,10,,37069,20,,,0,10,,37070,20,,,0,10,,37071,20,,,0,10,,37072,20,,,0,50,,37073,20,,,0,10,,37074,20,,,0,10,,37075,20,,,0,10,,37076,20,,,0,10,,37077,20,,,0,10,,37078,20,,,0,50,,37079,20,,,0,10,,37080,20,,,0,10,,37081,20,,,0,10,,37082,20,,,0,10,,37083,20,,,0,10,,37084,20,,,0,50,,37085,20,,,0,10,,37086,20,,,0,10,,37087,20,,,0,10,,37088,20,,,0,10,,37089,20,,,0,10,,37090,20,,,0,50,,37091,20,,,0,10,,37092,20,,,0,10,,37093,20,,,0,10,,37094,20,,,0,10,,37095,20,,,0,10,,37096,20,,,0,50,,37097,20,,,0,10,,37098,20,,,0,10,,37099,20,,,0,10,,37100,20,,,0,10,,37101,20,,,0,10,,37102,20,,,0,50,,37103,20,,,0,10,,37104,20,,,0,10,,37105,20,,,0,10,,37106,20,,,0,10,,37107,20,,,0,10,,37108,20,,,0,50,,37109,20,,,0,10,,37110,20,,,0,10,,37111,20,,,0,10,,37112,20,,,0,10,,37113,20,,,0,10,,37114,20,,,0,50,,37115,20,,,0,10,,37116,20,,,0,10,,37117,20,,,0,10,,37118,20,,,0,10,,37119,20,,,0,10,,37120,20,,,0,50,,37121,20,,,0,10,,37122,20,,,0,10,,37123,20,,,0,10,,37124,20,,,0,10,,37125,20,,,0,10,,37126,20,,,0,50,,37127,20,,,0,10,,37128,20,,,0,15,,37129,20,,,0,15,,37130,20,,,0,15,,37131,20,,,0,70,,37132,20,,,0,30,,37133,20,,,0,70,,37134,20,,,0,30,,37135,20,,,0,70,,37136,20,,,0,30,,37137,20,,,0,70,,37138,20,,,0,30,,37139,20,,,0,70,,37140,20,,,0,30,,37141,20,,,0,70,,37142,20,,,0
2000,'1362',934,,38921,15,,,0,85,,38920,15,,,0,85,,38915,15,,,0,45,,38914,15,,,0,85,,38913,15,,,0,85,,38912,15,,,0,85,,38911,15,,,0,45,,38910,15,,,0,85,,38909,15,,,0,85,,38908,15,,,0,81,,38907,15,,,0,49,,38919,15,,,0,85,,38918,15,,,0,85,,38917,15,,,0,85,,38916,15,,,0
2000,'1363',633,,38922,15,,,0,85,,38923,15,,,0,85,,38924,15,,,0,45,,38925,15,,,0,55,,38926,15,,,0,30,,38927,15,,,0,80,,38928,15,,,0,30,,38929,15,,,0,70,,38930,15,,,0,30,,38931,15,,,0,80,,38932,15,,,0,30,,38933,15,,,0,70,,38934,15,,,0,30,,38935,15,,,0,80,,38936,15,,,0,70,,38937,15,,,0,30,,38938,15,,,0,70,,38939,15,,,0,40,,38940,15,,,0,70,,38941,15,,,0,30,,38942,15,,,0,70,,38943,15,,,0,40,,38944,15,,,0,75,,38945,15,,,0,85,,38946,15,,,0,45,,38947,15,,,0,85,,38948,15,,,0,85,,38949,15,,,0,85,,38950,15,,,0,45,,38951,15,,,0
2000,'1364',601,,38963,17,,,0,20,,38964,17,,,0,20,,38965,17,,,0,60,,38966,17,,,0,20,,38967,17,,,0,20,,38968,17,,,0,60,,38969,17,,,0,20,,38970,17,,,0,20,,38971,17,,,0,60,,38972,17,,,0,20,,38973,17,,,0,20,,38974,17,,,0,60,,38975,17,,,0,20,,38976,17,,,0,20,,38977,17,,,0,60,,38978,17,,,0,20,,38979,17,,,0,20,,38980,17,,,0,60,,38981,17,,,0,20,,38982,17,,,0,20,,38983,17,,,0,60,,38984,17,,,0,20,,38985,17,,,0,20,,38986,17,,,0,60,,38987,17,,,0,20,,38988,17,,,0,20,,38989,17,,,0,60,,38990,17,,,0,20,,38991,17,,,0,20,,38992,17,,,0,60,,38993,17,,,0,20,,38994,17,,,0,20,,38995,17,,,0,60,,38996,17,,,0,20,,38997,17,,,0,20,,38998,17,,,0,60,,38999,17,,,0,20,,39000,17,,,0,17,,38953,15,,,0,81,,38954,15,,,0,85,,38955,15,,,0,45,,38956,15,,,0,85,,38957,15,,,0,85,,38958,15,,,0,85,,38959,15,,,0,45,,38960,15,,,0,85,,38961,15,,,0
2000,'1365',601,,39011,17,,,0,20,,39012,17,,,0,20,,39013,17,,,0,60,,39014,17,,,0,20,,39015,17,,,0,20,,39016,17,,,0,60,,39017,17,,,0,20,,39018,17,,,0,20,,39019,17,,,0,60,,39020,17,,,0,20,,39021,17,,,0,20,,39022,17,,,0,60,,39023,17,,,0,20,,39024,17,,,0,20,,39025,17,,,0,60,,39026,17,,,0,20,,39027,17,,,0,20,,39028,17,,,0,60,,39029,17,,,0,20,,39030,17,,,0,20,,39031,17,,,0,60,,39032,17,,,0,20,,39033,17,,,0,20,,39034,17,,,0,60,,39035,17,,,0,20,,39036,17,,,0,20,,39037,17,,,0,60,,39038,17,,,0,20,,39039,17,,,0,20,,39040,17,,,0,60,,39041,17,,,0,20,,39042,17,,,0,20,,39043,17,,,0,60,,39044,17,,,0,20,,39045,17,,,0,20,,39046,17,,,0,60,,39047,17,,,0,20,,39048,17,,,0,17,,39001,15,,,0,81,,39002,15,,,0,85,,39003,15,,,0,45,,39004,15,,,0,85,,39005,15,,,0,85,,39006,15,,,0,85,,39007,15,,,0,45,,39008,15,,,0,85,,39009,15,,,0
2000,'1366',601,,39059,17,,,0,20,,39060,17,,,0,20,,39061,17,,,0,60,,39062,17,,,0,20,,39063,17,,,0,20,,39064,17,,,0,60,,39065,17,,,0,20,,39066,17,,,0,20,,39067,17,,,0,60,,39068,17,,,0,20,,39069,17,,,0,20,,39070,17,,,0,60,,39071,17,,,0,20,,39072,17,,,0,20,,39073,17,,,0,60,,39074,17,,,0,20,,39075,17,,,0,20,,39076,17,,,0,60,,39077,17,,,0,20,,39078,17,,,0,20,,39079,17,,,0,60,,39080,17,,,0,20,,39081,17,,,0,20,,39082,17,,,0,60,,39083,17,,,0,20,,39084,17,,,0,20,,39085,17,,,0,60,,39086,17,,,0,20,,39087,17,,,0,20,,39088,17,,,0,60,,39089,17,,,0,20,,39090,17,,,0,20,,39091,17,,,0,60,,39092,17,,,0,20,,39093,17,,,0,20,,39094,17,,,0,60,,39095,17,,,0,20,,39096,17,,,0,17,,39049,15,,,0,81,,39050,15,,,0,85,,39051,15,,,0,45,,39052,15,,,0,85,,39053,15,,,0,85,,39054,15,,,0,85,,39055,15,,,0,45,,39056,15,,,0,85,,39057,15,,,0
2000,'1367',601,,39107,17,,,0,20,,39108,17,,,0,20,,39109,17,,,0,60,,39110,17,,,0,20,,39111,17,,,0,20,,39112,17,,,0,60,,39113,17,,,0,20,,39114,17,,,0,20,,39115,17,,,0,60,,39116,17,,,0,20,,39117,17,,,0,20,,39118,17,,,0,60,,39119,17,,,0,20,,39120,17,,,0,20,,39121,17,,,0,60,,39122,17,,,0,20,,39123,17,,,0,20,,39124,17,,,0,60,,39125,17,,,0,20,,39126,17,,,0,20,,39127,17,,,0,60,,39128,17,,,0,20,,39129,17,,,0,20,,39130,17,,,0,60,,39131,17,,,0,20,,39132,17,,,0,20,,39133,17,,,0,60,,39134,17,,,0,20,,39135,17,,,0,20,,39136,17,,,0,60,,39137,17,,,0,20,,39138,17,,,0,20,,39139,17,,,0,60,,39140,17,,,0,20,,39141,17,,,0,20,,39142,17,,,0,60,,39143,17,,,0,20,,39144,17,,,0,17,,39097,15,,,0,81,,39098,15,,,0,85,,39099,15,,,0,45,,39100,15,,,0,85,,39101,15,,,0,85,,39102,15,,,0,85,,39103,15,,,0,45,,39104,15,,,0,85,,39105,15,,,0
2000,'1368',601,,39155,17,,,0,20,,39156,17,,,0,20,,39157,17,,,0,60,,39158,17,,,0,20,,39159,17,,,0,20,,39160,17,,,0,60,,39161,17,,,0,20,,39162,17,,,0,20,,39163,17,,,0,60,,39164,17,,,0,20,,39165,17,,,0,20,,39166,17,,,0,60,,39167,17,,,0,20,,39168,17,,,0,20,,39169,17,,,0,60,,39170,17,,,0,20,,39171,17,,,0,20,,39172,17,,,0,60,,39173,17,,,0,20,,39174,17,,,0,20,,39175,17,,,0,60,,39176,17,,,0,20,,39177,17,,,0,20,,39178,17,,,0,60,,39179,17,,,0,20,,39180,17,,,0,20,,39181,17,,,0,60,,39182,17,,,0,20,,39183,17,,,0,20,,39184,17,,,0,60,,39185,17,,,0,20,,39186,17,,,0,20,,39187,17,,,0,60,,39188,17,,,0,20,,39189,17,,,0,20,,39190,17,,,0,60,,39191,17,,,0,20,,39192,17,,,0,17,,39145,15,,,0,81,,39146,15,,,0,85,,39147,15,,,0,45,,39148,15,,,0,85,,39149,15,,,0,85,,39150,15,,,0,85,,39151,15,,,0,45,,39152,15,,,0,85,,39153,15,,,0
722501,'1364',606,,43081,56,4,,0,120,,43082,56,4,,0,100,,43083,56,4,,0,100,,43084,56,4,,0,100,,43085,56,4,,0,100,,43086,56,4,,0,100,,43087,56,4,,0,100,,43088,56,4,,0,100,,43089,56,4,,0,100,,43090,56,4,,0,100,,43091,56,4,,0,100,,43092,56,4,,0,100,,43093,56,4,,0,100,,43094,56,4,,0,100,,43095,56,4,,0,100,,43096,56,4,,0,100,,43097,56,4,,0,100,,43098,56,4,,0
722501,'1365',606,,43099,56,4,,0,120,,43100,56,4,,0,100,,43101,56,4,,0,100,,43102,56,4,,0,100,,43103,56,4,,0,100,,43104,56,4,,0,100,,43105,56,4,,0,100,,43106,56,4,,0,100,,43107,56,4,,0,100,,43108,56,4,,0,100,,43109,56,4,,0,100,,43110,56,4,,0,100,,43111,56,4,,0,100,,43112,56,4,,0,100,,43113,56,4,,0,100,,43114,56,4,,0,100,,43115,56,4,,0,100,,43116,56,4,,0
722501,'1366',606,,43117,56,4,,0,120,,43118,56,4,,0,100,,43119,56,4,,0,100,,43120,56,4,,0,100,,43121,56,4,,0,100,,43122,56,4,,0,100,,43123,56,4,,0,100,,43124,56,4,,0,100,,43125,56,4,,0,100,,43126,56,4,,0,100,,43127,56,4,,0,100,,43128,56,4,,0,100,,43129,56,4,,0,100,,43130,56,4,,0,100,,43131,56,4,,0,100,,43132,56,4,,0,100,,43133,56,4,,0,100,,43134,56,4,,0
722501,'1367',606,,43135,56,4,,0,120,,43136,56,4,,0,100,,43137,56,4,,0,100,,43138,56,4,,0,100,,43139,56,4,,0,100,,43140,56,4,,0,100,,43141,56,4,,0,100,,43142,56,4,,0,100,,43143,56,4,,0,100,,43144,56,4,,0,100,,43145,56,4,,0,100,,43146,56,4,,0,100,,43147,56,4,,0,100,,43148,56,4,,0,100,,43149,56,4,,0,100,,43150,56,4,,0,100,,43151,56,4,,0,100,,43152,56,4,,0
722501,'1368',606,,43153,56,4,,0,120,,43154,56,4,,0,100,,43155,56,4,,0,100,,43156,56,4,,0,100,,43157,56,4,,0,100,,43158,56,4,,0,100,,43159,56,4,,0,100,,43160,56,4,,0,100,,43161,56,4,,0,100,,43162,56,4,,0,100,,43163,56,4,,0,100,,43164,56,4,,0,100,,43165,56,4,,0,100,,43166,56,4,,0,100,,43167,56,4,,0,100,,43168,56,4,,0,100,,43169,56,4,,0,100,,43170,56,4,,0
722502,'1364',530,,43171,1,0,16,0,100,,43172,1,0,16,0,100,,43173,1,0,16,0,100,,43174,1,0,16,0,100,,43175,1,0,16,0,100,,43176,1,0,16,0,100,,43177,1,0,16,0,100,,43178,1,0,16,0,100,,43179,1,0,16,0,100,,43180,1,0,16,0,100,,43181,1,0,16,0,100,,43182,1,0,16,0,100,,43183,1,0,16,0,100,,43184,1,0,16,0,100,,43185,1,0,16,0,100,,43186,1,0,16,0,100,,43187,1,0,16,0,100,,43188,1,0,16,0
722502,'1365',530,,43189,1,0,16,0,100,,43190,1,0,16,0,100,,43191,1,0,16,0,100,,43192,1,0,16,0,100,,43193,1,0,16,0,100,,43194,1,0,16,0,100,,43195,1,0,16,0,100,,43196,1,0,16,0,100,,43197,1,0,16,0,100,,43198,1,0,16,0,100,,43199,1,0,16,0,100,,43200,1,0,16,0,100,,43201,1,0,16,0,100,,43202,1,0,16,0,100,,43203,1,0,16,0,100,,43204,1,0,16,0,100,,43205,1,0,16,0,100,,43206,1,0,16,0
722502,'1366',530,,43207,1,0,16,0,100,,43208,1,0,16,0,100,,43209,1,0,16,0,100,,43210,1,0,16,0,100,,43211,1,0,16,0,100,,43212,1,0,16,0,100,,43213,1,0,16,0,100,,43214,1,0,16,0,100,,43215,1,0,16,0,100,,43216,1,0,16,0,100,,43217,1,0,16,0,100,,43218,1,0,16,0,100,,43219,1,0,16,0,100,,43220,1,0,16,0,100,,43221,1,0,16,0,100,,43222,1,0,16,0,100,,43223,1,0,16,0,100,,43224,1,0,16,0
722502,'1367',530,,43225,1,0,16,0,100,,43226,1,0,16,0,100,,43227,1,0,16,0,100,,43228,1,0,16,0,100,,43229,1,0,16,0,100,,43230,1,0,16,0,100,,43231,1,0,16,0,100,,43232,1,0,16,0,100,,43233,1,0,16,0,100,,43234,1,0,16,0,100,,43235,1,0,16,0,100,,43236,1,0,16,0,100,,43237,1,0,16,0,100,,43238,1,0,16,0,100,,43239,1,0,16,0,100,,43240,1,0,16,0,100,,43241,1,0,16,0,100,,43242,1,0,16,0
722502,'1368',530,,43243,1,0,16,0,100,,43244,1,0,16,0,100,,43245,1,0,16,0,100,,43246,1,0,16,0,100,,43247,1,0,16,0,100,,43248,1,0,16,0,100,,43249,1,0,16,0,100,,43250,1,0,16,0,100,,43251,1,0,16,0,100,,43252,1,0,16,0,100,,43253,1,0,16,0,100,,43254,1,0,16,0,100,,43255,1,0,16,0,100,,43256,1,0,16,0,100,,43257,1,0,16,0,100,,43258,1,0,16,0,100,,43259,1,0,16,0,100,,43260,1,0,16,0
