643504,'1390',917,,69642,24,0,14,0,100,,69641,24,0,14,0,30,,69640,24,0,14,0,70,,69639,24,0,14,0,30,,69638,24,0,14,0,70,,69637,24,0,14,0,30,,69636,24,0,14,0,70,,69635,24,0,14,0,30,,69634,24,0,14,0,70,,69633,24,0,14,0,30,,69632,24,0,14,0,70,,69631,24,0,14,0,30,,69630,24,0,14,0,70,,69629,24,0,14,0,30,,69628,24,0,14,0,70,,69627,24,0,14,0,30,,69626,24,0,14,0,70,,69625,24,0,14,0,30,,69624,24,0,14,0,70,,69623,24,0,14,0
643504,'1391',717,,69643,24,0,14,0,100,,69644,24,0,14,0,100,,69645,24,0,14,0,30,,69646,24,0,14,0,70,,69647,24,0,14,0,30,,69648,24,0,14,0,70,,69649,24,0,14,0,30,,69650,24,0,14,0,70,,69651,24,0,14,0,30,,69652,24,0,14,0,70,,69653,24,0,14,0,30,,69654,24,0,14,0,70,,69655,24,0,14,0,30,,69656,24,0,14,0,70,,69657,24,0,14,0,30,,69658,24,0,14,0,70,,69659,24,0,14,0,30,,69660,24,0,14,0,70,,69661,24,0,14,0,30,,69662,24,0,14,0,70,,69663,24,0,14,0,30,,69664,24,0,14,0,70,,69665,24,0,14,0,30,,69666,24,0,14,0,70,,69667,24,0,14,0,100,,69668,24,0,14,0,100,,69669,24,0,14,0
643504,'1392',617,,69670,24,0,14,0,30,,69671,24,0,14,0,60,,69672,24,0,14,0,15,,69673,24,0,14,0,15,,69674,24,0,14,0,15,,69675,24,0,14,0,55,,69676,24,0,14,0,15,,69677,24,0,14,0,15,,69678,24,0,14,0,15,,69679,24,0,14,0,53,,69680,24,0,14,0,17,,69681,24,0,14,0,20,,69682,24,0,14,0,60,,69683,24,0,14,0,20,,69684,24,0,14,0,20,,69685,24,0,14,0,60,,69686,24,0,14,0,20,,69687,24,0,14,0,20,,69688,24,0,14,0,60,,69689,24,0,14,0,20,,69690,24,0,14,0,20,,69691,24,0,14,0,60,,69692,24,0,14,0,20,,69693,24,0,14,0,20,,69694,24,0,14,0,60,,69695,24,0,14,0,20,,69696,24,0,14,0,20,,69697,24,0,14,0,10,,69698,24,0,14,0,50,,69699,24,0,14,0,20,,69700,24,0,14,0,10,,69701,24,0,14,0,10,,69702,24,0,14,0,60,,69703,24,0,14,0,10,,69704,24,0,14,0,10,,69705,24,0,14,0,20,,69706,24,0,14,0,60,,69707,24,0,14,0,20,,69708,24,0,14,0,20,,69709,24,0,14,0,60,,69710,24,0,14,0,20,,69711,24,0,14,0,20,,69712,24,0,14,0,60,,69713,24,0,14,0,15,,69714,24,0,14,0,30,,69715,24,0,14,0,70,,69716,24,0,14,0,30,,69717,24,0,14,0,70,,69718,24,0,14,0,30,,69719,24,0,14,0,70,,69720,24,0,14,0,30,,69721,24,0,14,0,70,,69722,24,0,14,0
643504,'1393',617,,69723,24,0,14,0,30,,69724,24,0,14,0,60,,69725,24,0,14,0,15,,69726,24,0,14,0,15,,69727,24,0,14,0,15,,69728,24,0,14,0,55,,69729,24,0,14,0,15,,69730,24,0,14,0,15,,69731,24,0,14,0,15,,69732,24,0,14,0,53,,69733,24,0,14,0,17,,69734,24,0,14,0,20,,69735,24,0,14,0,60,,69736,24,0,14,0,20,,69737,24,0,14,0,20,,69738,24,0,14,0,60,,69739,24,0,14,0,20,,69740,24,0,14,0,20,,69741,24,0,14,0,60,,69742,24,0,14,0,20,,69743,24,0,14,0,20,,69744,24,0,14,0,60,,69745,24,0,14,0,20,,69746,24,0,14,0,20,,69747,24,0,14,0,60,,69748,24,0,14,0,20,,69749,24,0,14,0,20,,69750,24,0,14,0,10,,69751,24,0,14,0,50,,69752,24,0,14,0,20,,69753,24,0,14,0,10,,69754,24,0,14,0,10,,69755,24,0,14,0,60,,69756,24,0,14,0,10,,69757,24,0,14,0,10,,69758,24,0,14,0,20,,69759,24,0,14,0,60,,69760,24,0,14,0,20,,69761,24,0,14,0,20,,69762,24,0,14,0,60,,69763,24,0,14,0,20,,69764,24,0,14,0,20,,69765,24,0,14,0,60,,69766,24,0,14,0,15,,69767,24,0,14,0,30,,69768,24,0,14,0,70,,69769,24,0,14,0,30,,69770,24,0,14,0,70,,69771,24,0,14,0,30,,69772,24,0,14,0,70,,69773,24,0,14,0,30,,69774,24,0,14,0,70,,69775,24,0,14,0
643504,'1394',617,,69776,24,0,14,0,30,,69777,24,0,14,0,60,,69778,24,0,14,0,15,,69779,24,0,14,0,15,,69780,24,0,14,0,15,,69781,24,0,14,0,55,,69782,24,0,14,0,15,,69783,24,0,14,0,15,,69784,24,0,14,0,15,,69785,24,0,14,0,53,,69786,24,0,14,0,17,,69787,24,0,14,0,20,,69788,24,0,14,0,60,,69789,24,0,14,0,20,,69790,24,0,14,0,20,,69791,24,0,14,0,60,,69792,24,0,14,0,20,,69793,24,0,14,0,20,,69794,24,0,14,0,60,,69795,24,0,14,0,20,,69796,24,0,14,0,20,,69797,24,0,14,0,60,,69798,24,0,14,0,20,,69799,24,0,14,0,20,,69800,24,0,14,0,60,,69801,24,0,14,0,20,,69802,24,0,14,0,20,,69803,24,0,14,0,10,,69804,24,0,14,0,50,,69805,24,0,14,0,20,,69806,24,0,14,0,10,,69807,24,0,14,0,10,,69808,24,0,14,0,60,,69809,24,0,14,0,10,,69810,24,0,14,0,10,,69811,24,0,14,0,20,,69812,24,0,14,0,60,,69813,24,0,14,0,20,,69814,24,0,14,0,20,,69815,24,0,14,0,60,,69816,24,0,14,0,20,,69817,24,0,14,0,20,,69818,24,0,14,0,60,,69819,24,0,14,0,15,,69820,24,0,14,0,30,,69821,24,0,14,0,70,,69822,24,0,14,0,30,,69823,24,0,14,0,70,,69824,24,0,14,0,30,,69825,24,0,14,0,70,,69826,24,0,14,0,30,,69827,24,0,14,0,70,,69828,24,0,14,0
643504,'1395',617,,69829,24,0,14,0,30,,69830,24,0,14,0,60,,69831,24,0,14,0,15,,69832,24,0,14,0,15,,69833,24,0,14,0,15,,69834,24,0,14,0,55,,69835,24,0,14,0,15,,69836,24,0,14,0,15,,69837,24,0,14,0,15,,69838,24,0,14,0,53,,69839,24,0,14,0,17,,69840,24,0,14,0,20,,69841,24,0,14,0,60,,69842,24,0,14,0,20,,69843,24,0,14,0,20,,69844,24,0,14,0,60,,69845,24,0,14,0,20,,69846,24,0,14,0,20,,69847,24,0,14,0,60,,69848,24,0,14,0,20,,69849,24,0,14,0,20,,69850,24,0,14,0,60,,69851,24,0,14,0,20,,69852,24,0,14,0,20,,69853,24,0,14,0,60,,69854,24,0,14,0,20,,69855,24,0,14,0,20,,69856,24,0,14,0,10,,69857,24,0,14,0,50,,69858,24,0,14,0,20,,69859,24,0,14,0,10,,69860,24,0,14,0,10,,69861,24,0,14,0,60,,69862,24,0,14,0,10,,69863,24,0,14,0,10,,69864,24,0,14,0,20,,69865,24,0,14,0,60,,69866,24,0,14,0,20,,69867,24,0,14,0,20,,69868,24,0,14,0,60,,69869,24,0,14,0,20,,69870,24,0,14,0,20,,69871,24,0,14,0,60,,69872,24,0,14,0,15,,69873,24,0,14,0,30,,69874,24,0,14,0,70,,69875,24,0,14,0,30,,69876,24,0,14,0,70,,69877,24,0,14,0,30,,69878,24,0,14,0,70,,69879,24,0,14,0,30,,69880,24,0,14,0,70,,69881,24,0,14,0
643504,'1396',617,,69882,24,0,14,0,30,,69883,24,0,14,0,60,,69884,24,0,14,0,15,,69885,24,0,14,0,15,,69886,24,0,14,0,15,,69887,24,0,14,0,55,,69888,24,0,14,0,15,,69889,24,0,14,0,15,,69890,24,0,14,0,15,,69891,24,0,14,0,53,,69892,24,0,14,0,17,,69893,24,0,14,0,20,,69894,24,0,14,0,60,,69895,24,0,14,0,20,,69896,24,0,14,0,20,,69897,24,0,14,0,60,,69898,24,0,14,0,20,,69899,24,0,14,0,20,,69900,24,0,14,0,60,,69901,24,0,14,0,20,,69902,24,0,14,0,20,,69903,24,0,14,0,60,,69904,24,0,14,0,20,,69905,24,0,14,0,20,,69906,24,0,14,0,60,,69907,24,0,14,0,20,,69908,24,0,14,0,20,,69909,24,0,14,0,10,,69910,24,0,14,0,50,,69911,24,0,14,0,20,,69912,24,0,14,0,10,,69913,24,0,14,0,10,,69914,24,0,14,0,60,,69915,24,0,14,0,10,,69916,24,0,14,0,10,,69917,24,0,14,0,20,,69918,24,0,14,0,60,,69919,24,0,14,0,20,,69920,24,0,14,0,20,,69921,24,0,14,0,60,,69922,24,0,14,0,20,,69923,24,0,14,0,20,,69924,24,0,14,0,60,,69925,24,0,14,0,15,,69926,24,0,14,0,30,,69927,24,0,14,0,70,,69928,24,0,14,0,30,,69929,24,0,14,0,70,,69930,24,0,14,0,30,,69931,24,0,14,0,70,,69932,24,0,14,0,30,,69933,24,0,14,0,70,,69934,24,0,14,0
647704,'1390',912,,70158,16,0,14,0,100,,70157,16,0,14,0,30,,70156,16,0,14,0,70,,70155,16,0,14,0,30,,70154,16,0,14,0,70,,70153,16,0,14,0,30,,70152,16,0,14,0,70,,70151,16,0,14,0,30,,70150,16,0,14,0,70,,70149,16,0,14,0,30,,70148,16,0,14,0,70,,70147,16,0,14,0,30,,70146,16,0,14,0,70,,70145,16,0,14,0,30,,70144,16,0,14,0,70,,70143,16,0,14,0,30,,70142,16,0,14,0,70,,70141,16,0,14,0,100,,70140,16,0,14,0
647704,'1391',812,,70159,16,0,14,0,100,,70160,16,0,14,0,30,,70161,16,0,14,0,70,,70162,16,0,14,0,30,,70163,16,0,14,0,70,,70164,16,0,14,0,30,,70165,16,0,14,0,70,,70166,16,0,14,0,30,,70167,16,0,14,0,70,,70168,16,0,14,0,30,,70169,16,0,14,0,70,,70170,16,0,14,0,30,,70171,16,0,14,0,70,,70172,16,0,14,0,30,,70173,16,0,14,0,70,,70174,16,0,14,0,30,,70175,16,0,14,0,70,,70176,16,0,14,0,30,,70177,16,0,14,0,70,,70178,16,0,14,0,30,,70179,16,0,14,0,70,,70180,16,0,14,0,30,,70181,16,0,14,0,70,,70182,16,0,14,0,100,,70183,16,0,14,0,100,,70184,16,0,14,0
647704,'1392',612,,70185,16,0,14,0,100,,70186,16,0,14,0,30,,70187,16,0,14,0,70,,70188,16,0,14,0,30,,70189,16,0,14,0,70,,70190,16,0,14,0,30,,70191,16,0,14,0,70,,70192,16,0,14,0,30,,70193,16,0,14,0,70,,70194,16,0,14,0,30,,70195,16,0,14,0,70,,70196,16,0,14,0,30,,70197,16,0,14,0,70,,70198,16,0,14,0,30,,70199,16,0,14,0,70,,70200,16,0,14,0,30,,70201,16,0,14,0,70,,70202,16,0,14,0,30,,70203,16,0,14,0,70,,70204,16,0,14,0,30,,70205,16,0,14,0,70,,70206,16,0,14,0,30,,70207,16,0,14,0,70,,70208,16,0,14,0,30,,70209,16,0,14,0,70,,70210,16,0,14,0,30,,70211,16,0,14,0,70,,70212,16,0,14,0,30,,70213,16,0,14,0,70,,70214,16,0,14,0,100,,70215,16,0,14,0,100,,70216,16,0,14,0
647704,'1393',612,,70217,16,0,14,0,100,,70218,16,0,14,0,30,,70219,16,0,14,0,70,,70220,16,0,14,0,30,,70221,16,0,14,0,70,,70222,16,0,14,0,30,,70223,16,0,14,0,70,,70224,16,0,14,0,30,,70225,16,0,14,0,70,,70226,16,0,14,0,30,,70227,16,0,14,0,70,,70228,16,0,14,0,30,,70229,16,0,14,0,70,,70230,16,0,14,0,30,,70231,16,0,14,0,70,,70232,16,0,14,0,30,,70233,16,0,14,0,70,,70234,16,0,14,0,30,,70235,16,0,14,0,70,,70236,16,0,14,0,30,,70237,16,0,14,0,70,,70238,16,0,14,0,30,,70239,16,0,14,0,70,,70240,16,0,14,0,30,,70241,16,0,14,0,70,,70242,16,0,14,0,30,,70243,16,0,14,0,70,,70244,16,0,14,0,30,,70245,16,0,14,0,70,,70246,16,0,14,0,100,,70247,16,0,14,0,100,,70248,16,0,14,0
647704,'1394',612,,70249,16,0,14,0,100,,70250,16,0,14,0,30,,70251,16,0,14,0,70,,70252,16,0,14,0,30,,70253,16,0,14,0,70,,70254,16,0,14,0,30,,70255,16,0,14,0,70,,70256,16,0,14,0,30,,70257,16,0,14,0,70,,70258,16,0,14,0,30,,70259,16,0,14,0,70,,70260,16,0,14,0,30,,70261,16,0,14,0,70,,70262,16,0,14,0,30,,70263,16,0,14,0,70,,70264,16,0,14,0,30,,70265,16,0,14,0,70,,70266,16,0,14,0,30,,70267,16,0,14,0,70,,70268,16,0,14,0,30,,70269,16,0,14,0,70,,70270,16,0,14,0,30,,70271,16,0,14,0,70,,70272,16,0,14,0,30,,70273,16,0,14,0,70,,70274,16,0,14,0,30,,70275,16,0,14,0,70,,70276,16,0,14,0,30,,70277,16,0,14,0,70,,70278,16,0,14,0,100,,70279,16,0,14,0,100,,70280,16,0,14,0
647704,'1395',612,,70281,16,0,14,0,100,,70282,16,0,14,0,30,,70283,16,0,14,0,70,,70284,16,0,14,0,30,,70285,16,0,14,0,70,,70286,16,0,14,0,30,,70287,16,0,14,0,70,,70288,16,0,14,0,30,,70289,16,0,14,0,70,,70290,16,0,14,0,30,,70291,16,0,14,0,70,,70292,16,0,14,0,30,,70293,16,0,14,0,70,,70294,16,0,14,0,30,,70295,16,0,14,0,70,,70296,16,0,14,0,30,,70297,16,0,14,0,70,,70298,16,0,14,0,30,,70299,16,0,14,0,70,,70300,16,0,14,0,30,,70301,16,0,14,0,70,,70302,16,0,14,0,30,,70303,16,0,14,0,70,,70304,16,0,14,0,30,,70305,16,0,14,0,70,,70306,16,0,14,0,30,,70307,16,0,14,0,70,,70308,16,0,14,0,30,,70309,16,0,14,0,70,,70310,16,0,14,0,100,,70311,16,0,14,0,100,,70312,16,0,14,0
647704,'1396',612,,70313,16,0,14,0,100,,70314,16,0,14,0,30,,70315,16,0,14,0,70,,70316,16,0,14,0,30,,70317,16,0,14,0,70,,70318,16,0,14,0,30,,70319,16,0,14,0,70,,70320,16,0,14,0,30,,70321,16,0,14,0,70,,70322,16,0,14,0,30,,70323,16,0,14,0,70,,70324,16,0,14,0,30,,70325,16,0,14,0,70,,70326,16,0,14,0,30,,70327,16,0,14,0,70,,70328,16,0,14,0,30,,70329,16,0,14,0,70,,70330,16,0,14,0,30,,70331,16,0,14,0,70,,70332,16,0,14,0,30,,70333,16,0,14,0,70,,70334,16,0,14,0,30,,70335,16,0,14,0,70,,70336,16,0,14,0,30,,70337,16,0,14,0,70,,70338,16,0,14,0,30,,70339,16,0,14,0,70,,70340,16,0,14,0,30,,70341,16,0,14,0,70,,70342,16,0,14,0,100,,70343,16,0,14,0,100,,70344,16,0,14,0
