1801,'1383',705,,59688,11,,,0,100,,59687,11,,,0,100,,59686,11,,,0,105,,59685,11,,,0,40,,59684,11,,,0,80,,59683,11,,,0,80,,59682,11,,,0,40,,59681,11,,,0,80,,59680,11,,,0,80,,59679,11,,,0,40,,59678,11,,,0,80,,59677,11,,,0,80,,59676,11,,,0,40,,59675,11,,,0,80,,59674,11,,,0,80,,59673,11,,,0,40,,59672,11,,,0,80,,59671,11,,,0
1801,'1384',540,,59689,11,,,0,70,,59690,11,,,0,30,,59691,11,,,0,70,,59692,11,,,0,30,,59693,11,,,0,70,,59694,11,,,0,30,,59695,11,,,0,70,,59696,11,,,0,30,,59697,11,,,0,70,,59698,11,,,0,20,,59699,11,,,0,20,,59700,11,,,0,60,,59701,11,,,0,20,,59702,11,,,0,20,,59703,11,,,0,60,,59704,11,,,0,20,,59705,11,,,0,20,,59706,11,,,0,60,,59707,11,,,0,20,,59708,11,,,0,20,,59709,11,,,0,60,,59710,11,,,0,20,,59711,11,,,0,20,,59712,11,,,0,60,,59713,11,,,0,20,,59714,11,,,0,20,,59715,11,,,0,60,,59716,11,,,0,20,,59717,11,,,0,20,,59718,11,,,0,60,,59719,11,,,0,20,,59720,11,,,0,20,,59721,11,,,0,60,,59722,11,,,0,35,,59723,11,,,0,65,,59724,11,,,0,30,,59725,11,,,0,70,,59726,11,,,0,30,,59727,11,,,0,70,,59728,11,,,0,30,,59729,11,,,0,70,,59730,11,,,0,30,,59731,11,,,0,70,,59732,11,,,0,30,,59733,11,,,0,70,,59734,11,,,0,30,,59735,11,,,0
1801,'1385',538,,59774,11,,,0,70,,59775,11,,,0,15,,59741,11,,,0,15,,59740,11,,,0,15,,59739,11,,,0,55,,59738,11,,,0,10,,59737,11,,,0,10,,59736,11,,,0,10,,59742,11,,,0,10,,59743,11,,,0,10,,59744,11,,,0,50,,59745,11,,,0,15,,59746,11,,,0,15,,59747,11,,,0,15,,59748,11,,,0,55,,59776,11,,,0,15,,59777,11,,,0,15,,59778,11,,,0,15,,59779,11,,,0,55,,59780,11,,,0,15,,59781,11,,,0,15,,59782,11,,,0,15,,59783,11,,,0,55,,59784,11,,,0,15,,59785,11,,,0,15,,59786,11,,,0,15,,59787,11,,,0,55,,59788,11,,,0,15,,59789,11,,,0,15,,59790,11,,,0,15,,59791,11,,,0,55,,59792,11,,,0,17,,59749,11,,,0,15,,59750,11,,,0,15,,59773,11,,,0,55,,59772,11,,,0,10,,59771,11,,,0,10,,59770,11,,,0,10,,59769,11,,,0,10,,59768,11,,,0,50,,59767,11,,,0,10,,59766,11,,,0,10,,59765,11,,,0,10,,59764,11,,,0,10,,59763,11,,,0,10,,59762,11,,,0,50,,59751,11,,,0,10,,59752,11,,,0,10,,59753,11,,,0,10,,59754,11,,,0,10,,59755,11,,,0,10,,59756,11,,,0,50,,59757,11,,,0,10,,59758,11,,,0,15,,59759,11,,,0,15,,59760,11,,,0,15,,59761,11,,,0,54,,59793,11,,,0,30,,59794,11,,,0,70,,59795,11,,,0,30,,59796,11,,,0,70,,59797,11,,,0,30,,59798,11,,,0,70,,59799,11,,,0,30,,59800,11,,,0,70,,59801,11,,,0,30,,59802,11,,,0,70,,59803,11,,,0,30,,59804,11,,,0,70,,59805,11,,,0,30,,59806,11,,,0
1801,'1386',538,,59846,11,,,0,70,,59847,11,,,0,15,,59812,11,,,0,15,,59811,11,,,0,15,,59810,11,,,0,55,,59809,11,,,0,10,,59808,11,,,0,10,,59813,11,,,0,10,,59814,11,,,0,10,,59815,11,,,0,10,,59816,11,,,0,50,,59817,11,,,0,15,,59818,11,,,0,15,,59819,11,,,0,15,,59820,11,,,0,55,,59848,11,,,0,15,,59849,11,,,0,15,,59850,11,,,0,15,,59851,11,,,0,55,,59852,11,,,0,15,,59853,11,,,0,15,,59854,11,,,0,15,,59855,11,,,0,55,,59856,11,,,0,15,,59857,11,,,0,15,,59858,11,,,0,15,,59859,11,,,0,55,,59860,11,,,0,15,,59861,11,,,0,15,,59862,11,,,0,15,,59863,11,,,0,55,,59864,11,,,0,17,,59821,11,,,0,15,,59822,11,,,0,15,,59845,11,,,0,55,,59844,11,,,0,10,,59843,11,,,0,10,,59842,11,,,0,10,,59841,11,,,0,10,,59840,11,,,0,50,,59839,11,,,0,10,,59838,11,,,0,10,,59837,11,,,0,10,,59836,11,,,0,10,,59835,11,,,0,10,,59834,11,,,0,50,,59823,11,,,0,10,,59824,11,,,0,10,,59825,11,,,0,10,,59826,11,,,0,10,,59827,11,,,0,10,,59828,11,,,0,50,,59829,11,,,0,10,,59830,11,,,0,15,,59831,11,,,0,15,,59832,11,,,0,15,,59833,11,,,0,54,,59865,11,,,0,30,,59866,11,,,0,70,,59867,11,,,0,30,,59868,11,,,0,70,,59869,11,,,0,30,,59870,11,,,0,70,,59871,11,,,0,30,,59872,11,,,0,70,,59873,11,,,0,30,,59874,11,,,0,70,,59875,11,,,0,30,,59876,11,,,0,70,,59877,11,,,0,30,,59878,11,,,0
1801,'1387',538,,59918,11,,,0,70,,59919,11,,,0,15,,59884,11,,,0,15,,59883,11,,,0,15,,59882,11,,,0,55,,59881,11,,,0,10,,59880,11,,,0,10,,59885,11,,,0,10,,59886,11,,,0,10,,59887,11,,,0,10,,59888,11,,,0,50,,59889,11,,,0,15,,59890,11,,,0,15,,59891,11,,,0,15,,59892,11,,,0,55,,59920,11,,,0,15,,59921,11,,,0,15,,59922,11,,,0,15,,59923,11,,,0,55,,59924,11,,,0,15,,59925,11,,,0,15,,59926,11,,,0,15,,59927,11,,,0,55,,59928,11,,,0,15,,59929,11,,,0,15,,59930,11,,,0,15,,59931,11,,,0,55,,59932,11,,,0,15,,59933,11,,,0,15,,59934,11,,,0,15,,59935,11,,,0,55,,59936,11,,,0,17,,59893,11,,,0,15,,59894,11,,,0,15,,59917,11,,,0,55,,59916,11,,,0,10,,59915,11,,,0,10,,59914,11,,,0,10,,59913,11,,,0,10,,59912,11,,,0,50,,59911,11,,,0,10,,59910,11,,,0,10,,59909,11,,,0,10,,59908,11,,,0,10,,59907,11,,,0,10,,59906,11,,,0,50,,59895,11,,,0,10,,59896,11,,,0,10,,59897,11,,,0,10,,59898,11,,,0,10,,59899,11,,,0,10,,59900,11,,,0,50,,59901,11,,,0,10,,59902,11,,,0,15,,59903,11,,,0,15,,59904,11,,,0,15,,59905,11,,,0,54,,59937,11,,,0,30,,59938,11,,,0,70,,59939,11,,,0,30,,59940,11,,,0,70,,59941,11,,,0,30,,59942,11,,,0,70,,59943,11,,,0,30,,59944,11,,,0,70,,59945,11,,,0,30,,59946,11,,,0,70,,59947,11,,,0,30,,59948,11,,,0,70,,59949,11,,,0,30,,59950,11,,,0
1801,'1388',538,,59990,11,,,0,70,,59991,11,,,0,15,,59956,11,,,0,15,,59955,11,,,0,15,,59954,11,,,0,55,,59953,11,,,0,10,,59952,11,,,0,10,,59957,11,,,0,10,,59958,11,,,0,10,,59959,11,,,0,10,,59960,11,,,0,50,,59961,11,,,0,15,,59962,11,,,0,15,,59963,11,,,0,15,,59964,11,,,0,55,,59992,11,,,0,15,,59993,11,,,0,15,,59994,11,,,0,15,,59995,11,,,0,55,,59996,11,,,0,15,,59997,11,,,0,15,,59998,11,,,0,15,,59999,11,,,0,55,,60000,11,,,0,15,,60001,11,,,0,15,,60002,11,,,0,15,,60003,11,,,0,55,,60004,11,,,0,15,,60005,11,,,0,15,,60006,11,,,0,15,,60007,11,,,0,55,,60008,11,,,0,17,,59965,11,,,0,15,,59966,11,,,0,15,,59989,11,,,0,55,,59988,11,,,0,10,,59987,11,,,0,10,,59986,11,,,0,10,,59985,11,,,0,10,,59984,11,,,0,50,,59983,11,,,0,10,,59982,11,,,0,10,,59981,11,,,0,10,,59980,11,,,0,10,,59979,11,,,0,10,,59978,11,,,0,50,,59967,11,,,0,10,,59968,11,,,0,10,,59969,11,,,0,10,,59970,11,,,0,10,,59971,11,,,0,10,,59972,11,,,0,50,,59973,11,,,0,10,,59974,11,,,0,15,,59975,11,,,0,15,,59976,11,,,0,15,,59977,11,,,0,54,,60009,11,,,0,30,,60010,11,,,0,70,,60011,11,,,0,30,,60012,11,,,0,70,,60013,11,,,0,30,,60014,11,,,0,70,,60015,11,,,0,30,,60016,11,,,0,70,,60017,11,,,0,30,,60018,11,,,0,70,,60019,11,,,0,30,,60020,11,,,0,70,,60021,11,,,0,30,,60022,11,,,0
1801,'1389',538,,60062,11,,,0,70,,60063,11,,,0,15,,60028,11,,,0,15,,60027,11,,,0,15,,60026,11,,,0,55,,60025,11,,,0,10,,60024,11,,,0,10,,60029,11,,,0,10,,60030,11,,,0,10,,60031,11,,,0,10,,60032,11,,,0,50,,60033,11,,,0,15,,60034,11,,,0,15,,60035,11,,,0,15,,60036,11,,,0,55,,60064,11,,,0,15,,60065,11,,,0,15,,60066,11,,,0,15,,60067,11,,,0,55,,60068,11,,,0,15,,60069,11,,,0,15,,60070,11,,,0,15,,60071,11,,,0,55,,60072,11,,,0,15,,60073,11,,,0,15,,60074,11,,,0,15,,60075,11,,,0,55,,60076,11,,,0,15,,60077,11,,,0,15,,60078,11,,,0,15,,60079,11,,,0,55,,60080,11,,,0,17,,60037,11,,,0,15,,60038,11,,,0,15,,60061,11,,,0,55,,60060,11,,,0,10,,60059,11,,,0,10,,60058,11,,,0,10,,60057,11,,,0,10,,60056,11,,,0,50,,60055,11,,,0,10,,60054,11,,,0,10,,60053,11,,,0,10,,60052,11,,,0,10,,60051,11,,,0,10,,60050,11,,,0,50,,60039,11,,,0,10,,60040,11,,,0,10,,60041,11,,,0,10,,60042,11,,,0,10,,60043,11,,,0,10,,60044,11,,,0,50,,60045,11,,,0,10,,60046,11,,,0,15,,60047,11,,,0,15,,60048,11,,,0,15,,60049,11,,,0,54,,60081,11,,,0,30,,60082,11,,,0,70,,60083,11,,,0,30,,60084,11,,,0,70,,60085,11,,,0,30,,60086,11,,,0,70,,60087,11,,,0,30,,60088,11,,,0,70,,60089,11,,,0,30,,60090,11,,,0,70,,60091,11,,,0,30,,60092,11,,,0,70,,60093,11,,,0,30,,60094,11,,,0
552201,'1385',650,,62021,4,0,9,0,70,,62020,4,0,9,0,30,,62019,4,0,9,0,70,,62018,4,0,9,0,30,,62017,4,0,9,0,70,,62016,4,0,9,0,30,,62015,4,0,9,0,70,,61999,4,0,9,0,30,,62000,4,0,9,0,70,,62001,4,0,9,0,30,,62002,4,0,9,0,70,,62003,4,0,9,0,30,,62004,4,0,9,0,70,,62005,4,0,9,0,30,,62006,4,0,9,0,70,,62007,4,0,9,0,30,,62008,4,0,9,0,70,,62009,4,0,9,0,30,,62010,4,0,9,0,70,,62011,4,0,9,0,30,,62012,4,0,9,0,70,,62013,4,0,9,0,30,,62014,4,0,9,0
552201,'1386',650,,62044,4,0,9,0,70,,62043,4,0,9,0,30,,62042,4,0,9,0,70,,62041,4,0,9,0,30,,62040,4,0,9,0,70,,62039,4,0,9,0,30,,62038,4,0,9,0,70,,62022,4,0,9,0,30,,62023,4,0,9,0,70,,62024,4,0,9,0,30,,62025,4,0,9,0,70,,62026,4,0,9,0,30,,62027,4,0,9,0,70,,62028,4,0,9,0,30,,62029,4,0,9,0,70,,62030,4,0,9,0,30,,62031,4,0,9,0,70,,62032,4,0,9,0,30,,62033,4,0,9,0,70,,62034,4,0,9,0,30,,62035,4,0,9,0,70,,62036,4,0,9,0,30,,62037,4,0,9,0
552201,'1387',650,,62067,4,0,9,0,70,,62066,4,0,9,0,30,,62065,4,0,9,0,70,,62064,4,0,9,0,30,,62063,4,0,9,0,70,,62062,4,0,9,0,30,,62061,4,0,9,0,70,,62045,4,0,9,0,30,,62046,4,0,9,0,70,,62047,4,0,9,0,30,,62048,4,0,9,0,70,,62049,4,0,9,0,30,,62050,4,0,9,0,70,,62051,4,0,9,0,30,,62052,4,0,9,0,70,,62053,4,0,9,0,30,,62054,4,0,9,0,70,,62055,4,0,9,0,30,,62056,4,0,9,0,70,,62057,4,0,9,0,30,,62058,4,0,9,0,70,,62059,4,0,9,0,30,,62060,4,0,9,0
552201,'1388',650,,62090,4,0,9,0,70,,62089,4,0,9,0,30,,62088,4,0,9,0,70,,62087,4,0,9,0,30,,62086,4,0,9,0,70,,62085,4,0,9,0,30,,62084,4,0,9,0,70,,62068,4,0,9,0,30,,62069,4,0,9,0,70,,62070,4,0,9,0,30,,62071,4,0,9,0,70,,62072,4,0,9,0,30,,62073,4,0,9,0,70,,62074,4,0,9,0,30,,62075,4,0,9,0,70,,62076,4,0,9,0,30,,62077,4,0,9,0,70,,62078,4,0,9,0,30,,62079,4,0,9,0,70,,62080,4,0,9,0,30,,62081,4,0,9,0,70,,62082,4,0,9,0,30,,62083,4,0,9,0
552201,'1389',650,,62113,4,0,9,0,70,,62112,4,0,9,0,30,,62111,4,0,9,0,70,,62110,4,0,9,0,30,,62109,4,0,9,0,70,,62108,4,0,9,0,30,,62107,4,0,9,0,70,,62091,4,0,9,0,30,,62092,4,0,9,0,70,,62093,4,0,9,0,30,,62094,4,0,9,0,70,,62095,4,0,9,0,30,,62096,4,0,9,0,70,,62097,4,0,9,0,30,,62098,4,0,9,0,70,,62099,4,0,9,0,30,,62100,4,0,9,0,70,,62101,4,0,9,0,30,,62102,4,0,9,0,70,,62103,4,0,9,0,30,,62104,4,0,9,0,70,,62105,4,0,9,0,30,,62106,4,0,9,0
