2801,'1384',805,,61205,1,,,0,110,,61206,1,,,0,110,,61207,1,,,0,110,,61208,1,,,0,110,,61209,1,,,0,110,,61210,1,,,0,150,,61211,1,,,0,110,,61212,1,,,0,110,,61213,1,,,0,110,,61214,1,,,0
2801,'1385',630,,61215,1,,,0,75,,61216,1,,,0,35,,61217,1,,,0,75,,61218,1,,,0,35,,61219,1,,,0,75,,61220,1,,,0,75,,61221,1,,,0,35,,61222,1,,,0,75,,61223,1,,,0,35,,61224,1,,,0,75,,61225,1,,,0,35,,61226,1,,,0,75,,61227,1,,,0,75,,61228,1,,,0,35,,61229,1,,,0,75,,61230,1,,,0,35,,61231,1,,,0,75,,61232,1,,,0,75,,61233,1,,,0,35,,61234,1,,,0,75,,61235,1,,,0,35,,61236,1,,,0,75,,61237,1,,,0
2801,'1386',630,,61238,1,,,0,75,,61239,1,,,0,35,,61240,1,,,0,75,,61241,1,,,0,35,,61242,1,,,0,75,,61243,1,,,0,75,,61244,1,,,0,35,,61245,1,,,0,75,,61246,1,,,0,35,,61247,1,,,0,75,,61248,1,,,0,35,,61249,1,,,0,75,,61250,1,,,0,75,,61251,1,,,0,35,,61252,1,,,0,75,,61253,1,,,0,35,,61254,1,,,0,75,,61255,1,,,0,75,,61256,1,,,0,35,,61257,1,,,0,75,,61258,1,,,0,35,,61259,1,,,0,75,,61260,1,,,0
2801,'1387',630,,61261,1,,,0,75,,61262,1,,,0,35,,61263,1,,,0,75,,61264,1,,,0,35,,61265,1,,,0,75,,61266,1,,,0,75,,61267,1,,,0,35,,61268,1,,,0,75,,61269,1,,,0,35,,61270,1,,,0,75,,61271,1,,,0,35,,61272,1,,,0,75,,61273,1,,,0,75,,61274,1,,,0,35,,61275,1,,,0,75,,61276,1,,,0,35,,61277,1,,,0,75,,61278,1,,,0,75,,61279,1,,,0,35,,61280,1,,,0,75,,61281,1,,,0,35,,61282,1,,,0,75,,61283,1,,,0
2801,'1388',630,,61284,1,,,0,75,,61285,1,,,0,35,,61286,1,,,0,75,,61287,1,,,0,35,,61288,1,,,0,75,,61289,1,,,0,75,,61290,1,,,0,35,,61291,1,,,0,75,,61292,1,,,0,35,,61293,1,,,0,75,,61294,1,,,0,35,,61295,1,,,0,75,,61296,1,,,0,75,,61297,1,,,0,35,,61298,1,,,0,75,,61299,1,,,0,35,,61300,1,,,0,75,,61301,1,,,0,75,,61302,1,,,0,35,,61303,1,,,0,75,,61304,1,,,0,35,,61305,1,,,0,75,,61306,1,,,0
2801,'1389',630,,61307,1,,,0,75,,61308,1,,,0,35,,61309,1,,,0,75,,61310,1,,,0,35,,61311,1,,,0,75,,61312,1,,,0,75,,61313,1,,,0,35,,61314,1,,,0,75,,61315,1,,,0,35,,61316,1,,,0,75,,61317,1,,,0,35,,61318,1,,,0,75,,61319,1,,,0,75,,61320,1,,,0,35,,61321,1,,,0,75,,61322,1,,,0,35,,61323,1,,,0,75,,61324,1,,,0,75,,61325,1,,,0,35,,61326,1,,,0,75,,61327,1,,,0,35,,61328,1,,,0,75,,61329,1,,,0
722501,'1385',606,,64687,55,4,,0,120,,64688,55,4,,0,100,,64689,55,4,,0,100,,64690,55,4,,0,100,,64691,55,4,,0,100,,64692,55,4,,0,100,,64693,55,4,,0,100,,64694,55,4,,0,100,,64695,55,4,,0,100,,64696,55,4,,0,100,,64697,55,4,,0,100,,64698,55,4,,0,100,,64699,55,4,,0,100,,64700,55,4,,0,100,,64701,55,4,,0,100,,64702,55,4,,0,100,,64703,55,4,,0,100,,64704,55,4,,0
722501,'1386',606,,64705,55,4,,0,120,,64706,55,4,,0,100,,64707,55,4,,0,100,,64708,55,4,,0,100,,64709,55,4,,0,100,,64710,55,4,,0,100,,64711,55,4,,0,100,,64712,55,4,,0,100,,64713,55,4,,0,100,,64714,55,4,,0,100,,64715,55,4,,0,100,,64716,55,4,,0,100,,64717,55,4,,0,100,,64718,55,4,,0,100,,64719,55,4,,0,100,,64720,55,4,,0,100,,64721,55,4,,0,100,,64722,55,4,,0
722501,'1387',606,,64723,55,4,,0,120,,64724,55,4,,0,100,,64725,55,4,,0,100,,64726,55,4,,0,100,,64727,55,4,,0,100,,64728,55,4,,0,100,,64729,55,4,,0,100,,64730,55,4,,0,100,,64731,55,4,,0,100,,64732,55,4,,0,100,,64733,55,4,,0,100,,64734,55,4,,0,100,,64735,55,4,,0,100,,64736,55,4,,0,100,,64737,55,4,,0,100,,64738,55,4,,0,100,,64739,55,4,,0,100,,64740,55,4,,0
722501,'1388',606,,64741,55,4,,0,120,,64742,55,4,,0,100,,64743,55,4,,0,100,,64744,55,4,,0,100,,64745,55,4,,0,100,,64746,55,4,,0,100,,64747,55,4,,0,100,,64748,55,4,,0,100,,64749,55,4,,0,100,,64750,55,4,,0,100,,64751,55,4,,0,100,,64752,55,4,,0,100,,64753,55,4,,0,100,,64754,55,4,,0,100,,64755,55,4,,0,100,,64756,55,4,,0,100,,64757,55,4,,0,100,,64758,55,4,,0
722501,'1389',606,,64759,55,4,,0,120,,64760,55,4,,0,100,,64761,55,4,,0,100,,64762,55,4,,0,100,,64763,55,4,,0,100,,64764,55,4,,0,100,,64765,55,4,,0,100,,64766,55,4,,0,100,,64767,55,4,,0,100,,64768,55,4,,0,100,,64769,55,4,,0,100,,64770,55,4,,0,100,,64771,55,4,,0,100,,64772,55,4,,0,100,,64773,55,4,,0,100,,64774,55,4,,0,100,,64775,55,4,,0,100,,64776,55,4,,0
722502,'1385',530,,64777,1,0,16,0,100,,64778,1,0,16,0,100,,64779,1,0,16,0,100,,64780,1,0,16,0,100,,64781,1,0,16,0,100,,64782,1,0,16,0,100,,64783,1,0,16,0,100,,64784,1,0,16,0,100,,64785,1,0,16,0,100,,64786,1,0,16,0,100,,64787,1,0,16,0,100,,64788,1,0,16,0,100,,64789,1,0,16,0,100,,64790,1,0,16,0,100,,64791,1,0,16,0,100,,64792,1,0,16,0,100,,64793,1,0,16,0,100,,64794,1,0,16,0
722502,'1386',530,,64795,1,0,16,0,100,,64796,1,0,16,0,100,,64797,1,0,16,0,100,,64798,1,0,16,0,100,,64799,1,0,16,0,100,,64800,1,0,16,0,100,,64801,1,0,16,0,100,,64802,1,0,16,0,100,,64803,1,0,16,0,100,,64804,1,0,16,0,100,,64805,1,0,16,0,100,,64806,1,0,16,0,100,,64807,1,0,16,0,100,,64808,1,0,16,0,100,,64809,1,0,16,0,100,,64810,1,0,16,0,100,,64811,1,0,16,0,100,,64812,1,0,16,0
722502,'1387',530,,64813,1,0,16,0,100,,64814,1,0,16,0,100,,64815,1,0,16,0,100,,64816,1,0,16,0,100,,64817,1,0,16,0,100,,64818,1,0,16,0,100,,64819,1,0,16,0,100,,64820,1,0,16,0,100,,64821,1,0,16,0,100,,64822,1,0,16,0,100,,64823,1,0,16,0,100,,64824,1,0,16,0,100,,64825,1,0,16,0,100,,64826,1,0,16,0,100,,64827,1,0,16,0,100,,64828,1,0,16,0,100,,64829,1,0,16,0,100,,64830,1,0,16,0
722502,'1388',530,,64831,1,0,16,0,100,,64832,1,0,16,0,100,,64833,1,0,16,0,100,,64834,1,0,16,0,100,,64835,1,0,16,0,100,,64836,1,0,16,0,100,,64837,1,0,16,0,100,,64838,1,0,16,0,100,,64839,1,0,16,0,100,,64840,1,0,16,0,100,,64841,1,0,16,0,100,,64842,1,0,16,0,100,,64843,1,0,16,0,100,,64844,1,0,16,0,100,,64845,1,0,16,0,100,,64846,1,0,16,0,100,,64847,1,0,16,0,100,,64848,1,0,16,0
722502,'1389',530,,64849,1,0,16,0,100,,64850,1,0,16,0,100,,64851,1,0,16,0,100,,64852,1,0,16,0,100,,64853,1,0,16,0,100,,64854,1,0,16,0,100,,64855,1,0,16,0,100,,64856,1,0,16,0,100,,64857,1,0,16,0,100,,64858,1,0,16,0,100,,64859,1,0,16,0,100,,64860,1,0,16,0,100,,64861,1,0,16,0,100,,64862,1,0,16,0,100,,64863,1,0,16,0,100,,64864,1,0,16,0,100,,64865,1,0,16,0,100,,64866,1,0,16,0
