1600,'1383',1046,,57705,18,,,0,70,,57704,18,,,0,85,,57703,18,,,0,30,,57702,18,,,0,70,,57701,18,,,0,30,,57700,18,,,0,70,,57699,18,,,0,30,,57698,18,,,0,70,,57697,18,,,0,30,,57696,18,,,0,70,,57695,18,,,0,30,,57694,18,,,0,70,,57693,18,,,0,20,,57692,18,,,0,10,,57691,18,,,0,70,,57690,18,,,0,20,,57689,18,,,0,10,,57688,18,,,0,70,,57687,18,,,0,30,,57686,18,,,0,70,,57685,18,,,0
1600,'1384',734,,57706,18,,,0,70,,57707,18,,,0,30,,57708,18,,,0,70,,57709,18,,,0,30,,57710,18,,,0,70,,57711,18,,,0,30,,57712,18,,,0,70,,57713,18,,,0,20,,57714,18,,,0,20,,57715,18,,,0,60,,57716,18,,,0,20,,57717,18,,,0,20,,57718,18,,,0,60,,57719,18,,,0,20,,57720,18,,,0,20,,57721,18,,,0,60,,57722,18,,,0,20,,57723,18,,,0,20,,57724,18,,,0,60,,57725,18,,,0,20,,57726,18,,,0,20,,57727,18,,,0,60,,57728,18,,,0,20,,57729,18,,,0,20,,57730,18,,,0,60,,57731,18,,,0,20,,57732,18,,,0,20,,57733,18,,,0,60,,57734,18,,,0,20,,57735,18,,,0,5,,57736,18,,,0,15,,57737,18,,,0,60,,57738,18,,,0,30,,57739,18,,,0,70,,57740,18,,,0,30,,57741,18,,,0,70,,57742,18,,,0,30,,57743,18,,,0,70,,57744,18,,,0,100,,57745,18,,,0
1600,'1385',643,,57759,18,,,0,74,,57746,18,,,0,31,,57760,18,,,0,60,,57761,18,,,0,20,,57762,18,,,0,20,,57763,18,,,0,60,,57764,18,,,0,20,,57765,18,,,0,20,,57766,18,,,0,60,,57747,18,,,0,20,,57748,18,,,0,20,,57749,18,,,0,60,,57750,18,,,0,20,,57751,18,,,0,20,,57752,18,,,0,60,,57753,18,,,0,20,,57754,18,,,0,20,,57755,18,,,0,60,,57756,18,,,0,20,,57757,18,,,0,20,,57758,18,,,0,60,,57779,18,,,0,20,,57780,18,,,0,20,,57781,18,,,0,60,,57782,18,,,0,20,,57783,18,,,0,20,,57767,18,,,0,60,,57768,18,,,0,20,,57769,18,,,0,20,,57770,18,,,0,60,,57771,18,,,0,20,,57772,18,,,0,20,,57773,18,,,0,60,,57774,18,,,0,20,,57775,18,,,0,20,,57776,18,,,0,55,,57777,18,,,0,30,,57778,18,,,0,70,,57784,18,,,0,30,,57785,18,,,0,70,,57786,18,,,0,30,,57787,18,,,0,70,,57788,18,,,0,100,,57789,18,,,0
1600,'1386',643,,57803,18,,,0,74,,57790,18,,,0,31,,57804,18,,,0,60,,57805,18,,,0,20,,57806,18,,,0,20,,57807,18,,,0,60,,57808,18,,,0,20,,57809,18,,,0,20,,57810,18,,,0,60,,57791,18,,,0,20,,57792,18,,,0,20,,57793,18,,,0,60,,57794,18,,,0,20,,57795,18,,,0,20,,57796,18,,,0,60,,57797,18,,,0,20,,57798,18,,,0,20,,57799,18,,,0,60,,57800,18,,,0,20,,57801,18,,,0,20,,57802,18,,,0,60,,57823,18,,,0,20,,57824,18,,,0,20,,57825,18,,,0,60,,57826,18,,,0,20,,57827,18,,,0,20,,57811,18,,,0,60,,57812,18,,,0,20,,57813,18,,,0,20,,57814,18,,,0,60,,57815,18,,,0,20,,57816,18,,,0,20,,57817,18,,,0,60,,57818,18,,,0,20,,57819,18,,,0,20,,57820,18,,,0,55,,57821,18,,,0,30,,57822,18,,,0,70,,57828,18,,,0,30,,57829,18,,,0,70,,57830,18,,,0,30,,57831,18,,,0,70,,57832,18,,,0,100,,57833,18,,,0
1600,'1387',643,,57847,18,,,0,74,,57834,18,,,0,31,,57848,18,,,0,60,,57849,18,,,0,20,,57850,18,,,0,20,,57851,18,,,0,60,,57852,18,,,0,20,,57853,18,,,0,20,,57854,18,,,0,60,,57835,18,,,0,20,,57836,18,,,0,20,,57837,18,,,0,60,,57838,18,,,0,20,,57839,18,,,0,20,,57840,18,,,0,60,,57841,18,,,0,20,,57842,18,,,0,20,,57843,18,,,0,60,,57844,18,,,0,20,,57845,18,,,0,20,,57846,18,,,0,60,,57867,18,,,0,20,,57868,18,,,0,20,,57869,18,,,0,60,,57870,18,,,0,20,,57871,18,,,0,20,,57855,18,,,0,60,,57856,18,,,0,20,,57857,18,,,0,20,,57858,18,,,0,60,,57859,18,,,0,20,,57860,18,,,0,20,,57861,18,,,0,60,,57862,18,,,0,20,,57863,18,,,0,20,,57864,18,,,0,55,,57865,18,,,0,30,,57866,18,,,0,70,,57872,18,,,0,30,,57873,18,,,0,70,,57874,18,,,0,30,,57875,18,,,0,70,,57876,18,,,0,100,,57877,18,,,0
1600,'1388',643,,57891,18,,,0,74,,57878,18,,,0,31,,57892,18,,,0,60,,57893,18,,,0,20,,57894,18,,,0,20,,57895,18,,,0,60,,57896,18,,,0,20,,57897,18,,,0,20,,57898,18,,,0,60,,57879,18,,,0,20,,57880,18,,,0,20,,57881,18,,,0,60,,57882,18,,,0,20,,57883,18,,,0,20,,57884,18,,,0,60,,57885,18,,,0,20,,57886,18,,,0,20,,57887,18,,,0,60,,57888,18,,,0,20,,57889,18,,,0,20,,57890,18,,,0,60,,57911,18,,,0,20,,57912,18,,,0,20,,57913,18,,,0,60,,57914,18,,,0,20,,57915,18,,,0,20,,57899,18,,,0,60,,57900,18,,,0,20,,57901,18,,,0,20,,57902,18,,,0,60,,57903,18,,,0,20,,57904,18,,,0,20,,57905,18,,,0,60,,57906,18,,,0,20,,57907,18,,,0,20,,57908,18,,,0,55,,57909,18,,,0,30,,57910,18,,,0,70,,57916,18,,,0,30,,57917,18,,,0,70,,57918,18,,,0,30,,57919,18,,,0,70,,57920,18,,,0,100,,57921,18,,,0
1600,'1389',643,,57935,18,,,0,74,,57922,18,,,0,31,,57936,18,,,0,60,,57937,18,,,0,20,,57938,18,,,0,20,,57939,18,,,0,60,,57940,18,,,0,20,,57941,18,,,0,20,,57942,18,,,0,60,,57923,18,,,0,20,,57924,18,,,0,20,,57925,18,,,0,60,,57926,18,,,0,20,,57927,18,,,0,20,,57928,18,,,0,60,,57929,18,,,0,20,,57930,18,,,0,20,,57931,18,,,0,60,,57932,18,,,0,20,,57933,18,,,0,20,,57934,18,,,0,60,,57955,18,,,0,20,,57956,18,,,0,20,,57957,18,,,0,60,,57958,18,,,0,20,,57959,18,,,0,20,,57943,18,,,0,60,,57944,18,,,0,20,,57945,18,,,0,20,,57946,18,,,0,60,,57947,18,,,0,20,,57948,18,,,0,20,,57949,18,,,0,60,,57950,18,,,0,20,,57951,18,,,0,20,,57952,18,,,0,55,,57953,18,,,0,30,,57954,18,,,0,70,,57960,18,,,0,30,,57961,18,,,0,70,,57962,18,,,0,30,,57963,18,,,0,70,,57964,18,,,0,100,,57965,18,,,0
1700,'1383',636,,58253,55,,,0,100,,58252,55,,,0,100,,58251,55,,,0,100,,58250,55,,,0,113,,58254,55,,,0,80,,58255,55,,,0,80,,58256,55,,,0,40,,58257,55,,,0,80,,58258,55,,,0,80,,58259,55,,,0,40,,58260,55,,,0,80,,58261,55,,,0,80,,58262,55,,,0,40,,58263,55,,,0,80,,58264,55,,,0,80,,58265,55,,,0,40,,58266,55,,,0,80,,58267,55,,,0,80,,58268,55,,,0
1700,'1384',557,,58269,55,,,0,74,,58270,55,,,0,70,,58271,55,,,0,30,,58272,55,,,0,70,,58273,55,,,0,30,,58274,55,,,0,70,,58275,55,,,0,30,,58276,55,,,0,70,,58277,55,,,0,30,,58278,55,,,0,78,,58287,55,,,0,20,,58288,55,,,0,20,,58289,55,,,0,60,,58290,55,,,0,20,,58291,55,,,0,20,,58292,55,,,0,60,,58293,55,,,0,20,,58294,55,,,0,20,,58295,55,,,0,60,,58296,55,,,0,20,,58297,55,,,0,20,,58298,55,,,0,60,,58299,55,,,0,20,,58300,55,,,0,20,,58301,55,,,0,60,,58302,55,,,0,20,,58303,55,,,0,20,,58304,55,,,0,60,,58305,55,,,0,20,,58306,55,,,0,20,,58307,55,,,0,60,,58308,55,,,0,20,,58309,55,,,0,20,,58310,55,,,0,55,,58311,55,,,0,30,,58312,55,,,0,70,,58313,55,,,0,30,,58314,55,,,0,70,,58315,55,,,0,27,,58279,55,,,0,70,,58280,55,,,0,30,,58281,55,,,0,70,,58282,55,,,0,30,,58283,55,,,0,70,,58284,55,,,0,30,,58285,55,,,0,70,,58286,55,,,0
1700,'1385',558,,58316,55,,,0,67,,58317,16,,,0,18,,58335,55,,,0,15,,58334,55,,,0,55,,58333,55,,,0,15,,58332,55,,,0,15,,58331,55,,,0,10,,58330,55,,,0,50,,58329,55,,,0,10,,58328,55,,,0,10,,58327,55,,,0,10,,58326,55,,,0,10,,58325,55,,,0,10,,58324,55,,,0,50,,58323,55,,,0,10,,58318,55,,,0,10,,58319,55,,,0,10,,58320,55,,,0,10,,58321,55,,,0,10,,58322,55,,,0,50,,58336,55,,,0,10,,58361,55,,,0,10,,58362,55,,,0,10,,58363,55,,,0,10,,58364,55,,,0,10,,58365,55,,,0,50,,58366,55,,,0,10,,58367,55,,,0,10,,58368,55,,,0,10,,58369,55,,,0,10,,58370,55,,,0,10,,58371,55,,,0,50,,58372,55,,,0,10,,58373,55,,,0,10,,58374,55,,,0,10,,58375,55,,,0,10,,58376,55,,,0,10,,58379,55,,,0,50,,58380,55,,,0,10,,58381,55,,,0,10,,58382,55,,,0,10,,58383,55,,,0,10,,58384,55,,,0,10,,58385,55,,,0,50,,58386,55,,,0,10,,58337,55,,,0,10,,58338,55,,,0,10,,58339,55,,,0,10,,58340,55,,,0,10,,58341,55,,,0,50,,58342,55,,,0,10,,58343,55,,,0,10,,58344,55,,,0,10,,58345,55,,,0,10,,58346,55,,,0,10,,58347,55,,,0,50,,58348,55,,,0,10,,58349,55,,,0,10,,58350,55,,,0,10,,58351,55,,,0,10,,58352,55,,,0,10,,58353,55,,,0,50,,58354,55,,,0,10,,58355,55,,,0,10,,58356,55,,,0,10,,58357,55,,,0,10,,58358,55,,,0,10,,58359,55,,,0,50,,58360,55,,,0,10,,58387,55,,,0,10,,58388,55,,,0,10,,58389,55,,,0,10,,58390,55,,,0,15,,58391,55,,,0,55,,58392,55,,,0,15,,58393,55,,,0,30,,58394,55,,,0,70,,58395,55,,,0,30,,58396,55,,,0,70,,58397,55,,,0,30,,58398,55,,,0,70,,58399,55,,,0,30,,58400,55,,,0,70,,58401,55,,,0,30,,58402,55,,,0,70,,58377,55,,,0,30,,58378,55,,,0
1700,'1386',558,,58403,55,,,0,67,,58404,16,,,0,18,,58422,55,,,0,15,,58421,55,,,0,55,,58420,55,,,0,15,,58419,55,,,0,15,,58418,55,,,0,10,,58417,55,,,0,50,,58416,55,,,0,10,,58415,55,,,0,10,,58414,55,,,0,10,,58413,55,,,0,10,,58412,55,,,0,10,,58411,55,,,0,50,,58410,55,,,0,10,,58405,55,,,0,10,,58406,55,,,0,10,,58407,55,,,0,10,,58408,55,,,0,10,,58409,55,,,0,50,,58423,55,,,0,10,,58448,55,,,0,10,,58449,55,,,0,10,,58450,55,,,0,10,,58451,55,,,0,10,,58452,55,,,0,50,,58453,55,,,0,10,,58454,55,,,0,10,,58455,55,,,0,10,,58456,55,,,0,10,,58457,55,,,0,10,,58458,55,,,0,50,,58459,55,,,0,10,,58460,55,,,0,10,,58461,55,,,0,10,,58462,55,,,0,10,,58463,55,,,0,10,,58466,55,,,0,50,,58467,55,,,0,10,,58468,55,,,0,10,,58469,55,,,0,10,,58470,55,,,0,10,,58471,55,,,0,10,,58472,55,,,0,50,,58473,55,,,0,10,,58424,55,,,0,10,,58425,55,,,0,10,,58426,55,,,0,10,,58427,55,,,0,10,,58428,55,,,0,50,,58429,55,,,0,10,,58430,55,,,0,10,,58431,55,,,0,10,,58432,55,,,0,10,,58433,55,,,0,10,,58434,55,,,0,50,,58435,55,,,0,10,,58436,55,,,0,10,,58437,55,,,0,10,,58438,55,,,0,10,,58439,55,,,0,10,,58440,55,,,0,50,,58441,55,,,0,10,,58442,55,,,0,10,,58443,55,,,0,10,,58444,55,,,0,10,,58445,55,,,0,10,,58446,55,,,0,50,,58447,55,,,0,10,,58474,55,,,0,10,,58475,55,,,0,10,,58476,55,,,0,10,,58477,55,,,0,15,,58478,55,,,0,55,,58479,55,,,0,15,,58480,55,,,0,30,,58481,55,,,0,70,,58482,55,,,0,30,,58483,55,,,0,70,,58484,55,,,0,30,,58485,55,,,0,70,,58486,55,,,0,30,,58487,55,,,0,70,,58488,55,,,0,30,,58489,55,,,0,70,,58464,55,,,0,30,,58465,55,,,0
1700,'1387',558,,58490,55,,,0,67,,58491,16,,,0,18,,58509,55,,,0,15,,58508,55,,,0,55,,58507,55,,,0,15,,58506,55,,,0,15,,58505,55,,,0,10,,58504,55,,,0,50,,58503,55,,,0,10,,58502,55,,,0,10,,58501,55,,,0,10,,58500,55,,,0,10,,58499,55,,,0,10,,58498,55,,,0,50,,58497,55,,,0,10,,58492,55,,,0,10,,58493,55,,,0,10,,58494,55,,,0,10,,58495,55,,,0,10,,58496,55,,,0,50,,58510,55,,,0,10,,58535,55,,,0,10,,58536,55,,,0,10,,58537,55,,,0,10,,58538,55,,,0,10,,58539,55,,,0,50,,58540,55,,,0,10,,58541,55,,,0,10,,58542,55,,,0,10,,58543,55,,,0,10,,58544,55,,,0,10,,58545,55,,,0,50,,58546,55,,,0,10,,58547,55,,,0,10,,58548,55,,,0,10,,58549,55,,,0,10,,58550,55,,,0,10,,58553,55,,,0,50,,58554,55,,,0,10,,58555,55,,,0,10,,58556,55,,,0,10,,58557,55,,,0,10,,58558,55,,,0,10,,58559,55,,,0,50,,58560,55,,,0,10,,58511,55,,,0,10,,58512,55,,,0,10,,58513,55,,,0,10,,58514,55,,,0,10,,58515,55,,,0,50,,58516,55,,,0,10,,58517,55,,,0,10,,58518,55,,,0,10,,58519,55,,,0,10,,58520,55,,,0,10,,58521,55,,,0,50,,58522,55,,,0,10,,58523,55,,,0,10,,58524,55,,,0,10,,58525,55,,,0,10,,58526,55,,,0,10,,58527,55,,,0,50,,58528,55,,,0,10,,58529,55,,,0,10,,58530,55,,,0,10,,58531,55,,,0,10,,58532,55,,,0,10,,58533,55,,,0,50,,58534,55,,,0,10,,58561,55,,,0,10,,58562,55,,,0,10,,58563,55,,,0,10,,58564,55,,,0,15,,58565,55,,,0,55,,58566,55,,,0,15,,58567,55,,,0,30,,58568,55,,,0,70,,58569,55,,,0,30,,58570,55,,,0,70,,58571,55,,,0,30,,58572,55,,,0,70,,58573,55,,,0,30,,58574,55,,,0,70,,58575,55,,,0,30,,58576,55,,,0,70,,58551,55,,,0,30,,58552,55,,,0
1700,'1388',558,,58577,55,,,0,67,,58578,16,,,0,18,,58596,55,,,0,15,,58595,55,,,0,55,,58594,55,,,0,15,,58593,55,,,0,15,,58592,55,,,0,10,,58591,55,,,0,50,,58590,55,,,0,10,,58589,55,,,0,10,,58588,55,,,0,10,,58587,55,,,0,10,,58586,55,,,0,10,,58585,55,,,0,50,,58584,55,,,0,10,,58579,55,,,0,10,,58580,55,,,0,10,,58581,55,,,0,10,,58582,55,,,0,10,,58583,55,,,0,50,,58597,55,,,0,10,,58622,55,,,0,10,,58623,55,,,0,10,,58624,55,,,0,10,,58625,55,,,0,10,,58626,55,,,0,50,,58627,55,,,0,10,,58628,55,,,0,10,,58629,55,,,0,10,,58630,55,,,0,10,,58631,55,,,0,10,,58632,55,,,0,50,,58633,55,,,0,10,,58634,55,,,0,10,,58635,55,,,0,10,,58636,55,,,0,10,,58637,55,,,0,10,,58640,55,,,0,50,,58641,55,,,0,10,,58642,55,,,0,10,,58643,55,,,0,10,,58644,55,,,0,10,,58645,55,,,0,10,,58646,55,,,0,50,,58647,55,,,0,10,,58598,55,,,0,10,,58599,55,,,0,10,,58600,55,,,0,10,,58601,55,,,0,10,,58602,55,,,0,50,,58603,55,,,0,10,,58604,55,,,0,10,,58605,55,,,0,10,,58606,55,,,0,10,,58607,55,,,0,10,,58608,55,,,0,50,,58609,55,,,0,10,,58610,55,,,0,10,,58611,55,,,0,10,,58612,55,,,0,10,,58613,55,,,0,10,,58614,55,,,0,50,,58615,55,,,0,10,,58616,55,,,0,10,,58617,55,,,0,10,,58618,55,,,0,10,,58619,55,,,0,10,,58620,55,,,0,50,,58621,55,,,0,10,,58648,55,,,0,10,,58649,55,,,0,10,,58650,55,,,0,10,,58651,55,,,0,15,,58652,55,,,0,55,,58653,55,,,0,15,,58654,55,,,0,30,,58655,55,,,0,70,,58656,55,,,0,30,,58657,55,,,0,70,,58658,55,,,0,30,,58659,55,,,0,70,,58660,55,,,0,30,,58661,55,,,0,70,,58662,55,,,0,30,,58663,55,,,0,70,,58638,55,,,0,30,,58639,55,,,0
1700,'1389',558,,58664,55,,,0,67,,58665,16,,,0,18,,58683,55,,,0,15,,58682,55,,,0,55,,58681,55,,,0,15,,58680,55,,,0,15,,58679,55,,,0,10,,58678,55,,,0,50,,58677,55,,,0,10,,58676,55,,,0,10,,58675,55,,,0,10,,58674,55,,,0,10,,58673,55,,,0,10,,58672,55,,,0,50,,58671,55,,,0,10,,58666,55,,,0,10,,58667,55,,,0,10,,58668,55,,,0,10,,58669,55,,,0,10,,58670,55,,,0,50,,58684,55,,,0,10,,58709,55,,,0,10,,58710,55,,,0,10,,58711,55,,,0,10,,58712,55,,,0,10,,58713,55,,,0,50,,58714,55,,,0,10,,58715,55,,,0,10,,58716,55,,,0,10,,58717,55,,,0,10,,58718,55,,,0,10,,58719,55,,,0,50,,58720,55,,,0,10,,58721,55,,,0,10,,58722,55,,,0,10,,58723,55,,,0,10,,58724,55,,,0,10,,58727,55,,,0,50,,58728,55,,,0,10,,58729,55,,,0,10,,58730,55,,,0,10,,58731,55,,,0,10,,58732,55,,,0,10,,58733,55,,,0,50,,58734,55,,,0,10,,58685,55,,,0,10,,58686,55,,,0,10,,58687,55,,,0,10,,58688,55,,,0,10,,58689,55,,,0,50,,58690,55,,,0,10,,58691,55,,,0,10,,58692,55,,,0,10,,58693,55,,,0,10,,58694,55,,,0,10,,58695,55,,,0,50,,58696,55,,,0,10,,58697,55,,,0,10,,58698,55,,,0,10,,58699,55,,,0,10,,58700,55,,,0,10,,58701,55,,,0,50,,58702,55,,,0,10,,58703,55,,,0,10,,58704,55,,,0,10,,58705,55,,,0,10,,58706,55,,,0,10,,58707,55,,,0,50,,58708,55,,,0,10,,58735,55,,,0,10,,58736,55,,,0,10,,58737,55,,,0,10,,58738,55,,,0,15,,58739,55,,,0,55,,58740,55,,,0,15,,58741,55,,,0,30,,58742,55,,,0,70,,58743,55,,,0,30,,58744,55,,,0,70,,58745,55,,,0,30,,58746,55,,,0,70,,58747,55,,,0,30,,58748,55,,,0,70,,58749,55,,,0,30,,58750,55,,,0,70,,58725,55,,,0,30,,58726,55,,,0
