722501,'1392',541,,71889,36,0,17,0,160,,71890,36,0,17,0,100,,71891,36,0,17,0,100,,71892,36,0,17,0,100,,71893,36,0,17,0,100,,71894,36,0,17,0,100,,71895,36,0,17,0,100,,71896,36,0,17,0,100,,71897,36,0,17,0,100,,71898,36,0,17,0,100,,71899,36,0,17,0,100,,71900,36,0,17,0,100,,71901,36,0,17,0,100,,71902,36,0,17,0,100,,71903,36,0,17,0,100,,71904,36,0,17,0,100,,71905,36,0,17,0,100,,71906,36,0,17,0
722501,'1393',541,,71907,36,0,17,0,160,,71908,36,0,17,0,100,,71909,36,0,17,0,100,,71910,36,0,17,0,100,,71911,36,0,17,0,100,,71912,36,0,17,0,100,,71913,36,0,17,0,100,,71914,36,0,17,0,100,,71915,36,0,17,0,100,,71916,36,0,17,0,100,,71917,36,0,17,0,100,,71918,36,0,17,0,100,,71919,36,0,17,0,100,,71920,36,0,17,0,100,,71921,36,0,17,0,100,,71922,36,0,17,0,100,,71923,36,0,17,0,100,,71924,36,0,17,0
722501,'1394',541,,71925,36,0,17,0,160,,71926,36,0,17,0,100,,71927,36,0,17,0,100,,71928,36,0,17,0,100,,71929,36,0,17,0,100,,71930,36,0,17,0,100,,71931,36,0,17,0,100,,71932,36,0,17,0,100,,71933,36,0,17,0,100,,71934,36,0,17,0,100,,71935,36,0,17,0,100,,71936,36,0,17,0,100,,71937,36,0,17,0,100,,71938,36,0,17,0,100,,71939,36,0,17,0,100,,71940,36,0,17,0,100,,71941,36,0,17,0,100,,71942,36,0,17,0
722501,'1395',541,,71943,36,0,17,0,160,,71944,36,0,17,0,100,,71945,36,0,17,0,100,,71946,36,0,17,0,100,,71947,36,0,17,0,100,,71948,36,0,17,0,100,,71949,36,0,17,0,100,,71950,36,0,17,0,100,,71951,36,0,17,0,100,,71952,36,0,17,0,100,,71953,36,0,17,0,100,,71954,36,0,17,0,100,,71955,36,0,17,0,100,,71956,36,0,17,0,100,,71957,36,0,17,0,100,,71958,36,0,17,0,100,,71959,36,0,17,0,100,,71960,36,0,17,0
722501,'1396',541,,71961,36,0,17,0,160,,71962,36,0,17,0,100,,71963,36,0,17,0,100,,71964,36,0,17,0,100,,71965,36,0,17,0,100,,71966,36,0,17,0,100,,71967,36,0,17,0,100,,71968,36,0,17,0,100,,71969,36,0,17,0,100,,71970,36,0,17,0,100,,71971,36,0,17,0,100,,71972,36,0,17,0,100,,71973,36,0,17,0,100,,71974,36,0,17,0,100,,71975,36,0,17,0,100,,71976,36,0,17,0,100,,71977,36,0,17,0,100,,71978,36,0,17,0
722502,'1392',552,,71979,18,0,16,0,100,,71980,18,0,16,0,100,,71981,18,0,16,0,100,,71982,18,0,16,0,100,,71983,18,0,16,0,100,,71984,18,0,16,0,100,,71985,18,0,16,0,100,,71986,18,0,16,0,100,,71987,18,0,16,0,100,,71988,18,0,16,0,100,,71989,18,0,16,0,100,,71990,18,0,16,0,100,,71991,18,0,16,0,100,,71992,18,0,16,0,100,,71993,18,0,16,0,100,,71994,18,0,16,0,100,,71995,18,0,16,0,100,,71996,18,0,16,0
722502,'1393',552,,71997,18,0,16,0,100,,71998,18,0,16,0,100,,71999,18,0,16,0,100,,72000,18,0,16,0,100,,72001,18,0,16,0,100,,72002,18,0,16,0,100,,72003,18,0,16,0,100,,72004,18,0,16,0,100,,72005,18,0,16,0,100,,72006,18,0,16,0,100,,72007,18,0,16,0,100,,72008,18,0,16,0,100,,72009,18,0,16,0,100,,72010,18,0,16,0,100,,72011,18,0,16,0,100,,72012,18,0,16,0,100,,72013,18,0,16,0,100,,72014,18,0,16,0
722502,'1394',552,,72015,18,0,16,0,100,,72016,18,0,16,0,100,,72017,18,0,16,0,100,,72018,18,0,16,0,100,,72019,18,0,16,0,100,,72020,18,0,16,0,100,,72021,18,0,16,0,100,,72022,18,0,16,0,100,,72023,18,0,16,0,100,,72024,18,0,16,0,100,,72025,18,0,16,0,100,,72026,18,0,16,0,100,,72027,18,0,16,0,100,,72028,18,0,16,0,100,,72029,18,0,16,0,100,,72030,18,0,16,0,100,,72031,18,0,16,0,100,,72032,18,0,16,0
722502,'1395',552,,72033,18,0,16,0,100,,72034,18,0,16,0,100,,72035,18,0,16,0,100,,72036,18,0,16,0,100,,72037,18,0,16,0,100,,72038,18,0,16,0,100,,72039,18,0,16,0,100,,72040,18,0,16,0,100,,72041,18,0,16,0,100,,72042,18,0,16,0,100,,72043,18,0,16,0,100,,72044,18,0,16,0,100,,72045,18,0,16,0,100,,72046,18,0,16,0,100,,72047,18,0,16,0,100,,72048,18,0,16,0,100,,72049,18,0,16,0,100,,72050,18,0,16,0
722502,'1396',552,,72051,18,0,16,0,100,,72052,18,0,16,0,100,,72053,18,0,16,0,100,,72054,18,0,16,0,100,,72055,18,0,16,0,100,,72056,18,0,16,0,100,,72057,18,0,16,0,100,,72058,18,0,16,0,100,,72059,18,0,16,0,100,,72060,18,0,16,0,100,,72061,18,0,16,0,100,,72062,18,0,16,0,100,,72063,18,0,16,0,100,,72064,18,0,16,0,100,,72065,18,0,16,0,100,,72066,18,0,16,0,100,,72067,18,0,16,0,100,,72068,18,0,16,0
