1801,'1390',704,,66890,9,,,0,100,,66889,9,,,0,100,,66888,9,,,0,105,,66887,9,,,0,40,,66886,9,,,0,80,,66885,9,,,0,80,,66884,9,,,0,40,,66883,9,,,0,80,,66882,9,,,0,80,,66881,9,,,0,40,,66880,9,,,0,80,,66879,9,,,0,80,,66878,9,,,0,40,,66877,9,,,0,80,,66876,9,,,0,80,,66875,9,,,0,40,,66874,9,,,0,80,,66873,9,,,0
1801,'1391',539,,66891,9,,,0,70,,66892,9,,,0,30,,66893,9,,,0,70,,66894,9,,,0,30,,66895,9,,,0,70,,66896,9,,,0,30,,66897,9,,,0,70,,66898,9,,,0,30,,66899,9,,,0,70,,66900,9,,,0,20,,66901,9,,,0,20,,66902,9,,,0,60,,66903,9,,,0,20,,66904,9,,,0,20,,66905,9,,,0,60,,66906,9,,,0,20,,66907,9,,,0,20,,66908,9,,,0,60,,66909,9,,,0,20,,66910,9,,,0,20,,66911,9,,,0,60,,66912,9,,,0,20,,66913,9,,,0,20,,66914,9,,,0,60,,66915,9,,,0,20,,66916,9,,,0,20,,66917,9,,,0,60,,66918,9,,,0,20,,66919,9,,,0,20,,66920,9,,,0,60,,66921,9,,,0,20,,66922,9,,,0,20,,66923,9,,,0,60,,66924,9,,,0,35,,66925,9,,,0,65,,66926,9,,,0,30,,66927,9,,,0,70,,66928,9,,,0,30,,66929,9,,,0,70,,66930,9,,,0,30,,66931,9,,,0,70,,66932,9,,,0,30,,66933,9,,,0,70,,66934,9,,,0,30,,66935,9,,,0,70,,66936,9,,,0,30,,66937,9,,,0
1801,'1392',537,,66976,9,,,0,70,,66977,9,,,0,15,,66942,9,,,0,15,,66941,9,,,0,15,,66940,9,,,0,55,,66939,9,,,0,10,,66938,9,,,0,10,,66943,9,,,0,10,,66944,9,,,0,10,,66945,9,,,0,10,,66946,9,,,0,50,,66947,9,,,0,15,,66948,9,,,0,15,,66949,9,,,0,15,,66950,9,,,0,55,,66978,9,,,0,15,,66979,9,,,0,15,,66980,9,,,0,15,,66981,9,,,0,55,,66982,9,,,0,15,,66983,9,,,0,15,,66984,9,,,0,15,,66985,9,,,0,55,,66986,9,,,0,15,,66987,9,,,0,15,,66988,9,,,0,15,,66989,9,,,0,55,,66990,9,,,0,15,,66991,9,,,0,15,,66992,9,,,0,15,,66993,9,,,0,55,,66994,9,,,0,17,,66951,9,,,0,15,,66952,9,,,0,15,,66953,9,,,0,55,,66954,9,,,0,10,,66955,9,,,0,10,,66956,9,,,0,10,,66957,9,,,0,10,,66958,9,,,0,10,,66959,9,,,0,50,,66960,9,,,0,10,,66961,9,,,0,10,,66962,9,,,0,10,,66963,9,,,0,10,,66964,9,,,0,10,,66965,9,,,0,50,,66966,9,,,0,10,,66967,9,,,0,10,,66968,9,,,0,10,,66969,9,,,0,10,,66970,9,,,0,10,,66971,9,,,0,50,,66972,9,,,0,15,,66973,9,,,0,15,,66974,9,,,0,15,,66975,9,,,0,54,,66995,9,,,0,30,,66996,9,,,0,70,,66997,9,,,0,30,,66998,9,,,0,70,,66999,9,,,0,30,,67000,9,,,0,70,,67001,9,,,0,30,,67002,9,,,0,70,,67003,9,,,0,30,,67004,9,,,0,70,,67005,9,,,0,30,,67006,9,,,0,70,,67007,9,,,0,30,,67008,9,,,0
1801,'1393',537,,67048,9,,,0,70,,67049,9,,,0,15,,67013,9,,,0,15,,67012,9,,,0,15,,67011,9,,,0,55,,67010,9,,,0,10,,67014,9,,,0,10,,67015,9,,,0,10,,67016,9,,,0,10,,67017,9,,,0,10,,67018,9,,,0,50,,67019,9,,,0,15,,67020,9,,,0,15,,67021,9,,,0,15,,67022,9,,,0,55,,67050,9,,,0,15,,67051,9,,,0,15,,67052,9,,,0,15,,67053,9,,,0,55,,67054,9,,,0,15,,67055,9,,,0,15,,67056,9,,,0,15,,67057,9,,,0,55,,67058,9,,,0,15,,67059,9,,,0,15,,67060,9,,,0,15,,67061,9,,,0,55,,67062,9,,,0,15,,67063,9,,,0,15,,67064,9,,,0,15,,67065,9,,,0,55,,67066,9,,,0,17,,67023,9,,,0,15,,67024,9,,,0,15,,67025,9,,,0,55,,67026,9,,,0,10,,67027,9,,,0,10,,67028,9,,,0,10,,67029,9,,,0,10,,67030,9,,,0,10,,67031,9,,,0,50,,67032,9,,,0,10,,67033,9,,,0,10,,67034,9,,,0,10,,67035,9,,,0,10,,67036,9,,,0,10,,67037,9,,,0,50,,67038,9,,,0,10,,67039,9,,,0,10,,67040,9,,,0,10,,67041,9,,,0,10,,67042,9,,,0,10,,67043,9,,,0,50,,67044,9,,,0,15,,67045,9,,,0,15,,67046,9,,,0,15,,67047,9,,,0,54,,67067,9,,,0,30,,67068,9,,,0,70,,67069,9,,,0,30,,67070,9,,,0,70,,67071,9,,,0,30,,67072,9,,,0,70,,67073,9,,,0,30,,67074,9,,,0,70,,67075,9,,,0,30,,67076,9,,,0,70,,67077,9,,,0,30,,67078,9,,,0,70,,67079,9,,,0,30,,67080,9,,,0
1801,'1394',537,,67120,9,,,0,70,,67121,9,,,0,15,,67085,9,,,0,15,,67084,9,,,0,15,,67083,9,,,0,55,,67082,9,,,0,10,,67086,9,,,0,10,,67087,9,,,0,10,,67088,9,,,0,10,,67089,9,,,0,10,,67090,9,,,0,50,,67091,9,,,0,15,,67092,9,,,0,15,,67093,9,,,0,15,,67094,9,,,0,55,,67122,9,,,0,15,,67123,9,,,0,15,,67124,9,,,0,15,,67125,9,,,0,55,,67126,9,,,0,15,,67127,9,,,0,15,,67128,9,,,0,15,,67129,9,,,0,55,,67130,9,,,0,15,,67131,9,,,0,15,,67132,9,,,0,15,,67133,9,,,0,55,,67134,9,,,0,15,,67135,9,,,0,15,,67136,9,,,0,15,,67137,9,,,0,55,,67138,9,,,0,17,,67095,9,,,0,15,,67096,9,,,0,15,,67097,9,,,0,55,,67098,9,,,0,10,,67099,9,,,0,10,,67100,9,,,0,10,,67101,9,,,0,10,,67102,9,,,0,10,,67103,9,,,0,50,,67104,9,,,0,10,,67105,9,,,0,10,,67106,9,,,0,10,,67107,9,,,0,10,,67108,9,,,0,10,,67109,9,,,0,50,,67110,9,,,0,10,,67111,9,,,0,10,,67112,9,,,0,10,,67113,9,,,0,10,,67114,9,,,0,10,,67115,9,,,0,50,,67116,9,,,0,15,,67117,9,,,0,15,,67118,9,,,0,15,,67119,9,,,0,54,,67139,9,,,0,30,,67140,9,,,0,70,,67141,9,,,0,30,,67142,9,,,0,70,,67143,9,,,0,30,,67144,9,,,0,70,,67145,9,,,0,30,,67146,9,,,0,70,,67147,9,,,0,30,,67148,9,,,0,70,,67149,9,,,0,30,,67150,9,,,0,70,,67151,9,,,0,30,,67152,9,,,0
1801,'1395',537,,67192,9,,,0,70,,67193,9,,,0,15,,67157,9,,,0,15,,67156,9,,,0,15,,67155,9,,,0,55,,67154,9,,,0,10,,67158,9,,,0,10,,67159,9,,,0,10,,67160,9,,,0,10,,67161,9,,,0,10,,67162,9,,,0,50,,67163,9,,,0,15,,67164,9,,,0,15,,67165,9,,,0,15,,67166,9,,,0,55,,67194,9,,,0,15,,67195,9,,,0,15,,67196,9,,,0,15,,67197,9,,,0,55,,67198,9,,,0,15,,67199,9,,,0,15,,67200,9,,,0,15,,67201,9,,,0,55,,67202,9,,,0,15,,67203,9,,,0,15,,67204,9,,,0,15,,67205,9,,,0,55,,67206,9,,,0,15,,67207,9,,,0,15,,67208,9,,,0,15,,67209,9,,,0,55,,67210,9,,,0,17,,67167,9,,,0,15,,67168,9,,,0,15,,67169,9,,,0,55,,67170,9,,,0,10,,67171,9,,,0,10,,67172,9,,,0,10,,67173,9,,,0,10,,67174,9,,,0,10,,67175,9,,,0,50,,67176,9,,,0,10,,67177,9,,,0,10,,67178,9,,,0,10,,67179,9,,,0,10,,67180,9,,,0,10,,67181,9,,,0,50,,67182,9,,,0,10,,67183,9,,,0,10,,67184,9,,,0,10,,67185,9,,,0,10,,67186,9,,,0,10,,67187,9,,,0,50,,67188,9,,,0,15,,67189,9,,,0,15,,67190,9,,,0,15,,67191,9,,,0,54,,67211,9,,,0,30,,67212,9,,,0,70,,67213,9,,,0,30,,67214,9,,,0,70,,67215,9,,,0,30,,67216,9,,,0,70,,67217,9,,,0,30,,67218,9,,,0,70,,67219,9,,,0,30,,67220,9,,,0,70,,67221,9,,,0,30,,67222,9,,,0,70,,67223,9,,,0,30,,67224,9,,,0
1801,'1396',537,,67264,9,,,0,70,,67265,9,,,0,15,,67229,9,,,0,15,,67228,9,,,0,15,,67227,9,,,0,55,,67226,9,,,0,10,,67230,9,,,0,10,,67231,9,,,0,10,,67232,9,,,0,10,,67233,9,,,0,10,,67234,9,,,0,50,,67235,9,,,0,15,,67236,9,,,0,15,,67237,9,,,0,15,,67238,9,,,0,55,,67266,9,,,0,15,,67267,9,,,0,15,,67268,9,,,0,15,,67269,9,,,0,55,,67270,9,,,0,15,,67271,9,,,0,15,,67272,9,,,0,15,,67273,9,,,0,55,,67274,9,,,0,15,,67275,9,,,0,15,,67276,9,,,0,15,,67277,9,,,0,55,,67278,9,,,0,15,,67279,9,,,0,15,,67280,9,,,0,15,,67281,9,,,0,55,,67282,9,,,0,17,,67239,9,,,0,15,,67240,9,,,0,15,,67241,9,,,0,55,,67242,9,,,0,10,,67243,9,,,0,10,,67244,9,,,0,10,,67245,9,,,0,10,,67246,9,,,0,10,,67247,9,,,0,50,,67248,9,,,0,10,,67249,9,,,0,10,,67250,9,,,0,10,,67251,9,,,0,10,,67252,9,,,0,10,,67253,9,,,0,50,,67254,9,,,0,10,,67255,9,,,0,10,,67256,9,,,0,10,,67257,9,,,0,10,,67258,9,,,0,10,,67259,9,,,0,50,,67260,9,,,0,15,,67261,9,,,0,15,,67262,9,,,0,15,,67263,9,,,0,54,,67283,9,,,0,30,,67284,9,,,0,70,,67285,9,,,0,30,,67286,9,,,0,70,,67287,9,,,0,30,,67288,9,,,0,70,,67289,9,,,0,30,,67290,9,,,0,70,,67291,9,,,0,30,,67292,9,,,0,70,,67293,9,,,0,30,,67294,9,,,0,70,,67295,9,,,0,30,,67296,9,,,0
552201,'1392',649,,69201,3,0,9,0,70,,69202,3,0,9,0,30,,69203,3,0,9,0,70,,69204,3,0,9,0,30,,69205,3,0,9,0,70,,69206,3,0,9,0,30,,69207,3,0,9,0,70,,69208,3,0,9,0,30,,69209,3,0,9,0,70,,69210,3,0,9,0,30,,69211,3,0,9,0,70,,69212,3,0,9,0,30,,69213,3,0,9,0,70,,69214,3,0,9,0,30,,69215,3,0,9,0,70,,69216,3,0,9,0,30,,69217,3,0,9,0,70,,69218,3,0,9,0,30,,69219,3,0,9,0,70,,69220,3,0,9,0,30,,69221,3,0,9,0,70,,69222,3,0,9,0,30,,69223,3,0,9,0
552201,'1393',649,,69224,3,0,9,0,70,,69225,3,0,9,0,30,,69226,3,0,9,0,70,,69227,3,0,9,0,30,,69228,3,0,9,0,70,,69229,3,0,9,0,30,,69230,3,0,9,0,70,,69231,3,0,9,0,30,,69232,3,0,9,0,70,,69233,3,0,9,0,30,,69234,3,0,9,0,70,,69235,3,0,9,0,30,,69236,3,0,9,0,70,,69237,3,0,9,0,30,,69238,3,0,9,0,70,,69239,3,0,9,0,30,,69240,3,0,9,0,70,,69241,3,0,9,0,30,,69242,3,0,9,0,70,,69243,3,0,9,0,30,,69244,3,0,9,0,70,,69245,3,0,9,0,30,,69246,3,0,9,0
552201,'1394',649,,69247,3,0,9,0,70,,69248,3,0,9,0,30,,69249,3,0,9,0,70,,69250,3,0,9,0,30,,69251,3,0,9,0,70,,69252,3,0,9,0,30,,69253,3,0,9,0,70,,69254,3,0,9,0,30,,69255,3,0,9,0,70,,69256,3,0,9,0,30,,69257,3,0,9,0,70,,69258,3,0,9,0,30,,69259,3,0,9,0,70,,69260,3,0,9,0,30,,69261,3,0,9,0,70,,69262,3,0,9,0,30,,69263,3,0,9,0,70,,69264,3,0,9,0,30,,69265,3,0,9,0,70,,69266,3,0,9,0,30,,69267,3,0,9,0,70,,69268,3,0,9,0,30,,69269,3,0,9,0
552201,'1395',649,,69270,3,0,9,0,70,,69271,3,0,9,0,30,,69272,3,0,9,0,70,,69273,3,0,9,0,30,,69274,3,0,9,0,70,,69275,3,0,9,0,30,,69276,3,0,9,0,70,,69277,3,0,9,0,30,,69278,3,0,9,0,70,,69279,3,0,9,0,30,,69280,3,0,9,0,70,,69281,3,0,9,0,30,,69282,3,0,9,0,70,,69283,3,0,9,0,30,,69284,3,0,9,0,70,,69285,3,0,9,0,30,,69286,3,0,9,0,70,,69287,3,0,9,0,30,,69288,3,0,9,0,70,,69289,3,0,9,0,30,,69290,3,0,9,0,70,,69291,3,0,9,0,30,,69292,3,0,9,0
552201,'1396',649,,69293,3,0,9,0,70,,69294,3,0,9,0,30,,69295,3,0,9,0,70,,69296,3,0,9,0,30,,69297,3,0,9,0,70,,69298,3,0,9,0,30,,69299,3,0,9,0,70,,69300,3,0,9,0,30,,69301,3,0,9,0,70,,69302,3,0,9,0,30,,69303,3,0,9,0,70,,69304,3,0,9,0,30,,69305,3,0,9,0,70,,69306,3,0,9,0,30,,69307,3,0,9,0,70,,69308,3,0,9,0,30,,69309,3,0,9,0,70,,69310,3,0,9,0,30,,69311,3,0,9,0,70,,69312,3,0,9,0,30,,69313,3,0,9,0,70,,69314,3,0,9,0,30,,69315,3,0,9,0
