1701,'1383',729,,58766,41,,,0,100,,58768,41,,,0,100,,58767,41,,,0,107,,58765,41,,,0,80,,58764,41,,,0,40,,58763,41,,,0,80,,58762,41,,,0,80,,58761,41,,,0,40,,58760,41,,,0,80,,58759,41,,,0,80,,58758,41,,,0,40,,58757,41,,,0,80,,58756,41,,,0,80,,58755,41,,,0,40,,58754,41,,,0,80,,58753,41,,,0,80,,58752,41,,,0,40,,58751,41,,,0
1701,'1384',606,,58794,41,,,0,30,,58795,41,,,0,70,,58796,41,,,0,30,,58797,41,,,0,70,,58798,41,,,0,30,,58799,41,,,0,70,,58800,41,,,0,30,,58769,41,,,0,70,,58770,41,,,0,30,,58771,41,,,0,20,,58772,41,,,0,60,,58773,41,,,0,20,,58774,41,,,0,20,,58775,41,,,0,60,,58776,41,,,0,20,,58777,41,,,0,20,,58778,41,,,0,60,,58779,41,,,0,20,,58780,41,,,0,20,,58781,41,,,0,60,,58782,41,,,0,20,,58783,41,,,0,20,,58784,41,,,0,60,,58785,41,,,0,20,,58786,41,,,0,20,,58787,41,,,0,60,,58788,41,,,0,20,,58789,41,,,0,20,,58790,41,,,0,60,,58791,41,,,0,20,,58801,41,,,0,20,,58792,41,,,0,60,,58793,41,,,0,20,,58802,41,,,0,70,,58803,41,,,0,30,,58804,41,,,0,70,,58805,41,,,0,30,,58806,41,,,0,70,,58807,41,,,0,30,,58808,41,,,0,70,,58809,41,,,0,30,,58810,41,,,0,70,,58811,41,,,0,30,,58812,41,,,0,70,,58813,41,,,0,30,,58814,41,,,0,70,,58815,41,,,0
1701,'1385',603,,58816,41,,,0,30,,58817,41,,,0,15,,58818,41,,,0,55,,58819,41,,,0,15,,58820,41,,,0,15,,58821,41,,,0,10,,58822,41,,,0,10,,58823,41,,,0,50,,58824,41,,,0,10,,58825,41,,,0,10,,58826,41,,,0,10,,58827,41,,,0,10,,58828,41,,,0,10,,58829,41,,,0,50,,58830,41,,,0,10,,58831,41,,,0,10,,58832,41,,,0,10,,58833,41,,,0,10,,58834,41,,,0,10,,58835,41,,,0,50,,58875,41,,,0,10,,58836,41,,,0,10,,58861,41,,,0,10,,58862,41,,,0,10,,58863,41,,,0,10,,58864,41,,,0,50,,58865,41,,,0,10,,58866,41,,,0,10,,58867,41,,,0,10,,58868,41,,,0,10,,58869,41,,,0,10,,58870,41,,,0,50,,58871,41,,,0,10,,58872,41,,,0,10,,58873,41,,,0,10,,58874,41,,,0,10,,58876,41,,,0,10,,58877,41,,,0,50,,58879,41,,,0,10,,58880,41,,,0,10,,58881,41,,,0,10,,58882,41,,,0,10,,58883,41,,,0,10,,58884,41,,,0,50,,58885,41,,,0,10,,58837,41,,,0,10,,58838,41,,,0,10,,58839,41,,,0,10,,58840,41,,,0,10,,58841,41,,,0,50,,58842,41,,,0,10,,58843,41,,,0,10,,58844,41,,,0,10,,58845,41,,,0,10,,58846,41,,,0,10,,58847,41,,,0,50,,58848,41,,,0,10,,58849,41,,,0,10,,58850,41,,,0,10,,58851,41,,,0,10,,58852,41,,,0,10,,58853,41,,,0,50,,58854,41,,,0,10,,58855,41,,,0,10,,58856,41,,,0,10,,58857,41,,,0,10,,58858,41,,,0,10,,58859,41,,,0,50,,58860,41,,,0,10,,58886,41,,,0,10,,58887,41,,,0,10,,58888,41,,,0,15,,58889,41,,,0,55,,58890,41,,,0,15,,58891,41,,,0,15,,58892,41,,,0,70,,58893,41,,,0,30,,58894,41,,,0,70,,58895,41,,,0,30,,58896,41,,,0,70,,58897,41,,,0,30,,58898,41,,,0,70,,58899,41,,,0,30,,58900,41,,,0,70,,58901,41,,,0,30,,58902,41,,,0,70,,58878,41,,,0
1701,'1386',603,,58903,41,,,0,30,,58904,41,,,0,15,,58905,41,,,0,55,,58906,41,,,0,15,,58907,41,,,0,15,,58908,41,,,0,10,,58909,41,,,0,10,,58910,41,,,0,50,,58911,41,,,0,10,,58912,41,,,0,10,,58913,41,,,0,10,,58914,41,,,0,10,,58915,41,,,0,10,,58916,41,,,0,50,,58917,41,,,0,10,,58918,41,,,0,10,,58919,41,,,0,10,,58920,41,,,0,10,,58921,41,,,0,10,,58922,41,,,0,50,,58962,41,,,0,10,,58923,41,,,0,10,,58948,41,,,0,10,,58949,41,,,0,10,,58950,41,,,0,10,,58951,41,,,0,50,,58952,41,,,0,10,,58953,41,,,0,10,,58954,41,,,0,10,,58955,41,,,0,10,,58956,41,,,0,10,,58957,41,,,0,50,,58958,41,,,0,10,,58959,41,,,0,10,,58960,41,,,0,10,,58961,41,,,0,10,,58963,41,,,0,10,,58964,41,,,0,50,,58966,41,,,0,10,,58967,41,,,0,10,,58968,41,,,0,10,,58969,41,,,0,10,,58970,41,,,0,10,,58971,41,,,0,50,,58972,41,,,0,10,,58924,41,,,0,10,,58925,41,,,0,10,,58926,41,,,0,10,,58927,41,,,0,10,,58928,41,,,0,50,,58929,41,,,0,10,,58930,41,,,0,10,,58931,41,,,0,10,,58932,41,,,0,10,,58933,41,,,0,10,,58934,41,,,0,50,,58935,41,,,0,10,,58936,41,,,0,10,,58937,41,,,0,10,,58938,41,,,0,10,,58939,41,,,0,10,,58940,41,,,0,50,,58941,41,,,0,10,,58942,41,,,0,10,,58943,41,,,0,10,,58944,41,,,0,10,,58945,41,,,0,10,,58946,41,,,0,50,,58947,41,,,0,10,,58973,41,,,0,10,,58974,41,,,0,10,,58975,41,,,0,15,,58976,41,,,0,55,,58977,41,,,0,15,,58978,41,,,0,15,,58979,41,,,0,70,,58980,41,,,0,30,,58981,41,,,0,70,,58982,41,,,0,30,,58983,41,,,0,70,,58984,41,,,0,30,,58985,41,,,0,70,,58986,41,,,0,30,,58987,41,,,0,70,,58988,41,,,0,30,,58989,41,,,0,70,,58965,41,,,0
1701,'1387',603,,58990,41,,,0,30,,58991,41,,,0,15,,58992,41,,,0,55,,58993,41,,,0,15,,58994,41,,,0,15,,58995,41,,,0,10,,58996,41,,,0,10,,58997,41,,,0,50,,58998,41,,,0,10,,58999,41,,,0,10,,59000,41,,,0,10,,59001,41,,,0,10,,59002,41,,,0,10,,59003,41,,,0,50,,59004,41,,,0,10,,59005,41,,,0,10,,59006,41,,,0,10,,59007,41,,,0,10,,59008,41,,,0,10,,59009,41,,,0,50,,59049,41,,,0,10,,59010,41,,,0,10,,59035,41,,,0,10,,59036,41,,,0,10,,59037,41,,,0,10,,59038,41,,,0,50,,59039,41,,,0,10,,59040,41,,,0,10,,59041,41,,,0,10,,59042,41,,,0,10,,59043,41,,,0,10,,59044,41,,,0,50,,59045,41,,,0,10,,59046,41,,,0,10,,59047,41,,,0,10,,59048,41,,,0,10,,59050,41,,,0,10,,59051,41,,,0,50,,59053,41,,,0,10,,59054,41,,,0,10,,59055,41,,,0,10,,59056,41,,,0,10,,59057,41,,,0,10,,59058,41,,,0,50,,59059,41,,,0,10,,59011,41,,,0,10,,59012,41,,,0,10,,59013,41,,,0,10,,59014,41,,,0,10,,59015,41,,,0,50,,59016,41,,,0,10,,59017,41,,,0,10,,59018,41,,,0,10,,59019,41,,,0,10,,59020,41,,,0,10,,59021,41,,,0,50,,59022,41,,,0,10,,59023,41,,,0,10,,59024,41,,,0,10,,59025,41,,,0,10,,59026,41,,,0,10,,59027,41,,,0,50,,59028,41,,,0,10,,59029,41,,,0,10,,59030,41,,,0,10,,59031,41,,,0,10,,59032,41,,,0,10,,59033,41,,,0,50,,59034,41,,,0,10,,59060,41,,,0,10,,59061,41,,,0,10,,59062,41,,,0,15,,59063,41,,,0,55,,59064,41,,,0,15,,59065,41,,,0,15,,59066,41,,,0,70,,59067,41,,,0,30,,59068,41,,,0,70,,59069,41,,,0,30,,59070,41,,,0,70,,59071,41,,,0,30,,59072,41,,,0,70,,59073,41,,,0,30,,59074,41,,,0,70,,59075,41,,,0,30,,59076,41,,,0,70,,59052,41,,,0
1701,'1388',603,,59077,41,,,0,30,,59078,41,,,0,15,,59079,41,,,0,55,,59080,41,,,0,15,,59081,41,,,0,15,,59082,41,,,0,10,,59083,41,,,0,10,,59084,41,,,0,50,,59085,41,,,0,10,,59086,41,,,0,10,,59087,41,,,0,10,,59088,41,,,0,10,,59089,41,,,0,10,,59090,41,,,0,50,,59091,41,,,0,10,,59092,41,,,0,10,,59093,41,,,0,10,,59094,41,,,0,10,,59095,41,,,0,10,,59096,41,,,0,50,,59136,41,,,0,10,,59097,41,,,0,10,,59122,41,,,0,10,,59123,41,,,0,10,,59124,41,,,0,10,,59125,41,,,0,50,,59126,41,,,0,10,,59127,41,,,0,10,,59128,41,,,0,10,,59129,41,,,0,10,,59130,41,,,0,10,,59131,41,,,0,50,,59132,41,,,0,10,,59133,41,,,0,10,,59134,41,,,0,10,,59135,41,,,0,10,,59137,41,,,0,10,,59138,41,,,0,50,,59140,41,,,0,10,,59141,41,,,0,10,,59142,41,,,0,10,,59143,41,,,0,10,,59144,41,,,0,10,,59145,41,,,0,50,,59146,41,,,0,10,,59098,41,,,0,10,,59099,41,,,0,10,,59100,41,,,0,10,,59101,41,,,0,10,,59102,41,,,0,50,,59103,41,,,0,10,,59104,41,,,0,10,,59105,41,,,0,10,,59106,41,,,0,10,,59107,41,,,0,10,,59108,41,,,0,50,,59109,41,,,0,10,,59110,41,,,0,10,,59111,41,,,0,10,,59112,41,,,0,10,,59113,41,,,0,10,,59114,41,,,0,50,,59115,41,,,0,10,,59116,41,,,0,10,,59117,41,,,0,10,,59118,41,,,0,10,,59119,41,,,0,10,,59120,41,,,0,50,,59121,41,,,0,10,,59147,41,,,0,10,,59148,41,,,0,10,,59149,41,,,0,15,,59150,41,,,0,55,,59151,41,,,0,15,,59152,41,,,0,15,,59153,41,,,0,70,,59154,41,,,0,30,,59155,41,,,0,70,,59156,41,,,0,30,,59157,41,,,0,70,,59158,41,,,0,30,,59159,41,,,0,70,,59160,41,,,0,30,,59161,41,,,0,70,,59162,41,,,0,30,,59163,41,,,0,70,,59139,41,,,0
1701,'1389',603,,59164,41,,,0,30,,59165,41,,,0,15,,59166,41,,,0,55,,59167,41,,,0,15,,59168,41,,,0,15,,59169,41,,,0,10,,59170,41,,,0,10,,59171,41,,,0,50,,59172,41,,,0,10,,59173,41,,,0,10,,59174,41,,,0,10,,59175,41,,,0,10,,59176,41,,,0,10,,59177,41,,,0,50,,59178,41,,,0,10,,59179,41,,,0,10,,59180,41,,,0,10,,59181,41,,,0,10,,59182,41,,,0,10,,59183,41,,,0,50,,59223,41,,,0,10,,59184,41,,,0,10,,59209,41,,,0,10,,59210,41,,,0,10,,59211,41,,,0,10,,59212,41,,,0,50,,59213,41,,,0,10,,59214,41,,,0,10,,59215,41,,,0,10,,59216,41,,,0,10,,59217,41,,,0,10,,59218,41,,,0,50,,59219,41,,,0,10,,59220,41,,,0,10,,59221,41,,,0,10,,59222,41,,,0,10,,59224,41,,,0,10,,59225,41,,,0,50,,59227,41,,,0,10,,59228,41,,,0,10,,59229,41,,,0,10,,59230,41,,,0,10,,59231,41,,,0,10,,59232,41,,,0,50,,59233,41,,,0,10,,59185,41,,,0,10,,59186,41,,,0,10,,59187,41,,,0,10,,59188,41,,,0,10,,59189,41,,,0,50,,59190,41,,,0,10,,59191,41,,,0,10,,59192,41,,,0,10,,59193,41,,,0,10,,59194,41,,,0,10,,59195,41,,,0,50,,59196,41,,,0,10,,59197,41,,,0,10,,59198,41,,,0,10,,59199,41,,,0,10,,59200,41,,,0,10,,59201,41,,,0,50,,59202,41,,,0,10,,59203,41,,,0,10,,59204,41,,,0,10,,59205,41,,,0,10,,59206,41,,,0,10,,59207,41,,,0,50,,59208,41,,,0,10,,59234,41,,,0,10,,59235,41,,,0,10,,59236,41,,,0,15,,59237,41,,,0,55,,59238,41,,,0,15,,59239,41,,,0,15,,59240,41,,,0,70,,59241,41,,,0,30,,59242,41,,,0,70,,59243,41,,,0,30,,59244,41,,,0,70,,59245,41,,,0,30,,59246,41,,,0,70,,59247,41,,,0,30,,59248,41,,,0,70,,59249,41,,,0,30,,59250,41,,,0,70,,59226,41,,,0
552201,'1385',707,,62021,15,0,9,0,30,,62020,15,0,9,0,70,,62019,15,0,9,0,30,,62018,15,0,9,0,70,,62017,15,0,9,0,30,,62016,15,0,9,0,70,,62015,15,0,9,0,30,,61999,15,0,9,0,70,,62000,15,0,9,0,30,,62001,15,0,9,0,70,,62002,15,0,9,0,30,,62003,15,0,9,0,70,,62004,15,0,9,0,30,,62005,15,0,9,0,70,,62006,15,0,9,0,30,,62007,15,0,9,0,70,,62008,15,0,9,0,30,,62009,15,0,9,0,70,,62010,15,0,9,0,30,,62011,15,0,9,0,70,,62012,15,0,9,0,30,,62013,15,0,9,0,70,,62014,15,0,9,0
552201,'1386',707,,62044,15,0,9,0,30,,62043,15,0,9,0,70,,62042,15,0,9,0,30,,62041,15,0,9,0,70,,62040,15,0,9,0,30,,62039,15,0,9,0,70,,62038,15,0,9,0,30,,62022,15,0,9,0,70,,62023,15,0,9,0,30,,62024,15,0,9,0,70,,62025,15,0,9,0,30,,62026,15,0,9,0,70,,62027,15,0,9,0,30,,62028,15,0,9,0,70,,62029,15,0,9,0,30,,62030,15,0,9,0,70,,62031,15,0,9,0,30,,62032,15,0,9,0,70,,62033,15,0,9,0,30,,62034,15,0,9,0,70,,62035,15,0,9,0,30,,62036,15,0,9,0,70,,62037,15,0,9,0
552201,'1387',707,,62067,15,0,9,0,30,,62066,15,0,9,0,70,,62065,15,0,9,0,30,,62064,15,0,9,0,70,,62063,15,0,9,0,30,,62062,15,0,9,0,70,,62061,15,0,9,0,30,,62045,15,0,9,0,70,,62046,15,0,9,0,30,,62047,15,0,9,0,70,,62048,15,0,9,0,30,,62049,15,0,9,0,70,,62050,15,0,9,0,30,,62051,15,0,9,0,70,,62052,15,0,9,0,30,,62053,15,0,9,0,70,,62054,15,0,9,0,30,,62055,15,0,9,0,70,,62056,15,0,9,0,30,,62057,15,0,9,0,70,,62058,15,0,9,0,30,,62059,15,0,9,0,70,,62060,15,0,9,0
552201,'1388',707,,62090,15,0,9,0,30,,62089,15,0,9,0,70,,62088,15,0,9,0,30,,62087,15,0,9,0,70,,62086,15,0,9,0,30,,62085,15,0,9,0,70,,62084,15,0,9,0,30,,62068,15,0,9,0,70,,62069,15,0,9,0,30,,62070,15,0,9,0,70,,62071,15,0,9,0,30,,62072,15,0,9,0,70,,62073,15,0,9,0,30,,62074,15,0,9,0,70,,62075,15,0,9,0,30,,62076,15,0,9,0,70,,62077,15,0,9,0,30,,62078,15,0,9,0,70,,62079,15,0,9,0,30,,62080,15,0,9,0,70,,62081,15,0,9,0,30,,62082,15,0,9,0,70,,62083,15,0,9,0
552201,'1389',707,,62113,15,0,9,0,30,,62112,15,0,9,0,70,,62111,15,0,9,0,30,,62110,15,0,9,0,70,,62109,15,0,9,0,30,,62108,15,0,9,0,70,,62107,15,0,9,0,30,,62091,15,0,9,0,70,,62092,15,0,9,0,30,,62093,15,0,9,0,70,,62094,15,0,9,0,30,,62095,15,0,9,0,70,,62096,15,0,9,0,30,,62097,15,0,9,0,70,,62098,15,0,9,0,30,,62099,15,0,9,0,70,,62100,15,0,9,0,30,,62101,15,0,9,0,70,,62102,15,0,9,0,30,,62103,15,0,9,0,70,,62104,15,0,9,0,30,,62105,15,0,9,0,70,,62106,15,0,9,0
