2000,'1390',924,,67728,3,,,0,85,,67727,3,,,0,45,,67726,3,,,0,85,,67725,3,,,0,85,,67724,3,,,0,85,,67723,3,,,0,45,,67722,3,,,0,85,,67721,3,,,0,85,,67720,3,,,0,85,,67719,3,,,0,44,,67718,3,,,0,86,,67717,3,,,0,85,,67716,3,,,0,85,,67715,3,,,0,45,,67714,3,,,0
2000,'1391',624,,67731,3,,,0,85,,67732,3,,,0,45,,67733,3,,,0,85,,67734,3,,,0,15,,67735,3,,,0,70,,67736,3,,,0,80,,67737,3,,,0,30,,67738,3,,,0,70,,67739,3,,,0,30,,67740,3,,,0,80,,67741,3,,,0,30,,67742,3,,,0,70,,67743,3,,,0,30,,67744,3,,,0,80,,67745,3,,,0,30,,67746,3,,,0,70,,67747,3,,,0,30,,67748,3,,,0,80,,67749,3,,,0,70,,67750,3,,,0,30,,67751,3,,,0,70,,67752,3,,,0,40,,67753,3,,,0,75,,67754,3,,,0,85,,67755,3,,,0,45,,67756,3,,,0,85,,67757,3,,,0,85,,67758,3,,,0,85,,67759,3,,,0,45,,67760,3,,,0
2000,'1392',552,,67771,5,,,0,60,,67772,5,,,0,20,,67773,5,,,0,20,,67774,5,,,0,60,,67775,5,,,0,20,,67776,5,,,0,20,,67777,5,,,0,60,,67778,5,,,0,20,,67779,5,,,0,20,,67780,5,,,0,60,,67781,5,,,0,20,,67782,5,,,0,20,,67783,5,,,0,60,,67784,5,,,0,20,,67785,5,,,0,20,,67786,5,,,0,60,,67787,5,,,0,20,,67788,5,,,0,20,,67789,5,,,0,60,,67790,5,,,0,20,,67791,5,,,0,20,,67792,5,,,0,60,,67793,5,,,0,20,,67794,5,,,0,20,,67795,5,,,0,60,,67796,5,,,0,20,,67797,5,,,0,20,,67798,5,,,0,60,,67799,5,,,0,20,,67800,5,,,0,20,,67801,5,,,0,60,,67802,5,,,0,20,,67803,5,,,0,20,,67804,5,,,0,60,,67805,5,,,0,20,,67806,5,,,0,20,,67807,5,,,0,60,,67808,5,,,0,17,,67762,3,,,0,80,,67763,3,,,0,45,,67764,3,,,0,85,,67765,3,,,0,85,,67766,3,,,0,85,,67767,3,,,0,45,,67768,3,,,0,85,,67769,3,,,0,85,,67770,3,,,0
2000,'1393',552,,67819,5,,,0,60,,67820,5,,,0,20,,67821,5,,,0,20,,67822,5,,,0,60,,67823,5,,,0,20,,67824,5,,,0,20,,67825,5,,,0,60,,67826,5,,,0,20,,67827,5,,,0,20,,67828,5,,,0,60,,67829,5,,,0,20,,67830,5,,,0,20,,67831,5,,,0,60,,67832,5,,,0,20,,67833,5,,,0,20,,67834,5,,,0,60,,67835,5,,,0,20,,67836,5,,,0,20,,67837,5,,,0,60,,67838,5,,,0,20,,67839,5,,,0,20,,67840,5,,,0,60,,67841,5,,,0,20,,67842,5,,,0,20,,67843,5,,,0,60,,67844,5,,,0,20,,67845,5,,,0,20,,67846,5,,,0,60,,67847,5,,,0,20,,67848,5,,,0,20,,67849,5,,,0,60,,67850,5,,,0,20,,67851,5,,,0,20,,67852,5,,,0,60,,67853,5,,,0,20,,67854,5,,,0,20,,67855,5,,,0,60,,67856,5,,,0,17,,67810,3,,,0,80,,67811,3,,,0,45,,67812,3,,,0,85,,67813,3,,,0,85,,67814,3,,,0,85,,67815,3,,,0,45,,67816,3,,,0,85,,67817,3,,,0,85,,67818,3,,,0
2000,'1394',552,,67867,5,,,0,60,,67868,5,,,0,20,,67869,5,,,0,20,,67870,5,,,0,60,,67871,5,,,0,20,,67872,5,,,0,20,,67873,5,,,0,60,,67874,5,,,0,20,,67875,5,,,0,20,,67876,5,,,0,60,,67877,5,,,0,20,,67878,5,,,0,20,,67879,5,,,0,60,,67880,5,,,0,20,,67881,5,,,0,20,,67882,5,,,0,60,,67883,5,,,0,20,,67884,5,,,0,20,,67885,5,,,0,60,,67886,5,,,0,20,,67887,5,,,0,20,,67888,5,,,0,60,,67889,5,,,0,20,,67890,5,,,0,20,,67891,5,,,0,60,,67892,5,,,0,20,,67893,5,,,0,20,,67894,5,,,0,60,,67895,5,,,0,20,,67896,5,,,0,20,,67897,5,,,0,60,,67898,5,,,0,20,,67899,5,,,0,20,,67900,5,,,0,60,,67901,5,,,0,20,,67902,5,,,0,20,,67903,5,,,0,60,,67904,5,,,0,17,,67858,3,,,0,80,,67859,3,,,0,45,,67860,3,,,0,85,,67861,3,,,0,85,,67862,3,,,0,85,,67863,3,,,0,45,,67864,3,,,0,85,,67865,3,,,0,85,,67866,3,,,0
2000,'1395',552,,67915,5,,,0,60,,67916,5,,,0,20,,67917,5,,,0,20,,67918,5,,,0,60,,67919,5,,,0,20,,67920,5,,,0,20,,67921,5,,,0,60,,67922,5,,,0,20,,67923,5,,,0,20,,67924,5,,,0,60,,67925,5,,,0,20,,67926,5,,,0,20,,67927,5,,,0,60,,67928,5,,,0,20,,67929,5,,,0,20,,67930,5,,,0,60,,67931,5,,,0,20,,67932,5,,,0,20,,67933,5,,,0,60,,67934,5,,,0,20,,67935,5,,,0,20,,67936,5,,,0,60,,67937,5,,,0,20,,67938,5,,,0,20,,67939,5,,,0,60,,67940,5,,,0,20,,67941,5,,,0,20,,67942,5,,,0,60,,67943,5,,,0,20,,67944,5,,,0,20,,67945,5,,,0,60,,67946,5,,,0,20,,67947,5,,,0,20,,67948,5,,,0,60,,67949,5,,,0,20,,67950,5,,,0,20,,67951,5,,,0,60,,67952,5,,,0,17,,67906,3,,,0,80,,67907,3,,,0,45,,67908,3,,,0,85,,67909,3,,,0,85,,67910,3,,,0,85,,67911,3,,,0,45,,67912,3,,,0,85,,67913,3,,,0,85,,67914,3,,,0
2000,'1396',552,,67963,5,,,0,60,,67964,5,,,0,20,,67965,5,,,0,20,,67966,5,,,0,60,,67967,5,,,0,20,,67968,5,,,0,20,,67969,5,,,0,60,,67970,5,,,0,20,,67971,5,,,0,20,,67972,5,,,0,60,,67973,5,,,0,20,,67974,5,,,0,20,,67975,5,,,0,60,,67976,5,,,0,20,,67977,5,,,0,20,,67978,5,,,0,60,,67979,5,,,0,20,,67980,5,,,0,20,,67981,5,,,0,60,,67982,5,,,0,20,,67983,5,,,0,20,,67984,5,,,0,60,,67985,5,,,0,20,,67986,5,,,0,20,,67987,5,,,0,60,,67988,5,,,0,20,,67989,5,,,0,20,,67990,5,,,0,60,,67991,5,,,0,20,,67992,5,,,0,20,,67993,5,,,0,60,,67994,5,,,0,20,,67995,5,,,0,20,,67996,5,,,0,60,,67997,5,,,0,20,,67998,5,,,0,20,,67999,5,,,0,60,,68000,5,,,0,17,,67954,3,,,0,80,,67955,3,,,0,45,,67956,3,,,0,85,,67957,3,,,0,85,,67958,3,,,0,85,,67959,3,,,0,45,,67960,3,,,0,85,,67961,3,,,0,85,,67962,3,,,0
2801,'1391',812,,68407,7,,,0,110,,68408,7,,,0,110,,68409,7,,,0,110,,68410,7,,,0,110,,68411,7,,,0,150,,68412,7,,,0,110,,68413,7,,,0,110,,68414,7,,,0,110,,68415,7,,,0,110,,68416,7,,,0
2801,'1392',637,,68417,7,,,0,75,,68418,7,,,0,35,,68419,7,,,0,75,,68420,7,,,0,35,,68421,7,,,0,75,,68422,7,,,0,75,,68423,7,,,0,35,,68424,7,,,0,75,,68425,7,,,0,35,,68426,7,,,0,75,,68427,7,,,0,75,,68428,7,,,0,35,,68429,7,,,0,75,,68430,7,,,0,35,,68431,7,,,0,75,,68432,7,,,0,35,,68433,7,,,0,75,,68434,7,,,0,75,,68435,7,,,0,35,,68436,7,,,0,75,,68437,7,,,0,35,,68438,7,,,0,75,,68439,7,,,0
2801,'1393',637,,68440,7,,,0,75,,68441,7,,,0,35,,68442,7,,,0,75,,68443,7,,,0,35,,68444,7,,,0,75,,68445,7,,,0,75,,68446,7,,,0,35,,68447,7,,,0,75,,68448,7,,,0,35,,68449,7,,,0,75,,68450,7,,,0,75,,68451,7,,,0,35,,68452,7,,,0,75,,68453,7,,,0,35,,68454,7,,,0,75,,68455,7,,,0,35,,68456,7,,,0,75,,68457,7,,,0,75,,68458,7,,,0,35,,68459,7,,,0,75,,68460,7,,,0,35,,68461,7,,,0,75,,68462,7,,,0
2801,'1394',637,,68463,7,,,0,75,,68464,7,,,0,35,,68465,7,,,0,75,,68466,7,,,0,35,,68467,7,,,0,75,,68468,7,,,0,75,,68469,7,,,0,35,,68470,7,,,0,75,,68471,7,,,0,35,,68472,7,,,0,75,,68473,7,,,0,75,,68474,7,,,0,35,,68475,7,,,0,75,,68476,7,,,0,35,,68477,7,,,0,75,,68478,7,,,0,35,,68479,7,,,0,75,,68480,7,,,0,75,,68481,7,,,0,35,,68482,7,,,0,75,,68483,7,,,0,35,,68484,7,,,0,75,,68485,7,,,0
2801,'1395',637,,68486,7,,,0,75,,68487,7,,,0,35,,68488,7,,,0,75,,68489,7,,,0,35,,68490,7,,,0,75,,68491,7,,,0,75,,68492,7,,,0,35,,68493,7,,,0,75,,68494,7,,,0,35,,68495,7,,,0,75,,68496,7,,,0,75,,68497,7,,,0,35,,68498,7,,,0,75,,68499,7,,,0,35,,68500,7,,,0,75,,68501,7,,,0,35,,68502,7,,,0,75,,68503,7,,,0,75,,68504,7,,,0,35,,68505,7,,,0,75,,68506,7,,,0,35,,68507,7,,,0,75,,68508,7,,,0
2801,'1396',637,,68509,7,,,0,75,,68510,7,,,0,35,,68511,7,,,0,75,,68512,7,,,0,35,,68513,7,,,0,75,,68514,7,,,0,75,,68515,7,,,0,35,,68516,7,,,0,75,,68517,7,,,0,35,,68518,7,,,0,75,,68519,7,,,0,75,,68520,7,,,0,35,,68521,7,,,0,75,,68522,7,,,0,35,,68523,7,,,0,75,,68524,7,,,0,35,,68525,7,,,0,75,,68526,7,,,0,75,,68527,7,,,0,35,,68528,7,,,0,75,,68529,7,,,0,35,,68530,7,,,0,75,,68531,7,,,0
