1800,'1390',754,,66470,80,,,0,100,,66469,80,,,0,100,,66468,80,,,0,80,,66467,80,,,0,80,,66466,80,,,0,44,,66465,80,,,0,81,,66464,80,,,0,80,,66463,80,,,0,40,,66462,80,,,0,80,,66461,80,,,0,80,,66460,80,,,0,40,,66459,80,,,0,80,,66458,80,,,0,80,,66457,80,,,0,40,,66456,80,,,0,80,,66455,80,,,0,80,,66454,80,,,0,40,,66453,80,,,0
1800,'1391',613,,66471,80,,,0,45,,66472,80,,,0,70,,66473,80,,,0,30,,66474,80,,,0,70,,66475,80,,,0,30,,66476,80,,,0,70,,66477,80,,,0,30,,66478,80,,,0,70,,66479,80,,,0,30,,66480,80,,,0,60,,66481,80,,,0,20,,66482,80,,,0,20,,66483,80,,,0,60,,66484,80,,,0,20,,66485,80,,,0,20,,66486,80,,,0,60,,66487,80,,,0,20,,66488,80,,,0,20,,66489,80,,,0,60,,66490,80,,,0,20,,66491,80,,,0,20,,66492,80,,,0,60,,66493,80,,,0,20,,66494,80,,,0,20,,66495,80,,,0,60,,66496,80,,,0,20,,66497,80,,,0,20,,66498,80,,,0,60,,66499,80,,,0,20,,66500,80,,,0,20,,66501,80,,,0,60,,66502,80,,,0,20,,66503,80,,,0,20,,66504,80,,,0,70,,66505,80,,,0,30,,66506,80,,,0,70,,66507,80,,,0,30,,66508,80,,,0,70,,66509,80,,,0,30,,66510,80,,,0,70,,66511,80,,,0,30,,66512,80,,,0,70,,66513,80,,,0,30,,66514,80,,,0,70,,66515,80,,,0,30,,66516,80,,,0,70,,66517,80,,,0
1800,'1392',616,,66554,80,,,0,35,,66555,80,,,0,59,,66518,80,,,0,15,,66519,80,,,0,15,,66520,80,,,0,15,,66521,80,,,0,55,,66522,80,,,0,10,,66523,80,,,0,10,,66524,80,,,0,10,,66525,80,,,0,10,,66526,80,,,0,50,,66527,80,,,0,10,,66528,80,,,0,5,,66556,80,,,0,15,,66557,80,,,0,15,,66558,80,,,0,55,,66559,80,,,0,15,,66560,80,,,0,15,,66561,80,,,0,15,,66562,80,,,0,13,,66563,80,,,0,55,,66564,80,,,0,15,,66565,80,,,0,15,,66566,80,,,0,15,,66567,80,,,0,55,,66568,80,,,0,15,,66569,80,,,0,15,,66570,80,,,0,15,,66571,80,,,0,55,,66572,80,,,0,15,,66573,80,,,0,15,,66574,80,,,0,64,,66529,80,,,0,20,,66530,80,,,0,15,,66531,80,,,0,15,,66532,80,,,0,55,,66533,80,,,0,10,,66534,80,,,0,10,,66535,80,,,0,10,,66536,80,,,0,10,,66537,80,,,0,50,,66538,80,,,0,10,,66539,80,,,0,10,,66540,80,,,0,10,,66541,80,,,0,10,,66542,80,,,0,10,,66543,80,,,0,50,,66544,80,,,0,10,,66545,80,,,0,10,,66546,80,,,0,10,,66547,80,,,0,10,,66548,80,,,0,10,,66549,80,,,0,50,,66550,80,,,0,10,,66551,80,,,0,15,,66552,80,,,0,15,,66553,80,,,0,17,,66575,80,,,0,70,,66576,80,,,0,30,,66577,80,,,0,70,,66578,80,,,0,30,,66579,80,,,0,70,,66580,80,,,0,30,,66581,80,,,0,70,,66582,80,,,0,30,,66583,80,,,0,70,,66584,80,,,0,30,,66585,80,,,0,70,,66586,80,,,0,30,,66587,80,,,0,70,,66588,80,,,0
1800,'1393',616,,66625,80,,,0,35,,66626,80,,,0,59,,66589,80,,,0,15,,66590,80,,,0,15,,66591,80,,,0,15,,66592,80,,,0,55,,66593,80,,,0,10,,66594,80,,,0,10,,66595,80,,,0,10,,66596,80,,,0,10,,66597,80,,,0,50,,66598,80,,,0,10,,66599,80,,,0,5,,66627,80,,,0,15,,66628,80,,,0,15,,66629,80,,,0,55,,66630,80,,,0,15,,66631,80,,,0,15,,66632,80,,,0,15,,66633,80,,,0,13,,66634,80,,,0,55,,66635,80,,,0,15,,66636,80,,,0,15,,66637,80,,,0,15,,66638,80,,,0,55,,66639,80,,,0,15,,66640,80,,,0,15,,66641,80,,,0,15,,66642,80,,,0,55,,66643,80,,,0,15,,66644,80,,,0,15,,66645,80,,,0,64,,66600,80,,,0,20,,66601,80,,,0,15,,66602,80,,,0,15,,66603,80,,,0,55,,66604,80,,,0,10,,66605,80,,,0,10,,66606,80,,,0,10,,66607,80,,,0,10,,66608,80,,,0,50,,66609,80,,,0,10,,66610,80,,,0,10,,66611,80,,,0,10,,66612,80,,,0,10,,66613,80,,,0,10,,66614,80,,,0,50,,66615,80,,,0,10,,66616,80,,,0,10,,66617,80,,,0,10,,66618,80,,,0,10,,66619,80,,,0,10,,66620,80,,,0,50,,66621,80,,,0,10,,66622,80,,,0,15,,66623,80,,,0,15,,66624,80,,,0,17,,66646,80,,,0,70,,66647,80,,,0,30,,66648,80,,,0,70,,66649,80,,,0,30,,66650,80,,,0,70,,66651,80,,,0,30,,66652,80,,,0,70,,66653,80,,,0,30,,66654,80,,,0,70,,66655,80,,,0,30,,66656,80,,,0,70,,66657,80,,,0,30,,66658,80,,,0,70,,66659,80,,,0
1800,'1394',616,,66696,80,,,0,35,,66697,80,,,0,59,,66660,80,,,0,15,,66661,80,,,0,15,,66662,80,,,0,15,,66663,80,,,0,55,,66664,80,,,0,10,,66665,80,,,0,10,,66666,80,,,0,10,,66667,80,,,0,10,,66668,80,,,0,50,,66669,80,,,0,10,,66670,80,,,0,5,,66698,80,,,0,15,,66699,80,,,0,15,,66700,80,,,0,55,,66701,80,,,0,15,,66702,80,,,0,15,,66703,80,,,0,15,,66704,80,,,0,13,,66705,80,,,0,55,,66706,80,,,0,15,,66707,80,,,0,15,,66708,80,,,0,15,,66709,80,,,0,55,,66710,80,,,0,15,,66711,80,,,0,15,,66712,80,,,0,15,,66713,80,,,0,55,,66714,80,,,0,15,,66715,80,,,0,15,,66716,80,,,0,64,,66671,80,,,0,20,,66672,80,,,0,15,,66673,80,,,0,15,,66674,80,,,0,55,,66675,80,,,0,10,,66676,80,,,0,10,,66677,80,,,0,10,,66678,80,,,0,10,,66679,80,,,0,50,,66680,80,,,0,10,,66681,80,,,0,10,,66682,80,,,0,10,,66683,80,,,0,10,,66684,80,,,0,10,,66685,80,,,0,50,,66686,80,,,0,10,,66687,80,,,0,10,,66688,80,,,0,10,,66689,80,,,0,10,,66690,80,,,0,10,,66691,80,,,0,50,,66692,80,,,0,10,,66693,80,,,0,15,,66694,80,,,0,15,,66695,80,,,0,17,,66717,80,,,0,70,,66718,80,,,0,30,,66719,80,,,0,70,,66720,80,,,0,30,,66721,80,,,0,70,,66722,80,,,0,30,,66723,80,,,0,70,,66724,80,,,0,30,,66725,80,,,0,70,,66726,80,,,0,30,,66727,80,,,0,70,,66728,80,,,0,30,,66729,80,,,0,70,,66730,80,,,0
1800,'1395',616,,66767,80,,,0,35,,66768,80,,,0,59,,66731,80,,,0,15,,66732,80,,,0,15,,66733,80,,,0,15,,66734,80,,,0,55,,66735,80,,,0,10,,66736,80,,,0,10,,66737,80,,,0,10,,66738,80,,,0,10,,66739,80,,,0,50,,66740,80,,,0,10,,66741,80,,,0,5,,66769,80,,,0,15,,66770,80,,,0,15,,66771,80,,,0,55,,66772,80,,,0,15,,66773,80,,,0,15,,66774,80,,,0,15,,66775,80,,,0,13,,66776,80,,,0,55,,66777,80,,,0,15,,66778,80,,,0,15,,66779,80,,,0,15,,66780,80,,,0,55,,66781,80,,,0,15,,66782,80,,,0,15,,66783,80,,,0,15,,66784,80,,,0,55,,66785,80,,,0,15,,66786,80,,,0,15,,66787,80,,,0,64,,66742,80,,,0,20,,66743,80,,,0,15,,66744,80,,,0,15,,66745,80,,,0,55,,66746,80,,,0,10,,66747,80,,,0,10,,66748,80,,,0,10,,66749,80,,,0,10,,66750,80,,,0,50,,66751,80,,,0,10,,66752,80,,,0,10,,66753,80,,,0,10,,66754,80,,,0,10,,66755,80,,,0,10,,66756,80,,,0,50,,66757,80,,,0,10,,66758,80,,,0,10,,66759,80,,,0,10,,66760,80,,,0,10,,66761,80,,,0,10,,66762,80,,,0,50,,66763,80,,,0,10,,66764,80,,,0,15,,66765,80,,,0,15,,66766,80,,,0,17,,66788,80,,,0,70,,66789,80,,,0,30,,66790,80,,,0,70,,66791,80,,,0,30,,66792,80,,,0,70,,66793,80,,,0,30,,66794,80,,,0,70,,66795,80,,,0,30,,66796,80,,,0,70,,66797,80,,,0,30,,66798,80,,,0,70,,66799,80,,,0,30,,66800,80,,,0,70,,66801,80,,,0
1800,'1396',616,,66838,80,,,0,35,,66839,80,,,0,59,,66802,80,,,0,15,,66803,80,,,0,15,,66804,80,,,0,15,,66805,80,,,0,55,,66806,80,,,0,10,,66807,80,,,0,10,,66808,80,,,0,10,,66809,80,,,0,10,,66810,80,,,0,50,,66811,80,,,0,10,,66812,80,,,0,5,,66840,80,,,0,15,,66841,80,,,0,15,,66842,80,,,0,55,,66843,80,,,0,15,,66844,80,,,0,15,,66845,80,,,0,15,,66846,80,,,0,13,,66847,80,,,0,55,,66848,80,,,0,15,,66849,80,,,0,15,,66850,80,,,0,15,,66851,80,,,0,55,,66852,80,,,0,15,,66853,80,,,0,15,,66854,80,,,0,15,,66855,80,,,0,55,,66856,80,,,0,15,,66857,80,,,0,15,,66858,80,,,0,64,,66813,80,,,0,20,,66814,80,,,0,15,,66815,80,,,0,15,,66816,80,,,0,55,,66817,80,,,0,10,,66818,80,,,0,10,,66819,80,,,0,10,,66820,80,,,0,10,,66821,80,,,0,50,,66822,80,,,0,10,,66823,80,,,0,10,,66824,80,,,0,10,,66825,80,,,0,10,,66826,80,,,0,10,,66827,80,,,0,50,,66828,80,,,0,10,,66829,80,,,0,10,,66830,80,,,0,10,,66831,80,,,0,10,,66832,80,,,0,10,,66833,80,,,0,50,,66834,80,,,0,10,,66835,80,,,0,15,,66836,80,,,0,15,,66837,80,,,0,17,,66859,80,,,0,70,,66860,80,,,0,30,,66861,80,,,0,70,,66862,80,,,0,30,,66863,80,,,0,70,,66864,80,,,0,30,,66865,80,,,0,70,,66866,80,,,0,30,,66867,80,,,0,70,,66868,80,,,0,30,,66869,80,,,0,70,,66870,80,,,0,30,,66871,80,,,0,70,,66872,80,,,0
552200,'1392',710,,69086,22,0,9,0,30,,69087,22,0,9,0,70,,69088,22,0,9,0,30,,69089,22,0,9,0,70,,69090,22,0,9,0,30,,69091,22,0,9,0,70,,69092,22,0,9,0,30,,69093,22,0,9,0,70,,69094,22,0,9,0,30,,69095,22,0,9,0,70,,69096,22,0,9,0,30,,69097,22,0,9,0,70,,69098,22,0,9,0,30,,69099,22,0,9,0,70,,69100,22,0,9,0,30,,69101,22,0,9,0,70,,69102,22,0,9,0,30,,69103,22,0,9,0,70,,69104,22,0,9,0,30,,69105,22,0,9,0,70,,69106,22,0,9,0,30,,69107,22,0,9,0,70,,69108,22,0,9,0
552200,'1393',710,,69109,22,0,9,0,30,,69110,22,0,9,0,70,,69111,22,0,9,0,30,,69112,22,0,9,0,70,,69113,22,0,9,0,30,,69114,22,0,9,0,70,,69115,22,0,9,0,30,,69116,22,0,9,0,70,,69117,22,0,9,0,30,,69118,22,0,9,0,70,,69119,22,0,9,0,30,,69120,22,0,9,0,70,,69121,22,0,9,0,30,,69122,22,0,9,0,70,,69123,22,0,9,0,30,,69124,22,0,9,0,70,,69125,22,0,9,0,30,,69126,22,0,9,0,70,,69127,22,0,9,0,30,,69128,22,0,9,0,70,,69129,22,0,9,0,30,,69130,22,0,9,0,70,,69131,22,0,9,0
552200,'1394',710,,69132,22,0,9,0,30,,69133,22,0,9,0,70,,69134,22,0,9,0,30,,69135,22,0,9,0,70,,69136,22,0,9,0,30,,69137,22,0,9,0,70,,69138,22,0,9,0,30,,69139,22,0,9,0,70,,69140,22,0,9,0,30,,69141,22,0,9,0,70,,69142,22,0,9,0,30,,69143,22,0,9,0,70,,69144,22,0,9,0,30,,69145,22,0,9,0,70,,69146,22,0,9,0,30,,69147,22,0,9,0,70,,69148,22,0,9,0,30,,69149,22,0,9,0,70,,69150,22,0,9,0,30,,69151,22,0,9,0,70,,69152,22,0,9,0,30,,69153,22,0,9,0,70,,69154,22,0,9,0
552200,'1395',710,,69155,22,0,9,0,30,,69156,22,0,9,0,70,,69157,22,0,9,0,30,,69158,22,0,9,0,70,,69159,22,0,9,0,30,,69160,22,0,9,0,70,,69161,22,0,9,0,30,,69162,22,0,9,0,70,,69163,22,0,9,0,30,,69164,22,0,9,0,70,,69165,22,0,9,0,30,,69166,22,0,9,0,70,,69167,22,0,9,0,30,,69168,22,0,9,0,70,,69169,22,0,9,0,30,,69170,22,0,9,0,70,,69171,22,0,9,0,30,,69172,22,0,9,0,70,,69173,22,0,9,0,30,,69174,22,0,9,0,70,,69175,22,0,9,0,30,,69176,22,0,9,0,70,,69177,22,0,9,0
552200,'1396',710,,69178,22,0,9,0,30,,69179,22,0,9,0,70,,69180,22,0,9,0,30,,69181,22,0,9,0,70,,69182,22,0,9,0,30,,69183,22,0,9,0,70,,69184,22,0,9,0,30,,69185,22,0,9,0,70,,69186,22,0,9,0,30,,69187,22,0,9,0,70,,69188,22,0,9,0,30,,69189,22,0,9,0,70,,69190,22,0,9,0,30,,69191,22,0,9,0,70,,69192,22,0,9,0,30,,69193,22,0,9,0,70,,69194,22,0,9,0,30,,69195,22,0,9,0,70,,69196,22,0,9,0,30,,69197,22,0,9,0,70,,69198,22,0,9,0,30,,69199,22,0,9,0,70,,69200,22,0,9,0
