1900,'1390',938,,67309,62,,,0,100,,67308,62,,,0,100,,67307,62,,,0,100,,67306,62,,,0,100,,67305,62,,,0,100,,67304,62,,,0,100,,67303,62,,,0,100,,67302,62,,,0,100,,67301,62,,,0,100,,67300,62,,,0,100,,67299,62,,,0,100,,67298,62,,,0
1900,'1391',838,,67310,62,,,0,100,,67311,62,,,0,100,,67312,62,,,0,70,,67313,62,,,0,30,,67314,62,,,0,70,,67315,62,,,0,30,,67316,62,,,0,70,,67317,62,,,0,30,,67318,62,,,0,70,,67319,62,,,0,30,,67320,62,,,0,70,,67321,62,,,0,30,,67322,62,,,0,70,,67323,62,,,0,30,,67324,62,,,0,70,,67325,62,,,0,30,,67326,62,,,0,70,,67327,62,,,0,30,,67328,62,,,0,70,,67329,62,,,0,30,,67330,62,,,0,70,,67331,62,,,0,30,,67332,62,,,0,100,,67333,62,,,0,100,,67334,62,,,0,100,,67335,62,,,0
1900,'1392',638,,67336,62,,,0,70,,67337,62,,,0,30,,67338,62,,,0,70,,67339,62,,,0,30,,67340,62,,,0,70,,67341,62,,,0,30,,67342,62,,,0,70,,67343,62,,,0,30,,67344,62,,,0,70,,67345,62,,,0,30,,67346,62,,,0,70,,67347,62,,,0,30,,67348,62,,,0,70,,67349,62,,,0,30,,67350,62,,,0,70,,67351,62,,,0,30,,67352,62,,,0,70,,67353,62,,,0,30,,67354,62,,,0,70,,67355,62,,,0,30,,67356,62,,,0,70,,67357,62,,,0,30,,67358,62,,,0,70,,67359,62,,,0,30,,67360,62,,,0,70,,67361,62,,,0,30,,67362,62,,,0,70,,67363,62,,,0,30,,67364,62,,,0,70,,67365,62,,,0,30,,67366,62,,,0,70,,67367,62,,,0,100,,67368,62,,,0,100,,67369,62,,,0
1900,'1393',638,,67370,62,,,0,70,,67371,62,,,0,30,,67372,62,,,0,70,,67373,62,,,0,30,,67374,62,,,0,70,,67375,62,,,0,30,,67376,62,,,0,70,,67377,62,,,0,30,,67378,62,,,0,70,,67379,62,,,0,30,,67380,62,,,0,70,,67381,62,,,0,30,,67382,62,,,0,70,,67383,62,,,0,30,,67384,62,,,0,70,,67385,62,,,0,30,,67386,62,,,0,70,,67387,62,,,0,30,,67388,62,,,0,70,,67389,62,,,0,30,,67390,62,,,0,70,,67391,62,,,0,30,,67392,62,,,0,70,,67393,62,,,0,30,,67394,62,,,0,70,,67395,62,,,0,30,,67396,62,,,0,70,,67397,62,,,0,30,,67398,62,,,0,70,,67399,62,,,0,30,,67400,62,,,0,70,,67401,62,,,0,100,,67402,62,,,0,100,,67403,62,,,0
1900,'1394',638,,67404,62,,,0,70,,67405,62,,,0,30,,67406,62,,,0,70,,67407,62,,,0,30,,67408,62,,,0,70,,67409,62,,,0,30,,67410,62,,,0,70,,67411,62,,,0,30,,67412,62,,,0,70,,67413,62,,,0,30,,67414,62,,,0,70,,67415,62,,,0,30,,67416,62,,,0,70,,67417,62,,,0,30,,67418,62,,,0,70,,67419,62,,,0,30,,67420,62,,,0,70,,67421,62,,,0,30,,67422,62,,,0,70,,67423,62,,,0,30,,67424,62,,,0,70,,67425,62,,,0,30,,67426,62,,,0,70,,67427,62,,,0,30,,67428,62,,,0,70,,67429,62,,,0,30,,67430,62,,,0,70,,67431,62,,,0,30,,67432,62,,,0,70,,67433,62,,,0,30,,67434,62,,,0,70,,67435,62,,,0,100,,67436,62,,,0,100,,67437,62,,,0
1900,'1395',638,,67438,62,,,0,70,,67439,62,,,0,30,,67440,62,,,0,70,,67441,62,,,0,30,,67442,62,,,0,70,,67443,62,,,0,30,,67444,62,,,0,70,,67445,62,,,0,30,,67446,62,,,0,70,,67447,62,,,0,30,,67448,62,,,0,70,,67449,62,,,0,30,,67450,62,,,0,70,,67451,62,,,0,30,,67452,62,,,0,70,,67453,62,,,0,30,,67454,62,,,0,70,,67455,62,,,0,30,,67456,62,,,0,70,,67457,62,,,0,30,,67458,62,,,0,70,,67459,62,,,0,30,,67460,62,,,0,70,,67461,62,,,0,30,,67462,62,,,0,70,,67463,62,,,0,30,,67464,62,,,0,70,,67465,62,,,0,30,,67466,62,,,0,70,,67467,62,,,0,30,,67468,62,,,0,70,,67469,62,,,0,100,,67470,62,,,0,100,,67471,62,,,0
1900,'1396',638,,67472,62,,,0,70,,67473,62,,,0,30,,67474,62,,,0,70,,67475,62,,,0,30,,67476,62,,,0,70,,67477,62,,,0,30,,67478,62,,,0,70,,67479,62,,,0,30,,67480,62,,,0,70,,67481,62,,,0,30,,67482,62,,,0,70,,67483,62,,,0,30,,67484,62,,,0,70,,67485,62,,,0,30,,67486,62,,,0,70,,67487,62,,,0,30,,67488,62,,,0,70,,67489,62,,,0,30,,67490,62,,,0,70,,67491,62,,,0,30,,67492,62,,,0,70,,67493,62,,,0,30,,67494,62,,,0,70,,67495,62,,,0,30,,67496,62,,,0,70,,67497,62,,,0,30,,67498,62,,,0,70,,67499,62,,,0,30,,67500,62,,,0,70,,67501,62,,,0,30,,67502,62,,,0,70,,67503,62,,,0,100,,67504,62,,,0,100,,67505,62,,,0
552201,'1392',701,,69201,10,0,9,0,30,,69202,10,0,9,0,70,,69203,10,0,9,0,30,,69204,10,0,9,0,70,,69205,10,0,9,0,30,,69206,10,0,9,0,70,,69207,10,0,9,0,30,,69208,10,0,9,0,70,,69209,10,0,9,0,30,,69210,10,0,9,0,70,,69211,10,0,9,0,30,,69212,10,0,9,0,70,,69213,10,0,9,0,30,,69214,10,0,9,0,70,,69215,10,0,9,0,30,,69216,10,0,9,0,70,,69217,10,0,9,0,30,,69218,10,0,9,0,70,,69219,10,0,9,0,30,,69220,10,0,9,0,70,,69221,10,0,9,0,30,,69222,10,0,9,0,70,,69223,10,0,9,0
552201,'1393',701,,69224,10,0,9,0,30,,69225,10,0,9,0,70,,69226,10,0,9,0,30,,69227,10,0,9,0,70,,69228,10,0,9,0,30,,69229,10,0,9,0,70,,69230,10,0,9,0,30,,69231,10,0,9,0,70,,69232,10,0,9,0,30,,69233,10,0,9,0,70,,69234,10,0,9,0,30,,69235,10,0,9,0,70,,69236,10,0,9,0,30,,69237,10,0,9,0,70,,69238,10,0,9,0,30,,69239,10,0,9,0,70,,69240,10,0,9,0,30,,69241,10,0,9,0,70,,69242,10,0,9,0,30,,69243,10,0,9,0,70,,69244,10,0,9,0,30,,69245,10,0,9,0,70,,69246,10,0,9,0
552201,'1394',701,,69247,10,0,9,0,30,,69248,10,0,9,0,70,,69249,10,0,9,0,30,,69250,10,0,9,0,70,,69251,10,0,9,0,30,,69252,10,0,9,0,70,,69253,10,0,9,0,30,,69254,10,0,9,0,70,,69255,10,0,9,0,30,,69256,10,0,9,0,70,,69257,10,0,9,0,30,,69258,10,0,9,0,70,,69259,10,0,9,0,30,,69260,10,0,9,0,70,,69261,10,0,9,0,30,,69262,10,0,9,0,70,,69263,10,0,9,0,30,,69264,10,0,9,0,70,,69265,10,0,9,0,30,,69266,10,0,9,0,70,,69267,10,0,9,0,30,,69268,10,0,9,0,70,,69269,10,0,9,0
552201,'1395',701,,69270,10,0,9,0,30,,69271,10,0,9,0,70,,69272,10,0,9,0,30,,69273,10,0,9,0,70,,69274,10,0,9,0,30,,69275,10,0,9,0,70,,69276,10,0,9,0,30,,69277,10,0,9,0,70,,69278,10,0,9,0,30,,69279,10,0,9,0,70,,69280,10,0,9,0,30,,69281,10,0,9,0,70,,69282,10,0,9,0,30,,69283,10,0,9,0,70,,69284,10,0,9,0,30,,69285,10,0,9,0,70,,69286,10,0,9,0,30,,69287,10,0,9,0,70,,69288,10,0,9,0,30,,69289,10,0,9,0,70,,69290,10,0,9,0,30,,69291,10,0,9,0,70,,69292,10,0,9,0
552201,'1396',701,,69293,10,0,9,0,30,,69294,10,0,9,0,70,,69295,10,0,9,0,30,,69296,10,0,9,0,70,,69297,10,0,9,0,30,,69298,10,0,9,0,70,,69299,10,0,9,0,30,,69300,10,0,9,0,70,,69301,10,0,9,0,30,,69302,10,0,9,0,70,,69303,10,0,9,0,30,,69304,10,0,9,0,70,,69305,10,0,9,0,30,,69306,10,0,9,0,70,,69307,10,0,9,0,30,,69308,10,0,9,0,70,,69309,10,0,9,0,30,,69310,10,0,9,0,70,,69311,10,0,9,0,30,,69312,10,0,9,0,70,,69313,10,0,9,0,30,,69314,10,0,9,0,70,,69315,10,0,9,0
