1800,'1390',739,,66470,59,,,0,100,,66469,59,,,0,100,,66468,59,,,0,80,,66467,59,,,0,40,,66466,59,,,0,85,,66465,59,,,0,80,,66464,59,,,0,80,,66463,59,,,0,40,,66462,59,,,0,80,,66461,59,,,0,80,,66460,59,,,0,40,,66459,59,,,0,80,,66458,59,,,0,80,,66457,59,,,0,40,,66456,59,,,0,80,,66455,59,,,0,80,,66454,59,,,0,40,,66453,59,,,0
1800,'1391',558,,66471,59,,,0,85,,66472,59,,,0,70,,66473,59,,,0,30,,66474,59,,,0,70,,66475,59,,,0,30,,66476,59,,,0,70,,66477,59,,,0,30,,66478,59,,,0,70,,66479,59,,,0,30,,66480,59,,,0,60,,66481,59,,,0,20,,66482,59,,,0,20,,66483,59,,,0,60,,66484,59,,,0,20,,66485,59,,,0,20,,66486,59,,,0,60,,66487,59,,,0,20,,66488,59,,,0,20,,66489,59,,,0,60,,66490,59,,,0,20,,66491,59,,,0,20,,66492,59,,,0,60,,66493,59,,,0,20,,66494,59,,,0,20,,66495,59,,,0,60,,66496,59,,,0,20,,66497,59,,,0,20,,66498,59,,,0,60,,66499,59,,,0,20,,66500,59,,,0,20,,66501,59,,,0,60,,66502,59,,,0,20,,66503,59,,,0,20,,66504,59,,,0,70,,66505,59,,,0,30,,66506,59,,,0,70,,66507,59,,,0,30,,66508,59,,,0,70,,66509,59,,,0,30,,66510,59,,,0,70,,66511,59,,,0,30,,66512,59,,,0,70,,66513,59,,,0,30,,66514,59,,,0,70,,66515,59,,,0,30,,66516,59,,,0,70,,66517,59,,,0
1800,'1392',559,,66554,59,,,0,75,,66555,59,,,0,15,,66518,59,,,0,55,,66519,59,,,0,15,,66520,59,,,0,15,,66521,59,,,0,15,,66522,59,,,0,10,,66523,59,,,0,50,,66524,59,,,0,10,,66525,59,,,0,10,,66526,59,,,0,10,,66527,59,,,0,10,,66528,59,,,0,9,,66556,59,,,0,55,,66557,59,,,0,15,,66558,59,,,0,15,,66559,59,,,0,15,,66560,59,,,0,55,,66561,59,,,0,15,,66562,59,,,0,13,,66563,59,,,0,15,,66564,59,,,0,55,,66565,59,,,0,15,,66566,59,,,0,15,,66567,59,,,0,15,,66568,59,,,0,55,,66569,59,,,0,15,,66570,59,,,0,15,,66571,59,,,0,15,,66572,59,,,0,55,,66573,59,,,0,15,,66574,59,,,0,20,,66529,59,,,0,60,,66530,59,,,0,15,,66531,59,,,0,15,,66532,59,,,0,15,,66533,59,,,0,50,,66534,59,,,0,10,,66535,59,,,0,10,,66536,59,,,0,10,,66537,59,,,0,10,,66538,59,,,0,10,,66539,59,,,0,50,,66540,59,,,0,10,,66541,59,,,0,10,,66542,59,,,0,10,,66543,59,,,0,10,,66544,59,,,0,10,,66545,59,,,0,50,,66546,59,,,0,10,,66547,59,,,0,10,,66548,59,,,0,10,,66549,59,,,0,10,,66550,59,,,0,10,,66551,59,,,0,55,,66552,59,,,0,15,,66553,59,,,0,21,,66575,59,,,0,70,,66576,59,,,0,30,,66577,59,,,0,70,,66578,59,,,0,30,,66579,59,,,0,70,,66580,59,,,0,30,,66581,59,,,0,70,,66582,59,,,0,30,,66583,59,,,0,70,,66584,59,,,0,30,,66585,59,,,0,70,,66586,59,,,0,30,,66587,59,,,0,70,,66588,59,,,0
1800,'1393',559,,66625,59,,,0,75,,66626,59,,,0,15,,66589,59,,,0,55,,66590,59,,,0,15,,66591,59,,,0,15,,66592,59,,,0,15,,66593,59,,,0,10,,66594,59,,,0,50,,66595,59,,,0,10,,66596,59,,,0,10,,66597,59,,,0,10,,66598,59,,,0,10,,66599,59,,,0,9,,66627,59,,,0,55,,66628,59,,,0,15,,66629,59,,,0,15,,66630,59,,,0,15,,66631,59,,,0,55,,66632,59,,,0,15,,66633,59,,,0,13,,66634,59,,,0,15,,66635,59,,,0,55,,66636,59,,,0,15,,66637,59,,,0,15,,66638,59,,,0,15,,66639,59,,,0,55,,66640,59,,,0,15,,66641,59,,,0,15,,66642,59,,,0,15,,66643,59,,,0,55,,66644,59,,,0,15,,66645,59,,,0,20,,66600,59,,,0,60,,66601,59,,,0,15,,66602,59,,,0,15,,66603,59,,,0,15,,66604,59,,,0,50,,66605,59,,,0,10,,66606,59,,,0,10,,66607,59,,,0,10,,66608,59,,,0,10,,66609,59,,,0,10,,66610,59,,,0,50,,66611,59,,,0,10,,66612,59,,,0,10,,66613,59,,,0,10,,66614,59,,,0,10,,66615,59,,,0,10,,66616,59,,,0,50,,66617,59,,,0,10,,66618,59,,,0,10,,66619,59,,,0,10,,66620,59,,,0,10,,66621,59,,,0,10,,66622,59,,,0,55,,66623,59,,,0,15,,66624,59,,,0,21,,66646,59,,,0,70,,66647,59,,,0,30,,66648,59,,,0,70,,66649,59,,,0,30,,66650,59,,,0,70,,66651,59,,,0,30,,66652,59,,,0,70,,66653,59,,,0,30,,66654,59,,,0,70,,66655,59,,,0,30,,66656,59,,,0,70,,66657,59,,,0,30,,66658,59,,,0,70,,66659,59,,,0
1800,'1394',559,,66696,59,,,0,75,,66697,59,,,0,15,,66660,59,,,0,55,,66661,59,,,0,15,,66662,59,,,0,15,,66663,59,,,0,15,,66664,59,,,0,10,,66665,59,,,0,50,,66666,59,,,0,10,,66667,59,,,0,10,,66668,59,,,0,10,,66669,59,,,0,10,,66670,59,,,0,9,,66698,59,,,0,55,,66699,59,,,0,15,,66700,59,,,0,15,,66701,59,,,0,15,,66702,59,,,0,55,,66703,59,,,0,15,,66704,59,,,0,13,,66705,59,,,0,15,,66706,59,,,0,55,,66707,59,,,0,15,,66708,59,,,0,15,,66709,59,,,0,15,,66710,59,,,0,55,,66711,59,,,0,15,,66712,59,,,0,15,,66713,59,,,0,15,,66714,59,,,0,55,,66715,59,,,0,15,,66716,59,,,0,20,,66671,59,,,0,60,,66672,59,,,0,15,,66673,59,,,0,15,,66674,59,,,0,15,,66675,59,,,0,50,,66676,59,,,0,10,,66677,59,,,0,10,,66678,59,,,0,10,,66679,59,,,0,10,,66680,59,,,0,10,,66681,59,,,0,50,,66682,59,,,0,10,,66683,59,,,0,10,,66684,59,,,0,10,,66685,59,,,0,10,,66686,59,,,0,10,,66687,59,,,0,50,,66688,59,,,0,10,,66689,59,,,0,10,,66690,59,,,0,10,,66691,59,,,0,10,,66692,59,,,0,10,,66693,59,,,0,55,,66694,59,,,0,15,,66695,59,,,0,21,,66717,59,,,0,70,,66718,59,,,0,30,,66719,59,,,0,70,,66720,59,,,0,30,,66721,59,,,0,70,,66722,59,,,0,30,,66723,59,,,0,70,,66724,59,,,0,30,,66725,59,,,0,70,,66726,59,,,0,30,,66727,59,,,0,70,,66728,59,,,0,30,,66729,59,,,0,70,,66730,59,,,0
1800,'1395',559,,66767,59,,,0,75,,66768,59,,,0,15,,66731,59,,,0,55,,66732,59,,,0,15,,66733,59,,,0,15,,66734,59,,,0,15,,66735,59,,,0,10,,66736,59,,,0,50,,66737,59,,,0,10,,66738,59,,,0,10,,66739,59,,,0,10,,66740,59,,,0,10,,66741,59,,,0,9,,66769,59,,,0,55,,66770,59,,,0,15,,66771,59,,,0,15,,66772,59,,,0,15,,66773,59,,,0,55,,66774,59,,,0,15,,66775,59,,,0,13,,66776,59,,,0,15,,66777,59,,,0,55,,66778,59,,,0,15,,66779,59,,,0,15,,66780,59,,,0,15,,66781,59,,,0,55,,66782,59,,,0,15,,66783,59,,,0,15,,66784,59,,,0,15,,66785,59,,,0,55,,66786,59,,,0,15,,66787,59,,,0,20,,66742,59,,,0,60,,66743,59,,,0,15,,66744,59,,,0,15,,66745,59,,,0,15,,66746,59,,,0,50,,66747,59,,,0,10,,66748,59,,,0,10,,66749,59,,,0,10,,66750,59,,,0,10,,66751,59,,,0,10,,66752,59,,,0,50,,66753,59,,,0,10,,66754,59,,,0,10,,66755,59,,,0,10,,66756,59,,,0,10,,66757,59,,,0,10,,66758,59,,,0,50,,66759,59,,,0,10,,66760,59,,,0,10,,66761,59,,,0,10,,66762,59,,,0,10,,66763,59,,,0,10,,66764,59,,,0,55,,66765,59,,,0,15,,66766,59,,,0,21,,66788,59,,,0,70,,66789,59,,,0,30,,66790,59,,,0,70,,66791,59,,,0,30,,66792,59,,,0,70,,66793,59,,,0,30,,66794,59,,,0,70,,66795,59,,,0,30,,66796,59,,,0,70,,66797,59,,,0,30,,66798,59,,,0,70,,66799,59,,,0,30,,66800,59,,,0,70,,66801,59,,,0
1800,'1396',559,,66838,59,,,0,75,,66839,59,,,0,15,,66802,59,,,0,55,,66803,59,,,0,15,,66804,59,,,0,15,,66805,59,,,0,15,,66806,59,,,0,10,,66807,59,,,0,50,,66808,59,,,0,10,,66809,59,,,0,10,,66810,59,,,0,10,,66811,59,,,0,10,,66812,59,,,0,9,,66840,59,,,0,55,,66841,59,,,0,15,,66842,59,,,0,15,,66843,59,,,0,15,,66844,59,,,0,55,,66845,59,,,0,15,,66846,59,,,0,13,,66847,59,,,0,15,,66848,59,,,0,55,,66849,59,,,0,15,,66850,59,,,0,15,,66851,59,,,0,15,,66852,59,,,0,55,,66853,59,,,0,15,,66854,59,,,0,15,,66855,59,,,0,15,,66856,59,,,0,55,,66857,59,,,0,15,,66858,59,,,0,20,,66813,59,,,0,60,,66814,59,,,0,15,,66815,59,,,0,15,,66816,59,,,0,15,,66817,59,,,0,50,,66818,59,,,0,10,,66819,59,,,0,10,,66820,59,,,0,10,,66821,59,,,0,10,,66822,59,,,0,10,,66823,59,,,0,50,,66824,59,,,0,10,,66825,59,,,0,10,,66826,59,,,0,10,,66827,59,,,0,10,,66828,59,,,0,10,,66829,59,,,0,50,,66830,59,,,0,10,,66831,59,,,0,10,,66832,59,,,0,10,,66833,59,,,0,10,,66834,59,,,0,10,,66835,59,,,0,55,,66836,59,,,0,15,,66837,59,,,0,21,,66859,59,,,0,70,,66860,59,,,0,30,,66861,59,,,0,70,,66862,59,,,0,30,,66863,59,,,0,70,,66864,59,,,0,30,,66865,59,,,0,70,,66866,59,,,0,30,,66867,59,,,0,70,,66868,59,,,0,30,,66869,59,,,0,70,,66870,59,,,0,30,,66871,59,,,0,70,,66872,59,,,0
1900,'1390',932,,67309,52,,,0,100,,67308,52,,,0,100,,67307,52,,,0,100,,67306,52,,,0,100,,67305,52,,,0,100,,67304,52,,,0,100,,67303,52,,,0,100,,67302,52,,,0,100,,67301,52,,,0,100,,67300,52,,,0,100,,67299,52,,,0,100,,67298,52,,,0
1900,'1391',832,,67310,52,,,0,100,,67311,52,,,0,100,,67312,52,,,0,70,,67313,52,,,0,30,,67314,52,,,0,70,,67315,52,,,0,30,,67316,52,,,0,70,,67317,52,,,0,30,,67318,52,,,0,70,,67319,52,,,0,30,,67320,52,,,0,70,,67321,52,,,0,30,,67322,52,,,0,70,,67323,52,,,0,30,,67324,52,,,0,70,,67325,52,,,0,30,,67326,52,,,0,70,,67327,52,,,0,30,,67328,52,,,0,70,,67329,52,,,0,30,,67330,52,,,0,70,,67331,52,,,0,30,,67332,52,,,0,100,,67333,52,,,0,100,,67334,52,,,0,100,,67335,52,,,0
1900,'1392',632,,67336,52,,,0,70,,67337,52,,,0,30,,67338,52,,,0,70,,67339,52,,,0,30,,67340,52,,,0,70,,67341,52,,,0,30,,67342,52,,,0,70,,67343,52,,,0,30,,67344,52,,,0,70,,67345,52,,,0,30,,67346,52,,,0,70,,67347,52,,,0,30,,67348,52,,,0,70,,67349,52,,,0,30,,67350,52,,,0,70,,67351,52,,,0,30,,67352,52,,,0,70,,67353,52,,,0,30,,67354,52,,,0,70,,67355,52,,,0,30,,67356,52,,,0,70,,67357,52,,,0,30,,67358,52,,,0,70,,67359,52,,,0,30,,67360,52,,,0,70,,67361,52,,,0,30,,67362,52,,,0,70,,67363,52,,,0,30,,67364,52,,,0,70,,67365,52,,,0,30,,67366,52,,,0,70,,67367,52,,,0,100,,67368,52,,,0,100,,67369,52,,,0
1900,'1393',632,,67370,52,,,0,70,,67371,52,,,0,30,,67372,52,,,0,70,,67373,52,,,0,30,,67374,52,,,0,70,,67375,52,,,0,30,,67376,52,,,0,70,,67377,52,,,0,30,,67378,52,,,0,70,,67379,52,,,0,30,,67380,52,,,0,70,,67381,52,,,0,30,,67382,52,,,0,70,,67383,52,,,0,30,,67384,52,,,0,70,,67385,52,,,0,30,,67386,52,,,0,70,,67387,52,,,0,30,,67388,52,,,0,70,,67389,52,,,0,30,,67390,52,,,0,70,,67391,52,,,0,30,,67392,52,,,0,70,,67393,52,,,0,30,,67394,52,,,0,70,,67395,52,,,0,30,,67396,52,,,0,70,,67397,52,,,0,30,,67398,52,,,0,70,,67399,52,,,0,30,,67400,52,,,0,70,,67401,52,,,0,100,,67402,52,,,0,100,,67403,52,,,0
1900,'1394',632,,67404,52,,,0,70,,67405,52,,,0,30,,67406,52,,,0,70,,67407,52,,,0,30,,67408,52,,,0,70,,67409,52,,,0,30,,67410,52,,,0,70,,67411,52,,,0,30,,67412,52,,,0,70,,67413,52,,,0,30,,67414,52,,,0,70,,67415,52,,,0,30,,67416,52,,,0,70,,67417,52,,,0,30,,67418,52,,,0,70,,67419,52,,,0,30,,67420,52,,,0,70,,67421,52,,,0,30,,67422,52,,,0,70,,67423,52,,,0,30,,67424,52,,,0,70,,67425,52,,,0,30,,67426,52,,,0,70,,67427,52,,,0,30,,67428,52,,,0,70,,67429,52,,,0,30,,67430,52,,,0,70,,67431,52,,,0,30,,67432,52,,,0,70,,67433,52,,,0,30,,67434,52,,,0,70,,67435,52,,,0,100,,67436,52,,,0,100,,67437,52,,,0
1900,'1395',632,,67438,52,,,0,70,,67439,52,,,0,30,,67440,52,,,0,70,,67441,52,,,0,30,,67442,52,,,0,70,,67443,52,,,0,30,,67444,52,,,0,70,,67445,52,,,0,30,,67446,52,,,0,70,,67447,52,,,0,30,,67448,52,,,0,70,,67449,52,,,0,30,,67450,52,,,0,70,,67451,52,,,0,30,,67452,52,,,0,70,,67453,52,,,0,30,,67454,52,,,0,70,,67455,52,,,0,30,,67456,52,,,0,70,,67457,52,,,0,30,,67458,52,,,0,70,,67459,52,,,0,30,,67460,52,,,0,70,,67461,52,,,0,30,,67462,52,,,0,70,,67463,52,,,0,30,,67464,52,,,0,70,,67465,52,,,0,30,,67466,52,,,0,70,,67467,52,,,0,30,,67468,52,,,0,70,,67469,52,,,0,100,,67470,52,,,0,100,,67471,52,,,0
1900,'1396',632,,67472,52,,,0,70,,67473,52,,,0,30,,67474,52,,,0,70,,67475,52,,,0,30,,67476,52,,,0,70,,67477,52,,,0,30,,67478,52,,,0,70,,67479,52,,,0,30,,67480,52,,,0,70,,67481,52,,,0,30,,67482,52,,,0,70,,67483,52,,,0,30,,67484,52,,,0,70,,67485,52,,,0,30,,67486,52,,,0,70,,67487,52,,,0,30,,67488,52,,,0,70,,67489,52,,,0,30,,67490,52,,,0,70,,67491,52,,,0,30,,67492,52,,,0,70,,67493,52,,,0,30,,67494,52,,,0,70,,67495,52,,,0,30,,67496,52,,,0,70,,67497,52,,,0,30,,67498,52,,,0,70,,67499,52,,,0,30,,67500,52,,,0,70,,67501,52,,,0,30,,67502,52,,,0,70,,67503,52,,,0,100,,67504,52,,,0,100,,67505,52,,,0
