1600,'1390',1044,,64907,15,,,0,70,,64906,15,,,0,45,,64905,15,,,0,70,,64904,15,,,0,30,,64903,15,,,0,70,,64902,15,,,0,30,,64901,15,,,0,70,,64900,15,,,0,30,,64899,15,,,0,70,,64898,15,,,0,30,,64897,15,,,0,70,,64896,15,,,0,30,,64895,15,,,0,60,,64894,15,,,0,10,,64893,15,,,0,30,,64892,15,,,0,60,,64891,15,,,0,10,,64890,15,,,0,30,,64889,15,,,0,70,,64888,15,,,0,30,,64887,15,,,0
1600,'1391',732,,64908,15,,,0,70,,64909,15,,,0,30,,64910,15,,,0,70,,64911,15,,,0,30,,64912,15,,,0,70,,64913,15,,,0,30,,64914,15,,,0,70,,64915,15,,,0,20,,64916,15,,,0,20,,64917,15,,,0,60,,64918,15,,,0,20,,64919,15,,,0,20,,64920,15,,,0,60,,64921,15,,,0,20,,64922,15,,,0,20,,64923,15,,,0,60,,64924,15,,,0,20,,64925,15,,,0,20,,64926,15,,,0,60,,64927,15,,,0,20,,64928,15,,,0,20,,64929,15,,,0,60,,64930,15,,,0,20,,64931,15,,,0,20,,64932,15,,,0,60,,64933,15,,,0,20,,64934,15,,,0,20,,64935,15,,,0,60,,64936,15,,,0,20,,64937,15,,,0,5,,64938,15,,,0,15,,64939,15,,,0,60,,64940,15,,,0,30,,64941,15,,,0,70,,64942,15,,,0,30,,64943,15,,,0,70,,64944,15,,,0,30,,64945,15,,,0,70,,64946,15,,,0,100,,64947,15,,,0
1600,'1392',641,,64949,15,,,0,74,,64948,15,,,0,31,,64950,15,,,0,60,,64951,15,,,0,20,,64952,15,,,0,20,,64953,15,,,0,60,,64954,15,,,0,20,,64955,15,,,0,20,,64956,15,,,0,60,,64957,15,,,0,20,,64958,15,,,0,20,,64959,15,,,0,60,,64960,15,,,0,20,,64961,15,,,0,20,,64962,15,,,0,60,,64963,15,,,0,20,,64964,15,,,0,20,,64965,15,,,0,60,,64966,15,,,0,20,,64967,15,,,0,20,,64968,15,,,0,60,,64969,15,,,0,20,,64970,15,,,0,20,,64971,15,,,0,60,,64972,15,,,0,20,,64973,15,,,0,20,,64974,15,,,0,60,,64975,15,,,0,20,,64976,15,,,0,20,,64977,15,,,0,60,,64978,15,,,0,20,,64979,15,,,0,20,,64980,15,,,0,60,,64981,15,,,0,20,,64982,15,,,0,20,,64983,15,,,0,55,,64984,15,,,0,30,,64985,15,,,0,70,,64986,15,,,0,30,,64987,15,,,0,70,,64988,15,,,0,30,,64989,15,,,0,70,,64990,15,,,0,100,,64991,15,,,0
1600,'1393',641,,64993,15,,,0,74,,64992,15,,,0,31,,64994,15,,,0,60,,64995,15,,,0,20,,64996,15,,,0,20,,64997,15,,,0,60,,64998,15,,,0,20,,64999,15,,,0,20,,65000,15,,,0,60,,65001,15,,,0,20,,65002,15,,,0,20,,65003,15,,,0,60,,65004,15,,,0,20,,65005,15,,,0,20,,65006,15,,,0,60,,65007,15,,,0,20,,65008,15,,,0,20,,65009,15,,,0,60,,65010,15,,,0,20,,65011,15,,,0,20,,65012,15,,,0,60,,65013,15,,,0,20,,65014,15,,,0,20,,65015,15,,,0,60,,65016,15,,,0,20,,65017,15,,,0,20,,65018,15,,,0,60,,65019,15,,,0,20,,65020,15,,,0,20,,65021,15,,,0,60,,65022,15,,,0,20,,65023,15,,,0,20,,65024,15,,,0,60,,65025,15,,,0,20,,65026,15,,,0,20,,65027,15,,,0,55,,65028,15,,,0,30,,65029,15,,,0,70,,65030,15,,,0,30,,65031,15,,,0,70,,65032,15,,,0,30,,65033,15,,,0,70,,65034,15,,,0,100,,65035,15,,,0
1600,'1394',641,,65037,15,,,0,74,,65036,15,,,0,31,,65038,15,,,0,60,,65039,15,,,0,20,,65040,15,,,0,20,,65041,15,,,0,60,,65042,15,,,0,20,,65043,15,,,0,20,,65044,15,,,0,60,,65045,15,,,0,20,,65046,15,,,0,20,,65047,15,,,0,60,,65048,15,,,0,20,,65049,15,,,0,20,,65050,15,,,0,60,,65051,15,,,0,20,,65052,15,,,0,20,,65053,15,,,0,60,,65054,15,,,0,20,,65055,15,,,0,20,,65056,15,,,0,60,,65057,15,,,0,20,,65058,15,,,0,20,,65059,15,,,0,60,,65060,15,,,0,20,,65061,15,,,0,20,,65062,15,,,0,60,,65063,15,,,0,20,,65064,15,,,0,20,,65065,15,,,0,60,,65066,15,,,0,20,,65067,15,,,0,20,,65068,15,,,0,60,,65069,15,,,0,20,,65070,15,,,0,20,,65071,15,,,0,55,,65072,15,,,0,30,,65073,15,,,0,70,,65074,15,,,0,30,,65075,15,,,0,70,,65076,15,,,0,30,,65077,15,,,0,70,,65078,15,,,0,100,,65079,15,,,0
1600,'1395',641,,65081,15,,,0,74,,65080,15,,,0,31,,65082,15,,,0,60,,65083,15,,,0,20,,65084,15,,,0,20,,65085,15,,,0,60,,65086,15,,,0,20,,65087,15,,,0,20,,65088,15,,,0,60,,65089,15,,,0,20,,65090,15,,,0,20,,65091,15,,,0,60,,65092,15,,,0,20,,65093,15,,,0,20,,65094,15,,,0,60,,65095,15,,,0,20,,65096,15,,,0,20,,65097,15,,,0,60,,65098,15,,,0,20,,65099,15,,,0,20,,65100,15,,,0,60,,65101,15,,,0,20,,65102,15,,,0,20,,65103,15,,,0,60,,65104,15,,,0,20,,65105,15,,,0,20,,65106,15,,,0,60,,65107,15,,,0,20,,65108,15,,,0,20,,65109,15,,,0,60,,65110,15,,,0,20,,65111,15,,,0,20,,65112,15,,,0,60,,65113,15,,,0,20,,65114,15,,,0,20,,65115,15,,,0,55,,65116,15,,,0,30,,65117,15,,,0,70,,65118,15,,,0,30,,65119,15,,,0,70,,65120,15,,,0,30,,65121,15,,,0,70,,65122,15,,,0,100,,65123,15,,,0
1600,'1396',641,,65125,15,,,0,74,,65124,15,,,0,31,,65126,15,,,0,60,,65127,15,,,0,20,,65128,15,,,0,20,,65129,15,,,0,60,,65130,15,,,0,20,,65131,15,,,0,20,,65132,15,,,0,60,,65133,15,,,0,20,,65134,15,,,0,20,,65135,15,,,0,60,,65136,15,,,0,20,,65137,15,,,0,20,,65138,15,,,0,60,,65139,15,,,0,20,,65140,15,,,0,20,,65141,15,,,0,60,,65142,15,,,0,20,,65143,15,,,0,20,,65144,15,,,0,60,,65145,15,,,0,20,,65146,15,,,0,20,,65147,15,,,0,60,,65148,15,,,0,20,,65149,15,,,0,20,,65150,15,,,0,60,,65151,15,,,0,20,,65152,15,,,0,20,,65153,15,,,0,60,,65154,15,,,0,20,,65155,15,,,0,20,,65156,15,,,0,60,,65157,15,,,0,20,,65158,15,,,0,20,,65159,15,,,0,55,,65160,15,,,0,30,,65161,15,,,0,70,,65162,15,,,0,30,,65163,15,,,0,70,,65164,15,,,0,30,,65165,15,,,0,70,,65166,15,,,0,100,,65167,15,,,0
1700,'1390',634,,65455,52,,,0,100,,65454,52,,,0,100,,65453,52,,,0,100,,65452,52,,,0,113,,65470,52,,,0,80,,65469,52,,,0,80,,65468,52,,,0,40,,65467,52,,,0,80,,65466,52,,,0,80,,65465,52,,,0,40,,65464,52,,,0,80,,65463,52,,,0,80,,65462,52,,,0,40,,65461,52,,,0,80,,65460,52,,,0,80,,65459,52,,,0,40,,65458,52,,,0,80,,65457,52,,,0,80,,65456,52,,,0
1700,'1391',555,,65471,52,,,0,74,,65472,52,,,0,30,,65473,52,,,0,70,,65474,52,,,0,30,,65475,52,,,0,70,,65476,52,,,0,30,,65477,52,,,0,70,,65478,52,,,0,30,,65479,52,,,0,70,,65480,52,,,0,78,,65489,52,,,0,20,,65490,52,,,0,20,,65491,52,,,0,60,,65492,52,,,0,20,,65493,52,,,0,20,,65494,52,,,0,60,,65495,52,,,0,20,,65496,52,,,0,20,,65497,52,,,0,60,,65498,52,,,0,20,,65499,52,,,0,20,,65500,52,,,0,60,,65501,52,,,0,20,,65502,52,,,0,20,,65503,52,,,0,60,,65504,52,,,0,20,,65505,52,,,0,20,,65506,52,,,0,60,,65507,52,,,0,20,,65508,52,,,0,20,,65509,52,,,0,60,,65510,52,,,0,20,,65511,52,,,0,20,,65512,52,,,0,55,,65513,52,,,0,30,,65514,52,,,0,70,,65515,52,,,0,30,,65516,52,,,0,70,,65517,52,,,0,27,,65481,52,,,0,30,,65482,52,,,0,70,,65483,52,,,0,30,,65484,52,,,0,70,,65485,52,,,0,30,,65486,52,,,0,70,,65487,52,,,0,30,,65488,52,,,0
1700,'1392',556,,65518,52,,,0,67,,65519,13,,,0,18,,65520,52,,,0,15,,65521,52,,,0,55,,65522,52,,,0,15,,65523,52,,,0,15,,65524,52,,,0,10,,65525,52,,,0,50,,65526,52,,,0,10,,65527,52,,,0,10,,65528,52,,,0,10,,65529,52,,,0,10,,65530,52,,,0,10,,65531,52,,,0,50,,65532,52,,,0,10,,65533,52,,,0,10,,65534,52,,,0,10,,65535,52,,,0,10,,65536,52,,,0,10,,65537,52,,,0,50,,65538,52,,,0,10,,65539,52,,,0,10,,65540,52,,,0,10,,65541,52,,,0,10,,65542,52,,,0,10,,65543,52,,,0,50,,65544,52,,,0,10,,65545,52,,,0,10,,65546,52,,,0,10,,65547,52,,,0,10,,65548,52,,,0,10,,65549,52,,,0,50,,65550,52,,,0,10,,65551,52,,,0,10,,65552,52,,,0,10,,65553,52,,,0,10,,65554,52,,,0,10,,65555,52,,,0,50,,65556,52,,,0,10,,65557,52,,,0,10,,65558,52,,,0,10,,65559,52,,,0,10,,65560,52,,,0,10,,65561,52,,,0,50,,65562,52,,,0,10,,65563,52,,,0,10,,65564,52,,,0,10,,65565,52,,,0,10,,65566,52,,,0,10,,65567,52,,,0,50,,65568,52,,,0,10,,65569,52,,,0,10,,65570,52,,,0,10,,65571,52,,,0,10,,65572,52,,,0,10,,65573,52,,,0,50,,65574,52,,,0,10,,65575,52,,,0,10,,65576,52,,,0,10,,65577,52,,,0,10,,65578,52,,,0,10,,65579,52,,,0,50,,65580,52,,,0,10,,65581,52,,,0,10,,65582,52,,,0,10,,65583,52,,,0,10,,65584,52,,,0,10,,65585,52,,,0,50,,65586,52,,,0,10,,65587,52,,,0,10,,65588,52,,,0,10,,65589,52,,,0,10,,65590,52,,,0,15,,65591,52,,,0,55,,65592,52,,,0,15,,65593,52,,,0,30,,65594,52,,,0,70,,65595,52,,,0,30,,65596,52,,,0,70,,65597,52,,,0,30,,65598,52,,,0,70,,65599,52,,,0,30,,65600,52,,,0,70,,65601,52,,,0,30,,65602,52,,,0,70,,65603,52,,,0,30,,65604,52,,,0
1700,'1393',556,,65605,52,,,0,67,,65606,13,,,0,18,,65607,52,,,0,15,,65608,52,,,0,55,,65609,52,,,0,15,,65610,52,,,0,15,,65611,52,,,0,10,,65612,52,,,0,50,,65613,52,,,0,10,,65614,52,,,0,10,,65615,52,,,0,10,,65616,52,,,0,10,,65617,52,,,0,10,,65618,52,,,0,50,,65619,52,,,0,10,,65620,52,,,0,10,,65621,52,,,0,10,,65622,52,,,0,10,,65623,52,,,0,10,,65624,52,,,0,50,,65625,52,,,0,10,,65626,52,,,0,10,,65627,52,,,0,10,,65628,52,,,0,10,,65629,52,,,0,10,,65630,52,,,0,50,,65631,52,,,0,10,,65632,52,,,0,10,,65633,52,,,0,10,,65634,52,,,0,10,,65635,52,,,0,10,,65636,52,,,0,50,,65637,52,,,0,10,,65638,52,,,0,10,,65639,52,,,0,10,,65640,52,,,0,10,,65641,52,,,0,10,,65642,52,,,0,50,,65643,52,,,0,10,,65644,52,,,0,10,,65645,52,,,0,10,,65646,52,,,0,10,,65647,52,,,0,10,,65648,52,,,0,50,,65649,52,,,0,10,,65650,52,,,0,10,,65651,52,,,0,10,,65652,52,,,0,10,,65653,52,,,0,10,,65654,52,,,0,50,,65655,52,,,0,10,,65656,52,,,0,10,,65657,52,,,0,10,,65658,52,,,0,10,,65659,52,,,0,10,,65660,52,,,0,50,,65661,52,,,0,10,,65662,52,,,0,10,,65663,52,,,0,10,,65664,52,,,0,10,,65665,52,,,0,10,,65666,52,,,0,50,,65667,52,,,0,10,,65668,52,,,0,10,,65669,52,,,0,10,,65670,52,,,0,10,,65671,52,,,0,10,,65672,52,,,0,50,,65673,52,,,0,10,,65674,52,,,0,10,,65675,52,,,0,10,,65676,52,,,0,10,,65677,52,,,0,15,,65678,52,,,0,55,,65679,52,,,0,15,,65680,52,,,0,30,,65681,52,,,0,70,,65682,52,,,0,30,,65683,52,,,0,70,,65684,52,,,0,30,,65685,52,,,0,70,,65686,52,,,0,30,,65687,52,,,0,70,,65688,52,,,0,30,,65689,52,,,0,70,,65690,52,,,0,30,,65691,52,,,0
1700,'1394',556,,65692,52,,,0,67,,65693,13,,,0,18,,65694,52,,,0,15,,65695,52,,,0,55,,65696,52,,,0,15,,65697,52,,,0,15,,65698,52,,,0,10,,65699,52,,,0,50,,65700,52,,,0,10,,65701,52,,,0,10,,65702,52,,,0,10,,65703,52,,,0,10,,65704,52,,,0,10,,65705,52,,,0,50,,65706,52,,,0,10,,65707,52,,,0,10,,65708,52,,,0,10,,65709,52,,,0,10,,65710,52,,,0,10,,65711,52,,,0,50,,65712,52,,,0,10,,65713,52,,,0,10,,65714,52,,,0,10,,65715,52,,,0,10,,65716,52,,,0,10,,65717,52,,,0,50,,65718,52,,,0,10,,65719,52,,,0,10,,65720,52,,,0,10,,65721,52,,,0,10,,65722,52,,,0,10,,65723,52,,,0,50,,65724,52,,,0,10,,65725,52,,,0,10,,65726,52,,,0,10,,65727,52,,,0,10,,65728,52,,,0,10,,65729,52,,,0,50,,65730,52,,,0,10,,65731,52,,,0,10,,65732,52,,,0,10,,65733,52,,,0,10,,65734,52,,,0,10,,65735,52,,,0,50,,65736,52,,,0,10,,65737,52,,,0,10,,65738,52,,,0,10,,65739,52,,,0,10,,65740,52,,,0,10,,65741,52,,,0,50,,65742,52,,,0,10,,65743,52,,,0,10,,65744,52,,,0,10,,65745,52,,,0,10,,65746,52,,,0,10,,65747,52,,,0,50,,65748,52,,,0,10,,65749,52,,,0,10,,65750,52,,,0,10,,65751,52,,,0,10,,65752,52,,,0,10,,65753,52,,,0,50,,65754,52,,,0,10,,65755,52,,,0,10,,65756,52,,,0,10,,65757,52,,,0,10,,65758,52,,,0,10,,65759,52,,,0,50,,65760,52,,,0,10,,65761,52,,,0,10,,65762,52,,,0,10,,65763,52,,,0,10,,65764,52,,,0,15,,65765,52,,,0,55,,65766,52,,,0,15,,65767,52,,,0,30,,65768,52,,,0,70,,65769,52,,,0,30,,65770,52,,,0,70,,65771,52,,,0,30,,65772,52,,,0,70,,65773,52,,,0,30,,65774,52,,,0,70,,65775,52,,,0,30,,65776,52,,,0,70,,65777,52,,,0,30,,65778,52,,,0
1700,'1395',556,,65779,52,,,0,67,,65780,13,,,0,18,,65781,52,,,0,15,,65782,52,,,0,55,,65783,52,,,0,15,,65784,52,,,0,15,,65785,52,,,0,10,,65786,52,,,0,50,,65787,52,,,0,10,,65788,52,,,0,10,,65789,52,,,0,10,,65790,52,,,0,10,,65791,52,,,0,10,,65792,52,,,0,50,,65793,52,,,0,10,,65794,52,,,0,10,,65795,52,,,0,10,,65796,52,,,0,10,,65797,52,,,0,10,,65798,52,,,0,50,,65799,52,,,0,10,,65800,52,,,0,10,,65801,52,,,0,10,,65802,52,,,0,10,,65803,52,,,0,10,,65804,52,,,0,50,,65805,52,,,0,10,,65806,52,,,0,10,,65807,52,,,0,10,,65808,52,,,0,10,,65809,52,,,0,10,,65810,52,,,0,50,,65811,52,,,0,10,,65812,52,,,0,10,,65813,52,,,0,10,,65814,52,,,0,10,,65815,52,,,0,10,,65816,52,,,0,50,,65817,52,,,0,10,,65818,52,,,0,10,,65819,52,,,0,10,,65820,52,,,0,10,,65821,52,,,0,10,,65822,52,,,0,50,,65823,52,,,0,10,,65824,52,,,0,10,,65825,52,,,0,10,,65826,52,,,0,10,,65827,52,,,0,10,,65828,52,,,0,50,,65829,52,,,0,10,,65830,52,,,0,10,,65831,52,,,0,10,,65832,52,,,0,10,,65833,52,,,0,10,,65834,52,,,0,50,,65835,52,,,0,10,,65836,52,,,0,10,,65837,52,,,0,10,,65838,52,,,0,10,,65839,52,,,0,10,,65840,52,,,0,50,,65841,52,,,0,10,,65842,52,,,0,10,,65843,52,,,0,10,,65844,52,,,0,10,,65845,52,,,0,10,,65846,52,,,0,50,,65847,52,,,0,10,,65848,52,,,0,10,,65849,52,,,0,10,,65850,52,,,0,10,,65851,52,,,0,15,,65852,52,,,0,55,,65853,52,,,0,15,,65854,52,,,0,30,,65855,52,,,0,70,,65856,52,,,0,30,,65857,52,,,0,70,,65858,52,,,0,30,,65859,52,,,0,70,,65860,52,,,0,30,,65861,52,,,0,70,,65862,52,,,0,30,,65863,52,,,0,70,,65864,52,,,0,30,,65865,52,,,0
1700,'1396',556,,65866,52,,,0,67,,65867,13,,,0,18,,65868,52,,,0,15,,65869,52,,,0,55,,65870,52,,,0,15,,65871,52,,,0,15,,65872,52,,,0,10,,65873,52,,,0,50,,65874,52,,,0,10,,65875,52,,,0,10,,65876,52,,,0,10,,65877,52,,,0,10,,65878,52,,,0,10,,65879,52,,,0,50,,65880,52,,,0,10,,65881,52,,,0,10,,65882,52,,,0,10,,65883,52,,,0,10,,65884,52,,,0,10,,65885,52,,,0,50,,65886,52,,,0,10,,65887,52,,,0,10,,65888,52,,,0,10,,65889,52,,,0,10,,65890,52,,,0,10,,65891,52,,,0,50,,65892,52,,,0,10,,65893,52,,,0,10,,65894,52,,,0,10,,65895,52,,,0,10,,65896,52,,,0,10,,65897,52,,,0,50,,65898,52,,,0,10,,65899,52,,,0,10,,65900,52,,,0,10,,65901,52,,,0,10,,65902,52,,,0,10,,65903,52,,,0,50,,65904,52,,,0,10,,65905,52,,,0,10,,65906,52,,,0,10,,65907,52,,,0,10,,65908,52,,,0,10,,65909,52,,,0,50,,65910,52,,,0,10,,65911,52,,,0,10,,65912,52,,,0,10,,65913,52,,,0,10,,65914,52,,,0,10,,65915,52,,,0,50,,65916,52,,,0,10,,65917,52,,,0,10,,65918,52,,,0,10,,65919,52,,,0,10,,65920,52,,,0,10,,65921,52,,,0,50,,65922,52,,,0,10,,65923,52,,,0,10,,65924,52,,,0,10,,65925,52,,,0,10,,65926,52,,,0,10,,65927,52,,,0,50,,65928,52,,,0,10,,65929,52,,,0,10,,65930,52,,,0,10,,65931,52,,,0,10,,65932,52,,,0,10,,65933,52,,,0,50,,65934,52,,,0,10,,65935,52,,,0,10,,65936,52,,,0,10,,65937,52,,,0,10,,65938,52,,,0,15,,65939,52,,,0,55,,65940,52,,,0,15,,65941,52,,,0,30,,65942,52,,,0,70,,65943,52,,,0,30,,65944,52,,,0,70,,65945,52,,,0,30,,65946,52,,,0,70,,65947,52,,,0,30,,65948,52,,,0,70,,65949,52,,,0,30,,65950,52,,,0,70,,65951,52,,,0,30,,65952,52,,,0
