1601,'1390',1009,,65186,4,,,0,30,,65185,4,,,0,85,,65184,4,,,0,30,,65183,4,,,0,70,,65182,4,,,0,30,,65181,4,,,0,70,,65180,4,,,0,30,,65179,4,,,0,70,,65178,4,,,0,30,,65177,4,,,0,70,,65176,4,,,0,30,,65175,4,,,0,70,,65174,4,,,0,30,,65173,4,,,0,70,,65172,4,,,0,18,,65187,4,,,0,12,,65171,4,,,0,70,,65170,4,,,0,30,,65169,4,,,0,70,,65168,4,,,0
1601,'1391',654,,65188,4,,,0,70,,65189,4,,,0,30,,65190,4,,,0,70,,65191,4,,,0,30,,65192,4,,,0,70,,65193,4,,,0,30,,65194,4,,,0,70,,65195,4,,,0,20,,65196,4,,,0,60,,65197,4,,,0,20,,65198,4,,,0,20,,65199,4,,,0,60,,65200,4,,,0,20,,65201,4,,,0,20,,65202,4,,,0,60,,65203,4,,,0,20,,65204,4,,,0,20,,65205,4,,,0,60,,65206,4,,,0,20,,65207,4,,,0,20,,65208,4,,,0,60,,65209,4,,,0,20,,65210,4,,,0,20,,65211,4,,,0,60,,65212,4,,,0,20,,65213,4,,,0,20,,65214,4,,,0,60,,65215,4,,,0,20,,65216,4,,,0,20,,65217,4,,,0,60,,65218,4,,,0,22,,65219,4,,,0,30,,65220,4,,,0,70,,65221,4,,,0,30,,65222,4,,,0,70,,65223,4,,,0,30,,65224,4,,,0,70,,65225,4,,,0,100,,65226,4,,,0
1601,'1392',605,,65227,4,,,0,37,,65228,4,,,0,70,,65229,4,,,0,20,,65230,4,,,0,20,,65231,4,,,0,60,,65232,4,,,0,20,,65233,4,,,0,20,,65234,4,,,0,60,,65235,4,,,0,20,,65236,4,,,0,20,,65237,4,,,0,60,,65238,4,,,0,20,,65239,4,,,0,20,,65240,4,,,0,60,,65241,4,,,0,20,,65242,4,,,0,20,,65243,4,,,0,60,,65244,4,,,0,20,,65245,4,,,0,20,,65246,4,,,0,60,,65247,4,,,0,20,,65248,4,,,0,20,,65249,4,,,0,60,,65250,4,,,0,20,,65251,4,,,0,20,,65252,4,,,0,60,,65253,4,,,0,20,,65254,4,,,0,20,,65255,4,,,0,60,,65256,4,,,0,20,,65257,4,,,0,20,,65258,4,,,0,60,,65259,4,,,0,20,,65260,4,,,0,20,,65261,4,,,0,60,,65262,4,,,0,15,,65263,4,,,0,30,,65264,4,,,0,70,,65265,4,,,0,30,,65266,4,,,0,70,,65267,4,,,0,30,,65268,4,,,0,70,,65269,4,,,0,100,,65270,4,,,0,100,,65271,4,,,0
1601,'1393',605,,65272,4,,,0,37,,65273,4,,,0,70,,65274,4,,,0,20,,65275,4,,,0,20,,65276,4,,,0,60,,65277,4,,,0,20,,65278,4,,,0,20,,65279,4,,,0,60,,65280,4,,,0,20,,65281,4,,,0,20,,65282,4,,,0,60,,65283,4,,,0,20,,65284,4,,,0,20,,65285,4,,,0,60,,65286,4,,,0,20,,65287,4,,,0,20,,65288,4,,,0,60,,65289,4,,,0,20,,65290,4,,,0,20,,65291,4,,,0,60,,65292,4,,,0,20,,65293,4,,,0,20,,65294,4,,,0,60,,65295,4,,,0,20,,65296,4,,,0,20,,65297,4,,,0,60,,65298,4,,,0,20,,65299,4,,,0,20,,65300,4,,,0,60,,65301,4,,,0,20,,65302,4,,,0,20,,65303,4,,,0,60,,65304,4,,,0,20,,65305,4,,,0,20,,65306,4,,,0,60,,65307,4,,,0,15,,65308,4,,,0,30,,65309,4,,,0,70,,65310,4,,,0,30,,65311,4,,,0,70,,65312,4,,,0,30,,65313,4,,,0,70,,65314,4,,,0,100,,65315,4,,,0,100,,65316,4,,,0
1601,'1394',605,,65317,4,,,0,37,,65318,4,,,0,70,,65319,4,,,0,20,,65320,4,,,0,20,,65321,4,,,0,60,,65322,4,,,0,20,,65323,4,,,0,20,,65324,4,,,0,60,,65325,4,,,0,20,,65326,4,,,0,20,,65327,4,,,0,60,,65328,4,,,0,20,,65329,4,,,0,20,,65330,4,,,0,60,,65331,4,,,0,20,,65332,4,,,0,20,,65333,4,,,0,60,,65334,4,,,0,20,,65335,4,,,0,20,,65336,4,,,0,60,,65337,4,,,0,20,,65338,4,,,0,20,,65339,4,,,0,60,,65340,4,,,0,20,,65341,4,,,0,20,,65342,4,,,0,60,,65343,4,,,0,20,,65344,4,,,0,20,,65345,4,,,0,60,,65346,4,,,0,20,,65347,4,,,0,20,,65348,4,,,0,60,,65349,4,,,0,20,,65350,4,,,0,20,,65351,4,,,0,60,,65352,4,,,0,15,,65353,4,,,0,30,,65354,4,,,0,70,,65355,4,,,0,30,,65356,4,,,0,70,,65357,4,,,0,30,,65358,4,,,0,70,,65359,4,,,0,100,,65360,4,,,0,100,,65361,4,,,0
1601,'1395',605,,65362,4,,,0,37,,65363,4,,,0,70,,65364,4,,,0,20,,65365,4,,,0,20,,65366,4,,,0,60,,65367,4,,,0,20,,65368,4,,,0,20,,65369,4,,,0,60,,65370,4,,,0,20,,65371,4,,,0,20,,65372,4,,,0,60,,65373,4,,,0,20,,65374,4,,,0,20,,65375,4,,,0,60,,65376,4,,,0,20,,65377,4,,,0,20,,65378,4,,,0,60,,65379,4,,,0,20,,65380,4,,,0,20,,65381,4,,,0,60,,65382,4,,,0,20,,65383,4,,,0,20,,65384,4,,,0,60,,65385,4,,,0,20,,65386,4,,,0,20,,65387,4,,,0,60,,65388,4,,,0,20,,65389,4,,,0,20,,65390,4,,,0,60,,65391,4,,,0,20,,65392,4,,,0,20,,65393,4,,,0,60,,65394,4,,,0,20,,65395,4,,,0,20,,65396,4,,,0,60,,65397,4,,,0,15,,65398,4,,,0,30,,65399,4,,,0,70,,65400,4,,,0,30,,65401,4,,,0,70,,65402,4,,,0,30,,65403,4,,,0,70,,65404,4,,,0,100,,65405,4,,,0,100,,65406,4,,,0
1601,'1396',605,,65407,4,,,0,37,,65408,4,,,0,70,,65409,4,,,0,20,,65410,4,,,0,20,,65411,4,,,0,60,,65412,4,,,0,20,,65413,4,,,0,20,,65414,4,,,0,60,,65415,4,,,0,20,,65416,4,,,0,20,,65417,4,,,0,60,,65418,4,,,0,20,,65419,4,,,0,20,,65420,4,,,0,60,,65421,4,,,0,20,,65422,4,,,0,20,,65423,4,,,0,60,,65424,4,,,0,20,,65425,4,,,0,20,,65426,4,,,0,60,,65427,4,,,0,20,,65428,4,,,0,20,,65429,4,,,0,60,,65430,4,,,0,20,,65431,4,,,0,20,,65432,4,,,0,60,,65433,4,,,0,20,,65434,4,,,0,20,,65435,4,,,0,60,,65436,4,,,0,20,,65437,4,,,0,20,,65438,4,,,0,60,,65439,4,,,0,20,,65440,4,,,0,20,,65441,4,,,0,60,,65442,4,,,0,15,,65443,4,,,0,30,,65444,4,,,0,70,,65445,4,,,0,30,,65446,4,,,0,70,,65447,4,,,0,30,,65448,4,,,0,70,,65449,4,,,0,100,,65450,4,,,0,100,,65451,4,,,0
1701,'1390',718,,65970,30,,,0,100,,65969,30,,,0,100,,65968,30,,,0,104,,65967,30,,,0,80,,65966,30,,,0,40,,65965,30,,,0,80,,65964,30,,,0,80,,65963,30,,,0,40,,65962,30,,,0,80,,65961,30,,,0,80,,65960,30,,,0,40,,65959,30,,,0,80,,65958,30,,,0,80,,65957,30,,,0,40,,65956,30,,,0,80,,65955,30,,,0,80,,65954,30,,,0,40,,65953,30,,,0
1701,'1391',552,,65996,30,,,0,70,,65997,30,,,0,30,,65998,30,,,0,70,,65999,30,,,0,30,,66000,30,,,0,70,,66001,30,,,0,30,,66002,30,,,0,70,,65971,30,,,0,30,,65972,30,,,0,70,,65973,30,,,0,20,,65974,30,,,0,60,,65975,30,,,0,20,,65976,30,,,0,20,,65977,30,,,0,60,,65978,30,,,0,20,,65979,30,,,0,20,,65980,30,,,0,60,,65981,30,,,0,20,,65982,30,,,0,20,,65983,30,,,0,60,,65984,30,,,0,20,,65985,30,,,0,20,,65986,30,,,0,60,,65987,30,,,0,20,,65988,30,,,0,20,,65989,30,,,0,60,,65990,30,,,0,20,,65991,30,,,0,20,,65992,30,,,0,60,,65993,30,,,0,20,,66003,30,,,0,20,,65994,30,,,0,60,,65995,30,,,0,20,,66004,30,,,0,30,,66005,30,,,0,70,,66006,30,,,0,30,,66007,30,,,0,70,,66008,30,,,0,30,,66009,30,,,0,70,,66010,30,,,0,30,,66011,30,,,0,70,,66012,30,,,0,30,,66013,30,,,0,70,,66014,30,,,0,30,,66015,30,,,0,70,,66016,30,,,0,30,,66017,30,,,0
1701,'1392',552,,66018,30,,,0,70,,66019,30,,,0,15,,66020,30,,,0,15,,66021,30,,,0,55,,66022,30,,,0,15,,66023,30,,,0,10,,66024,30,,,0,10,,66025,30,,,0,10,,66026,30,,,0,50,,66027,30,,,0,10,,66028,30,,,0,10,,66029,30,,,0,10,,66030,30,,,0,10,,66031,30,,,0,10,,66032,30,,,0,50,,66033,30,,,0,10,,66034,30,,,0,10,,66035,30,,,0,10,,66036,30,,,0,10,,66037,30,,,0,10,,66038,30,,,0,50,,66039,30,,,0,10,,66040,30,,,0,10,,66041,30,,,0,10,,66042,30,,,0,10,,66043,30,,,0,10,,66044,30,,,0,50,,66045,30,,,0,10,,66046,30,,,0,10,,66047,30,,,0,10,,66048,30,,,0,10,,66049,30,,,0,10,,66050,30,,,0,50,,66051,30,,,0,10,,66052,30,,,0,10,,66053,30,,,0,10,,66054,30,,,0,10,,66055,30,,,0,10,,66056,30,,,0,50,,66057,30,,,0,10,,66058,30,,,0,10,,66059,30,,,0,10,,66060,30,,,0,10,,66061,30,,,0,10,,66062,30,,,0,50,,66063,30,,,0,10,,66064,30,,,0,10,,66065,30,,,0,10,,66066,30,,,0,10,,66067,30,,,0,10,,66068,30,,,0,50,,66069,30,,,0,10,,66070,30,,,0,10,,66071,30,,,0,10,,66072,30,,,0,10,,66073,30,,,0,10,,66074,30,,,0,50,,66075,30,,,0,10,,66076,30,,,0,10,,66077,30,,,0,10,,66078,30,,,0,10,,66079,30,,,0,10,,66080,30,,,0,50,,66081,30,,,0,10,,66082,30,,,0,10,,66083,30,,,0,10,,66084,30,,,0,10,,66085,30,,,0,10,,66086,30,,,0,50,,66087,30,,,0,10,,66088,30,,,0,10,,66089,30,,,0,15,,66090,30,,,0,15,,66091,30,,,0,55,,66092,30,,,0,15,,66093,30,,,0,30,,66094,30,,,0,70,,66095,30,,,0,30,,66096,30,,,0,70,,66097,30,,,0,30,,66098,30,,,0,70,,66099,30,,,0,30,,66100,30,,,0,70,,66101,30,,,0,30,,66102,30,,,0,70,,66103,30,,,0,30,,66104,30,,,0
1701,'1393',552,,66105,30,,,0,70,,66106,30,,,0,15,,66107,30,,,0,15,,66108,30,,,0,55,,66109,30,,,0,15,,66110,30,,,0,10,,66111,30,,,0,10,,66112,30,,,0,10,,66113,30,,,0,50,,66114,30,,,0,10,,66115,30,,,0,10,,66116,30,,,0,10,,66117,30,,,0,10,,66118,30,,,0,10,,66119,30,,,0,50,,66120,30,,,0,10,,66121,30,,,0,10,,66122,30,,,0,10,,66123,30,,,0,10,,66124,30,,,0,10,,66125,30,,,0,50,,66126,30,,,0,10,,66127,30,,,0,10,,66128,30,,,0,10,,66129,30,,,0,10,,66130,30,,,0,10,,66131,30,,,0,50,,66132,30,,,0,10,,66133,30,,,0,10,,66134,30,,,0,10,,66135,30,,,0,10,,66136,30,,,0,10,,66137,30,,,0,50,,66138,30,,,0,10,,66139,30,,,0,10,,66140,30,,,0,10,,66141,30,,,0,10,,66142,30,,,0,10,,66143,30,,,0,50,,66144,30,,,0,10,,66145,30,,,0,10,,66146,30,,,0,10,,66147,30,,,0,10,,66148,30,,,0,10,,66149,30,,,0,50,,66150,30,,,0,10,,66151,30,,,0,10,,66152,30,,,0,10,,66153,30,,,0,10,,66154,30,,,0,10,,66155,30,,,0,50,,66156,30,,,0,10,,66157,30,,,0,10,,66158,30,,,0,10,,66159,30,,,0,10,,66160,30,,,0,10,,66161,30,,,0,50,,66162,30,,,0,10,,66163,30,,,0,10,,66164,30,,,0,10,,66165,30,,,0,10,,66166,30,,,0,10,,66167,30,,,0,50,,66168,30,,,0,10,,66169,30,,,0,10,,66170,30,,,0,10,,66171,30,,,0,10,,66172,30,,,0,10,,66173,30,,,0,50,,66174,30,,,0,10,,66175,30,,,0,10,,66176,30,,,0,15,,66177,30,,,0,15,,66178,30,,,0,55,,66179,30,,,0,15,,66180,30,,,0,30,,66181,30,,,0,70,,66182,30,,,0,30,,66183,30,,,0,70,,66184,30,,,0,30,,66185,30,,,0,70,,66186,30,,,0,30,,66187,30,,,0,70,,66188,30,,,0,30,,66189,30,,,0,70,,66190,30,,,0,30,,66191,30,,,0
1701,'1394',552,,66192,30,,,0,70,,66193,30,,,0,15,,66194,30,,,0,15,,66195,30,,,0,55,,66196,30,,,0,15,,66197,30,,,0,10,,66198,30,,,0,10,,66199,30,,,0,10,,66200,30,,,0,50,,66201,30,,,0,10,,66202,30,,,0,10,,66203,30,,,0,10,,66204,30,,,0,10,,66205,30,,,0,10,,66206,30,,,0,50,,66207,30,,,0,10,,66208,30,,,0,10,,66209,30,,,0,10,,66210,30,,,0,10,,66211,30,,,0,10,,66212,30,,,0,50,,66213,30,,,0,10,,66214,30,,,0,10,,66215,30,,,0,10,,66216,30,,,0,10,,66217,30,,,0,10,,66218,30,,,0,50,,66219,30,,,0,10,,66220,30,,,0,10,,66221,30,,,0,10,,66222,30,,,0,10,,66223,30,,,0,10,,66224,30,,,0,50,,66225,30,,,0,10,,66226,30,,,0,10,,66227,30,,,0,10,,66228,30,,,0,10,,66229,30,,,0,10,,66230,30,,,0,50,,66231,30,,,0,10,,66232,30,,,0,10,,66233,30,,,0,10,,66234,30,,,0,10,,66235,30,,,0,10,,66236,30,,,0,50,,66237,30,,,0,10,,66238,30,,,0,10,,66239,30,,,0,10,,66240,30,,,0,10,,66241,30,,,0,10,,66242,30,,,0,50,,66243,30,,,0,10,,66244,30,,,0,10,,66245,30,,,0,10,,66246,30,,,0,10,,66247,30,,,0,10,,66248,30,,,0,50,,66249,30,,,0,10,,66250,30,,,0,10,,66251,30,,,0,10,,66252,30,,,0,10,,66253,30,,,0,10,,66254,30,,,0,50,,66255,30,,,0,10,,66256,30,,,0,10,,66257,30,,,0,10,,66258,30,,,0,10,,66259,30,,,0,10,,66260,30,,,0,50,,66261,30,,,0,10,,66262,30,,,0,10,,66263,30,,,0,15,,66264,30,,,0,15,,66265,30,,,0,55,,66266,30,,,0,15,,66267,30,,,0,30,,66268,30,,,0,70,,66269,30,,,0,30,,66270,30,,,0,70,,66271,30,,,0,30,,66272,30,,,0,70,,66273,30,,,0,30,,66274,30,,,0,70,,66275,30,,,0,30,,66276,30,,,0,70,,66277,30,,,0,30,,66278,30,,,0
1701,'1395',552,,66279,30,,,0,70,,66280,30,,,0,15,,66281,30,,,0,15,,66282,30,,,0,55,,66283,30,,,0,15,,66284,30,,,0,10,,66285,30,,,0,10,,66286,30,,,0,10,,66287,30,,,0,50,,66288,30,,,0,10,,66289,30,,,0,10,,66290,30,,,0,10,,66291,30,,,0,10,,66292,30,,,0,10,,66293,30,,,0,50,,66294,30,,,0,10,,66295,30,,,0,10,,66296,30,,,0,10,,66297,30,,,0,10,,66298,30,,,0,10,,66299,30,,,0,50,,66300,30,,,0,10,,66301,30,,,0,10,,66302,30,,,0,10,,66303,30,,,0,10,,66304,30,,,0,10,,66305,30,,,0,50,,66306,30,,,0,10,,66307,30,,,0,10,,66308,30,,,0,10,,66309,30,,,0,10,,66310,30,,,0,10,,66311,30,,,0,50,,66312,30,,,0,10,,66313,30,,,0,10,,66314,30,,,0,10,,66315,30,,,0,10,,66316,30,,,0,10,,66317,30,,,0,50,,66318,30,,,0,10,,66319,30,,,0,10,,66320,30,,,0,10,,66321,30,,,0,10,,66322,30,,,0,10,,66323,30,,,0,50,,66324,30,,,0,10,,66325,30,,,0,10,,66326,30,,,0,10,,66327,30,,,0,10,,66328,30,,,0,10,,66329,30,,,0,50,,66330,30,,,0,10,,66331,30,,,0,10,,66332,30,,,0,10,,66333,30,,,0,10,,66334,30,,,0,10,,66335,30,,,0,50,,66336,30,,,0,10,,66337,30,,,0,10,,66338,30,,,0,10,,66339,30,,,0,10,,66340,30,,,0,10,,66341,30,,,0,50,,66342,30,,,0,10,,66343,30,,,0,10,,66344,30,,,0,10,,66345,30,,,0,10,,66346,30,,,0,10,,66347,30,,,0,50,,66348,30,,,0,10,,66349,30,,,0,10,,66350,30,,,0,15,,66351,30,,,0,15,,66352,30,,,0,55,,66353,30,,,0,15,,66354,30,,,0,30,,66355,30,,,0,70,,66356,30,,,0,30,,66357,30,,,0,70,,66358,30,,,0,30,,66359,30,,,0,70,,66360,30,,,0,30,,66361,30,,,0,70,,66362,30,,,0,30,,66363,30,,,0,70,,66364,30,,,0,30,,66365,30,,,0
1701,'1396',552,,66366,30,,,0,70,,66367,30,,,0,15,,66368,30,,,0,15,,66369,30,,,0,55,,66370,30,,,0,15,,66371,30,,,0,10,,66372,30,,,0,10,,66373,30,,,0,10,,66374,30,,,0,50,,66375,30,,,0,10,,66376,30,,,0,10,,66377,30,,,0,10,,66378,30,,,0,10,,66379,30,,,0,10,,66380,30,,,0,50,,66381,30,,,0,10,,66382,30,,,0,10,,66383,30,,,0,10,,66384,30,,,0,10,,66385,30,,,0,10,,66386,30,,,0,50,,66387,30,,,0,10,,66388,30,,,0,10,,66389,30,,,0,10,,66390,30,,,0,10,,66391,30,,,0,10,,66392,30,,,0,50,,66393,30,,,0,10,,66394,30,,,0,10,,66395,30,,,0,10,,66396,30,,,0,10,,66397,30,,,0,10,,66398,30,,,0,50,,66399,30,,,0,10,,66400,30,,,0,10,,66401,30,,,0,10,,66402,30,,,0,10,,66403,30,,,0,10,,66404,30,,,0,50,,66405,30,,,0,10,,66406,30,,,0,10,,66407,30,,,0,10,,66408,30,,,0,10,,66409,30,,,0,10,,66410,30,,,0,50,,66411,30,,,0,10,,66412,30,,,0,10,,66413,30,,,0,10,,66414,30,,,0,10,,66415,30,,,0,10,,66416,30,,,0,50,,66417,30,,,0,10,,66418,30,,,0,10,,66419,30,,,0,10,,66420,30,,,0,10,,66421,30,,,0,10,,66422,30,,,0,50,,66423,30,,,0,10,,66424,30,,,0,10,,66425,30,,,0,10,,66426,30,,,0,10,,66427,30,,,0,10,,66428,30,,,0,50,,66429,30,,,0,10,,66430,30,,,0,10,,66431,30,,,0,10,,66432,30,,,0,10,,66433,30,,,0,10,,66434,30,,,0,50,,66435,30,,,0,10,,66436,30,,,0,10,,66437,30,,,0,15,,66438,30,,,0,15,,66439,30,,,0,55,,66440,30,,,0,15,,66441,30,,,0,30,,66442,30,,,0,70,,66443,30,,,0,30,,66444,30,,,0,70,,66445,30,,,0,30,,66446,30,,,0,70,,66447,30,,,0,30,,66448,30,,,0,70,,66449,30,,,0,30,,66450,30,,,0,70,,66451,30,,,0,30,,66452,30,,,0
1901,'1390',922,,67517,28,,,0,100,,67516,28,,,0,100,,67515,28,,,0,100,,67514,28,,,0,100,,67513,28,,,0,100,,67512,28,,,0,100,,67511,28,,,0,100,,67510,28,,,0,100,,67509,28,,,0,100,,67508,28,,,0,100,,67507,28,,,0,100,,67506,28,,,0
1901,'1391',822,,67518,28,,,0,100,,67519,28,,,0,100,,67520,28,,,0,30,,67521,28,,,0,70,,67522,28,,,0,30,,67523,28,,,0,70,,67524,28,,,0,30,,67525,28,,,0,70,,67526,28,,,0,30,,67527,28,,,0,70,,67528,28,,,0,30,,67529,28,,,0,70,,67530,28,,,0,30,,67531,28,,,0,70,,67532,28,,,0,30,,67533,28,,,0,70,,67534,28,,,0,30,,67535,28,,,0,70,,67536,28,,,0,30,,67537,28,,,0,70,,67538,28,,,0,30,,67539,28,,,0,70,,67540,28,,,0,100,,67541,28,,,0,100,,67542,28,,,0,100,,67543,28,,,0
1901,'1392',622,,67544,28,,,0,30,,67545,28,,,0,70,,67546,28,,,0,30,,67547,28,,,0,70,,67548,28,,,0,30,,67549,28,,,0,70,,67550,28,,,0,30,,67551,28,,,0,70,,67552,28,,,0,30,,67553,28,,,0,70,,67554,28,,,0,30,,67555,28,,,0,70,,67556,28,,,0,30,,67557,28,,,0,70,,67558,28,,,0,30,,67559,28,,,0,70,,67560,28,,,0,30,,67561,28,,,0,70,,67562,28,,,0,30,,67563,28,,,0,70,,67564,28,,,0,30,,67565,28,,,0,70,,67566,28,,,0,30,,67567,28,,,0,70,,67568,28,,,0,30,,67569,28,,,0,70,,67570,28,,,0,30,,67571,28,,,0,70,,67572,28,,,0,30,,67573,28,,,0,70,,67574,28,,,0,30,,67575,28,,,0,100,,67576,28,,,0,100,,67577,28,,,0
1901,'1393',622,,67578,28,,,0,30,,67579,28,,,0,70,,67580,28,,,0,30,,67581,28,,,0,70,,67582,28,,,0,30,,67583,28,,,0,70,,67584,28,,,0,30,,67585,28,,,0,70,,67586,28,,,0,30,,67587,28,,,0,70,,67588,28,,,0,30,,67589,28,,,0,70,,67590,28,,,0,30,,67591,28,,,0,70,,67592,28,,,0,30,,67593,28,,,0,70,,67594,28,,,0,30,,67595,28,,,0,70,,67596,28,,,0,30,,67597,28,,,0,70,,67598,28,,,0,30,,67599,28,,,0,70,,67600,28,,,0,30,,67601,28,,,0,70,,67602,28,,,0,30,,67603,28,,,0,70,,67604,28,,,0,30,,67605,28,,,0,70,,67606,28,,,0,30,,67607,28,,,0,70,,67608,28,,,0,30,,67609,28,,,0,100,,67610,28,,,0,100,,67611,28,,,0
1901,'1394',622,,67612,28,,,0,30,,67613,28,,,0,70,,67614,28,,,0,30,,67615,28,,,0,70,,67616,28,,,0,30,,67617,28,,,0,70,,67618,28,,,0,30,,67619,28,,,0,70,,67620,28,,,0,30,,67621,28,,,0,70,,67622,28,,,0,30,,67623,28,,,0,70,,67624,28,,,0,30,,67625,28,,,0,70,,67626,28,,,0,30,,67627,28,,,0,70,,67628,28,,,0,30,,67629,28,,,0,70,,67630,28,,,0,30,,67631,28,,,0,70,,67632,28,,,0,30,,67633,28,,,0,70,,67634,28,,,0,30,,67635,28,,,0,70,,67636,28,,,0,30,,67637,28,,,0,70,,67638,28,,,0,30,,67639,28,,,0,70,,67640,28,,,0,30,,67641,28,,,0,70,,67642,28,,,0,30,,67643,28,,,0,100,,67644,28,,,0,100,,67645,28,,,0
1901,'1395',622,,67646,28,,,0,30,,67647,28,,,0,70,,67648,28,,,0,30,,67649,28,,,0,70,,67650,28,,,0,30,,67651,28,,,0,70,,67652,28,,,0,30,,67653,28,,,0,70,,67654,28,,,0,30,,67655,28,,,0,70,,67656,28,,,0,30,,67657,28,,,0,70,,67658,28,,,0,30,,67659,28,,,0,70,,67660,28,,,0,30,,67661,28,,,0,70,,67662,28,,,0,30,,67663,28,,,0,70,,67664,28,,,0,30,,67665,28,,,0,70,,67666,28,,,0,30,,67667,28,,,0,70,,67668,28,,,0,30,,67669,28,,,0,70,,67670,28,,,0,30,,67671,28,,,0,70,,67672,28,,,0,30,,67673,28,,,0,70,,67674,28,,,0,30,,67675,28,,,0,70,,67676,28,,,0,30,,67677,28,,,0,100,,67678,28,,,0,100,,67679,28,,,0
1901,'1396',622,,67680,28,,,0,30,,67681,28,,,0,70,,67682,28,,,0,30,,67683,28,,,0,70,,67684,28,,,0,30,,67685,28,,,0,70,,67686,28,,,0,30,,67687,28,,,0,70,,67688,28,,,0,30,,67689,28,,,0,70,,67690,28,,,0,30,,67691,28,,,0,70,,67692,28,,,0,30,,67693,28,,,0,70,,67694,28,,,0,30,,67695,28,,,0,70,,67696,28,,,0,30,,67697,28,,,0,70,,67698,28,,,0,30,,67699,28,,,0,70,,67700,28,,,0,30,,67701,28,,,0,70,,67702,28,,,0,30,,67703,28,,,0,70,,67704,28,,,0,30,,67705,28,,,0,70,,67706,28,,,0,30,,67707,28,,,0,70,,67708,28,,,0,30,,67709,28,,,0,70,,67710,28,,,0,30,,67711,28,,,0,100,,67712,28,,,0,100,,67713,28,,,0
2001,'1390',905,,68015,4,,,0,45,,68014,4,,,0,85,,68013,4,,,0,85,,68012,4,,,0,85,,68011,4,,,0,45,,68010,4,,,0,85,,68009,4,,,0,85,,68008,4,,,0,85,,68007,4,,,0,45,,68006,4,,,0,85,,68005,4,,,0,85,,68004,4,,,0,85,,68003,4,,,0,45,,68002,4,,,0,85,,68001,4,,,0
2001,'1391',605,,68033,4,,,0,45,,68034,4,,,0,85,,68035,4,,,0,85,,68036,4,,,0,84,,68016,4,,,0,30,,68017,4,,,0,70,,68018,4,,,0,30,,68019,4,,,0,80,,68020,4,,,0,30,,68021,4,,,0,70,,68022,4,,,0,30,,68023,4,,,0,80,,68024,4,,,0,30,,68025,4,,,0,70,,68026,4,,,0,30,,68027,4,,,0,80,,68028,4,,,0,70,,68029,4,,,0,30,,68030,4,,,0,70,,68031,4,,,0,40,,68032,4,,,0,71,,68037,4,,,0,85,,68038,4,,,0,45,,68039,4,,,0,85,,68040,4,,,0,85,,68041,4,,,0,85,,68042,4,,,0,45,,68043,4,,,0,85,,68044,4,,,0,85,,68045,4,,,0
2001,'1392',545,,68046,4,,,0,60,,68047,4,,,0,20,,68048,4,,,0,20,,68049,4,,,0,60,,68050,4,,,0,20,,68051,4,,,0,20,,68052,4,,,0,60,,68053,4,,,0,20,,68054,4,,,0,20,,68055,4,,,0,60,,68056,4,,,0,20,,68057,4,,,0,20,,68058,4,,,0,60,,68059,4,,,0,20,,68060,4,,,0,20,,68061,4,,,0,60,,68062,4,,,0,20,,68063,4,,,0,20,,68064,4,,,0,60,,68065,4,,,0,20,,68066,4,,,0,20,,68067,4,,,0,60,,68068,4,,,0,20,,68069,4,,,0,20,,68070,4,,,0,60,,68071,4,,,0,20,,68072,4,,,0,20,,68073,4,,,0,60,,68074,4,,,0,20,,68075,4,,,0,20,,68076,4,,,0,60,,68077,4,,,0,20,,68078,4,,,0,20,,68079,4,,,0,60,,68080,4,,,0,20,,68081,4,,,0,20,,68082,4,,,0,60,,68083,4,,,0,45,,68084,4,,,0,85,,68085,4,,,0,85,,68086,4,,,0,85,,68087,4,,,0,45,,68088,4,,,0,85,,68089,4,,,0,85,,68090,4,,,0,85,,68091,4,,,0,45,,68092,4,,,0
2001,'1393',545,,68093,4,,,0,60,,68094,4,,,0,20,,68095,4,,,0,20,,68096,4,,,0,60,,68097,4,,,0,20,,68098,4,,,0,20,,68099,4,,,0,60,,68100,4,,,0,20,,68101,4,,,0,20,,68102,4,,,0,60,,68103,4,,,0,20,,68104,4,,,0,20,,68105,4,,,0,60,,68106,4,,,0,20,,68107,4,,,0,20,,68108,4,,,0,60,,68109,4,,,0,20,,68110,4,,,0,20,,68111,4,,,0,60,,68112,4,,,0,20,,68113,4,,,0,20,,68114,4,,,0,60,,68115,4,,,0,20,,68116,4,,,0,20,,68117,4,,,0,60,,68118,4,,,0,20,,68119,4,,,0,20,,68120,4,,,0,60,,68121,4,,,0,20,,68122,4,,,0,20,,68123,4,,,0,60,,68124,4,,,0,20,,68125,4,,,0,20,,68126,4,,,0,60,,68127,4,,,0,20,,68128,4,,,0,20,,68129,4,,,0,60,,68130,4,,,0,45,,68131,4,,,0,85,,68132,4,,,0,85,,68133,4,,,0,85,,68134,4,,,0,45,,68135,4,,,0,85,,68136,4,,,0,85,,68137,4,,,0,85,,68138,4,,,0,45,,68139,4,,,0
2001,'1394',545,,68140,4,,,0,60,,68141,4,,,0,20,,68142,4,,,0,20,,68143,4,,,0,60,,68144,4,,,0,20,,68145,4,,,0,20,,68146,4,,,0,60,,68147,4,,,0,20,,68148,4,,,0,20,,68149,4,,,0,60,,68150,4,,,0,20,,68151,4,,,0,20,,68152,4,,,0,60,,68153,4,,,0,20,,68154,4,,,0,20,,68155,4,,,0,60,,68156,4,,,0,20,,68157,4,,,0,20,,68158,4,,,0,60,,68159,4,,,0,20,,68160,4,,,0,20,,68161,4,,,0,60,,68162,4,,,0,20,,68163,4,,,0,20,,68164,4,,,0,60,,68165,4,,,0,20,,68166,4,,,0,20,,68167,4,,,0,60,,68168,4,,,0,20,,68169,4,,,0,20,,68170,4,,,0,60,,68171,4,,,0,20,,68172,4,,,0,20,,68173,4,,,0,60,,68174,4,,,0,20,,68175,4,,,0,20,,68176,4,,,0,60,,68177,4,,,0,45,,68178,4,,,0,85,,68179,4,,,0,85,,68180,4,,,0,85,,68181,4,,,0,45,,68182,4,,,0,85,,68183,4,,,0,85,,68184,4,,,0,85,,68185,4,,,0,45,,68186,4,,,0
2001,'1395',545,,68187,4,,,0,60,,68188,4,,,0,20,,68189,4,,,0,20,,68190,4,,,0,60,,68191,4,,,0,20,,68192,4,,,0,20,,68193,4,,,0,60,,68194,4,,,0,20,,68195,4,,,0,20,,68196,4,,,0,60,,68197,4,,,0,20,,68198,4,,,0,20,,68199,4,,,0,60,,68200,4,,,0,20,,68201,4,,,0,20,,68202,4,,,0,60,,68203,4,,,0,20,,68204,4,,,0,20,,68205,4,,,0,60,,68206,4,,,0,20,,68207,4,,,0,20,,68208,4,,,0,60,,68209,4,,,0,20,,68210,4,,,0,20,,68211,4,,,0,60,,68212,4,,,0,20,,68213,4,,,0,20,,68214,4,,,0,60,,68215,4,,,0,20,,68216,4,,,0,20,,68217,4,,,0,60,,68218,4,,,0,20,,68219,4,,,0,20,,68220,4,,,0,60,,68221,4,,,0,20,,68222,4,,,0,20,,68223,4,,,0,60,,68224,4,,,0,45,,68225,4,,,0,85,,68226,4,,,0,85,,68227,4,,,0,85,,68228,4,,,0,45,,68229,4,,,0,85,,68230,4,,,0,85,,68231,4,,,0,85,,68232,4,,,0,45,,68233,4,,,0
2001,'1396',545,,68234,4,,,0,60,,68235,4,,,0,20,,68236,4,,,0,20,,68237,4,,,0,60,,68238,4,,,0,20,,68239,4,,,0,20,,68240,4,,,0,60,,68241,4,,,0,20,,68242,4,,,0,20,,68243,4,,,0,60,,68244,4,,,0,20,,68245,4,,,0,20,,68246,4,,,0,60,,68247,4,,,0,20,,68248,4,,,0,20,,68249,4,,,0,60,,68250,4,,,0,20,,68251,4,,,0,20,,68252,4,,,0,60,,68253,4,,,0,20,,68254,4,,,0,20,,68255,4,,,0,60,,68256,4,,,0,20,,68257,4,,,0,20,,68258,4,,,0,60,,68259,4,,,0,20,,68260,4,,,0,20,,68261,4,,,0,60,,68262,4,,,0,20,,68263,4,,,0,20,,68264,4,,,0,60,,68265,4,,,0,20,,68266,4,,,0,20,,68267,4,,,0,60,,68268,4,,,0,20,,68269,4,,,0,20,,68270,4,,,0,60,,68271,4,,,0,45,,68272,4,,,0,85,,68273,4,,,0,85,,68274,4,,,0,85,,68275,4,,,0,45,,68276,4,,,0,85,,68277,4,,,0,85,,68278,4,,,0,85,,68279,4,,,0,45,,68280,4,,,0
