70101,'1391',719,,68532,31,0,17,0,130,,68533,31,0,17,0,170,,68534,31,0,17,0,130,,68535,31,0,17,0,170,,68536,31,0,17,0,130,,68537,31,0,17,0,170,,68538,31,0,17,0,130,,68539,31,0,17,0
70101,'1392',719,,68540,31,0,17,0,85,,68541,31,0,17,0,45,,68542,31,0,17,0,85,,68543,31,0,17,0,85,,68544,31,0,17,0,130,,68545,31,0,17,0,170,,68546,31,0,17,0,85,,68547,31,0,17,0,45,,68548,31,0,17,0,85,,68549,31,0,17,0,85,,68550,31,0,17,0,85,,68551,31,0,17,0,45,,68552,31,0,17,0,85,,68553,31,0,17,0
70101,'1393',719,,68554,31,0,17,0,85,,68555,31,0,17,0,45,,68556,31,0,17,0,85,,68557,31,0,17,0,85,,68558,31,0,17,0,130,,68559,31,0,17,0,170,,68560,31,0,17,0,85,,68561,31,0,17,0,45,,68562,31,0,17,0,85,,68563,31,0,17,0,85,,68564,31,0,17,0,85,,68565,31,0,17,0,45,,68566,31,0,17,0,85,,68567,31,0,17,0
70101,'1394',719,,68568,31,0,17,0,85,,68569,31,0,17,0,45,,68570,31,0,17,0,85,,68571,31,0,17,0,85,,68572,31,0,17,0,130,,68573,31,0,17,0,170,,68574,31,0,17,0,85,,68575,31,0,17,0,45,,68576,31,0,17,0,85,,68577,31,0,17,0,85,,68578,31,0,17,0,85,,68579,31,0,17,0,45,,68580,31,0,17,0,85,,68581,31,0,17,0
70101,'1395',719,,68582,31,0,17,0,85,,68583,31,0,17,0,45,,68584,31,0,17,0,85,,68585,31,0,17,0,85,,68586,31,0,17,0,130,,68587,31,0,17,0,170,,68588,31,0,17,0,85,,68589,31,0,17,0,45,,68590,31,0,17,0,85,,68591,31,0,17,0,85,,68592,31,0,17,0,85,,68593,31,0,17,0,45,,68594,31,0,17,0,85,,68595,31,0,17,0
70101,'1396',719,,68596,31,0,17,0,85,,68597,31,0,17,0,45,,68598,31,0,17,0,85,,68599,31,0,17,0,85,,68600,31,0,17,0,130,,68601,31,0,17,0,170,,68602,31,0,17,0,85,,68603,31,0,17,0,45,,68604,31,0,17,0,85,,68605,31,0,17,0,85,,68606,31,0,17,0,85,,68607,31,0,17,0,45,,68608,31,0,17,0,85,,68609,31,0,17,0
70102,'1391',820,,68610,32,0,16,0,130,,68611,32,0,16,0,170,,68612,32,0,16,0,130,,68613,32,0,16,0,170,,68614,32,0,16,0,130,,68615,32,0,16,0,170,,68616,32,0,16,0,130,,68617,32,0,16,0
70102,'1392',735,,68618,32,0,16,0,85,,68619,32,0,16,0,85,,68620,32,0,16,0,45,,68621,32,0,16,0,85,,68622,32,0,16,0,85,,68623,32,0,16,0,130,,68624,32,0,16,0,170,,68625,32,0,16,0,85,,68626,32,0,16,0,45,,68627,32,0,16,0,85,,68628,32,0,16,0,85,,68629,32,0,16,0,85,,68630,32,0,16,0,45,,68631,32,0,16,0
70102,'1393',735,,68632,32,0,16,0,85,,68633,32,0,16,0,85,,68634,32,0,16,0,45,,68635,32,0,16,0,85,,68636,32,0,16,0,85,,68637,32,0,16,0,130,,68638,32,0,16,0,170,,68639,32,0,16,0,85,,68640,32,0,16,0,45,,68641,32,0,16,0,85,,68642,32,0,16,0,85,,68643,32,0,16,0,85,,68644,32,0,16,0,45,,68645,32,0,16,0
70102,'1394',735,,68646,32,0,16,0,85,,68647,32,0,16,0,85,,68648,32,0,16,0,45,,68649,32,0,16,0,85,,68650,32,0,16,0,85,,68651,32,0,16,0,130,,68652,32,0,16,0,170,,68653,32,0,16,0,85,,68654,32,0,16,0,45,,68655,32,0,16,0,85,,68656,32,0,16,0,85,,68657,32,0,16,0,85,,68658,32,0,16,0,45,,68659,32,0,16,0
70102,'1395',735,,68660,32,0,16,0,85,,68661,32,0,16,0,85,,68662,32,0,16,0,45,,68663,32,0,16,0,85,,68664,32,0,16,0,85,,68665,32,0,16,0,130,,68666,32,0,16,0,170,,68667,32,0,16,0,85,,68668,32,0,16,0,45,,68669,32,0,16,0,85,,68670,32,0,16,0,85,,68671,32,0,16,0,85,,68672,32,0,16,0,45,,68673,32,0,16,0
70102,'1396',735,,68674,32,0,16,0,85,,68675,32,0,16,0,85,,68676,32,0,16,0,45,,68677,32,0,16,0,85,,68678,32,0,16,0,85,,68679,32,0,16,0,130,,68680,32,0,16,0,170,,68681,32,0,16,0,85,,68682,32,0,16,0,45,,68683,32,0,16,0,85,,68684,32,0,16,0,85,,68685,32,0,16,0,85,,68686,32,0,16,0,45,,68687,32,0,16,0
