1700,'1390',608,,65455,15,,,0,100,,65454,15,,,0,100,,65453,15,,,0,100,,65452,15,,,0,101,,65470,15,,,0,40,,65469,15,,,0,80,,65468,15,,,0,80,,65467,15,,,0,40,,65466,15,,,0,80,,65465,15,,,0,80,,65464,15,,,0,40,,65463,15,,,0,80,,65462,15,,,0,80,,65461,15,,,0,40,,65460,15,,,0,80,,65459,15,,,0,80,,65458,15,,,0,40,,65457,15,,,0,80,,65456,15,,,0
1700,'1391',526,,65471,15,,,0,27,,65472,15,,,0,70,,65473,15,,,0,30,,65474,15,,,0,70,,65475,15,,,0,30,,65476,15,,,0,70,,65477,15,,,0,30,,65478,15,,,0,70,,65479,15,,,0,30,,65480,15,,,0,77,,65489,15,,,0,20,,65490,15,,,0,60,,65491,15,,,0,20,,65492,15,,,0,20,,65493,15,,,0,60,,65494,15,,,0,20,,65495,15,,,0,20,,65496,15,,,0,60,,65497,15,,,0,20,,65498,15,,,0,20,,65499,15,,,0,60,,65500,15,,,0,20,,65501,15,,,0,20,,65502,15,,,0,60,,65503,15,,,0,20,,65504,15,,,0,20,,65505,15,,,0,60,,65506,15,,,0,20,,65507,15,,,0,20,,65508,15,,,0,60,,65509,15,,,0,20,,65510,15,,,0,20,,65511,15,,,0,60,,65512,15,,,0,15,,65513,15,,,0,30,,65514,15,,,0,70,,65515,15,,,0,30,,65516,15,,,0,70,,65517,15,,,0,28,,65481,15,,,0,70,,65482,15,,,0,30,,65483,15,,,0,70,,65484,15,,,0,30,,65485,15,,,0,70,,65486,15,,,0,30,,65487,15,,,0,70,,65488,15,,,0
1700,'1392',528,,65518,15,,,0,80,,65520,15,,,0,15,,65521,15,,,0,15,,65522,15,,,0,15,,65523,15,,,0,55,,65524,15,,,0,10,,65525,15,,,0,10,,65526,15,,,0,10,,65527,15,,,0,10,,65528,15,,,0,10,,65529,15,,,0,50,,65530,15,,,0,10,,65531,15,,,0,10,,65532,15,,,0,10,,65533,15,,,0,10,,65534,15,,,0,10,,65535,15,,,0,50,,65536,15,,,0,10,,65537,15,,,0,10,,65538,15,,,0,10,,65539,15,,,0,10,,65540,15,,,0,10,,65541,15,,,0,50,,65542,15,,,0,10,,65543,15,,,0,10,,65544,15,,,0,10,,65545,15,,,0,10,,65546,15,,,0,10,,65547,15,,,0,50,,65548,15,,,0,10,,65549,15,,,0,10,,65550,15,,,0,10,,65551,15,,,0,10,,65552,15,,,0,10,,65553,15,,,0,50,,65554,15,,,0,10,,65555,15,,,0,10,,65556,15,,,0,10,,65557,15,,,0,10,,65558,15,,,0,10,,65559,15,,,0,50,,65560,15,,,0,10,,65561,15,,,0,10,,65562,15,,,0,10,,65563,15,,,0,10,,65564,15,,,0,10,,65565,15,,,0,50,,65566,15,,,0,10,,65567,15,,,0,10,,65568,15,,,0,10,,65569,15,,,0,10,,65570,15,,,0,10,,65571,15,,,0,50,,65572,15,,,0,10,,65573,15,,,0,10,,65574,15,,,0,10,,65575,15,,,0,10,,65576,15,,,0,10,,65577,15,,,0,50,,65578,15,,,0,10,,65579,15,,,0,10,,65580,15,,,0,10,,65581,15,,,0,10,,65582,15,,,0,10,,65583,15,,,0,50,,65584,15,,,0,10,,65585,15,,,0,10,,65586,15,,,0,10,,65587,15,,,0,10,,65588,15,,,0,10,,65589,15,,,0,50,,65590,15,,,0,15,,65591,15,,,0,15,,65592,15,,,0,15,,65593,15,,,0,70,,65594,15,,,0,30,,65595,15,,,0,70,,65596,15,,,0,30,,65597,15,,,0,70,,65598,15,,,0,30,,65599,15,,,0,70,,65600,15,,,0,30,,65601,15,,,0,70,,65602,15,,,0,30,,65603,15,,,0,70,,65604,15,,,0
1700,'1393',528,,65605,15,,,0,80,,65607,15,,,0,15,,65608,15,,,0,15,,65609,15,,,0,15,,65610,15,,,0,55,,65611,15,,,0,10,,65612,15,,,0,10,,65613,15,,,0,10,,65614,15,,,0,10,,65615,15,,,0,10,,65616,15,,,0,50,,65617,15,,,0,10,,65618,15,,,0,10,,65619,15,,,0,10,,65620,15,,,0,10,,65621,15,,,0,10,,65622,15,,,0,50,,65623,15,,,0,10,,65624,15,,,0,10,,65625,15,,,0,10,,65626,15,,,0,10,,65627,15,,,0,10,,65628,15,,,0,50,,65629,15,,,0,10,,65630,15,,,0,10,,65631,15,,,0,10,,65632,15,,,0,10,,65633,15,,,0,10,,65634,15,,,0,50,,65635,15,,,0,10,,65636,15,,,0,10,,65637,15,,,0,10,,65638,15,,,0,10,,65639,15,,,0,10,,65640,15,,,0,50,,65641,15,,,0,10,,65642,15,,,0,10,,65643,15,,,0,10,,65644,15,,,0,10,,65645,15,,,0,10,,65646,15,,,0,50,,65647,15,,,0,10,,65648,15,,,0,10,,65649,15,,,0,10,,65650,15,,,0,10,,65651,15,,,0,10,,65652,15,,,0,50,,65653,15,,,0,10,,65654,15,,,0,10,,65655,15,,,0,10,,65656,15,,,0,10,,65657,15,,,0,10,,65658,15,,,0,50,,65659,15,,,0,10,,65660,15,,,0,10,,65661,15,,,0,10,,65662,15,,,0,10,,65663,15,,,0,10,,65664,15,,,0,50,,65665,15,,,0,10,,65666,15,,,0,10,,65667,15,,,0,10,,65668,15,,,0,10,,65669,15,,,0,10,,65670,15,,,0,50,,65671,15,,,0,10,,65672,15,,,0,10,,65673,15,,,0,10,,65674,15,,,0,10,,65675,15,,,0,10,,65676,15,,,0,50,,65677,15,,,0,15,,65678,15,,,0,15,,65679,15,,,0,15,,65680,15,,,0,70,,65681,15,,,0,30,,65682,15,,,0,70,,65683,15,,,0,30,,65684,15,,,0,70,,65685,15,,,0,30,,65686,15,,,0,70,,65687,15,,,0,30,,65688,15,,,0,70,,65689,15,,,0,30,,65690,15,,,0,70,,65691,15,,,0
1700,'1394',528,,65692,15,,,0,80,,65694,15,,,0,15,,65695,15,,,0,15,,65696,15,,,0,15,,65697,15,,,0,55,,65698,15,,,0,10,,65699,15,,,0,10,,65700,15,,,0,10,,65701,15,,,0,10,,65702,15,,,0,10,,65703,15,,,0,50,,65704,15,,,0,10,,65705,15,,,0,10,,65706,15,,,0,10,,65707,15,,,0,10,,65708,15,,,0,10,,65709,15,,,0,50,,65710,15,,,0,10,,65711,15,,,0,10,,65712,15,,,0,10,,65713,15,,,0,10,,65714,15,,,0,10,,65715,15,,,0,50,,65716,15,,,0,10,,65717,15,,,0,10,,65718,15,,,0,10,,65719,15,,,0,10,,65720,15,,,0,10,,65721,15,,,0,50,,65722,15,,,0,10,,65723,15,,,0,10,,65724,15,,,0,10,,65725,15,,,0,10,,65726,15,,,0,10,,65727,15,,,0,50,,65728,15,,,0,10,,65729,15,,,0,10,,65730,15,,,0,10,,65731,15,,,0,10,,65732,15,,,0,10,,65733,15,,,0,50,,65734,15,,,0,10,,65735,15,,,0,10,,65736,15,,,0,10,,65737,15,,,0,10,,65738,15,,,0,10,,65739,15,,,0,50,,65740,15,,,0,10,,65741,15,,,0,10,,65742,15,,,0,10,,65743,15,,,0,10,,65744,15,,,0,10,,65745,15,,,0,50,,65746,15,,,0,10,,65747,15,,,0,10,,65748,15,,,0,10,,65749,15,,,0,10,,65750,15,,,0,10,,65751,15,,,0,50,,65752,15,,,0,10,,65753,15,,,0,10,,65754,15,,,0,10,,65755,15,,,0,10,,65756,15,,,0,10,,65757,15,,,0,50,,65758,15,,,0,10,,65759,15,,,0,10,,65760,15,,,0,10,,65761,15,,,0,10,,65762,15,,,0,10,,65763,15,,,0,50,,65764,15,,,0,15,,65765,15,,,0,15,,65766,15,,,0,15,,65767,15,,,0,70,,65768,15,,,0,30,,65769,15,,,0,70,,65770,15,,,0,30,,65771,15,,,0,70,,65772,15,,,0,30,,65773,15,,,0,70,,65774,15,,,0,30,,65775,15,,,0,70,,65776,15,,,0,30,,65777,15,,,0,70,,65778,15,,,0
1700,'1395',528,,65779,15,,,0,80,,65781,15,,,0,15,,65782,15,,,0,15,,65783,15,,,0,15,,65784,15,,,0,55,,65785,15,,,0,10,,65786,15,,,0,10,,65787,15,,,0,10,,65788,15,,,0,10,,65789,15,,,0,10,,65790,15,,,0,50,,65791,15,,,0,10,,65792,15,,,0,10,,65793,15,,,0,10,,65794,15,,,0,10,,65795,15,,,0,10,,65796,15,,,0,50,,65797,15,,,0,10,,65798,15,,,0,10,,65799,15,,,0,10,,65800,15,,,0,10,,65801,15,,,0,10,,65802,15,,,0,50,,65803,15,,,0,10,,65804,15,,,0,10,,65805,15,,,0,10,,65806,15,,,0,10,,65807,15,,,0,10,,65808,15,,,0,50,,65809,15,,,0,10,,65810,15,,,0,10,,65811,15,,,0,10,,65812,15,,,0,10,,65813,15,,,0,10,,65814,15,,,0,50,,65815,15,,,0,10,,65816,15,,,0,10,,65817,15,,,0,10,,65818,15,,,0,10,,65819,15,,,0,10,,65820,15,,,0,50,,65821,15,,,0,10,,65822,15,,,0,10,,65823,15,,,0,10,,65824,15,,,0,10,,65825,15,,,0,10,,65826,15,,,0,50,,65827,15,,,0,10,,65828,15,,,0,10,,65829,15,,,0,10,,65830,15,,,0,10,,65831,15,,,0,10,,65832,15,,,0,50,,65833,15,,,0,10,,65834,15,,,0,10,,65835,15,,,0,10,,65836,15,,,0,10,,65837,15,,,0,10,,65838,15,,,0,50,,65839,15,,,0,10,,65840,15,,,0,10,,65841,15,,,0,10,,65842,15,,,0,10,,65843,15,,,0,10,,65844,15,,,0,50,,65845,15,,,0,10,,65846,15,,,0,10,,65847,15,,,0,10,,65848,15,,,0,10,,65849,15,,,0,10,,65850,15,,,0,50,,65851,15,,,0,15,,65852,15,,,0,15,,65853,15,,,0,15,,65854,15,,,0,70,,65855,15,,,0,30,,65856,15,,,0,70,,65857,15,,,0,30,,65858,15,,,0,70,,65859,15,,,0,30,,65860,15,,,0,70,,65861,15,,,0,30,,65862,15,,,0,70,,65863,15,,,0,30,,65864,15,,,0,70,,65865,15,,,0
1700,'1396',528,,65866,15,,,0,80,,65868,15,,,0,15,,65869,15,,,0,15,,65870,15,,,0,15,,65871,15,,,0,55,,65872,15,,,0,10,,65873,15,,,0,10,,65874,15,,,0,10,,65875,15,,,0,10,,65876,15,,,0,10,,65877,15,,,0,50,,65878,15,,,0,10,,65879,15,,,0,10,,65880,15,,,0,10,,65881,15,,,0,10,,65882,15,,,0,10,,65883,15,,,0,50,,65884,15,,,0,10,,65885,15,,,0,10,,65886,15,,,0,10,,65887,15,,,0,10,,65888,15,,,0,10,,65889,15,,,0,50,,65890,15,,,0,10,,65891,15,,,0,10,,65892,15,,,0,10,,65893,15,,,0,10,,65894,15,,,0,10,,65895,15,,,0,50,,65896,15,,,0,10,,65897,15,,,0,10,,65898,15,,,0,10,,65899,15,,,0,10,,65900,15,,,0,10,,65901,15,,,0,50,,65902,15,,,0,10,,65903,15,,,0,10,,65904,15,,,0,10,,65905,15,,,0,10,,65906,15,,,0,10,,65907,15,,,0,50,,65908,15,,,0,10,,65909,15,,,0,10,,65910,15,,,0,10,,65911,15,,,0,10,,65912,15,,,0,10,,65913,15,,,0,50,,65914,15,,,0,10,,65915,15,,,0,10,,65916,15,,,0,10,,65917,15,,,0,10,,65918,15,,,0,10,,65919,15,,,0,50,,65920,15,,,0,10,,65921,15,,,0,10,,65922,15,,,0,10,,65923,15,,,0,10,,65924,15,,,0,10,,65925,15,,,0,50,,65926,15,,,0,10,,65927,15,,,0,10,,65928,15,,,0,10,,65929,15,,,0,10,,65930,15,,,0,10,,65931,15,,,0,50,,65932,15,,,0,10,,65933,15,,,0,10,,65934,15,,,0,10,,65935,15,,,0,10,,65936,15,,,0,10,,65937,15,,,0,50,,65938,15,,,0,15,,65939,15,,,0,15,,65940,15,,,0,15,,65941,15,,,0,70,,65942,15,,,0,30,,65943,15,,,0,70,,65944,15,,,0,30,,65945,15,,,0,70,,65946,15,,,0,30,,65947,15,,,0,70,,65948,15,,,0,30,,65949,15,,,0,70,,65950,15,,,0,30,,65951,15,,,0,70,,65952,15,,,0
722501,'1392',601,,71889,51,0,17,0,120,,71890,51,0,17,0,100,,71891,51,0,17,0,100,,71892,51,0,17,0,100,,71893,51,0,17,0,100,,71894,51,0,17,0,100,,71895,51,0,17,0,100,,71896,51,0,17,0,100,,71897,51,0,17,0,100,,71898,51,0,17,0,100,,71899,51,0,17,0,100,,71900,51,0,17,0,100,,71901,51,0,17,0,100,,71902,51,0,17,0,100,,71903,51,0,17,0,100,,71904,51,0,17,0,100,,71905,51,0,17,0,100,,71906,51,0,17,0
722501,'1393',601,,71907,51,0,17,0,120,,71908,51,0,17,0,100,,71909,51,0,17,0,100,,71910,51,0,17,0,100,,71911,51,0,17,0,100,,71912,51,0,17,0,100,,71913,51,0,17,0,100,,71914,51,0,17,0,100,,71915,51,0,17,0,100,,71916,51,0,17,0,100,,71917,51,0,17,0,100,,71918,51,0,17,0,100,,71919,51,0,17,0,100,,71920,51,0,17,0,100,,71921,51,0,17,0,100,,71922,51,0,17,0,100,,71923,51,0,17,0,100,,71924,51,0,17,0
722501,'1394',601,,71925,51,0,17,0,120,,71926,51,0,17,0,100,,71927,51,0,17,0,100,,71928,51,0,17,0,100,,71929,51,0,17,0,100,,71930,51,0,17,0,100,,71931,51,0,17,0,100,,71932,51,0,17,0,100,,71933,51,0,17,0,100,,71934,51,0,17,0,100,,71935,51,0,17,0,100,,71936,51,0,17,0,100,,71937,51,0,17,0,100,,71938,51,0,17,0,100,,71939,51,0,17,0,100,,71940,51,0,17,0,100,,71941,51,0,17,0,100,,71942,51,0,17,0
722501,'1395',601,,71943,51,0,17,0,120,,71944,51,0,17,0,100,,71945,51,0,17,0,100,,71946,51,0,17,0,100,,71947,51,0,17,0,100,,71948,51,0,17,0,100,,71949,51,0,17,0,100,,71950,51,0,17,0,100,,71951,51,0,17,0,100,,71952,51,0,17,0,100,,71953,51,0,17,0,100,,71954,51,0,17,0,100,,71955,51,0,17,0,100,,71956,51,0,17,0,100,,71957,51,0,17,0,100,,71958,51,0,17,0,100,,71959,51,0,17,0,100,,71960,51,0,17,0
722501,'1396',601,,71961,51,0,17,0,120,,71962,51,0,17,0,100,,71963,51,0,17,0,100,,71964,51,0,17,0,100,,71965,51,0,17,0,100,,71966,51,0,17,0,100,,71967,51,0,17,0,100,,71968,51,0,17,0,100,,71969,51,0,17,0,100,,71970,51,0,17,0,100,,71971,51,0,17,0,100,,71972,51,0,17,0,100,,71973,51,0,17,0,100,,71974,51,0,17,0,100,,71975,51,0,17,0,100,,71976,51,0,17,0,100,,71977,51,0,17,0,100,,71978,51,0,17,0
