1701,'1390',736,,65970,52,,,0,100,,65969,52,,,0,100,,65968,52,,,0,108,,65967,52,,,0,80,,65966,52,,,0,80,,65965,52,,,0,40,,65964,52,,,0,80,,65963,52,,,0,80,,65962,52,,,0,40,,65961,52,,,0,80,,65960,52,,,0,80,,65959,52,,,0,40,,65958,52,,,0,80,,65957,52,,,0,80,,65956,52,,,0,40,,65955,52,,,0,80,,65954,52,,,0,80,,65953,52,,,0
1701,'1391',614,,65996,52,,,0,30,,65997,52,,,0,70,,65998,52,,,0,30,,65999,52,,,0,70,,66000,52,,,0,30,,66001,52,,,0,70,,66002,52,,,0,30,,65971,52,,,0,70,,65972,52,,,0,30,,65973,52,,,0,60,,65974,52,,,0,20,,65975,52,,,0,20,,65976,52,,,0,60,,65977,52,,,0,20,,65978,52,,,0,20,,65979,52,,,0,60,,65980,52,,,0,20,,65981,52,,,0,20,,65982,52,,,0,60,,65983,52,,,0,20,,65984,52,,,0,20,,65985,52,,,0,60,,65986,52,,,0,20,,65987,52,,,0,20,,65988,52,,,0,60,,65989,52,,,0,20,,65990,52,,,0,20,,65991,52,,,0,60,,65992,52,,,0,20,,65993,52,,,0,20,,66003,52,,,0,60,,65994,52,,,0,20,,65995,52,,,0,20,,66004,52,,,0,70,,66005,52,,,0,30,,66006,52,,,0,70,,66007,52,,,0,30,,66008,52,,,0,70,,66009,52,,,0,30,,66010,52,,,0,70,,66011,52,,,0,30,,66012,52,,,0,70,,66013,52,,,0,30,,66014,52,,,0,70,,66015,52,,,0,30,,66016,52,,,0,70,,66017,52,,,0
1701,'1392',612,,66018,52,,,0,30,,66019,52,,,0,15,,66020,52,,,0,55,,66021,52,,,0,15,,66022,52,,,0,15,,66023,52,,,0,10,,66024,52,,,0,50,,66025,52,,,0,10,,66026,52,,,0,10,,66027,52,,,0,10,,66028,52,,,0,10,,66029,52,,,0,10,,66030,52,,,0,50,,66031,52,,,0,10,,66032,52,,,0,10,,66033,52,,,0,10,,66034,52,,,0,10,,66035,52,,,0,10,,66036,52,,,0,50,,66037,52,,,0,10,,66038,52,,,0,10,,66039,52,,,0,10,,66040,52,,,0,10,,66041,52,,,0,10,,66042,52,,,0,50,,66043,52,,,0,10,,66044,52,,,0,10,,66045,52,,,0,10,,66046,52,,,0,10,,66047,52,,,0,10,,66048,52,,,0,50,,66049,52,,,0,10,,66050,52,,,0,10,,66051,52,,,0,10,,66052,52,,,0,10,,66053,52,,,0,10,,66054,52,,,0,50,,66055,52,,,0,10,,66056,52,,,0,10,,66057,52,,,0,10,,66058,52,,,0,10,,66059,52,,,0,10,,66060,52,,,0,50,,66061,52,,,0,10,,66062,52,,,0,10,,66063,52,,,0,10,,66064,52,,,0,10,,66065,52,,,0,10,,66066,52,,,0,50,,66067,52,,,0,10,,66068,52,,,0,10,,66069,52,,,0,10,,66070,52,,,0,10,,66071,52,,,0,10,,66072,52,,,0,50,,66073,52,,,0,10,,66074,52,,,0,10,,66075,52,,,0,10,,66076,52,,,0,10,,66077,52,,,0,10,,66078,52,,,0,50,,66079,52,,,0,10,,66080,52,,,0,10,,66081,52,,,0,10,,66082,52,,,0,10,,66083,52,,,0,10,,66084,52,,,0,50,,66085,52,,,0,10,,66086,52,,,0,10,,66087,52,,,0,10,,66088,52,,,0,10,,66089,52,,,0,15,,66090,52,,,0,55,,66091,52,,,0,15,,66092,52,,,0,15,,66093,52,,,0,70,,66094,52,,,0,30,,66095,52,,,0,70,,66096,52,,,0,30,,66097,52,,,0,70,,66098,52,,,0,30,,66099,52,,,0,70,,66100,52,,,0,30,,66101,52,,,0,70,,66102,52,,,0,30,,66103,52,,,0,70,,66104,52,,,0
1701,'1393',612,,66105,52,,,0,30,,66106,52,,,0,15,,66107,52,,,0,55,,66108,52,,,0,15,,66109,52,,,0,15,,66110,52,,,0,10,,66111,52,,,0,50,,66112,52,,,0,10,,66113,52,,,0,10,,66114,52,,,0,10,,66115,52,,,0,10,,66116,52,,,0,10,,66117,52,,,0,50,,66118,52,,,0,10,,66119,52,,,0,10,,66120,52,,,0,10,,66121,52,,,0,10,,66122,52,,,0,10,,66123,52,,,0,50,,66124,52,,,0,10,,66125,52,,,0,10,,66126,52,,,0,10,,66127,52,,,0,10,,66128,52,,,0,10,,66129,52,,,0,50,,66130,52,,,0,10,,66131,52,,,0,10,,66132,52,,,0,10,,66133,52,,,0,10,,66134,52,,,0,10,,66135,52,,,0,50,,66136,52,,,0,10,,66137,52,,,0,10,,66138,52,,,0,10,,66139,52,,,0,10,,66140,52,,,0,10,,66141,52,,,0,50,,66142,52,,,0,10,,66143,52,,,0,10,,66144,52,,,0,10,,66145,52,,,0,10,,66146,52,,,0,10,,66147,52,,,0,50,,66148,52,,,0,10,,66149,52,,,0,10,,66150,52,,,0,10,,66151,52,,,0,10,,66152,52,,,0,10,,66153,52,,,0,50,,66154,52,,,0,10,,66155,52,,,0,10,,66156,52,,,0,10,,66157,52,,,0,10,,66158,52,,,0,10,,66159,52,,,0,50,,66160,52,,,0,10,,66161,52,,,0,10,,66162,52,,,0,10,,66163,52,,,0,10,,66164,52,,,0,10,,66165,52,,,0,50,,66166,52,,,0,10,,66167,52,,,0,10,,66168,52,,,0,10,,66169,52,,,0,10,,66170,52,,,0,10,,66171,52,,,0,50,,66172,52,,,0,10,,66173,52,,,0,10,,66174,52,,,0,10,,66175,52,,,0,10,,66176,52,,,0,15,,66177,52,,,0,55,,66178,52,,,0,15,,66179,52,,,0,15,,66180,52,,,0,70,,66181,52,,,0,30,,66182,52,,,0,70,,66183,52,,,0,30,,66184,52,,,0,70,,66185,52,,,0,30,,66186,52,,,0,70,,66187,52,,,0,30,,66188,52,,,0,70,,66189,52,,,0,30,,66190,52,,,0,70,,66191,52,,,0
1701,'1394',612,,66192,52,,,0,30,,66193,52,,,0,15,,66194,52,,,0,55,,66195,52,,,0,15,,66196,52,,,0,15,,66197,52,,,0,10,,66198,52,,,0,50,,66199,52,,,0,10,,66200,52,,,0,10,,66201,52,,,0,10,,66202,52,,,0,10,,66203,52,,,0,10,,66204,52,,,0,50,,66205,52,,,0,10,,66206,52,,,0,10,,66207,52,,,0,10,,66208,52,,,0,10,,66209,52,,,0,10,,66210,52,,,0,50,,66211,52,,,0,10,,66212,52,,,0,10,,66213,52,,,0,10,,66214,52,,,0,10,,66215,52,,,0,10,,66216,52,,,0,50,,66217,52,,,0,10,,66218,52,,,0,10,,66219,52,,,0,10,,66220,52,,,0,10,,66221,52,,,0,10,,66222,52,,,0,50,,66223,52,,,0,10,,66224,52,,,0,10,,66225,52,,,0,10,,66226,52,,,0,10,,66227,52,,,0,10,,66228,52,,,0,50,,66229,52,,,0,10,,66230,52,,,0,10,,66231,52,,,0,10,,66232,52,,,0,10,,66233,52,,,0,10,,66234,52,,,0,50,,66235,52,,,0,10,,66236,52,,,0,10,,66237,52,,,0,10,,66238,52,,,0,10,,66239,52,,,0,10,,66240,52,,,0,50,,66241,52,,,0,10,,66242,52,,,0,10,,66243,52,,,0,10,,66244,52,,,0,10,,66245,52,,,0,10,,66246,52,,,0,50,,66247,52,,,0,10,,66248,52,,,0,10,,66249,52,,,0,10,,66250,52,,,0,10,,66251,52,,,0,10,,66252,52,,,0,50,,66253,52,,,0,10,,66254,52,,,0,10,,66255,52,,,0,10,,66256,52,,,0,10,,66257,52,,,0,10,,66258,52,,,0,50,,66259,52,,,0,10,,66260,52,,,0,10,,66261,52,,,0,10,,66262,52,,,0,10,,66263,52,,,0,15,,66264,52,,,0,55,,66265,52,,,0,15,,66266,52,,,0,15,,66267,52,,,0,70,,66268,52,,,0,30,,66269,52,,,0,70,,66270,52,,,0,30,,66271,52,,,0,70,,66272,52,,,0,30,,66273,52,,,0,70,,66274,52,,,0,30,,66275,52,,,0,70,,66276,52,,,0,30,,66277,52,,,0,70,,66278,52,,,0
1701,'1395',612,,66279,52,,,0,30,,66280,52,,,0,15,,66281,52,,,0,55,,66282,52,,,0,15,,66283,52,,,0,15,,66284,52,,,0,10,,66285,52,,,0,50,,66286,52,,,0,10,,66287,52,,,0,10,,66288,52,,,0,10,,66289,52,,,0,10,,66290,52,,,0,10,,66291,52,,,0,50,,66292,52,,,0,10,,66293,52,,,0,10,,66294,52,,,0,10,,66295,52,,,0,10,,66296,52,,,0,10,,66297,52,,,0,50,,66298,52,,,0,10,,66299,52,,,0,10,,66300,52,,,0,10,,66301,52,,,0,10,,66302,52,,,0,10,,66303,52,,,0,50,,66304,52,,,0,10,,66305,52,,,0,10,,66306,52,,,0,10,,66307,52,,,0,10,,66308,52,,,0,10,,66309,52,,,0,50,,66310,52,,,0,10,,66311,52,,,0,10,,66312,52,,,0,10,,66313,52,,,0,10,,66314,52,,,0,10,,66315,52,,,0,50,,66316,52,,,0,10,,66317,52,,,0,10,,66318,52,,,0,10,,66319,52,,,0,10,,66320,52,,,0,10,,66321,52,,,0,50,,66322,52,,,0,10,,66323,52,,,0,10,,66324,52,,,0,10,,66325,52,,,0,10,,66326,52,,,0,10,,66327,52,,,0,50,,66328,52,,,0,10,,66329,52,,,0,10,,66330,52,,,0,10,,66331,52,,,0,10,,66332,52,,,0,10,,66333,52,,,0,50,,66334,52,,,0,10,,66335,52,,,0,10,,66336,52,,,0,10,,66337,52,,,0,10,,66338,52,,,0,10,,66339,52,,,0,50,,66340,52,,,0,10,,66341,52,,,0,10,,66342,52,,,0,10,,66343,52,,,0,10,,66344,52,,,0,10,,66345,52,,,0,50,,66346,52,,,0,10,,66347,52,,,0,10,,66348,52,,,0,10,,66349,52,,,0,10,,66350,52,,,0,15,,66351,52,,,0,55,,66352,52,,,0,15,,66353,52,,,0,15,,66354,52,,,0,70,,66355,52,,,0,30,,66356,52,,,0,70,,66357,52,,,0,30,,66358,52,,,0,70,,66359,52,,,0,30,,66360,52,,,0,70,,66361,52,,,0,30,,66362,52,,,0,70,,66363,52,,,0,30,,66364,52,,,0,70,,66365,52,,,0
1701,'1396',612,,66366,52,,,0,30,,66367,52,,,0,15,,66368,52,,,0,55,,66369,52,,,0,15,,66370,52,,,0,15,,66371,52,,,0,10,,66372,52,,,0,50,,66373,52,,,0,10,,66374,52,,,0,10,,66375,52,,,0,10,,66376,52,,,0,10,,66377,52,,,0,10,,66378,52,,,0,50,,66379,52,,,0,10,,66380,52,,,0,10,,66381,52,,,0,10,,66382,52,,,0,10,,66383,52,,,0,10,,66384,52,,,0,50,,66385,52,,,0,10,,66386,52,,,0,10,,66387,52,,,0,10,,66388,52,,,0,10,,66389,52,,,0,10,,66390,52,,,0,50,,66391,52,,,0,10,,66392,52,,,0,10,,66393,52,,,0,10,,66394,52,,,0,10,,66395,52,,,0,10,,66396,52,,,0,50,,66397,52,,,0,10,,66398,52,,,0,10,,66399,52,,,0,10,,66400,52,,,0,10,,66401,52,,,0,10,,66402,52,,,0,50,,66403,52,,,0,10,,66404,52,,,0,10,,66405,52,,,0,10,,66406,52,,,0,10,,66407,52,,,0,10,,66408,52,,,0,50,,66409,52,,,0,10,,66410,52,,,0,10,,66411,52,,,0,10,,66412,52,,,0,10,,66413,52,,,0,10,,66414,52,,,0,50,,66415,52,,,0,10,,66416,52,,,0,10,,66417,52,,,0,10,,66418,52,,,0,10,,66419,52,,,0,10,,66420,52,,,0,50,,66421,52,,,0,10,,66422,52,,,0,10,,66423,52,,,0,10,,66424,52,,,0,10,,66425,52,,,0,10,,66426,52,,,0,50,,66427,52,,,0,10,,66428,52,,,0,10,,66429,52,,,0,10,,66430,52,,,0,10,,66431,52,,,0,10,,66432,52,,,0,50,,66433,52,,,0,10,,66434,52,,,0,10,,66435,52,,,0,10,,66436,52,,,0,10,,66437,52,,,0,15,,66438,52,,,0,55,,66439,52,,,0,15,,66440,52,,,0,15,,66441,52,,,0,70,,66442,52,,,0,30,,66443,52,,,0,70,,66444,52,,,0,30,,66445,52,,,0,70,,66446,52,,,0,30,,66447,52,,,0,70,,66448,52,,,0,30,,66449,52,,,0,70,,66450,52,,,0,30,,66451,52,,,0,70,,66452,52,,,0
1901,'1390',939,,67517,54,,,0,100,,67516,54,,,0,100,,67515,54,,,0,100,,67514,54,,,0,100,,67513,54,,,0,100,,67512,54,,,0,100,,67511,54,,,0,100,,67510,54,,,0,100,,67509,54,,,0,100,,67508,54,,,0,100,,67507,54,,,0,100,,67506,54,,,0
1901,'1391',839,,67518,54,,,0,100,,67519,54,,,0,100,,67520,54,,,0,70,,67521,54,,,0,30,,67522,54,,,0,70,,67523,54,,,0,30,,67524,54,,,0,70,,67525,54,,,0,30,,67526,54,,,0,70,,67527,54,,,0,30,,67528,54,,,0,70,,67529,54,,,0,30,,67530,54,,,0,70,,67531,54,,,0,30,,67532,54,,,0,70,,67533,54,,,0,30,,67534,54,,,0,70,,67535,54,,,0,30,,67536,54,,,0,70,,67537,54,,,0,30,,67538,54,,,0,70,,67539,54,,,0,30,,67540,54,,,0,100,,67541,54,,,0,100,,67542,54,,,0,100,,67543,54,,,0
1901,'1392',639,,67544,54,,,0,70,,67545,54,,,0,30,,67546,54,,,0,70,,67547,54,,,0,30,,67548,54,,,0,70,,67549,54,,,0,30,,67550,54,,,0,70,,67551,54,,,0,30,,67552,54,,,0,70,,67553,54,,,0,30,,67554,54,,,0,70,,67555,54,,,0,30,,67556,54,,,0,70,,67557,54,,,0,30,,67558,54,,,0,70,,67559,54,,,0,30,,67560,54,,,0,70,,67561,54,,,0,30,,67562,54,,,0,70,,67563,54,,,0,30,,67564,54,,,0,70,,67565,54,,,0,30,,67566,54,,,0,70,,67567,54,,,0,30,,67568,54,,,0,70,,67569,54,,,0,30,,67570,54,,,0,70,,67571,54,,,0,30,,67572,54,,,0,70,,67573,54,,,0,30,,67574,54,,,0,70,,67575,54,,,0,100,,67576,54,,,0,100,,67577,54,,,0
1901,'1393',639,,67578,54,,,0,70,,67579,54,,,0,30,,67580,54,,,0,70,,67581,54,,,0,30,,67582,54,,,0,70,,67583,54,,,0,30,,67584,54,,,0,70,,67585,54,,,0,30,,67586,54,,,0,70,,67587,54,,,0,30,,67588,54,,,0,70,,67589,54,,,0,30,,67590,54,,,0,70,,67591,54,,,0,30,,67592,54,,,0,70,,67593,54,,,0,30,,67594,54,,,0,70,,67595,54,,,0,30,,67596,54,,,0,70,,67597,54,,,0,30,,67598,54,,,0,70,,67599,54,,,0,30,,67600,54,,,0,70,,67601,54,,,0,30,,67602,54,,,0,70,,67603,54,,,0,30,,67604,54,,,0,70,,67605,54,,,0,30,,67606,54,,,0,70,,67607,54,,,0,30,,67608,54,,,0,70,,67609,54,,,0,100,,67610,54,,,0,100,,67611,54,,,0
1901,'1394',639,,67612,54,,,0,70,,67613,54,,,0,30,,67614,54,,,0,70,,67615,54,,,0,30,,67616,54,,,0,70,,67617,54,,,0,30,,67618,54,,,0,70,,67619,54,,,0,30,,67620,54,,,0,70,,67621,54,,,0,30,,67622,54,,,0,70,,67623,54,,,0,30,,67624,54,,,0,70,,67625,54,,,0,30,,67626,54,,,0,70,,67627,54,,,0,30,,67628,54,,,0,70,,67629,54,,,0,30,,67630,54,,,0,70,,67631,54,,,0,30,,67632,54,,,0,70,,67633,54,,,0,30,,67634,54,,,0,70,,67635,54,,,0,30,,67636,54,,,0,70,,67637,54,,,0,30,,67638,54,,,0,70,,67639,54,,,0,30,,67640,54,,,0,70,,67641,54,,,0,30,,67642,54,,,0,70,,67643,54,,,0,100,,67644,54,,,0,100,,67645,54,,,0
1901,'1395',639,,67646,54,,,0,70,,67647,54,,,0,30,,67648,54,,,0,70,,67649,54,,,0,30,,67650,54,,,0,70,,67651,54,,,0,30,,67652,54,,,0,70,,67653,54,,,0,30,,67654,54,,,0,70,,67655,54,,,0,30,,67656,54,,,0,70,,67657,54,,,0,30,,67658,54,,,0,70,,67659,54,,,0,30,,67660,54,,,0,70,,67661,54,,,0,30,,67662,54,,,0,70,,67663,54,,,0,30,,67664,54,,,0,70,,67665,54,,,0,30,,67666,54,,,0,70,,67667,54,,,0,30,,67668,54,,,0,70,,67669,54,,,0,30,,67670,54,,,0,70,,67671,54,,,0,30,,67672,54,,,0,70,,67673,54,,,0,30,,67674,54,,,0,70,,67675,54,,,0,30,,67676,54,,,0,70,,67677,54,,,0,100,,67678,54,,,0,100,,67679,54,,,0
1901,'1396',639,,67680,54,,,0,70,,67681,54,,,0,30,,67682,54,,,0,70,,67683,54,,,0,30,,67684,54,,,0,70,,67685,54,,,0,30,,67686,54,,,0,70,,67687,54,,,0,30,,67688,54,,,0,70,,67689,54,,,0,30,,67690,54,,,0,70,,67691,54,,,0,30,,67692,54,,,0,70,,67693,54,,,0,30,,67694,54,,,0,70,,67695,54,,,0,30,,67696,54,,,0,70,,67697,54,,,0,30,,67698,54,,,0,70,,67699,54,,,0,30,,67700,54,,,0,70,,67701,54,,,0,30,,67702,54,,,0,70,,67703,54,,,0,30,,67704,54,,,0,70,,67705,54,,,0,30,,67706,54,,,0,70,,67707,54,,,0,30,,67708,54,,,0,70,,67709,54,,,0,30,,67710,54,,,0,70,,67711,54,,,0,100,,67712,54,,,0,100,,67713,54,,,0
