721304,'1390',824,,71060,41,0,14,0,80,,71059,41,0,14,0,40,,71058,41,0,14,0,80,,71057,41,0,14,0,80,,71056,41,0,14,0,40,,71055,41,0,14,0,80,,71054,41,0,14,0,80,,71053,41,0,14,0,40,,71052,41,0,14,0,80,,71051,41,0,14,0,80,,71050,41,0,14,0,40,,71049,41,0,14,0,80,,71048,41,0,14,0,80,,71047,41,0,14,0,40,,71046,41,0,14,0,80,,71045,41,0,14,0,80,,71044,41,0,14,0,40,,71043,41,0,14,0
721304,'1391',624,,71061,41,0,14,0,80,,71062,41,0,14,0,40,,71063,41,0,14,0,80,,71064,41,0,14,0,80,,71065,41,0,14,0,40,,71066,41,0,14,0,80,,71067,41,0,14,0,80,,71068,41,0,14,0,40,,71069,41,0,14,0,60,,71070,41,0,14,0,20,,71071,41,0,14,0,20,,71072,41,0,14,0,60,,71073,41,0,14,0,20,,71074,41,0,14,0,20,,71075,41,0,14,0,60,,71076,41,0,14,0,20,,71077,41,0,14,0,20,,71078,41,0,14,0,60,,71079,41,0,14,0,20,,71080,41,0,14,0,20,,71081,41,0,14,0,60,,71082,41,0,14,0,20,,71083,41,0,14,0,20,,71084,41,0,14,0,60,,71085,41,0,14,0,20,,71086,41,0,14,0,20,,71087,41,0,14,0,60,,71088,41,0,14,0,20,,71089,41,0,14,0,80,,71090,41,0,14,0,40,,71091,41,0,14,0,80,,71092,41,0,14,0,80,,71093,41,0,14,0,40,,71094,41,0,14,0,80,,71095,41,0,14,0,80,,71096,41,0,14,0
721304,'1392',558,,71097,41,0,14,0,85,,71098,41,0,14,0,60,,71099,41,0,14,0,25,,71100,41,0,14,0,20,,71101,41,0,14,0,65,,71102,41,0,14,0,20,,71103,41,0,14,0,25,,71104,41,0,14,0,60,,71105,41,0,14,0,25,,71106,41,0,14,0,60,,71107,41,0,14,0,25,,71108,41,0,14,0,20,,71109,41,0,14,0,65,,71110,41,0,14,0,20,,71111,41,0,14,0,25,,71112,41,0,14,0,60,,71113,41,0,14,0,25,,71114,41,0,14,0,60,,71115,41,0,14,0,25,,71116,41,0,14,0,20,,71117,41,0,14,0,65,,71118,41,0,14,0,20,,71119,41,0,14,0,25,,71120,41,0,14,0,60,,71121,41,0,14,0,25,,71122,41,0,14,0,60,,71123,41,0,14,0,25,,71124,41,0,14,0,20,,71125,41,0,14,0,65,,71126,41,0,14,0,20,,71127,41,0,14,0,25,,71128,41,0,14,0,60,,71129,41,0,14,0,30,,71130,41,0,14,0,76,,71131,41,0,14,0,80,,71132,41,0,14,0,40,,71133,41,0,14,0,80,,71134,41,0,14,0,80,,71135,41,0,14,0,40,,71136,41,0,14,0,80,,71137,41,0,14,0
721304,'1393',558,,71138,41,0,14,0,85,,71139,41,0,14,0,60,,71140,41,0,14,0,25,,71141,41,0,14,0,20,,71142,41,0,14,0,65,,71143,41,0,14,0,20,,71144,41,0,14,0,25,,71145,41,0,14,0,60,,71146,41,0,14,0,25,,71147,41,0,14,0,60,,71148,41,0,14,0,25,,71149,41,0,14,0,20,,71150,41,0,14,0,65,,71151,41,0,14,0,20,,71152,41,0,14,0,25,,71153,41,0,14,0,60,,71154,41,0,14,0,25,,71155,41,0,14,0,60,,71156,41,0,14,0,25,,71157,41,0,14,0,20,,71158,41,0,14,0,65,,71159,41,0,14,0,20,,71160,41,0,14,0,25,,71161,41,0,14,0,60,,71162,41,0,14,0,25,,71163,41,0,14,0,60,,71164,41,0,14,0,25,,71165,41,0,14,0,20,,71166,41,0,14,0,65,,71167,41,0,14,0,20,,71168,41,0,14,0,25,,71169,41,0,14,0,60,,71170,41,0,14,0,30,,71171,41,0,14,0,76,,71172,41,0,14,0,80,,71173,41,0,14,0,40,,71174,41,0,14,0,80,,71175,41,0,14,0,80,,71176,41,0,14,0,40,,71177,41,0,14,0,80,,71178,41,0,14,0
721304,'1394',558,,71179,41,0,14,0,85,,71180,41,0,14,0,60,,71181,41,0,14,0,25,,71182,41,0,14,0,20,,71183,41,0,14,0,65,,71184,41,0,14,0,20,,71185,41,0,14,0,25,,71186,41,0,14,0,60,,71187,41,0,14,0,25,,71188,41,0,14,0,60,,71189,41,0,14,0,25,,71190,41,0,14,0,20,,71191,41,0,14,0,65,,71192,41,0,14,0,20,,71193,41,0,14,0,25,,71194,41,0,14,0,60,,71195,41,0,14,0,25,,71196,41,0,14,0,60,,71197,41,0,14,0,25,,71198,41,0,14,0,20,,71199,41,0,14,0,65,,71200,41,0,14,0,20,,71201,41,0,14,0,25,,71202,41,0,14,0,60,,71203,41,0,14,0,25,,71204,41,0,14,0,60,,71205,41,0,14,0,25,,71206,41,0,14,0,20,,71207,41,0,14,0,65,,71208,41,0,14,0,20,,71209,41,0,14,0,25,,71210,41,0,14,0,60,,71211,41,0,14,0,30,,71212,41,0,14,0,76,,71213,41,0,14,0,80,,71214,41,0,14,0,40,,71215,41,0,14,0,80,,71216,41,0,14,0,80,,71217,41,0,14,0,40,,71218,41,0,14,0,80,,71219,41,0,14,0
721304,'1395',558,,71220,41,0,14,0,85,,71221,41,0,14,0,60,,71222,41,0,14,0,25,,71223,41,0,14,0,20,,71224,41,0,14,0,65,,71225,41,0,14,0,20,,71226,41,0,14,0,25,,71227,41,0,14,0,60,,71228,41,0,14,0,25,,71229,41,0,14,0,60,,71230,41,0,14,0,25,,71231,41,0,14,0,20,,71232,41,0,14,0,65,,71233,41,0,14,0,20,,71234,41,0,14,0,25,,71235,41,0,14,0,60,,71236,41,0,14,0,25,,71237,41,0,14,0,60,,71238,41,0,14,0,25,,71239,41,0,14,0,20,,71240,41,0,14,0,65,,71241,41,0,14,0,20,,71242,41,0,14,0,25,,71243,41,0,14,0,60,,71244,41,0,14,0,25,,71245,41,0,14,0,60,,71246,41,0,14,0,25,,71247,41,0,14,0,20,,71248,41,0,14,0,65,,71249,41,0,14,0,20,,71250,41,0,14,0,25,,71251,41,0,14,0,60,,71252,41,0,14,0,30,,71253,41,0,14,0,76,,71254,41,0,14,0,80,,71255,41,0,14,0,40,,71256,41,0,14,0,80,,71257,41,0,14,0,80,,71258,41,0,14,0,40,,71259,41,0,14,0,80,,71260,41,0,14,0
721304,'1396',558,,71261,41,0,14,0,85,,71262,41,0,14,0,60,,71263,41,0,14,0,25,,71264,41,0,14,0,20,,71265,41,0,14,0,65,,71266,41,0,14,0,20,,71267,41,0,14,0,25,,71268,41,0,14,0,60,,71269,41,0,14,0,25,,71270,41,0,14,0,60,,71271,41,0,14,0,25,,71272,41,0,14,0,20,,71273,41,0,14,0,65,,71274,41,0,14,0,20,,71275,41,0,14,0,25,,71276,41,0,14,0,60,,71277,41,0,14,0,25,,71278,41,0,14,0,60,,71279,41,0,14,0,25,,71280,41,0,14,0,20,,71281,41,0,14,0,65,,71282,41,0,14,0,20,,71283,41,0,14,0,25,,71284,41,0,14,0,60,,71285,41,0,14,0,25,,71286,41,0,14,0,60,,71287,41,0,14,0,25,,71288,41,0,14,0,20,,71289,41,0,14,0,65,,71290,41,0,14,0,20,,71291,41,0,14,0,25,,71292,41,0,14,0,60,,71293,41,0,14,0,30,,71294,41,0,14,0,76,,71295,41,0,14,0,80,,71296,41,0,14,0,40,,71297,41,0,14,0,80,,71298,41,0,14,0,80,,71299,41,0,14,0,40,,71300,41,0,14,0,80,,71301,41,0,14,0
722600,'1392',725,,72072,12,,,0,85,,72069,12,,,0,690,,72070,13,,,0,42,,72071,13,,,0
722600,'1393',725,,72076,12,,,0,85,,72073,12,,,0,690,,72074,13,,,0,42,,72075,13,,,0
722600,'1394',725,,72080,12,,,0,85,,72077,12,,,0,690,,72078,13,,,0,42,,72079,13,,,0
722600,'1395',725,,72084,12,,,0,85,,72081,12,,,0,690,,72082,13,,,0,42,,72083,13,,,0
722600,'1396',725,,72088,12,,,0,85,,72085,12,,,0,690,,72086,13,,,0,42,,72087,13,,,0
