722501,'1392',542,,71889,37,0,17,0,160,,71890,37,0,17,0,100,,71891,37,0,17,0,100,,71892,37,0,17,0,100,,71893,37,0,17,0,100,,71894,37,0,17,0,100,,71895,37,0,17,0,100,,71896,37,0,17,0,100,,71897,37,0,17,0,100,,71898,37,0,17,0,100,,71899,37,0,17,0,100,,71900,37,0,17,0,100,,71901,37,0,17,0,100,,71902,37,0,17,0,100,,71903,37,0,17,0,100,,71904,37,0,17,0,100,,71905,37,0,17,0,100,,71906,37,0,17,0
722501,'1393',542,,71907,37,0,17,0,160,,71908,37,0,17,0,100,,71909,37,0,17,0,100,,71910,37,0,17,0,100,,71911,37,0,17,0,100,,71912,37,0,17,0,100,,71913,37,0,17,0,100,,71914,37,0,17,0,100,,71915,37,0,17,0,100,,71916,37,0,17,0,100,,71917,37,0,17,0,100,,71918,37,0,17,0,100,,71919,37,0,17,0,100,,71920,37,0,17,0,100,,71921,37,0,17,0,100,,71922,37,0,17,0,100,,71923,37,0,17,0,100,,71924,37,0,17,0
722501,'1394',542,,71925,37,0,17,0,160,,71926,37,0,17,0,100,,71927,37,0,17,0,100,,71928,37,0,17,0,100,,71929,37,0,17,0,100,,71930,37,0,17,0,100,,71931,37,0,17,0,100,,71932,37,0,17,0,100,,71933,37,0,17,0,100,,71934,37,0,17,0,100,,71935,37,0,17,0,100,,71936,37,0,17,0,100,,71937,37,0,17,0,100,,71938,37,0,17,0,100,,71939,37,0,17,0,100,,71940,37,0,17,0,100,,71941,37,0,17,0,100,,71942,37,0,17,0
722501,'1395',542,,71943,37,0,17,0,160,,71944,37,0,17,0,100,,71945,37,0,17,0,100,,71946,37,0,17,0,100,,71947,37,0,17,0,100,,71948,37,0,17,0,100,,71949,37,0,17,0,100,,71950,37,0,17,0,100,,71951,37,0,17,0,100,,71952,37,0,17,0,100,,71953,37,0,17,0,100,,71954,37,0,17,0,100,,71955,37,0,17,0,100,,71956,37,0,17,0,100,,71957,37,0,17,0,100,,71958,37,0,17,0,100,,71959,37,0,17,0,100,,71960,37,0,17,0
722501,'1396',542,,71961,37,0,17,0,160,,71962,37,0,17,0,100,,71963,37,0,17,0,100,,71964,37,0,17,0,100,,71965,37,0,17,0,100,,71966,37,0,17,0,100,,71967,37,0,17,0,100,,71968,37,0,17,0,100,,71969,37,0,17,0,100,,71970,37,0,17,0,100,,71971,37,0,17,0,100,,71972,37,0,17,0,100,,71973,37,0,17,0,100,,71974,37,0,17,0,100,,71975,37,0,17,0,100,,71976,37,0,17,0,100,,71977,37,0,17,0,100,,71978,37,0,17,0
722502,'1392',553,,71979,19,0,16,0,100,,71980,19,0,16,0,100,,71981,19,0,16,0,100,,71982,19,0,16,0,100,,71983,19,0,16,0,100,,71984,19,0,16,0,100,,71985,19,0,16,0,100,,71986,19,0,16,0,100,,71987,19,0,16,0,100,,71988,19,0,16,0,100,,71989,19,0,16,0,100,,71990,19,0,16,0,100,,71991,19,0,16,0,100,,71992,19,0,16,0,100,,71993,19,0,16,0,100,,71994,19,0,16,0,100,,71995,19,0,16,0,100,,71996,19,0,16,0
722502,'1393',553,,71997,19,0,16,0,100,,71998,19,0,16,0,100,,71999,19,0,16,0,100,,72000,19,0,16,0,100,,72001,19,0,16,0,100,,72002,19,0,16,0,100,,72003,19,0,16,0,100,,72004,19,0,16,0,100,,72005,19,0,16,0,100,,72006,19,0,16,0,100,,72007,19,0,16,0,100,,72008,19,0,16,0,100,,72009,19,0,16,0,100,,72010,19,0,16,0,100,,72011,19,0,16,0,100,,72012,19,0,16,0,100,,72013,19,0,16,0,100,,72014,19,0,16,0
722502,'1394',553,,72015,19,0,16,0,100,,72016,19,0,16,0,100,,72017,19,0,16,0,100,,72018,19,0,16,0,100,,72019,19,0,16,0,100,,72020,19,0,16,0,100,,72021,19,0,16,0,100,,72022,19,0,16,0,100,,72023,19,0,16,0,100,,72024,19,0,16,0,100,,72025,19,0,16,0,100,,72026,19,0,16,0,100,,72027,19,0,16,0,100,,72028,19,0,16,0,100,,72029,19,0,16,0,100,,72030,19,0,16,0,100,,72031,19,0,16,0,100,,72032,19,0,16,0
722502,'1395',553,,72033,19,0,16,0,100,,72034,19,0,16,0,100,,72035,19,0,16,0,100,,72036,19,0,16,0,100,,72037,19,0,16,0,100,,72038,19,0,16,0,100,,72039,19,0,16,0,100,,72040,19,0,16,0,100,,72041,19,0,16,0,100,,72042,19,0,16,0,100,,72043,19,0,16,0,100,,72044,19,0,16,0,100,,72045,19,0,16,0,100,,72046,19,0,16,0,100,,72047,19,0,16,0,100,,72048,19,0,16,0,100,,72049,19,0,16,0,100,,72050,19,0,16,0
722502,'1396',553,,72051,19,0,16,0,100,,72052,19,0,16,0,100,,72053,19,0,16,0,100,,72054,19,0,16,0,100,,72055,19,0,16,0,100,,72056,19,0,16,0,100,,72057,19,0,16,0,100,,72058,19,0,16,0,100,,72059,19,0,16,0,100,,72060,19,0,16,0,100,,72061,19,0,16,0,100,,72062,19,0,16,0,100,,72063,19,0,16,0,100,,72064,19,0,16,0,100,,72065,19,0,16,0,100,,72066,19,0,16,0,100,,72067,19,0,16,0,100,,72068,19,0,16,0
