721404,'1390',934,,71430,48,0,14,0,110,,71429,48,0,14,0,110,,71428,48,0,14,0,150,,71427,48,0,14,0,110,,71426,48,0,14,0,110,,71425,48,0,14,0,110,,71424,48,0,14,0,110,,71423,48,0,14,0
721404,'1391',833,,71431,48,0,14,0,110,,71432,48,0,14,0,110,,71433,48,0,14,0,150,,71434,48,0,14,0,110,,71435,48,0,14,0,113,,71436,48,0,14,0,85,,71437,48,0,14,0,45,,71438,48,0,14,0,85,,71439,48,0,14,0,85,,71440,48,0,14,0,85,,71441,48,0,14,0,46,,71442,48,0,14,0,85,,71443,48,0,14,0
721404,'1392',659,,71444,48,0,14,0,97,,71445,48,0,14,0,85,,71446,48,0,14,0,85,,71447,48,0,14,0,84,,71448,48,0,14,0,45,,71449,48,0,14,0,85,,71450,48,0,14,0,85,,71451,48,0,14,0,85,,71452,48,0,14,0,45,,71453,48,0,14,0,85,,71454,48,0,14,0,85,,71455,48,0,14,0,85,,71456,48,0,14,0,45,,71457,48,0,14,0,85,,71458,48,0,14,0,85,,71459,48,0,14,0,86,,71460,48,0,14,0,45,,71461,48,0,14,0,85,,71462,48,0,14,0,85,,71463,48,0,14,0
721404,'1393',659,,71464,48,0,14,0,97,,71465,48,0,14,0,85,,71466,48,0,14,0,85,,71467,48,0,14,0,84,,71468,48,0,14,0,45,,71469,48,0,14,0,85,,71470,48,0,14,0,85,,71471,48,0,14,0,85,,71472,48,0,14,0,45,,71473,48,0,14,0,85,,71474,48,0,14,0,85,,71475,48,0,14,0,85,,71476,48,0,14,0,45,,71477,48,0,14,0,85,,71478,48,0,14,0,85,,71479,48,0,14,0,86,,71480,48,0,14,0,45,,71481,48,0,14,0,85,,71482,48,0,14,0,85,,71483,48,0,14,0
721404,'1394',659,,71484,48,0,14,0,97,,71485,48,0,14,0,85,,71486,48,0,14,0,85,,71487,48,0,14,0,84,,71488,48,0,14,0,45,,71489,48,0,14,0,85,,71490,48,0,14,0,85,,71491,48,0,14,0,85,,71492,48,0,14,0,45,,71493,48,0,14,0,85,,71494,48,0,14,0,85,,71495,48,0,14,0,85,,71496,48,0,14,0,45,,71497,48,0,14,0,85,,71498,48,0,14,0,85,,71499,48,0,14,0,86,,71500,48,0,14,0,45,,71501,48,0,14,0,85,,71502,48,0,14,0,85,,71503,48,0,14,0
721404,'1395',659,,71504,48,0,14,0,97,,71505,48,0,14,0,85,,71506,48,0,14,0,85,,71507,48,0,14,0,84,,71508,48,0,14,0,45,,71509,48,0,14,0,85,,71510,48,0,14,0,85,,71511,48,0,14,0,85,,71512,48,0,14,0,45,,71513,48,0,14,0,85,,71514,48,0,14,0,85,,71515,48,0,14,0,85,,71516,48,0,14,0,45,,71517,48,0,14,0,85,,71518,48,0,14,0,85,,71519,48,0,14,0,86,,71520,48,0,14,0,45,,71521,48,0,14,0,85,,71522,48,0,14,0,85,,71523,48,0,14,0
721404,'1396',659,,71524,48,0,14,0,97,,71525,48,0,14,0,85,,71526,48,0,14,0,85,,71527,48,0,14,0,84,,71528,48,0,14,0,45,,71529,48,0,14,0,85,,71530,48,0,14,0,85,,71531,48,0,14,0,85,,71532,48,0,14,0,45,,71533,48,0,14,0,85,,71534,48,0,14,0,85,,71535,48,0,14,0,85,,71536,48,0,14,0,45,,71537,48,0,14,0,85,,71538,48,0,14,0,85,,71539,48,0,14,0,86,,71540,48,0,14,0,45,,71541,48,0,14,0,85,,71542,48,0,14,0,85,,71543,48,0,14,0
722502,'1392',627,,71979,58,0,16,0,100,,71980,58,0,16,0,100,,71981,58,0,16,0,100,,71982,58,0,16,0,100,,71983,58,0,16,0,100,,71984,58,0,16,0,100,,71985,58,0,16,0,100,,71986,58,0,16,0,100,,71987,58,0,16,0,100,,71988,58,0,16,0,100,,71989,58,0,16,0,100,,71990,58,0,16,0,100,,71991,58,0,16,0,100,,71992,58,0,16,0,100,,71993,58,0,16,0,100,,71994,58,0,16,0,100,,71995,58,0,16,0,100,,71996,58,0,16,0
722502,'1393',627,,71997,58,0,16,0,100,,71998,58,0,16,0,100,,71999,58,0,16,0,100,,72000,58,0,16,0,100,,72001,58,0,16,0,100,,72002,58,0,16,0,100,,72003,58,0,16,0,100,,72004,58,0,16,0,100,,72005,58,0,16,0,100,,72006,58,0,16,0,100,,72007,58,0,16,0,100,,72008,58,0,16,0,100,,72009,58,0,16,0,100,,72010,58,0,16,0,100,,72011,58,0,16,0,100,,72012,58,0,16,0,100,,72013,58,0,16,0,100,,72014,58,0,16,0
722502,'1394',627,,72015,58,0,16,0,100,,72016,58,0,16,0,100,,72017,58,0,16,0,100,,72018,58,0,16,0,100,,72019,58,0,16,0,100,,72020,58,0,16,0,100,,72021,58,0,16,0,100,,72022,58,0,16,0,100,,72023,58,0,16,0,100,,72024,58,0,16,0,100,,72025,58,0,16,0,100,,72026,58,0,16,0,100,,72027,58,0,16,0,100,,72028,58,0,16,0,100,,72029,58,0,16,0,100,,72030,58,0,16,0,100,,72031,58,0,16,0,100,,72032,58,0,16,0
722502,'1395',627,,72033,58,0,16,0,100,,72034,58,0,16,0,100,,72035,58,0,16,0,100,,72036,58,0,16,0,100,,72037,58,0,16,0,100,,72038,58,0,16,0,100,,72039,58,0,16,0,100,,72040,58,0,16,0,100,,72041,58,0,16,0,100,,72042,58,0,16,0,100,,72043,58,0,16,0,100,,72044,58,0,16,0,100,,72045,58,0,16,0,100,,72046,58,0,16,0,100,,72047,58,0,16,0,100,,72048,58,0,16,0,100,,72049,58,0,16,0,100,,72050,58,0,16,0
722502,'1396',627,,72051,58,0,16,0,100,,72052,58,0,16,0,100,,72053,58,0,16,0,100,,72054,58,0,16,0,100,,72055,58,0,16,0,100,,72056,58,0,16,0,100,,72057,58,0,16,0,100,,72058,58,0,16,0,100,,72059,58,0,16,0,100,,72060,58,0,16,0,100,,72061,58,0,16,0,100,,72062,58,0,16,0,100,,72063,58,0,16,0,100,,72064,58,0,16,0,100,,72065,58,0,16,0,100,,72066,58,0,16,0,100,,72067,58,0,16,0,100,,72068,58,0,16,0
