1600,'1390',1044,,64907,16,,,0,70,,64906,16,,,0,45,,64905,16,,,0,70,,64904,16,,,0,30,,64903,16,,,0,70,,64902,16,,,0,30,,64901,16,,,0,70,,64900,16,,,0,30,,64899,16,,,0,70,,64898,16,,,0,30,,64897,16,,,0,70,,64896,16,,,0,30,,64895,16,,,0,60,,64894,16,,,0,10,,64893,16,,,0,30,,64892,16,,,0,60,,64891,16,,,0,10,,64890,16,,,0,30,,64889,16,,,0,70,,64888,16,,,0,30,,64887,16,,,0
1600,'1391',732,,64908,16,,,0,70,,64909,16,,,0,30,,64910,16,,,0,70,,64911,16,,,0,30,,64912,16,,,0,70,,64913,16,,,0,30,,64914,16,,,0,70,,64915,16,,,0,20,,64916,16,,,0,20,,64917,16,,,0,60,,64918,16,,,0,20,,64919,16,,,0,20,,64920,16,,,0,60,,64921,16,,,0,20,,64922,16,,,0,20,,64923,16,,,0,60,,64924,16,,,0,20,,64925,16,,,0,20,,64926,16,,,0,60,,64927,16,,,0,20,,64928,16,,,0,20,,64929,16,,,0,60,,64930,16,,,0,20,,64931,16,,,0,20,,64932,16,,,0,60,,64933,16,,,0,20,,64934,16,,,0,20,,64935,16,,,0,60,,64936,16,,,0,20,,64937,16,,,0,5,,64938,16,,,0,15,,64939,16,,,0,60,,64940,16,,,0,30,,64941,16,,,0,70,,64942,16,,,0,30,,64943,16,,,0,70,,64944,16,,,0,30,,64945,16,,,0,70,,64946,16,,,0,100,,64947,16,,,0
1600,'1392',641,,64949,16,,,0,74,,64948,16,,,0,31,,64950,16,,,0,60,,64951,16,,,0,20,,64952,16,,,0,20,,64953,16,,,0,60,,64954,16,,,0,20,,64955,16,,,0,20,,64956,16,,,0,60,,64957,16,,,0,20,,64958,16,,,0,20,,64959,16,,,0,60,,64960,16,,,0,20,,64961,16,,,0,20,,64962,16,,,0,60,,64963,16,,,0,20,,64964,16,,,0,20,,64965,16,,,0,60,,64966,16,,,0,20,,64967,16,,,0,20,,64968,16,,,0,60,,64969,16,,,0,20,,64970,16,,,0,20,,64971,16,,,0,60,,64972,16,,,0,20,,64973,16,,,0,20,,64974,16,,,0,60,,64975,16,,,0,20,,64976,16,,,0,20,,64977,16,,,0,60,,64978,16,,,0,20,,64979,16,,,0,20,,64980,16,,,0,60,,64981,16,,,0,20,,64982,16,,,0,20,,64983,16,,,0,55,,64984,16,,,0,30,,64985,16,,,0,70,,64986,16,,,0,30,,64987,16,,,0,70,,64988,16,,,0,30,,64989,16,,,0,70,,64990,16,,,0,100,,64991,16,,,0
1600,'1393',641,,64993,16,,,0,74,,64992,16,,,0,31,,64994,16,,,0,60,,64995,16,,,0,20,,64996,16,,,0,20,,64997,16,,,0,60,,64998,16,,,0,20,,64999,16,,,0,20,,65000,16,,,0,60,,65001,16,,,0,20,,65002,16,,,0,20,,65003,16,,,0,60,,65004,16,,,0,20,,65005,16,,,0,20,,65006,16,,,0,60,,65007,16,,,0,20,,65008,16,,,0,20,,65009,16,,,0,60,,65010,16,,,0,20,,65011,16,,,0,20,,65012,16,,,0,60,,65013,16,,,0,20,,65014,16,,,0,20,,65015,16,,,0,60,,65016,16,,,0,20,,65017,16,,,0,20,,65018,16,,,0,60,,65019,16,,,0,20,,65020,16,,,0,20,,65021,16,,,0,60,,65022,16,,,0,20,,65023,16,,,0,20,,65024,16,,,0,60,,65025,16,,,0,20,,65026,16,,,0,20,,65027,16,,,0,55,,65028,16,,,0,30,,65029,16,,,0,70,,65030,16,,,0,30,,65031,16,,,0,70,,65032,16,,,0,30,,65033,16,,,0,70,,65034,16,,,0,100,,65035,16,,,0
1600,'1394',641,,65037,16,,,0,74,,65036,16,,,0,31,,65038,16,,,0,60,,65039,16,,,0,20,,65040,16,,,0,20,,65041,16,,,0,60,,65042,16,,,0,20,,65043,16,,,0,20,,65044,16,,,0,60,,65045,16,,,0,20,,65046,16,,,0,20,,65047,16,,,0,60,,65048,16,,,0,20,,65049,16,,,0,20,,65050,16,,,0,60,,65051,16,,,0,20,,65052,16,,,0,20,,65053,16,,,0,60,,65054,16,,,0,20,,65055,16,,,0,20,,65056,16,,,0,60,,65057,16,,,0,20,,65058,16,,,0,20,,65059,16,,,0,60,,65060,16,,,0,20,,65061,16,,,0,20,,65062,16,,,0,60,,65063,16,,,0,20,,65064,16,,,0,20,,65065,16,,,0,60,,65066,16,,,0,20,,65067,16,,,0,20,,65068,16,,,0,60,,65069,16,,,0,20,,65070,16,,,0,20,,65071,16,,,0,55,,65072,16,,,0,30,,65073,16,,,0,70,,65074,16,,,0,30,,65075,16,,,0,70,,65076,16,,,0,30,,65077,16,,,0,70,,65078,16,,,0,100,,65079,16,,,0
1600,'1395',641,,65081,16,,,0,74,,65080,16,,,0,31,,65082,16,,,0,60,,65083,16,,,0,20,,65084,16,,,0,20,,65085,16,,,0,60,,65086,16,,,0,20,,65087,16,,,0,20,,65088,16,,,0,60,,65089,16,,,0,20,,65090,16,,,0,20,,65091,16,,,0,60,,65092,16,,,0,20,,65093,16,,,0,20,,65094,16,,,0,60,,65095,16,,,0,20,,65096,16,,,0,20,,65097,16,,,0,60,,65098,16,,,0,20,,65099,16,,,0,20,,65100,16,,,0,60,,65101,16,,,0,20,,65102,16,,,0,20,,65103,16,,,0,60,,65104,16,,,0,20,,65105,16,,,0,20,,65106,16,,,0,60,,65107,16,,,0,20,,65108,16,,,0,20,,65109,16,,,0,60,,65110,16,,,0,20,,65111,16,,,0,20,,65112,16,,,0,60,,65113,16,,,0,20,,65114,16,,,0,20,,65115,16,,,0,55,,65116,16,,,0,30,,65117,16,,,0,70,,65118,16,,,0,30,,65119,16,,,0,70,,65120,16,,,0,30,,65121,16,,,0,70,,65122,16,,,0,100,,65123,16,,,0
1600,'1396',641,,65125,16,,,0,74,,65124,16,,,0,31,,65126,16,,,0,60,,65127,16,,,0,20,,65128,16,,,0,20,,65129,16,,,0,60,,65130,16,,,0,20,,65131,16,,,0,20,,65132,16,,,0,60,,65133,16,,,0,20,,65134,16,,,0,20,,65135,16,,,0,60,,65136,16,,,0,20,,65137,16,,,0,20,,65138,16,,,0,60,,65139,16,,,0,20,,65140,16,,,0,20,,65141,16,,,0,60,,65142,16,,,0,20,,65143,16,,,0,20,,65144,16,,,0,60,,65145,16,,,0,20,,65146,16,,,0,20,,65147,16,,,0,60,,65148,16,,,0,20,,65149,16,,,0,20,,65150,16,,,0,60,,65151,16,,,0,20,,65152,16,,,0,20,,65153,16,,,0,60,,65154,16,,,0,20,,65155,16,,,0,20,,65156,16,,,0,60,,65157,16,,,0,20,,65158,16,,,0,20,,65159,16,,,0,55,,65160,16,,,0,30,,65161,16,,,0,70,,65162,16,,,0,30,,65163,16,,,0,70,,65164,16,,,0,30,,65165,16,,,0,70,,65166,16,,,0,100,,65167,16,,,0
1700,'1390',635,,65455,53,,,0,100,,65454,53,,,0,100,,65453,53,,,0,100,,65452,53,,,0,113,,65470,53,,,0,80,,65469,53,,,0,80,,65468,53,,,0,40,,65467,53,,,0,80,,65466,53,,,0,80,,65465,53,,,0,40,,65464,53,,,0,80,,65463,53,,,0,80,,65462,53,,,0,40,,65461,53,,,0,80,,65460,53,,,0,80,,65459,53,,,0,40,,65458,53,,,0,80,,65457,53,,,0,80,,65456,53,,,0
1700,'1391',556,,65471,53,,,0,74,,65472,53,,,0,70,,65473,53,,,0,30,,65474,53,,,0,70,,65475,53,,,0,30,,65476,53,,,0,70,,65477,53,,,0,30,,65478,53,,,0,70,,65479,53,,,0,30,,65480,53,,,0,78,,65489,53,,,0,20,,65490,53,,,0,20,,65491,53,,,0,60,,65492,53,,,0,20,,65493,53,,,0,20,,65494,53,,,0,60,,65495,53,,,0,20,,65496,53,,,0,20,,65497,53,,,0,60,,65498,53,,,0,20,,65499,53,,,0,20,,65500,53,,,0,60,,65501,53,,,0,20,,65502,53,,,0,20,,65503,53,,,0,60,,65504,53,,,0,20,,65505,53,,,0,20,,65506,53,,,0,60,,65507,53,,,0,20,,65508,53,,,0,20,,65509,53,,,0,60,,65510,53,,,0,20,,65511,53,,,0,20,,65512,53,,,0,55,,65513,53,,,0,30,,65514,53,,,0,70,,65515,53,,,0,30,,65516,53,,,0,70,,65517,53,,,0,27,,65481,53,,,0,70,,65482,53,,,0,30,,65483,53,,,0,70,,65484,53,,,0,30,,65485,53,,,0,70,,65486,53,,,0,30,,65487,53,,,0,70,,65488,53,,,0
1700,'1392',557,,65518,53,,,0,67,,65519,14,,,0,18,,65520,53,,,0,15,,65521,53,,,0,55,,65522,53,,,0,15,,65523,53,,,0,15,,65524,53,,,0,10,,65525,53,,,0,50,,65526,53,,,0,10,,65527,53,,,0,10,,65528,53,,,0,10,,65529,53,,,0,10,,65530,53,,,0,10,,65531,53,,,0,50,,65532,53,,,0,10,,65533,53,,,0,10,,65534,53,,,0,10,,65535,53,,,0,10,,65536,53,,,0,10,,65537,53,,,0,50,,65538,53,,,0,10,,65539,53,,,0,10,,65540,53,,,0,10,,65541,53,,,0,10,,65542,53,,,0,10,,65543,53,,,0,50,,65544,53,,,0,10,,65545,53,,,0,10,,65546,53,,,0,10,,65547,53,,,0,10,,65548,53,,,0,10,,65549,53,,,0,50,,65550,53,,,0,10,,65551,53,,,0,10,,65552,53,,,0,10,,65553,53,,,0,10,,65554,53,,,0,10,,65555,53,,,0,50,,65556,53,,,0,10,,65557,53,,,0,10,,65558,53,,,0,10,,65559,53,,,0,10,,65560,53,,,0,10,,65561,53,,,0,50,,65562,53,,,0,10,,65563,53,,,0,10,,65564,53,,,0,10,,65565,53,,,0,10,,65566,53,,,0,10,,65567,53,,,0,50,,65568,53,,,0,10,,65569,53,,,0,10,,65570,53,,,0,10,,65571,53,,,0,10,,65572,53,,,0,10,,65573,53,,,0,50,,65574,53,,,0,10,,65575,53,,,0,10,,65576,53,,,0,10,,65577,53,,,0,10,,65578,53,,,0,10,,65579,53,,,0,50,,65580,53,,,0,10,,65581,53,,,0,10,,65582,53,,,0,10,,65583,53,,,0,10,,65584,53,,,0,10,,65585,53,,,0,50,,65586,53,,,0,10,,65587,53,,,0,10,,65588,53,,,0,10,,65589,53,,,0,10,,65590,53,,,0,15,,65591,53,,,0,55,,65592,53,,,0,15,,65593,53,,,0,30,,65594,53,,,0,70,,65595,53,,,0,30,,65596,53,,,0,70,,65597,53,,,0,30,,65598,53,,,0,70,,65599,53,,,0,30,,65600,53,,,0,70,,65601,53,,,0,30,,65602,53,,,0,70,,65603,53,,,0,30,,65604,53,,,0
1700,'1393',557,,65605,53,,,0,67,,65606,14,,,0,18,,65607,53,,,0,15,,65608,53,,,0,55,,65609,53,,,0,15,,65610,53,,,0,15,,65611,53,,,0,10,,65612,53,,,0,50,,65613,53,,,0,10,,65614,53,,,0,10,,65615,53,,,0,10,,65616,53,,,0,10,,65617,53,,,0,10,,65618,53,,,0,50,,65619,53,,,0,10,,65620,53,,,0,10,,65621,53,,,0,10,,65622,53,,,0,10,,65623,53,,,0,10,,65624,53,,,0,50,,65625,53,,,0,10,,65626,53,,,0,10,,65627,53,,,0,10,,65628,53,,,0,10,,65629,53,,,0,10,,65630,53,,,0,50,,65631,53,,,0,10,,65632,53,,,0,10,,65633,53,,,0,10,,65634,53,,,0,10,,65635,53,,,0,10,,65636,53,,,0,50,,65637,53,,,0,10,,65638,53,,,0,10,,65639,53,,,0,10,,65640,53,,,0,10,,65641,53,,,0,10,,65642,53,,,0,50,,65643,53,,,0,10,,65644,53,,,0,10,,65645,53,,,0,10,,65646,53,,,0,10,,65647,53,,,0,10,,65648,53,,,0,50,,65649,53,,,0,10,,65650,53,,,0,10,,65651,53,,,0,10,,65652,53,,,0,10,,65653,53,,,0,10,,65654,53,,,0,50,,65655,53,,,0,10,,65656,53,,,0,10,,65657,53,,,0,10,,65658,53,,,0,10,,65659,53,,,0,10,,65660,53,,,0,50,,65661,53,,,0,10,,65662,53,,,0,10,,65663,53,,,0,10,,65664,53,,,0,10,,65665,53,,,0,10,,65666,53,,,0,50,,65667,53,,,0,10,,65668,53,,,0,10,,65669,53,,,0,10,,65670,53,,,0,10,,65671,53,,,0,10,,65672,53,,,0,50,,65673,53,,,0,10,,65674,53,,,0,10,,65675,53,,,0,10,,65676,53,,,0,10,,65677,53,,,0,15,,65678,53,,,0,55,,65679,53,,,0,15,,65680,53,,,0,30,,65681,53,,,0,70,,65682,53,,,0,30,,65683,53,,,0,70,,65684,53,,,0,30,,65685,53,,,0,70,,65686,53,,,0,30,,65687,53,,,0,70,,65688,53,,,0,30,,65689,53,,,0,70,,65690,53,,,0,30,,65691,53,,,0
1700,'1394',557,,65692,53,,,0,67,,65693,14,,,0,18,,65694,53,,,0,15,,65695,53,,,0,55,,65696,53,,,0,15,,65697,53,,,0,15,,65698,53,,,0,10,,65699,53,,,0,50,,65700,53,,,0,10,,65701,53,,,0,10,,65702,53,,,0,10,,65703,53,,,0,10,,65704,53,,,0,10,,65705,53,,,0,50,,65706,53,,,0,10,,65707,53,,,0,10,,65708,53,,,0,10,,65709,53,,,0,10,,65710,53,,,0,10,,65711,53,,,0,50,,65712,53,,,0,10,,65713,53,,,0,10,,65714,53,,,0,10,,65715,53,,,0,10,,65716,53,,,0,10,,65717,53,,,0,50,,65718,53,,,0,10,,65719,53,,,0,10,,65720,53,,,0,10,,65721,53,,,0,10,,65722,53,,,0,10,,65723,53,,,0,50,,65724,53,,,0,10,,65725,53,,,0,10,,65726,53,,,0,10,,65727,53,,,0,10,,65728,53,,,0,10,,65729,53,,,0,50,,65730,53,,,0,10,,65731,53,,,0,10,,65732,53,,,0,10,,65733,53,,,0,10,,65734,53,,,0,10,,65735,53,,,0,50,,65736,53,,,0,10,,65737,53,,,0,10,,65738,53,,,0,10,,65739,53,,,0,10,,65740,53,,,0,10,,65741,53,,,0,50,,65742,53,,,0,10,,65743,53,,,0,10,,65744,53,,,0,10,,65745,53,,,0,10,,65746,53,,,0,10,,65747,53,,,0,50,,65748,53,,,0,10,,65749,53,,,0,10,,65750,53,,,0,10,,65751,53,,,0,10,,65752,53,,,0,10,,65753,53,,,0,50,,65754,53,,,0,10,,65755,53,,,0,10,,65756,53,,,0,10,,65757,53,,,0,10,,65758,53,,,0,10,,65759,53,,,0,50,,65760,53,,,0,10,,65761,53,,,0,10,,65762,53,,,0,10,,65763,53,,,0,10,,65764,53,,,0,15,,65765,53,,,0,55,,65766,53,,,0,15,,65767,53,,,0,30,,65768,53,,,0,70,,65769,53,,,0,30,,65770,53,,,0,70,,65771,53,,,0,30,,65772,53,,,0,70,,65773,53,,,0,30,,65774,53,,,0,70,,65775,53,,,0,30,,65776,53,,,0,70,,65777,53,,,0,30,,65778,53,,,0
1700,'1395',557,,65779,53,,,0,67,,65780,14,,,0,18,,65781,53,,,0,15,,65782,53,,,0,55,,65783,53,,,0,15,,65784,53,,,0,15,,65785,53,,,0,10,,65786,53,,,0,50,,65787,53,,,0,10,,65788,53,,,0,10,,65789,53,,,0,10,,65790,53,,,0,10,,65791,53,,,0,10,,65792,53,,,0,50,,65793,53,,,0,10,,65794,53,,,0,10,,65795,53,,,0,10,,65796,53,,,0,10,,65797,53,,,0,10,,65798,53,,,0,50,,65799,53,,,0,10,,65800,53,,,0,10,,65801,53,,,0,10,,65802,53,,,0,10,,65803,53,,,0,10,,65804,53,,,0,50,,65805,53,,,0,10,,65806,53,,,0,10,,65807,53,,,0,10,,65808,53,,,0,10,,65809,53,,,0,10,,65810,53,,,0,50,,65811,53,,,0,10,,65812,53,,,0,10,,65813,53,,,0,10,,65814,53,,,0,10,,65815,53,,,0,10,,65816,53,,,0,50,,65817,53,,,0,10,,65818,53,,,0,10,,65819,53,,,0,10,,65820,53,,,0,10,,65821,53,,,0,10,,65822,53,,,0,50,,65823,53,,,0,10,,65824,53,,,0,10,,65825,53,,,0,10,,65826,53,,,0,10,,65827,53,,,0,10,,65828,53,,,0,50,,65829,53,,,0,10,,65830,53,,,0,10,,65831,53,,,0,10,,65832,53,,,0,10,,65833,53,,,0,10,,65834,53,,,0,50,,65835,53,,,0,10,,65836,53,,,0,10,,65837,53,,,0,10,,65838,53,,,0,10,,65839,53,,,0,10,,65840,53,,,0,50,,65841,53,,,0,10,,65842,53,,,0,10,,65843,53,,,0,10,,65844,53,,,0,10,,65845,53,,,0,10,,65846,53,,,0,50,,65847,53,,,0,10,,65848,53,,,0,10,,65849,53,,,0,10,,65850,53,,,0,10,,65851,53,,,0,15,,65852,53,,,0,55,,65853,53,,,0,15,,65854,53,,,0,30,,65855,53,,,0,70,,65856,53,,,0,30,,65857,53,,,0,70,,65858,53,,,0,30,,65859,53,,,0,70,,65860,53,,,0,30,,65861,53,,,0,70,,65862,53,,,0,30,,65863,53,,,0,70,,65864,53,,,0,30,,65865,53,,,0
1700,'1396',557,,65866,53,,,0,67,,65867,14,,,0,18,,65868,53,,,0,15,,65869,53,,,0,55,,65870,53,,,0,15,,65871,53,,,0,15,,65872,53,,,0,10,,65873,53,,,0,50,,65874,53,,,0,10,,65875,53,,,0,10,,65876,53,,,0,10,,65877,53,,,0,10,,65878,53,,,0,10,,65879,53,,,0,50,,65880,53,,,0,10,,65881,53,,,0,10,,65882,53,,,0,10,,65883,53,,,0,10,,65884,53,,,0,10,,65885,53,,,0,50,,65886,53,,,0,10,,65887,53,,,0,10,,65888,53,,,0,10,,65889,53,,,0,10,,65890,53,,,0,10,,65891,53,,,0,50,,65892,53,,,0,10,,65893,53,,,0,10,,65894,53,,,0,10,,65895,53,,,0,10,,65896,53,,,0,10,,65897,53,,,0,50,,65898,53,,,0,10,,65899,53,,,0,10,,65900,53,,,0,10,,65901,53,,,0,10,,65902,53,,,0,10,,65903,53,,,0,50,,65904,53,,,0,10,,65905,53,,,0,10,,65906,53,,,0,10,,65907,53,,,0,10,,65908,53,,,0,10,,65909,53,,,0,50,,65910,53,,,0,10,,65911,53,,,0,10,,65912,53,,,0,10,,65913,53,,,0,10,,65914,53,,,0,10,,65915,53,,,0,50,,65916,53,,,0,10,,65917,53,,,0,10,,65918,53,,,0,10,,65919,53,,,0,10,,65920,53,,,0,10,,65921,53,,,0,50,,65922,53,,,0,10,,65923,53,,,0,10,,65924,53,,,0,10,,65925,53,,,0,10,,65926,53,,,0,10,,65927,53,,,0,50,,65928,53,,,0,10,,65929,53,,,0,10,,65930,53,,,0,10,,65931,53,,,0,10,,65932,53,,,0,10,,65933,53,,,0,50,,65934,53,,,0,10,,65935,53,,,0,10,,65936,53,,,0,10,,65937,53,,,0,10,,65938,53,,,0,15,,65939,53,,,0,55,,65940,53,,,0,15,,65941,53,,,0,30,,65942,53,,,0,70,,65943,53,,,0,30,,65944,53,,,0,70,,65945,53,,,0,30,,65946,53,,,0,70,,65947,53,,,0,30,,65948,53,,,0,70,,65949,53,,,0,30,,65950,53,,,0,70,,65951,53,,,0,30,,65952,53,,,0
