1701,'1383',736,,58766,51,,,0,100,,58768,51,,,0,100,,58767,51,,,0,108,,58765,51,,,0,80,,58764,51,,,0,80,,58763,51,,,0,40,,58762,51,,,0,80,,58761,51,,,0,80,,58760,51,,,0,40,,58759,51,,,0,80,,58758,51,,,0,80,,58757,51,,,0,40,,58756,51,,,0,80,,58755,51,,,0,80,,58754,51,,,0,40,,58753,51,,,0,80,,58752,51,,,0,80,,58751,51,,,0
1701,'1384',614,,58794,51,,,0,30,,58795,51,,,0,70,,58796,51,,,0,30,,58797,51,,,0,70,,58798,51,,,0,30,,58799,51,,,0,70,,58800,51,,,0,30,,58769,51,,,0,70,,58770,51,,,0,30,,58771,51,,,0,60,,58772,51,,,0,20,,58773,51,,,0,20,,58774,51,,,0,60,,58775,51,,,0,20,,58776,51,,,0,20,,58777,51,,,0,60,,58778,51,,,0,20,,58779,51,,,0,20,,58780,51,,,0,60,,58781,51,,,0,20,,58782,51,,,0,20,,58783,51,,,0,60,,58784,51,,,0,20,,58785,51,,,0,20,,58786,51,,,0,60,,58787,51,,,0,20,,58788,51,,,0,20,,58789,51,,,0,60,,58790,51,,,0,20,,58791,51,,,0,20,,58801,51,,,0,60,,58792,51,,,0,20,,58793,51,,,0,20,,58802,51,,,0,70,,58803,51,,,0,30,,58804,51,,,0,70,,58805,51,,,0,30,,58806,51,,,0,70,,58807,51,,,0,30,,58808,51,,,0,70,,58809,51,,,0,30,,58810,51,,,0,70,,58811,51,,,0,30,,58812,51,,,0,70,,58813,51,,,0,30,,58814,51,,,0,70,,58815,51,,,0
1701,'1385',612,,58816,51,,,0,30,,58817,51,,,0,15,,58818,51,,,0,55,,58819,51,,,0,15,,58820,51,,,0,15,,58821,51,,,0,10,,58822,51,,,0,50,,58823,51,,,0,10,,58824,51,,,0,10,,58825,51,,,0,10,,58826,51,,,0,10,,58827,51,,,0,10,,58828,51,,,0,50,,58829,51,,,0,10,,58830,51,,,0,10,,58831,51,,,0,10,,58832,51,,,0,10,,58833,51,,,0,10,,58834,51,,,0,50,,58835,51,,,0,10,,58875,51,,,0,10,,58836,51,,,0,10,,58861,51,,,0,10,,58862,51,,,0,10,,58863,51,,,0,50,,58864,51,,,0,10,,58865,51,,,0,10,,58866,51,,,0,10,,58867,51,,,0,10,,58868,51,,,0,10,,58869,51,,,0,50,,58870,51,,,0,10,,58871,51,,,0,10,,58872,51,,,0,10,,58873,51,,,0,10,,58874,51,,,0,10,,58876,51,,,0,50,,58877,51,,,0,10,,58879,51,,,0,10,,58880,51,,,0,10,,58881,51,,,0,10,,58882,51,,,0,10,,58883,51,,,0,50,,58884,51,,,0,10,,58885,51,,,0,10,,58837,51,,,0,10,,58838,51,,,0,10,,58839,51,,,0,10,,58840,51,,,0,50,,58841,51,,,0,10,,58842,51,,,0,10,,58843,51,,,0,10,,58844,51,,,0,10,,58845,51,,,0,10,,58846,51,,,0,50,,58847,51,,,0,10,,58848,51,,,0,10,,58849,51,,,0,10,,58850,51,,,0,10,,58851,51,,,0,10,,58852,51,,,0,50,,58853,51,,,0,10,,58854,51,,,0,10,,58855,51,,,0,10,,58856,51,,,0,10,,58857,51,,,0,10,,58858,51,,,0,50,,58859,51,,,0,10,,58860,51,,,0,10,,58886,51,,,0,10,,58887,51,,,0,10,,58888,51,,,0,15,,58889,51,,,0,55,,58890,51,,,0,15,,58891,51,,,0,15,,58892,51,,,0,70,,58893,51,,,0,30,,58894,51,,,0,70,,58895,51,,,0,30,,58896,51,,,0,70,,58897,51,,,0,30,,58898,51,,,0,70,,58899,51,,,0,30,,58900,51,,,0,70,,58901,51,,,0,30,,58902,51,,,0,70,,58878,51,,,0
1701,'1386',612,,58903,51,,,0,30,,58904,51,,,0,15,,58905,51,,,0,55,,58906,51,,,0,15,,58907,51,,,0,15,,58908,51,,,0,10,,58909,51,,,0,50,,58910,51,,,0,10,,58911,51,,,0,10,,58912,51,,,0,10,,58913,51,,,0,10,,58914,51,,,0,10,,58915,51,,,0,50,,58916,51,,,0,10,,58917,51,,,0,10,,58918,51,,,0,10,,58919,51,,,0,10,,58920,51,,,0,10,,58921,51,,,0,50,,58922,51,,,0,10,,58962,51,,,0,10,,58923,51,,,0,10,,58948,51,,,0,10,,58949,51,,,0,10,,58950,51,,,0,50,,58951,51,,,0,10,,58952,51,,,0,10,,58953,51,,,0,10,,58954,51,,,0,10,,58955,51,,,0,10,,58956,51,,,0,50,,58957,51,,,0,10,,58958,51,,,0,10,,58959,51,,,0,10,,58960,51,,,0,10,,58961,51,,,0,10,,58963,51,,,0,50,,58964,51,,,0,10,,58966,51,,,0,10,,58967,51,,,0,10,,58968,51,,,0,10,,58969,51,,,0,10,,58970,51,,,0,50,,58971,51,,,0,10,,58972,51,,,0,10,,58924,51,,,0,10,,58925,51,,,0,10,,58926,51,,,0,10,,58927,51,,,0,50,,58928,51,,,0,10,,58929,51,,,0,10,,58930,51,,,0,10,,58931,51,,,0,10,,58932,51,,,0,10,,58933,51,,,0,50,,58934,51,,,0,10,,58935,51,,,0,10,,58936,51,,,0,10,,58937,51,,,0,10,,58938,51,,,0,10,,58939,51,,,0,50,,58940,51,,,0,10,,58941,51,,,0,10,,58942,51,,,0,10,,58943,51,,,0,10,,58944,51,,,0,10,,58945,51,,,0,50,,58946,51,,,0,10,,58947,51,,,0,10,,58973,51,,,0,10,,58974,51,,,0,10,,58975,51,,,0,15,,58976,51,,,0,55,,58977,51,,,0,15,,58978,51,,,0,15,,58979,51,,,0,70,,58980,51,,,0,30,,58981,51,,,0,70,,58982,51,,,0,30,,58983,51,,,0,70,,58984,51,,,0,30,,58985,51,,,0,70,,58986,51,,,0,30,,58987,51,,,0,70,,58988,51,,,0,30,,58989,51,,,0,70,,58965,51,,,0
1701,'1387',612,,58990,51,,,0,30,,58991,51,,,0,15,,58992,51,,,0,55,,58993,51,,,0,15,,58994,51,,,0,15,,58995,51,,,0,10,,58996,51,,,0,50,,58997,51,,,0,10,,58998,51,,,0,10,,58999,51,,,0,10,,59000,51,,,0,10,,59001,51,,,0,10,,59002,51,,,0,50,,59003,51,,,0,10,,59004,51,,,0,10,,59005,51,,,0,10,,59006,51,,,0,10,,59007,51,,,0,10,,59008,51,,,0,50,,59009,51,,,0,10,,59049,51,,,0,10,,59010,51,,,0,10,,59035,51,,,0,10,,59036,51,,,0,10,,59037,51,,,0,50,,59038,51,,,0,10,,59039,51,,,0,10,,59040,51,,,0,10,,59041,51,,,0,10,,59042,51,,,0,10,,59043,51,,,0,50,,59044,51,,,0,10,,59045,51,,,0,10,,59046,51,,,0,10,,59047,51,,,0,10,,59048,51,,,0,10,,59050,51,,,0,50,,59051,51,,,0,10,,59053,51,,,0,10,,59054,51,,,0,10,,59055,51,,,0,10,,59056,51,,,0,10,,59057,51,,,0,50,,59058,51,,,0,10,,59059,51,,,0,10,,59011,51,,,0,10,,59012,51,,,0,10,,59013,51,,,0,10,,59014,51,,,0,50,,59015,51,,,0,10,,59016,51,,,0,10,,59017,51,,,0,10,,59018,51,,,0,10,,59019,51,,,0,10,,59020,51,,,0,50,,59021,51,,,0,10,,59022,51,,,0,10,,59023,51,,,0,10,,59024,51,,,0,10,,59025,51,,,0,10,,59026,51,,,0,50,,59027,51,,,0,10,,59028,51,,,0,10,,59029,51,,,0,10,,59030,51,,,0,10,,59031,51,,,0,10,,59032,51,,,0,50,,59033,51,,,0,10,,59034,51,,,0,10,,59060,51,,,0,10,,59061,51,,,0,10,,59062,51,,,0,15,,59063,51,,,0,55,,59064,51,,,0,15,,59065,51,,,0,15,,59066,51,,,0,70,,59067,51,,,0,30,,59068,51,,,0,70,,59069,51,,,0,30,,59070,51,,,0,70,,59071,51,,,0,30,,59072,51,,,0,70,,59073,51,,,0,30,,59074,51,,,0,70,,59075,51,,,0,30,,59076,51,,,0,70,,59052,51,,,0
1701,'1388',612,,59077,51,,,0,30,,59078,51,,,0,15,,59079,51,,,0,55,,59080,51,,,0,15,,59081,51,,,0,15,,59082,51,,,0,10,,59083,51,,,0,50,,59084,51,,,0,10,,59085,51,,,0,10,,59086,51,,,0,10,,59087,51,,,0,10,,59088,51,,,0,10,,59089,51,,,0,50,,59090,51,,,0,10,,59091,51,,,0,10,,59092,51,,,0,10,,59093,51,,,0,10,,59094,51,,,0,10,,59095,51,,,0,50,,59096,51,,,0,10,,59136,51,,,0,10,,59097,51,,,0,10,,59122,51,,,0,10,,59123,51,,,0,10,,59124,51,,,0,50,,59125,51,,,0,10,,59126,51,,,0,10,,59127,51,,,0,10,,59128,51,,,0,10,,59129,51,,,0,10,,59130,51,,,0,50,,59131,51,,,0,10,,59132,51,,,0,10,,59133,51,,,0,10,,59134,51,,,0,10,,59135,51,,,0,10,,59137,51,,,0,50,,59138,51,,,0,10,,59140,51,,,0,10,,59141,51,,,0,10,,59142,51,,,0,10,,59143,51,,,0,10,,59144,51,,,0,50,,59145,51,,,0,10,,59146,51,,,0,10,,59098,51,,,0,10,,59099,51,,,0,10,,59100,51,,,0,10,,59101,51,,,0,50,,59102,51,,,0,10,,59103,51,,,0,10,,59104,51,,,0,10,,59105,51,,,0,10,,59106,51,,,0,10,,59107,51,,,0,50,,59108,51,,,0,10,,59109,51,,,0,10,,59110,51,,,0,10,,59111,51,,,0,10,,59112,51,,,0,10,,59113,51,,,0,50,,59114,51,,,0,10,,59115,51,,,0,10,,59116,51,,,0,10,,59117,51,,,0,10,,59118,51,,,0,10,,59119,51,,,0,50,,59120,51,,,0,10,,59121,51,,,0,10,,59147,51,,,0,10,,59148,51,,,0,10,,59149,51,,,0,15,,59150,51,,,0,55,,59151,51,,,0,15,,59152,51,,,0,15,,59153,51,,,0,70,,59154,51,,,0,30,,59155,51,,,0,70,,59156,51,,,0,30,,59157,51,,,0,70,,59158,51,,,0,30,,59159,51,,,0,70,,59160,51,,,0,30,,59161,51,,,0,70,,59162,51,,,0,30,,59163,51,,,0,70,,59139,51,,,0
1701,'1389',612,,59164,51,,,0,30,,59165,51,,,0,15,,59166,51,,,0,55,,59167,51,,,0,15,,59168,51,,,0,15,,59169,51,,,0,10,,59170,51,,,0,50,,59171,51,,,0,10,,59172,51,,,0,10,,59173,51,,,0,10,,59174,51,,,0,10,,59175,51,,,0,10,,59176,51,,,0,50,,59177,51,,,0,10,,59178,51,,,0,10,,59179,51,,,0,10,,59180,51,,,0,10,,59181,51,,,0,10,,59182,51,,,0,50,,59183,51,,,0,10,,59223,51,,,0,10,,59184,51,,,0,10,,59209,51,,,0,10,,59210,51,,,0,10,,59211,51,,,0,50,,59212,51,,,0,10,,59213,51,,,0,10,,59214,51,,,0,10,,59215,51,,,0,10,,59216,51,,,0,10,,59217,51,,,0,50,,59218,51,,,0,10,,59219,51,,,0,10,,59220,51,,,0,10,,59221,51,,,0,10,,59222,51,,,0,10,,59224,51,,,0,50,,59225,51,,,0,10,,59227,51,,,0,10,,59228,51,,,0,10,,59229,51,,,0,10,,59230,51,,,0,10,,59231,51,,,0,50,,59232,51,,,0,10,,59233,51,,,0,10,,59185,51,,,0,10,,59186,51,,,0,10,,59187,51,,,0,10,,59188,51,,,0,50,,59189,51,,,0,10,,59190,51,,,0,10,,59191,51,,,0,10,,59192,51,,,0,10,,59193,51,,,0,10,,59194,51,,,0,50,,59195,51,,,0,10,,59196,51,,,0,10,,59197,51,,,0,10,,59198,51,,,0,10,,59199,51,,,0,10,,59200,51,,,0,50,,59201,51,,,0,10,,59202,51,,,0,10,,59203,51,,,0,10,,59204,51,,,0,10,,59205,51,,,0,10,,59206,51,,,0,50,,59207,51,,,0,10,,59208,51,,,0,10,,59234,51,,,0,10,,59235,51,,,0,10,,59236,51,,,0,15,,59237,51,,,0,55,,59238,51,,,0,15,,59239,51,,,0,15,,59240,51,,,0,70,,59241,51,,,0,30,,59242,51,,,0,70,,59243,51,,,0,30,,59244,51,,,0,70,,59245,51,,,0,30,,59246,51,,,0,70,,59247,51,,,0,30,,59248,51,,,0,70,,59249,51,,,0,30,,59250,51,,,0,70,,59226,51,,,0
1901,'1383',938,,60309,53,,,0,100,,60310,53,,,0,100,,60311,53,,,0,100,,60312,53,,,0,100,,60313,53,,,0,100,,60315,53,,,0,100,,60314,53,,,0,100,,60308,53,,,0,100,,60307,53,,,0,100,,60306,53,,,0,100,,60305,53,,,0,100,,60304,53,,,0
1901,'1384',838,,60316,53,,,0,100,,60317,53,,,0,100,,60318,53,,,0,70,,60319,53,,,0,30,,60320,53,,,0,70,,60321,53,,,0,30,,60322,53,,,0,70,,60323,53,,,0,30,,60324,53,,,0,70,,60325,53,,,0,30,,60326,53,,,0,70,,60327,53,,,0,30,,60328,53,,,0,70,,60329,53,,,0,30,,60330,53,,,0,70,,60331,53,,,0,30,,60332,53,,,0,70,,60333,53,,,0,30,,60334,53,,,0,70,,60335,53,,,0,30,,60336,53,,,0,70,,60337,53,,,0,30,,60338,53,,,0,100,,60339,53,,,0,100,,60340,53,,,0,100,,60341,53,,,0
1901,'1385',638,,60342,53,,,0,70,,60343,53,,,0,30,,60344,53,,,0,70,,60345,53,,,0,30,,60346,53,,,0,70,,60347,53,,,0,30,,60348,53,,,0,70,,60349,53,,,0,30,,60350,53,,,0,70,,60351,53,,,0,30,,60352,53,,,0,70,,60353,53,,,0,30,,60354,53,,,0,70,,60355,53,,,0,30,,60356,53,,,0,70,,60357,53,,,0,30,,60358,53,,,0,70,,60359,53,,,0,30,,60360,53,,,0,70,,60361,53,,,0,30,,60362,53,,,0,70,,60363,53,,,0,30,,60364,53,,,0,70,,60365,53,,,0,30,,60366,53,,,0,70,,60367,53,,,0,30,,60368,53,,,0,70,,60369,53,,,0,30,,60370,53,,,0,70,,60371,53,,,0,30,,60372,53,,,0,70,,60373,53,,,0,100,,60374,53,,,0,100,,60375,53,,,0
1901,'1386',638,,60376,53,,,0,70,,60377,53,,,0,30,,60378,53,,,0,70,,60379,53,,,0,30,,60380,53,,,0,70,,60381,53,,,0,30,,60382,53,,,0,70,,60383,53,,,0,30,,60384,53,,,0,70,,60385,53,,,0,30,,60386,53,,,0,70,,60387,53,,,0,30,,60388,53,,,0,70,,60389,53,,,0,30,,60390,53,,,0,70,,60391,53,,,0,30,,60392,53,,,0,70,,60393,53,,,0,30,,60394,53,,,0,70,,60395,53,,,0,30,,60396,53,,,0,70,,60397,53,,,0,30,,60398,53,,,0,70,,60399,53,,,0,30,,60400,53,,,0,70,,60401,53,,,0,30,,60402,53,,,0,70,,60403,53,,,0,30,,60404,53,,,0,70,,60405,53,,,0,30,,60406,53,,,0,70,,60407,53,,,0,100,,60408,53,,,0,100,,60409,53,,,0
1901,'1387',638,,60410,53,,,0,70,,60411,53,,,0,30,,60412,53,,,0,70,,60413,53,,,0,30,,60414,53,,,0,70,,60415,53,,,0,30,,60416,53,,,0,70,,60417,53,,,0,30,,60418,53,,,0,70,,60419,53,,,0,30,,60420,53,,,0,70,,60421,53,,,0,30,,60422,53,,,0,70,,60423,53,,,0,30,,60424,53,,,0,70,,60425,53,,,0,30,,60426,53,,,0,70,,60427,53,,,0,30,,60428,53,,,0,70,,60429,53,,,0,30,,60430,53,,,0,70,,60431,53,,,0,30,,60432,53,,,0,70,,60433,53,,,0,30,,60434,53,,,0,70,,60435,53,,,0,30,,60436,53,,,0,70,,60437,53,,,0,30,,60438,53,,,0,70,,60439,53,,,0,30,,60440,53,,,0,70,,60441,53,,,0,100,,60442,53,,,0,100,,60443,53,,,0
1901,'1388',638,,60444,53,,,0,70,,60445,53,,,0,30,,60446,53,,,0,70,,60447,53,,,0,30,,60448,53,,,0,70,,60449,53,,,0,30,,60450,53,,,0,70,,60451,53,,,0,30,,60452,53,,,0,70,,60453,53,,,0,30,,60454,53,,,0,70,,60455,53,,,0,30,,60456,53,,,0,70,,60457,53,,,0,30,,60458,53,,,0,70,,60459,53,,,0,30,,60460,53,,,0,70,,60461,53,,,0,30,,60462,53,,,0,70,,60463,53,,,0,30,,60464,53,,,0,70,,60465,53,,,0,30,,60466,53,,,0,70,,60467,53,,,0,30,,60468,53,,,0,70,,60469,53,,,0,30,,60470,53,,,0,70,,60471,53,,,0,30,,60472,53,,,0,70,,60473,53,,,0,30,,60474,53,,,0,70,,60475,53,,,0,100,,60476,53,,,0,100,,60477,53,,,0
1901,'1389',638,,60478,53,,,0,70,,60479,53,,,0,30,,60480,53,,,0,70,,60481,53,,,0,30,,60482,53,,,0,70,,60483,53,,,0,30,,60484,53,,,0,70,,60485,53,,,0,30,,60486,53,,,0,70,,60487,53,,,0,30,,60488,53,,,0,70,,60489,53,,,0,30,,60490,53,,,0,70,,60491,53,,,0,30,,60492,53,,,0,70,,60493,53,,,0,30,,60494,53,,,0,70,,60495,53,,,0,30,,60496,53,,,0,70,,60497,53,,,0,30,,60498,53,,,0,70,,60499,53,,,0,30,,60500,53,,,0,70,,60501,53,,,0,30,,60502,53,,,0,70,,60503,53,,,0,30,,60504,53,,,0,70,,60505,53,,,0,30,,60506,53,,,0,70,,60507,53,,,0,30,,60508,53,,,0,70,,60509,53,,,0,100,,60510,53,,,0,100,,60511,53,,,0
552201,'1385',713,,62021,18,0,9,0,30,,62020,18,0,9,0,70,,62019,18,0,9,0,30,,62018,18,0,9,0,70,,62017,18,0,9,0,30,,62016,18,0,9,0,70,,62015,18,0,9,0,30,,61999,18,0,9,0,70,,62000,18,0,9,0,30,,62001,18,0,9,0,70,,62002,18,0,9,0,30,,62003,18,0,9,0,70,,62004,18,0,9,0,30,,62005,18,0,9,0,70,,62006,18,0,9,0,30,,62007,18,0,9,0,70,,62008,18,0,9,0,30,,62009,18,0,9,0,70,,62010,18,0,9,0,30,,62011,18,0,9,0,70,,62012,18,0,9,0,30,,62013,18,0,9,0,70,,62014,18,0,9,0
552201,'1386',713,,62044,18,0,9,0,30,,62043,18,0,9,0,70,,62042,18,0,9,0,30,,62041,18,0,9,0,70,,62040,18,0,9,0,30,,62039,18,0,9,0,70,,62038,18,0,9,0,30,,62022,18,0,9,0,70,,62023,18,0,9,0,30,,62024,18,0,9,0,70,,62025,18,0,9,0,30,,62026,18,0,9,0,70,,62027,18,0,9,0,30,,62028,18,0,9,0,70,,62029,18,0,9,0,30,,62030,18,0,9,0,70,,62031,18,0,9,0,30,,62032,18,0,9,0,70,,62033,18,0,9,0,30,,62034,18,0,9,0,70,,62035,18,0,9,0,30,,62036,18,0,9,0,70,,62037,18,0,9,0
552201,'1387',713,,62067,18,0,9,0,30,,62066,18,0,9,0,70,,62065,18,0,9,0,30,,62064,18,0,9,0,70,,62063,18,0,9,0,30,,62062,18,0,9,0,70,,62061,18,0,9,0,30,,62045,18,0,9,0,70,,62046,18,0,9,0,30,,62047,18,0,9,0,70,,62048,18,0,9,0,30,,62049,18,0,9,0,70,,62050,18,0,9,0,30,,62051,18,0,9,0,70,,62052,18,0,9,0,30,,62053,18,0,9,0,70,,62054,18,0,9,0,30,,62055,18,0,9,0,70,,62056,18,0,9,0,30,,62057,18,0,9,0,70,,62058,18,0,9,0,30,,62059,18,0,9,0,70,,62060,18,0,9,0
552201,'1388',713,,62090,18,0,9,0,30,,62089,18,0,9,0,70,,62088,18,0,9,0,30,,62087,18,0,9,0,70,,62086,18,0,9,0,30,,62085,18,0,9,0,70,,62084,18,0,9,0,30,,62068,18,0,9,0,70,,62069,18,0,9,0,30,,62070,18,0,9,0,70,,62071,18,0,9,0,30,,62072,18,0,9,0,70,,62073,18,0,9,0,30,,62074,18,0,9,0,70,,62075,18,0,9,0,30,,62076,18,0,9,0,70,,62077,18,0,9,0,30,,62078,18,0,9,0,70,,62079,18,0,9,0,30,,62080,18,0,9,0,70,,62081,18,0,9,0,30,,62082,18,0,9,0,70,,62083,18,0,9,0
552201,'1389',713,,62113,18,0,9,0,30,,62112,18,0,9,0,70,,62111,18,0,9,0,30,,62110,18,0,9,0,70,,62109,18,0,9,0,30,,62108,18,0,9,0,70,,62107,18,0,9,0,30,,62091,18,0,9,0,70,,62092,18,0,9,0,30,,62093,18,0,9,0,70,,62094,18,0,9,0,30,,62095,18,0,9,0,70,,62096,18,0,9,0,30,,62097,18,0,9,0,70,,62098,18,0,9,0,30,,62099,18,0,9,0,70,,62100,18,0,9,0,30,,62101,18,0,9,0,70,,62102,18,0,9,0,30,,62103,18,0,9,0,70,,62104,18,0,9,0,30,,62105,18,0,9,0,70,,62106,18,0,9,0
