721403,'1390',1008,,71309,48,4,,0,110,,71308,48,4,,0,110,,71307,48,4,,0,110,,71306,48,4,,0,110,,71305,48,4,,0,110,,71304,48,4,,0,150,,71303,48,4,,0,110,,71302,48,4,,0
721403,'1391',908,,71310,48,4,,0,110,,71311,48,4,,0,110,,71312,48,4,,0,110,,71313,48,4,,0,118,,71314,48,4,,0,155,,71315,48,4,,0,45,,71316,48,4,,0,85,,71317,48,4,,0,85,,71318,48,4,,0,85,,71319,48,4,,0,45,,71320,48,4,,0,85,,71321,48,4,,0,85,,71322,48,4,,0
721403,'1392',741,,71323,48,4,,0,100,,71324,48,4,,0,85,,71325,48,4,,0,85,,71326,48,4,,0,45,,71327,48,4,,0,85,,71328,48,4,,0,85,,71329,48,4,,0,85,,71330,48,4,,0,45,,71331,48,4,,0,85,,71332,48,4,,0,85,,71333,48,4,,0,85,,71334,48,4,,0,45,,71335,48,4,,0,85,,71336,48,4,,0,85,,71337,48,4,,0,85,,71338,48,4,,0,45,,71339,48,4,,0,85,,71340,48,4,,0,85,,71341,48,4,,0,85,,71342,48,4,,0
721403,'1393',741,,71343,48,4,,0,100,,71344,48,4,,0,85,,71345,48,4,,0,85,,71346,48,4,,0,45,,71347,48,4,,0,85,,71348,48,4,,0,85,,71349,48,4,,0,85,,71350,48,4,,0,45,,71351,48,4,,0,85,,71352,48,4,,0,85,,71353,48,4,,0,85,,71354,48,4,,0,45,,71355,48,4,,0,85,,71356,48,4,,0,85,,71357,48,4,,0,85,,71358,48,4,,0,45,,71359,48,4,,0,85,,71360,48,4,,0,85,,71361,48,4,,0,85,,71362,48,4,,0
721403,'1394',741,,71363,48,4,,0,100,,71364,48,4,,0,85,,71365,48,4,,0,85,,71366,48,4,,0,45,,71367,48,4,,0,85,,71368,48,4,,0,85,,71369,48,4,,0,85,,71370,48,4,,0,45,,71371,48,4,,0,85,,71372,48,4,,0,85,,71373,48,4,,0,85,,71374,48,4,,0,45,,71375,48,4,,0,85,,71376,48,4,,0,85,,71377,48,4,,0,85,,71378,48,4,,0,45,,71379,48,4,,0,85,,71380,48,4,,0,85,,71381,48,4,,0,85,,71382,48,4,,0
721403,'1395',741,,71383,48,4,,0,100,,71384,48,4,,0,85,,71385,48,4,,0,85,,71386,48,4,,0,45,,71387,48,4,,0,85,,71388,48,4,,0,85,,71389,48,4,,0,85,,71390,48,4,,0,45,,71391,48,4,,0,85,,71392,48,4,,0,85,,71393,48,4,,0,85,,71394,48,4,,0,45,,71395,48,4,,0,85,,71396,48,4,,0,85,,71397,48,4,,0,85,,71398,48,4,,0,45,,71399,48,4,,0,85,,71400,48,4,,0,85,,71401,48,4,,0,85,,71402,48,4,,0
721403,'1396',741,,71403,48,4,,0,100,,71404,48,4,,0,85,,71405,48,4,,0,85,,71406,48,4,,0,45,,71407,48,4,,0,85,,71408,48,4,,0,85,,71409,48,4,,0,85,,71410,48,4,,0,45,,71411,48,4,,0,85,,71412,48,4,,0,85,,71413,48,4,,0,85,,71414,48,4,,0,45,,71415,48,4,,0,85,,71416,48,4,,0,85,,71417,48,4,,0,85,,71418,48,4,,0,45,,71419,48,4,,0,85,,71420,48,4,,0,85,,71421,48,4,,0,85,,71422,48,4,,0
721404,'1390',900,,71430,1,0,14,0,110,,71429,1,0,14,0,110,,71428,1,0,14,0,110,,71427,1,0,14,0,110,,71426,1,0,14,0,110,,71425,1,0,14,0,150,,71424,1,0,14,0,110,,71423,1,0,14,0
721404,'1391',800,,71431,1,0,14,0,110,,71432,1,0,14,0,110,,71433,1,0,14,0,110,,71434,1,0,14,0,110,,71435,1,0,14,0,105,,71436,1,0,14,0,85,,71437,1,0,14,0,85,,71438,1,0,14,0,85,,71439,1,0,14,0,45,,71440,1,0,14,0,85,,71441,1,0,14,0,85,,71442,1,0,14,0,85,,71443,1,0,14,0
721404,'1392',620,,71444,1,0,14,0,95,,71445,1,0,14,0,85,,71446,1,0,14,0,45,,71447,1,0,14,0,85,,71448,1,0,14,0,85,,71449,1,0,14,0,85,,71450,1,0,14,0,45,,71451,1,0,14,0,85,,71452,1,0,14,0,85,,71453,1,0,14,0,85,,71454,1,0,14,0,45,,71455,1,0,14,0,85,,71456,1,0,14,0,85,,71457,1,0,14,0,85,,71458,1,0,14,0,45,,71459,1,0,14,0,85,,71460,1,0,14,0,85,,71461,1,0,14,0,85,,71462,1,0,14,0,45,,71463,1,0,14,0
721404,'1393',620,,71464,1,0,14,0,95,,71465,1,0,14,0,85,,71466,1,0,14,0,45,,71467,1,0,14,0,85,,71468,1,0,14,0,85,,71469,1,0,14,0,85,,71470,1,0,14,0,45,,71471,1,0,14,0,85,,71472,1,0,14,0,85,,71473,1,0,14,0,85,,71474,1,0,14,0,45,,71475,1,0,14,0,85,,71476,1,0,14,0,85,,71477,1,0,14,0,85,,71478,1,0,14,0,45,,71479,1,0,14,0,85,,71480,1,0,14,0,85,,71481,1,0,14,0,85,,71482,1,0,14,0,45,,71483,1,0,14,0
721404,'1394',620,,71484,1,0,14,0,95,,71485,1,0,14,0,85,,71486,1,0,14,0,45,,71487,1,0,14,0,85,,71488,1,0,14,0,85,,71489,1,0,14,0,85,,71490,1,0,14,0,45,,71491,1,0,14,0,85,,71492,1,0,14,0,85,,71493,1,0,14,0,85,,71494,1,0,14,0,45,,71495,1,0,14,0,85,,71496,1,0,14,0,85,,71497,1,0,14,0,85,,71498,1,0,14,0,45,,71499,1,0,14,0,85,,71500,1,0,14,0,85,,71501,1,0,14,0,85,,71502,1,0,14,0,45,,71503,1,0,14,0
721404,'1395',620,,71504,1,0,14,0,95,,71505,1,0,14,0,85,,71506,1,0,14,0,45,,71507,1,0,14,0,85,,71508,1,0,14,0,85,,71509,1,0,14,0,85,,71510,1,0,14,0,45,,71511,1,0,14,0,85,,71512,1,0,14,0,85,,71513,1,0,14,0,85,,71514,1,0,14,0,45,,71515,1,0,14,0,85,,71516,1,0,14,0,85,,71517,1,0,14,0,85,,71518,1,0,14,0,45,,71519,1,0,14,0,85,,71520,1,0,14,0,85,,71521,1,0,14,0,85,,71522,1,0,14,0,45,,71523,1,0,14,0
721404,'1396',620,,71524,1,0,14,0,95,,71525,1,0,14,0,85,,71526,1,0,14,0,45,,71527,1,0,14,0,85,,71528,1,0,14,0,85,,71529,1,0,14,0,85,,71530,1,0,14,0,45,,71531,1,0,14,0,85,,71532,1,0,14,0,85,,71533,1,0,14,0,85,,71534,1,0,14,0,45,,71535,1,0,14,0,85,,71536,1,0,14,0,85,,71537,1,0,14,0,85,,71538,1,0,14,0,45,,71539,1,0,14,0,85,,71540,1,0,14,0,85,,71541,1,0,14,0,85,,71542,1,0,14,0,45,,71543,1,0,14,0
