1601,'1390',1017,,65186,11,,,0,30,,65185,11,,,0,85,,65184,11,,,0,70,,65183,11,,,0,30,,65182,11,,,0,70,,65181,11,,,0,30,,65180,11,,,0,70,,65179,11,,,0,30,,65178,11,,,0,70,,65177,11,,,0,30,,65176,11,,,0,70,,65175,11,,,0,30,,65174,11,,,0,70,,65173,11,,,0,30,,65172,11,,,0,16,,65187,11,,,0,54,,65171,11,,,0,30,,65170,11,,,0,70,,65169,11,,,0,30,,65168,11,,,0
1601,'1391',700,,65188,11,,,0,30,,65189,11,,,0,70,,65190,11,,,0,30,,65191,11,,,0,70,,65192,11,,,0,30,,65193,11,,,0,70,,65194,11,,,0,30,,65195,11,,,0,20,,65196,11,,,0,60,,65197,11,,,0,20,,65198,11,,,0,20,,65199,11,,,0,60,,65200,11,,,0,20,,65201,11,,,0,20,,65202,11,,,0,60,,65203,11,,,0,20,,65204,11,,,0,20,,65205,11,,,0,60,,65206,11,,,0,20,,65207,11,,,0,20,,65208,11,,,0,60,,65209,11,,,0,20,,65210,11,,,0,20,,65211,11,,,0,60,,65212,11,,,0,20,,65213,11,,,0,20,,65214,11,,,0,60,,65215,11,,,0,20,,65216,11,,,0,20,,65217,11,,,0,60,,65218,11,,,0,22,,65219,11,,,0,70,,65220,11,,,0,30,,65221,11,,,0,70,,65222,11,,,0,30,,65223,11,,,0,70,,65224,11,,,0,30,,65225,11,,,0,100,,65226,11,,,0
1601,'1392',612,,65227,11,,,0,37,,65228,11,,,0,70,,65229,11,,,0,20,,65230,11,,,0,20,,65231,11,,,0,60,,65232,11,,,0,20,,65233,11,,,0,20,,65234,11,,,0,60,,65235,11,,,0,20,,65236,11,,,0,20,,65237,11,,,0,60,,65238,11,,,0,20,,65239,11,,,0,20,,65240,11,,,0,60,,65241,11,,,0,20,,65242,11,,,0,20,,65243,11,,,0,60,,65244,11,,,0,20,,65245,11,,,0,20,,65246,11,,,0,60,,65247,11,,,0,20,,65248,11,,,0,20,,65249,11,,,0,60,,65250,11,,,0,20,,65251,11,,,0,20,,65252,11,,,0,60,,65253,11,,,0,20,,65254,11,,,0,20,,65255,11,,,0,60,,65256,11,,,0,20,,65257,11,,,0,20,,65258,11,,,0,60,,65259,11,,,0,20,,65260,11,,,0,20,,65261,11,,,0,60,,65262,11,,,0,15,,65263,11,,,0,70,,65264,11,,,0,30,,65265,11,,,0,70,,65266,11,,,0,30,,65267,11,,,0,70,,65268,11,,,0,30,,65269,11,,,0,100,,65270,11,,,0,100,,65271,11,,,0
1601,'1393',612,,65272,11,,,0,37,,65273,11,,,0,70,,65274,11,,,0,20,,65275,11,,,0,20,,65276,11,,,0,60,,65277,11,,,0,20,,65278,11,,,0,20,,65279,11,,,0,60,,65280,11,,,0,20,,65281,11,,,0,20,,65282,11,,,0,60,,65283,11,,,0,20,,65284,11,,,0,20,,65285,11,,,0,60,,65286,11,,,0,20,,65287,11,,,0,20,,65288,11,,,0,60,,65289,11,,,0,20,,65290,11,,,0,20,,65291,11,,,0,60,,65292,11,,,0,20,,65293,11,,,0,20,,65294,11,,,0,60,,65295,11,,,0,20,,65296,11,,,0,20,,65297,11,,,0,60,,65298,11,,,0,20,,65299,11,,,0,20,,65300,11,,,0,60,,65301,11,,,0,20,,65302,11,,,0,20,,65303,11,,,0,60,,65304,11,,,0,20,,65305,11,,,0,20,,65306,11,,,0,60,,65307,11,,,0,15,,65308,11,,,0,70,,65309,11,,,0,30,,65310,11,,,0,70,,65311,11,,,0,30,,65312,11,,,0,70,,65313,11,,,0,30,,65314,11,,,0,100,,65315,11,,,0,100,,65316,11,,,0
1601,'1394',612,,65317,11,,,0,37,,65318,11,,,0,70,,65319,11,,,0,20,,65320,11,,,0,20,,65321,11,,,0,60,,65322,11,,,0,20,,65323,11,,,0,20,,65324,11,,,0,60,,65325,11,,,0,20,,65326,11,,,0,20,,65327,11,,,0,60,,65328,11,,,0,20,,65329,11,,,0,20,,65330,11,,,0,60,,65331,11,,,0,20,,65332,11,,,0,20,,65333,11,,,0,60,,65334,11,,,0,20,,65335,11,,,0,20,,65336,11,,,0,60,,65337,11,,,0,20,,65338,11,,,0,20,,65339,11,,,0,60,,65340,11,,,0,20,,65341,11,,,0,20,,65342,11,,,0,60,,65343,11,,,0,20,,65344,11,,,0,20,,65345,11,,,0,60,,65346,11,,,0,20,,65347,11,,,0,20,,65348,11,,,0,60,,65349,11,,,0,20,,65350,11,,,0,20,,65351,11,,,0,60,,65352,11,,,0,15,,65353,11,,,0,70,,65354,11,,,0,30,,65355,11,,,0,70,,65356,11,,,0,30,,65357,11,,,0,70,,65358,11,,,0,30,,65359,11,,,0,100,,65360,11,,,0,100,,65361,11,,,0
1601,'1395',612,,65362,11,,,0,37,,65363,11,,,0,70,,65364,11,,,0,20,,65365,11,,,0,20,,65366,11,,,0,60,,65367,11,,,0,20,,65368,11,,,0,20,,65369,11,,,0,60,,65370,11,,,0,20,,65371,11,,,0,20,,65372,11,,,0,60,,65373,11,,,0,20,,65374,11,,,0,20,,65375,11,,,0,60,,65376,11,,,0,20,,65377,11,,,0,20,,65378,11,,,0,60,,65379,11,,,0,20,,65380,11,,,0,20,,65381,11,,,0,60,,65382,11,,,0,20,,65383,11,,,0,20,,65384,11,,,0,60,,65385,11,,,0,20,,65386,11,,,0,20,,65387,11,,,0,60,,65388,11,,,0,20,,65389,11,,,0,20,,65390,11,,,0,60,,65391,11,,,0,20,,65392,11,,,0,20,,65393,11,,,0,60,,65394,11,,,0,20,,65395,11,,,0,20,,65396,11,,,0,60,,65397,11,,,0,15,,65398,11,,,0,70,,65399,11,,,0,30,,65400,11,,,0,70,,65401,11,,,0,30,,65402,11,,,0,70,,65403,11,,,0,30,,65404,11,,,0,100,,65405,11,,,0,100,,65406,11,,,0
1601,'1396',612,,65407,11,,,0,37,,65408,11,,,0,70,,65409,11,,,0,20,,65410,11,,,0,20,,65411,11,,,0,60,,65412,11,,,0,20,,65413,11,,,0,20,,65414,11,,,0,60,,65415,11,,,0,20,,65416,11,,,0,20,,65417,11,,,0,60,,65418,11,,,0,20,,65419,11,,,0,20,,65420,11,,,0,60,,65421,11,,,0,20,,65422,11,,,0,20,,65423,11,,,0,60,,65424,11,,,0,20,,65425,11,,,0,20,,65426,11,,,0,60,,65427,11,,,0,20,,65428,11,,,0,20,,65429,11,,,0,60,,65430,11,,,0,20,,65431,11,,,0,20,,65432,11,,,0,60,,65433,11,,,0,20,,65434,11,,,0,20,,65435,11,,,0,60,,65436,11,,,0,20,,65437,11,,,0,20,,65438,11,,,0,60,,65439,11,,,0,20,,65440,11,,,0,20,,65441,11,,,0,60,,65442,11,,,0,15,,65443,11,,,0,70,,65444,11,,,0,30,,65445,11,,,0,70,,65446,11,,,0,30,,65447,11,,,0,70,,65448,11,,,0,30,,65449,11,,,0,100,,65450,11,,,0,100,,65451,11,,,0
1701,'1390',724,,65970,37,,,0,100,,65969,37,,,0,100,,65968,37,,,0,106,,65967,37,,,0,80,,65966,37,,,0,40,,65965,37,,,0,80,,65964,37,,,0,80,,65963,37,,,0,40,,65962,37,,,0,80,,65961,37,,,0,80,,65960,37,,,0,40,,65959,37,,,0,80,,65958,37,,,0,80,,65957,37,,,0,40,,65956,37,,,0,80,,65955,37,,,0,80,,65954,37,,,0,40,,65953,37,,,0
1701,'1391',600,,65996,37,,,0,30,,65997,37,,,0,70,,65998,37,,,0,30,,65999,37,,,0,70,,66000,37,,,0,30,,66001,37,,,0,70,,66002,37,,,0,30,,65971,37,,,0,70,,65972,37,,,0,30,,65973,37,,,0,20,,65974,37,,,0,60,,65975,37,,,0,20,,65976,37,,,0,20,,65977,37,,,0,60,,65978,37,,,0,20,,65979,37,,,0,20,,65980,37,,,0,60,,65981,37,,,0,20,,65982,37,,,0,20,,65983,37,,,0,60,,65984,37,,,0,20,,65985,37,,,0,20,,65986,37,,,0,60,,65987,37,,,0,20,,65988,37,,,0,20,,65989,37,,,0,60,,65990,37,,,0,20,,65991,37,,,0,20,,65992,37,,,0,60,,65993,37,,,0,20,,66003,37,,,0,20,,65994,37,,,0,60,,65995,37,,,0,20,,66004,37,,,0,70,,66005,37,,,0,30,,66006,37,,,0,70,,66007,37,,,0,30,,66008,37,,,0,70,,66009,37,,,0,30,,66010,37,,,0,70,,66011,37,,,0,30,,66012,37,,,0,70,,66013,37,,,0,30,,66014,37,,,0,70,,66015,37,,,0,30,,66016,37,,,0,70,,66017,37,,,0
1701,'1392',558,,66018,37,,,0,70,,66019,37,,,0,15,,66020,37,,,0,15,,66021,37,,,0,55,,66022,37,,,0,15,,66023,37,,,0,10,,66024,37,,,0,10,,66025,37,,,0,10,,66026,37,,,0,50,,66027,37,,,0,10,,66028,37,,,0,10,,66029,37,,,0,10,,66030,37,,,0,10,,66031,37,,,0,10,,66032,37,,,0,50,,66033,37,,,0,10,,66034,37,,,0,10,,66035,37,,,0,10,,66036,37,,,0,10,,66037,37,,,0,10,,66038,37,,,0,50,,66039,37,,,0,10,,66040,37,,,0,10,,66041,37,,,0,10,,66042,37,,,0,10,,66043,37,,,0,10,,66044,37,,,0,50,,66045,37,,,0,10,,66046,37,,,0,10,,66047,37,,,0,10,,66048,37,,,0,10,,66049,37,,,0,10,,66050,37,,,0,50,,66051,37,,,0,10,,66052,37,,,0,10,,66053,37,,,0,10,,66054,37,,,0,10,,66055,37,,,0,10,,66056,37,,,0,50,,66057,37,,,0,10,,66058,37,,,0,10,,66059,37,,,0,10,,66060,37,,,0,10,,66061,37,,,0,10,,66062,37,,,0,50,,66063,37,,,0,10,,66064,37,,,0,10,,66065,37,,,0,10,,66066,37,,,0,10,,66067,37,,,0,10,,66068,37,,,0,50,,66069,37,,,0,10,,66070,37,,,0,10,,66071,37,,,0,10,,66072,37,,,0,10,,66073,37,,,0,10,,66074,37,,,0,50,,66075,37,,,0,10,,66076,37,,,0,10,,66077,37,,,0,10,,66078,37,,,0,10,,66079,37,,,0,10,,66080,37,,,0,50,,66081,37,,,0,10,,66082,37,,,0,10,,66083,37,,,0,10,,66084,37,,,0,10,,66085,37,,,0,10,,66086,37,,,0,50,,66087,37,,,0,10,,66088,37,,,0,10,,66089,37,,,0,15,,66090,37,,,0,15,,66091,37,,,0,55,,66092,37,,,0,15,,66093,37,,,0,30,,66094,37,,,0,70,,66095,37,,,0,30,,66096,37,,,0,70,,66097,37,,,0,30,,66098,37,,,0,70,,66099,37,,,0,30,,66100,37,,,0,70,,66101,37,,,0,30,,66102,37,,,0,70,,66103,37,,,0,30,,66104,37,,,0
1701,'1393',558,,66105,37,,,0,70,,66106,37,,,0,15,,66107,37,,,0,15,,66108,37,,,0,55,,66109,37,,,0,15,,66110,37,,,0,10,,66111,37,,,0,10,,66112,37,,,0,10,,66113,37,,,0,50,,66114,37,,,0,10,,66115,37,,,0,10,,66116,37,,,0,10,,66117,37,,,0,10,,66118,37,,,0,10,,66119,37,,,0,50,,66120,37,,,0,10,,66121,37,,,0,10,,66122,37,,,0,10,,66123,37,,,0,10,,66124,37,,,0,10,,66125,37,,,0,50,,66126,37,,,0,10,,66127,37,,,0,10,,66128,37,,,0,10,,66129,37,,,0,10,,66130,37,,,0,10,,66131,37,,,0,50,,66132,37,,,0,10,,66133,37,,,0,10,,66134,37,,,0,10,,66135,37,,,0,10,,66136,37,,,0,10,,66137,37,,,0,50,,66138,37,,,0,10,,66139,37,,,0,10,,66140,37,,,0,10,,66141,37,,,0,10,,66142,37,,,0,10,,66143,37,,,0,50,,66144,37,,,0,10,,66145,37,,,0,10,,66146,37,,,0,10,,66147,37,,,0,10,,66148,37,,,0,10,,66149,37,,,0,50,,66150,37,,,0,10,,66151,37,,,0,10,,66152,37,,,0,10,,66153,37,,,0,10,,66154,37,,,0,10,,66155,37,,,0,50,,66156,37,,,0,10,,66157,37,,,0,10,,66158,37,,,0,10,,66159,37,,,0,10,,66160,37,,,0,10,,66161,37,,,0,50,,66162,37,,,0,10,,66163,37,,,0,10,,66164,37,,,0,10,,66165,37,,,0,10,,66166,37,,,0,10,,66167,37,,,0,50,,66168,37,,,0,10,,66169,37,,,0,10,,66170,37,,,0,10,,66171,37,,,0,10,,66172,37,,,0,10,,66173,37,,,0,50,,66174,37,,,0,10,,66175,37,,,0,10,,66176,37,,,0,15,,66177,37,,,0,15,,66178,37,,,0,55,,66179,37,,,0,15,,66180,37,,,0,30,,66181,37,,,0,70,,66182,37,,,0,30,,66183,37,,,0,70,,66184,37,,,0,30,,66185,37,,,0,70,,66186,37,,,0,30,,66187,37,,,0,70,,66188,37,,,0,30,,66189,37,,,0,70,,66190,37,,,0,30,,66191,37,,,0
1701,'1394',558,,66192,37,,,0,70,,66193,37,,,0,15,,66194,37,,,0,15,,66195,37,,,0,55,,66196,37,,,0,15,,66197,37,,,0,10,,66198,37,,,0,10,,66199,37,,,0,10,,66200,37,,,0,50,,66201,37,,,0,10,,66202,37,,,0,10,,66203,37,,,0,10,,66204,37,,,0,10,,66205,37,,,0,10,,66206,37,,,0,50,,66207,37,,,0,10,,66208,37,,,0,10,,66209,37,,,0,10,,66210,37,,,0,10,,66211,37,,,0,10,,66212,37,,,0,50,,66213,37,,,0,10,,66214,37,,,0,10,,66215,37,,,0,10,,66216,37,,,0,10,,66217,37,,,0,10,,66218,37,,,0,50,,66219,37,,,0,10,,66220,37,,,0,10,,66221,37,,,0,10,,66222,37,,,0,10,,66223,37,,,0,10,,66224,37,,,0,50,,66225,37,,,0,10,,66226,37,,,0,10,,66227,37,,,0,10,,66228,37,,,0,10,,66229,37,,,0,10,,66230,37,,,0,50,,66231,37,,,0,10,,66232,37,,,0,10,,66233,37,,,0,10,,66234,37,,,0,10,,66235,37,,,0,10,,66236,37,,,0,50,,66237,37,,,0,10,,66238,37,,,0,10,,66239,37,,,0,10,,66240,37,,,0,10,,66241,37,,,0,10,,66242,37,,,0,50,,66243,37,,,0,10,,66244,37,,,0,10,,66245,37,,,0,10,,66246,37,,,0,10,,66247,37,,,0,10,,66248,37,,,0,50,,66249,37,,,0,10,,66250,37,,,0,10,,66251,37,,,0,10,,66252,37,,,0,10,,66253,37,,,0,10,,66254,37,,,0,50,,66255,37,,,0,10,,66256,37,,,0,10,,66257,37,,,0,10,,66258,37,,,0,10,,66259,37,,,0,10,,66260,37,,,0,50,,66261,37,,,0,10,,66262,37,,,0,10,,66263,37,,,0,15,,66264,37,,,0,15,,66265,37,,,0,55,,66266,37,,,0,15,,66267,37,,,0,30,,66268,37,,,0,70,,66269,37,,,0,30,,66270,37,,,0,70,,66271,37,,,0,30,,66272,37,,,0,70,,66273,37,,,0,30,,66274,37,,,0,70,,66275,37,,,0,30,,66276,37,,,0,70,,66277,37,,,0,30,,66278,37,,,0
1701,'1395',558,,66279,37,,,0,70,,66280,37,,,0,15,,66281,37,,,0,15,,66282,37,,,0,55,,66283,37,,,0,15,,66284,37,,,0,10,,66285,37,,,0,10,,66286,37,,,0,10,,66287,37,,,0,50,,66288,37,,,0,10,,66289,37,,,0,10,,66290,37,,,0,10,,66291,37,,,0,10,,66292,37,,,0,10,,66293,37,,,0,50,,66294,37,,,0,10,,66295,37,,,0,10,,66296,37,,,0,10,,66297,37,,,0,10,,66298,37,,,0,10,,66299,37,,,0,50,,66300,37,,,0,10,,66301,37,,,0,10,,66302,37,,,0,10,,66303,37,,,0,10,,66304,37,,,0,10,,66305,37,,,0,50,,66306,37,,,0,10,,66307,37,,,0,10,,66308,37,,,0,10,,66309,37,,,0,10,,66310,37,,,0,10,,66311,37,,,0,50,,66312,37,,,0,10,,66313,37,,,0,10,,66314,37,,,0,10,,66315,37,,,0,10,,66316,37,,,0,10,,66317,37,,,0,50,,66318,37,,,0,10,,66319,37,,,0,10,,66320,37,,,0,10,,66321,37,,,0,10,,66322,37,,,0,10,,66323,37,,,0,50,,66324,37,,,0,10,,66325,37,,,0,10,,66326,37,,,0,10,,66327,37,,,0,10,,66328,37,,,0,10,,66329,37,,,0,50,,66330,37,,,0,10,,66331,37,,,0,10,,66332,37,,,0,10,,66333,37,,,0,10,,66334,37,,,0,10,,66335,37,,,0,50,,66336,37,,,0,10,,66337,37,,,0,10,,66338,37,,,0,10,,66339,37,,,0,10,,66340,37,,,0,10,,66341,37,,,0,50,,66342,37,,,0,10,,66343,37,,,0,10,,66344,37,,,0,10,,66345,37,,,0,10,,66346,37,,,0,10,,66347,37,,,0,50,,66348,37,,,0,10,,66349,37,,,0,10,,66350,37,,,0,15,,66351,37,,,0,15,,66352,37,,,0,55,,66353,37,,,0,15,,66354,37,,,0,30,,66355,37,,,0,70,,66356,37,,,0,30,,66357,37,,,0,70,,66358,37,,,0,30,,66359,37,,,0,70,,66360,37,,,0,30,,66361,37,,,0,70,,66362,37,,,0,30,,66363,37,,,0,70,,66364,37,,,0,30,,66365,37,,,0
1701,'1396',558,,66366,37,,,0,70,,66367,37,,,0,15,,66368,37,,,0,15,,66369,37,,,0,55,,66370,37,,,0,15,,66371,37,,,0,10,,66372,37,,,0,10,,66373,37,,,0,10,,66374,37,,,0,50,,66375,37,,,0,10,,66376,37,,,0,10,,66377,37,,,0,10,,66378,37,,,0,10,,66379,37,,,0,10,,66380,37,,,0,50,,66381,37,,,0,10,,66382,37,,,0,10,,66383,37,,,0,10,,66384,37,,,0,10,,66385,37,,,0,10,,66386,37,,,0,50,,66387,37,,,0,10,,66388,37,,,0,10,,66389,37,,,0,10,,66390,37,,,0,10,,66391,37,,,0,10,,66392,37,,,0,50,,66393,37,,,0,10,,66394,37,,,0,10,,66395,37,,,0,10,,66396,37,,,0,10,,66397,37,,,0,10,,66398,37,,,0,50,,66399,37,,,0,10,,66400,37,,,0,10,,66401,37,,,0,10,,66402,37,,,0,10,,66403,37,,,0,10,,66404,37,,,0,50,,66405,37,,,0,10,,66406,37,,,0,10,,66407,37,,,0,10,,66408,37,,,0,10,,66409,37,,,0,10,,66410,37,,,0,50,,66411,37,,,0,10,,66412,37,,,0,10,,66413,37,,,0,10,,66414,37,,,0,10,,66415,37,,,0,10,,66416,37,,,0,50,,66417,37,,,0,10,,66418,37,,,0,10,,66419,37,,,0,10,,66420,37,,,0,10,,66421,37,,,0,10,,66422,37,,,0,50,,66423,37,,,0,10,,66424,37,,,0,10,,66425,37,,,0,10,,66426,37,,,0,10,,66427,37,,,0,10,,66428,37,,,0,50,,66429,37,,,0,10,,66430,37,,,0,10,,66431,37,,,0,10,,66432,37,,,0,10,,66433,37,,,0,10,,66434,37,,,0,50,,66435,37,,,0,10,,66436,37,,,0,10,,66437,37,,,0,15,,66438,37,,,0,15,,66439,37,,,0,55,,66440,37,,,0,15,,66441,37,,,0,30,,66442,37,,,0,70,,66443,37,,,0,30,,66444,37,,,0,70,,66445,37,,,0,30,,66446,37,,,0,70,,66447,37,,,0,30,,66448,37,,,0,70,,66449,37,,,0,30,,66450,37,,,0,70,,66451,37,,,0,30,,66452,37,,,0
