2000,'1390',917,,67729,3,,,0
2000,'1391',617,,67730,3,,,0
2000,'1392',542,,67761,3,,,0
2000,'1393',542,,67809,3,,,0
2000,'1394',542,,67857,3,,,0
2000,'1395',542,,67905,3,,,0
2000,'1396',542,,67953,3,,,0
2001,'1390',1002,,68015,71,,,0,45,,68014,71,,,0,85,,68013,71,,,0,85,,68012,71,,,0,85,,68011,71,,,0,45,,68010,71,,,0,85,,68009,71,,,0,85,,68008,71,,,0,85,,68007,71,,,0,45,,68006,71,,,0,85,,68005,71,,,0,85,,68004,71,,,0,85,,68003,71,,,0,45,,68002,71,,,0,85,,68001,71,,,0
2001,'1391',702,,68033,71,,,0,45,,68034,71,,,0,85,,68035,71,,,0,85,,68036,71,,,0,38,,68016,71,,,0,70,,68017,71,,,0,30,,68018,71,,,0,70,,68019,71,,,0,80,,68020,71,,,0,30,,68021,71,,,0,70,,68022,71,,,0,30,,68023,71,,,0,80,,68024,71,,,0,30,,68025,71,,,0,70,,68026,71,,,0,30,,68027,71,,,0,80,,68028,71,,,0,30,,68029,71,,,0,70,,68030,71,,,0,30,,68031,71,,,0,80,,68032,71,,,0,77,,68037,71,,,0,45,,68038,71,,,0,85,,68039,71,,,0,85,,68040,71,,,0,85,,68041,71,,,0,45,,68042,71,,,0,85,,68043,71,,,0,85,,68044,71,,,0,85,,68045,71,,,0
2001,'1392',642,,68046,71,,,0,60,,68047,71,,,0,20,,68048,71,,,0,20,,68049,71,,,0,60,,68050,71,,,0,20,,68051,71,,,0,20,,68052,71,,,0,60,,68053,71,,,0,20,,68054,71,,,0,20,,68055,71,,,0,60,,68056,71,,,0,20,,68057,71,,,0,20,,68058,71,,,0,60,,68059,71,,,0,20,,68060,71,,,0,20,,68061,71,,,0,60,,68062,71,,,0,20,,68063,71,,,0,20,,68064,71,,,0,60,,68065,71,,,0,20,,68066,71,,,0,20,,68067,71,,,0,60,,68068,71,,,0,20,,68069,71,,,0,20,,68070,71,,,0,60,,68071,71,,,0,20,,68072,71,,,0,20,,68073,71,,,0,60,,68074,71,,,0,20,,68075,71,,,0,20,,68076,71,,,0,60,,68077,71,,,0,20,,68078,71,,,0,20,,68079,71,,,0,60,,68080,71,,,0,20,,68081,71,,,0,20,,68082,71,,,0,60,,68083,71,,,0,45,,68084,71,,,0,85,,68085,71,,,0,85,,68086,71,,,0,85,,68087,71,,,0,45,,68088,71,,,0,85,,68089,71,,,0,85,,68090,71,,,0,85,,68091,71,,,0,45,,68092,71,,,0
2001,'1393',642,,68093,71,,,0,60,,68094,71,,,0,20,,68095,71,,,0,20,,68096,71,,,0,60,,68097,71,,,0,20,,68098,71,,,0,20,,68099,71,,,0,60,,68100,71,,,0,20,,68101,71,,,0,20,,68102,71,,,0,60,,68103,71,,,0,20,,68104,71,,,0,20,,68105,71,,,0,60,,68106,71,,,0,20,,68107,71,,,0,20,,68108,71,,,0,60,,68109,71,,,0,20,,68110,71,,,0,20,,68111,71,,,0,60,,68112,71,,,0,20,,68113,71,,,0,20,,68114,71,,,0,60,,68115,71,,,0,20,,68116,71,,,0,20,,68117,71,,,0,60,,68118,71,,,0,20,,68119,71,,,0,20,,68120,71,,,0,60,,68121,71,,,0,20,,68122,71,,,0,20,,68123,71,,,0,60,,68124,71,,,0,20,,68125,71,,,0,20,,68126,71,,,0,60,,68127,71,,,0,20,,68128,71,,,0,20,,68129,71,,,0,60,,68130,71,,,0,45,,68131,71,,,0,85,,68132,71,,,0,85,,68133,71,,,0,85,,68134,71,,,0,45,,68135,71,,,0,85,,68136,71,,,0,85,,68137,71,,,0,85,,68138,71,,,0,45,,68139,71,,,0
2001,'1394',642,,68140,71,,,0,60,,68141,71,,,0,20,,68142,71,,,0,20,,68143,71,,,0,60,,68144,71,,,0,20,,68145,71,,,0,20,,68146,71,,,0,60,,68147,71,,,0,20,,68148,71,,,0,20,,68149,71,,,0,60,,68150,71,,,0,20,,68151,71,,,0,20,,68152,71,,,0,60,,68153,71,,,0,20,,68154,71,,,0,20,,68155,71,,,0,60,,68156,71,,,0,20,,68157,71,,,0,20,,68158,71,,,0,60,,68159,71,,,0,20,,68160,71,,,0,20,,68161,71,,,0,60,,68162,71,,,0,20,,68163,71,,,0,20,,68164,71,,,0,60,,68165,71,,,0,20,,68166,71,,,0,20,,68167,71,,,0,60,,68168,71,,,0,20,,68169,71,,,0,20,,68170,71,,,0,60,,68171,71,,,0,20,,68172,71,,,0,20,,68173,71,,,0,60,,68174,71,,,0,20,,68175,71,,,0,20,,68176,71,,,0,60,,68177,71,,,0,45,,68178,71,,,0,85,,68179,71,,,0,85,,68180,71,,,0,85,,68181,71,,,0,45,,68182,71,,,0,85,,68183,71,,,0,85,,68184,71,,,0,85,,68185,71,,,0,45,,68186,71,,,0
2001,'1395',642,,68187,71,,,0,60,,68188,71,,,0,20,,68189,71,,,0,20,,68190,71,,,0,60,,68191,71,,,0,20,,68192,71,,,0,20,,68193,71,,,0,60,,68194,71,,,0,20,,68195,71,,,0,20,,68196,71,,,0,60,,68197,71,,,0,20,,68198,71,,,0,20,,68199,71,,,0,60,,68200,71,,,0,20,,68201,71,,,0,20,,68202,71,,,0,60,,68203,71,,,0,20,,68204,71,,,0,20,,68205,71,,,0,60,,68206,71,,,0,20,,68207,71,,,0,20,,68208,71,,,0,60,,68209,71,,,0,20,,68210,71,,,0,20,,68211,71,,,0,60,,68212,71,,,0,20,,68213,71,,,0,20,,68214,71,,,0,60,,68215,71,,,0,20,,68216,71,,,0,20,,68217,71,,,0,60,,68218,71,,,0,20,,68219,71,,,0,20,,68220,71,,,0,60,,68221,71,,,0,20,,68222,71,,,0,20,,68223,71,,,0,60,,68224,71,,,0,45,,68225,71,,,0,85,,68226,71,,,0,85,,68227,71,,,0,85,,68228,71,,,0,45,,68229,71,,,0,85,,68230,71,,,0,85,,68231,71,,,0,85,,68232,71,,,0,45,,68233,71,,,0
2001,'1396',642,,68234,71,,,0,60,,68235,71,,,0,20,,68236,71,,,0,20,,68237,71,,,0,60,,68238,71,,,0,20,,68239,71,,,0,20,,68240,71,,,0,60,,68241,71,,,0,20,,68242,71,,,0,20,,68243,71,,,0,60,,68244,71,,,0,20,,68245,71,,,0,20,,68246,71,,,0,60,,68247,71,,,0,20,,68248,71,,,0,20,,68249,71,,,0,60,,68250,71,,,0,20,,68251,71,,,0,20,,68252,71,,,0,60,,68253,71,,,0,20,,68254,71,,,0,20,,68255,71,,,0,60,,68256,71,,,0,20,,68257,71,,,0,20,,68258,71,,,0,60,,68259,71,,,0,20,,68260,71,,,0,20,,68261,71,,,0,60,,68262,71,,,0,20,,68263,71,,,0,20,,68264,71,,,0,60,,68265,71,,,0,20,,68266,71,,,0,20,,68267,71,,,0,60,,68268,71,,,0,20,,68269,71,,,0,20,,68270,71,,,0,60,,68271,71,,,0,45,,68272,71,,,0,85,,68273,71,,,0,85,,68274,71,,,0,85,,68275,71,,,0,45,,68276,71,,,0,85,,68277,71,,,0,85,,68278,71,,,0,85,,68279,71,,,0,45,,68280,71,,,0
