1700,'1383',659,,58253,87,,,0,100,,58252,87,,,0,100,,58251,87,,,0,100,,58250,87,,,0,154,,58254,87,,,0,40,,58255,87,,,0,80,,58256,87,,,0,80,,58257,87,,,0,40,,58258,87,,,0,80,,58259,87,,,0,80,,58260,87,,,0,40,,58261,87,,,0,80,,58262,87,,,0,80,,58263,87,,,0,40,,58264,87,,,0,80,,58265,87,,,0,80,,58266,87,,,0,40,,58267,87,,,0,80,,58268,87,,,0
1700,'1384',622,,58269,87,,,0,35,,58270,87,,,0,70,,58271,87,,,0,30,,58272,87,,,0,70,,58273,87,,,0,30,,58274,87,,,0,70,,58275,87,,,0,30,,58276,87,,,0,70,,58277,87,,,0,30,,58278,87,,,0,79,,58287,87,,,0,20,,58288,87,,,0,60,,58289,87,,,0,20,,58290,87,,,0,20,,58291,87,,,0,60,,58292,87,,,0,20,,58293,87,,,0,20,,58294,87,,,0,60,,58295,87,,,0,20,,58296,87,,,0,20,,58297,87,,,0,60,,58298,87,,,0,20,,58299,87,,,0,20,,58300,87,,,0,60,,58301,87,,,0,20,,58302,87,,,0,20,,58303,87,,,0,60,,58304,87,,,0,20,,58305,87,,,0,20,,58306,87,,,0,60,,58307,87,,,0,20,,58308,87,,,0,20,,58309,87,,,0,60,,58310,87,,,0,15,,58311,87,,,0,70,,58312,87,,,0,30,,58313,87,,,0,70,,58314,87,,,0,30,,58315,87,,,0,26,,58279,87,,,0,70,,58280,87,,,0,30,,58281,87,,,0,70,,58282,87,,,0,30,,58283,87,,,0,70,,58284,87,,,0,30,,58285,87,,,0,70,,58286,87,,,0
1700,'1385',620,,58316,87,,,0,29,,58317,48,,,0,60,,58335,87,,,0,15,,58334,87,,,0,15,,58333,87,,,0,15,,58332,87,,,0,55,,58331,87,,,0,10,,58330,87,,,0,10,,58329,87,,,0,10,,58328,87,,,0,10,,58327,87,,,0,10,,58326,87,,,0,50,,58325,87,,,0,10,,58324,87,,,0,10,,58323,87,,,0,10,,58318,87,,,0,10,,58319,87,,,0,10,,58320,87,,,0,50,,58321,87,,,0,10,,58322,87,,,0,10,,58336,87,,,0,10,,58361,87,,,0,10,,58362,87,,,0,10,,58363,87,,,0,50,,58364,87,,,0,10,,58365,87,,,0,10,,58366,87,,,0,10,,58367,87,,,0,10,,58368,87,,,0,10,,58369,87,,,0,50,,58370,87,,,0,10,,58371,87,,,0,10,,58372,87,,,0,10,,58373,87,,,0,10,,58374,87,,,0,10,,58375,87,,,0,50,,58376,87,,,0,10,,58379,87,,,0,10,,58380,87,,,0,10,,58381,87,,,0,10,,58382,87,,,0,10,,58383,87,,,0,50,,58384,87,,,0,10,,58385,87,,,0,10,,58386,87,,,0,10,,58337,87,,,0,10,,58338,87,,,0,10,,58339,87,,,0,50,,58340,87,,,0,10,,58341,87,,,0,10,,58342,87,,,0,10,,58343,87,,,0,10,,58344,87,,,0,10,,58345,87,,,0,50,,58346,87,,,0,10,,58347,87,,,0,10,,58348,87,,,0,10,,58349,87,,,0,10,,58350,87,,,0,10,,58351,87,,,0,50,,58352,87,,,0,10,,58353,87,,,0,10,,58354,87,,,0,10,,58355,87,,,0,10,,58356,87,,,0,10,,58357,87,,,0,50,,58358,87,,,0,10,,58359,87,,,0,10,,58360,87,,,0,10,,58387,87,,,0,10,,58388,87,,,0,10,,58389,87,,,0,50,,58390,87,,,0,15,,58391,87,,,0,15,,58392,87,,,0,15,,58393,87,,,0,70,,58394,87,,,0,30,,58395,87,,,0,70,,58396,87,,,0,30,,58397,87,,,0,70,,58398,87,,,0,30,,58399,87,,,0,70,,58400,87,,,0,30,,58401,87,,,0,70,,58402,87,,,0,30,,58377,87,,,0,70,,58378,87,,,0
1700,'1386',620,,58403,87,,,0,29,,58404,48,,,0,60,,58422,87,,,0,15,,58421,87,,,0,15,,58420,87,,,0,15,,58419,87,,,0,55,,58418,87,,,0,10,,58417,87,,,0,10,,58416,87,,,0,10,,58415,87,,,0,10,,58414,87,,,0,10,,58413,87,,,0,50,,58412,87,,,0,10,,58411,87,,,0,10,,58410,87,,,0,10,,58405,87,,,0,10,,58406,87,,,0,10,,58407,87,,,0,50,,58408,87,,,0,10,,58409,87,,,0,10,,58423,87,,,0,10,,58448,87,,,0,10,,58449,87,,,0,10,,58450,87,,,0,50,,58451,87,,,0,10,,58452,87,,,0,10,,58453,87,,,0,10,,58454,87,,,0,10,,58455,87,,,0,10,,58456,87,,,0,50,,58457,87,,,0,10,,58458,87,,,0,10,,58459,87,,,0,10,,58460,87,,,0,10,,58461,87,,,0,10,,58462,87,,,0,50,,58463,87,,,0,10,,58466,87,,,0,10,,58467,87,,,0,10,,58468,87,,,0,10,,58469,87,,,0,10,,58470,87,,,0,50,,58471,87,,,0,10,,58472,87,,,0,10,,58473,87,,,0,10,,58424,87,,,0,10,,58425,87,,,0,10,,58426,87,,,0,50,,58427,87,,,0,10,,58428,87,,,0,10,,58429,87,,,0,10,,58430,87,,,0,10,,58431,87,,,0,10,,58432,87,,,0,50,,58433,87,,,0,10,,58434,87,,,0,10,,58435,87,,,0,10,,58436,87,,,0,10,,58437,87,,,0,10,,58438,87,,,0,50,,58439,87,,,0,10,,58440,87,,,0,10,,58441,87,,,0,10,,58442,87,,,0,10,,58443,87,,,0,10,,58444,87,,,0,50,,58445,87,,,0,10,,58446,87,,,0,10,,58447,87,,,0,10,,58474,87,,,0,10,,58475,87,,,0,10,,58476,87,,,0,50,,58477,87,,,0,15,,58478,87,,,0,15,,58479,87,,,0,15,,58480,87,,,0,70,,58481,87,,,0,30,,58482,87,,,0,70,,58483,87,,,0,30,,58484,87,,,0,70,,58485,87,,,0,30,,58486,87,,,0,70,,58487,87,,,0,30,,58488,87,,,0,70,,58489,87,,,0,30,,58464,87,,,0,70,,58465,87,,,0
1700,'1387',620,,58490,87,,,0,29,,58491,48,,,0,60,,58509,87,,,0,15,,58508,87,,,0,15,,58507,87,,,0,15,,58506,87,,,0,55,,58505,87,,,0,10,,58504,87,,,0,10,,58503,87,,,0,10,,58502,87,,,0,10,,58501,87,,,0,10,,58500,87,,,0,50,,58499,87,,,0,10,,58498,87,,,0,10,,58497,87,,,0,10,,58492,87,,,0,10,,58493,87,,,0,10,,58494,87,,,0,50,,58495,87,,,0,10,,58496,87,,,0,10,,58510,87,,,0,10,,58535,87,,,0,10,,58536,87,,,0,10,,58537,87,,,0,50,,58538,87,,,0,10,,58539,87,,,0,10,,58540,87,,,0,10,,58541,87,,,0,10,,58542,87,,,0,10,,58543,87,,,0,50,,58544,87,,,0,10,,58545,87,,,0,10,,58546,87,,,0,10,,58547,87,,,0,10,,58548,87,,,0,10,,58549,87,,,0,50,,58550,87,,,0,10,,58553,87,,,0,10,,58554,87,,,0,10,,58555,87,,,0,10,,58556,87,,,0,10,,58557,87,,,0,50,,58558,87,,,0,10,,58559,87,,,0,10,,58560,87,,,0,10,,58511,87,,,0,10,,58512,87,,,0,10,,58513,87,,,0,50,,58514,87,,,0,10,,58515,87,,,0,10,,58516,87,,,0,10,,58517,87,,,0,10,,58518,87,,,0,10,,58519,87,,,0,50,,58520,87,,,0,10,,58521,87,,,0,10,,58522,87,,,0,10,,58523,87,,,0,10,,58524,87,,,0,10,,58525,87,,,0,50,,58526,87,,,0,10,,58527,87,,,0,10,,58528,87,,,0,10,,58529,87,,,0,10,,58530,87,,,0,10,,58531,87,,,0,50,,58532,87,,,0,10,,58533,87,,,0,10,,58534,87,,,0,10,,58561,87,,,0,10,,58562,87,,,0,10,,58563,87,,,0,50,,58564,87,,,0,15,,58565,87,,,0,15,,58566,87,,,0,15,,58567,87,,,0,70,,58568,87,,,0,30,,58569,87,,,0,70,,58570,87,,,0,30,,58571,87,,,0,70,,58572,87,,,0,30,,58573,87,,,0,70,,58574,87,,,0,30,,58575,87,,,0,70,,58576,87,,,0,30,,58551,87,,,0,70,,58552,87,,,0
1700,'1388',620,,58577,87,,,0,29,,58578,48,,,0,60,,58596,87,,,0,15,,58595,87,,,0,15,,58594,87,,,0,15,,58593,87,,,0,55,,58592,87,,,0,10,,58591,87,,,0,10,,58590,87,,,0,10,,58589,87,,,0,10,,58588,87,,,0,10,,58587,87,,,0,50,,58586,87,,,0,10,,58585,87,,,0,10,,58584,87,,,0,10,,58579,87,,,0,10,,58580,87,,,0,10,,58581,87,,,0,50,,58582,87,,,0,10,,58583,87,,,0,10,,58597,87,,,0,10,,58622,87,,,0,10,,58623,87,,,0,10,,58624,87,,,0,50,,58625,87,,,0,10,,58626,87,,,0,10,,58627,87,,,0,10,,58628,87,,,0,10,,58629,87,,,0,10,,58630,87,,,0,50,,58631,87,,,0,10,,58632,87,,,0,10,,58633,87,,,0,10,,58634,87,,,0,10,,58635,87,,,0,10,,58636,87,,,0,50,,58637,87,,,0,10,,58640,87,,,0,10,,58641,87,,,0,10,,58642,87,,,0,10,,58643,87,,,0,10,,58644,87,,,0,50,,58645,87,,,0,10,,58646,87,,,0,10,,58647,87,,,0,10,,58598,87,,,0,10,,58599,87,,,0,10,,58600,87,,,0,50,,58601,87,,,0,10,,58602,87,,,0,10,,58603,87,,,0,10,,58604,87,,,0,10,,58605,87,,,0,10,,58606,87,,,0,50,,58607,87,,,0,10,,58608,87,,,0,10,,58609,87,,,0,10,,58610,87,,,0,10,,58611,87,,,0,10,,58612,87,,,0,50,,58613,87,,,0,10,,58614,87,,,0,10,,58615,87,,,0,10,,58616,87,,,0,10,,58617,87,,,0,10,,58618,87,,,0,50,,58619,87,,,0,10,,58620,87,,,0,10,,58621,87,,,0,10,,58648,87,,,0,10,,58649,87,,,0,10,,58650,87,,,0,50,,58651,87,,,0,15,,58652,87,,,0,15,,58653,87,,,0,15,,58654,87,,,0,70,,58655,87,,,0,30,,58656,87,,,0,70,,58657,87,,,0,30,,58658,87,,,0,70,,58659,87,,,0,30,,58660,87,,,0,70,,58661,87,,,0,30,,58662,87,,,0,70,,58663,87,,,0,30,,58638,87,,,0,70,,58639,87,,,0
1700,'1389',620,,58664,87,,,0,29,,58665,48,,,0,60,,58683,87,,,0,15,,58682,87,,,0,15,,58681,87,,,0,15,,58680,87,,,0,55,,58679,87,,,0,10,,58678,87,,,0,10,,58677,87,,,0,10,,58676,87,,,0,10,,58675,87,,,0,10,,58674,87,,,0,50,,58673,87,,,0,10,,58672,87,,,0,10,,58671,87,,,0,10,,58666,87,,,0,10,,58667,87,,,0,10,,58668,87,,,0,50,,58669,87,,,0,10,,58670,87,,,0,10,,58684,87,,,0,10,,58709,87,,,0,10,,58710,87,,,0,10,,58711,87,,,0,50,,58712,87,,,0,10,,58713,87,,,0,10,,58714,87,,,0,10,,58715,87,,,0,10,,58716,87,,,0,10,,58717,87,,,0,50,,58718,87,,,0,10,,58719,87,,,0,10,,58720,87,,,0,10,,58721,87,,,0,10,,58722,87,,,0,10,,58723,87,,,0,50,,58724,87,,,0,10,,58727,87,,,0,10,,58728,87,,,0,10,,58729,87,,,0,10,,58730,87,,,0,10,,58731,87,,,0,50,,58732,87,,,0,10,,58733,87,,,0,10,,58734,87,,,0,10,,58685,87,,,0,10,,58686,87,,,0,10,,58687,87,,,0,50,,58688,87,,,0,10,,58689,87,,,0,10,,58690,87,,,0,10,,58691,87,,,0,10,,58692,87,,,0,10,,58693,87,,,0,50,,58694,87,,,0,10,,58695,87,,,0,10,,58696,87,,,0,10,,58697,87,,,0,10,,58698,87,,,0,10,,58699,87,,,0,50,,58700,87,,,0,10,,58701,87,,,0,10,,58702,87,,,0,10,,58703,87,,,0,10,,58704,87,,,0,10,,58705,87,,,0,50,,58706,87,,,0,10,,58707,87,,,0,10,,58708,87,,,0,10,,58735,87,,,0,10,,58736,87,,,0,10,,58737,87,,,0,50,,58738,87,,,0,15,,58739,87,,,0,15,,58740,87,,,0,15,,58741,87,,,0,70,,58742,87,,,0,30,,58743,87,,,0,70,,58744,87,,,0,30,,58745,87,,,0,70,,58746,87,,,0,30,,58747,87,,,0,70,,58748,87,,,0,30,,58749,87,,,0,70,,58750,87,,,0,30,,58725,87,,,0,70,,58726,87,,,0
1800,'1383',755,,59268,81,,,0,100,,59267,81,,,0,100,,59266,81,,,0,80,,59265,81,,,0,80,,59264,81,,,0,43,,59263,81,,,0,82,,59262,81,,,0,80,,59261,81,,,0,80,,59260,81,,,0,40,,59259,81,,,0,80,,59258,81,,,0,80,,59257,81,,,0,40,,59256,81,,,0,80,,59255,81,,,0,80,,59254,81,,,0,40,,59253,81,,,0,80,,59252,81,,,0,80,,59251,81,,,0
1800,'1384',614,,59269,81,,,0,45,,59270,81,,,0,70,,59271,81,,,0,30,,59272,81,,,0,70,,59273,81,,,0,30,,59274,81,,,0,70,,59275,81,,,0,30,,59276,81,,,0,70,,59277,81,,,0,30,,59278,81,,,0,60,,59279,81,,,0,20,,59280,81,,,0,20,,59281,81,,,0,60,,59282,81,,,0,20,,59283,81,,,0,20,,59284,81,,,0,60,,59285,81,,,0,20,,59286,81,,,0,20,,59287,81,,,0,60,,59288,81,,,0,20,,59289,81,,,0,20,,59290,81,,,0,60,,59291,81,,,0,20,,59292,81,,,0,20,,59293,81,,,0,60,,59294,81,,,0,20,,59295,81,,,0,20,,59296,81,,,0,60,,59297,81,,,0,20,,59298,81,,,0,20,,59299,81,,,0,60,,59300,81,,,0,20,,59301,81,,,0,20,,59302,81,,,0,70,,59303,81,,,0,30,,59304,81,,,0,70,,59305,81,,,0,30,,59306,81,,,0,70,,59307,81,,,0,30,,59308,81,,,0,70,,59309,81,,,0,30,,59310,81,,,0,70,,59311,81,,,0,30,,59312,81,,,0,70,,59313,81,,,0,30,,59314,81,,,0,70,,59315,81,,,0
1800,'1385',616,,59352,81,,,0,35,,59353,81,,,0,60,,59316,81,,,0,15,,59317,81,,,0,15,,59318,81,,,0,15,,59319,81,,,0,55,,59320,81,,,0,10,,59321,81,,,0,10,,59322,81,,,0,10,,59323,81,,,0,10,,59324,81,,,0,50,,59325,81,,,0,10,,59326,81,,,0,4,,59354,81,,,0,15,,59355,81,,,0,15,,59356,81,,,0,55,,59357,81,,,0,15,,59358,81,,,0,15,,59359,81,,,0,15,,59360,81,,,0,13,,59361,81,,,0,55,,59362,81,,,0,15,,59363,81,,,0,15,,59364,81,,,0,15,,59365,81,,,0,55,,59366,81,,,0,15,,59367,81,,,0,15,,59368,81,,,0,15,,59369,81,,,0,55,,59370,81,,,0,15,,59371,81,,,0,15,,59372,81,,,0,65,,59327,81,,,0,20,,59328,81,,,0,15,,59329,81,,,0,15,,59330,81,,,0,55,,59331,81,,,0,10,,59332,81,,,0,10,,59333,81,,,0,10,,59334,81,,,0,10,,59335,81,,,0,50,,59336,81,,,0,10,,59337,81,,,0,10,,59338,81,,,0,10,,59339,81,,,0,10,,59340,81,,,0,10,,59341,81,,,0,50,,59342,81,,,0,10,,59343,81,,,0,10,,59344,81,,,0,10,,59345,81,,,0,10,,59346,81,,,0,10,,59347,81,,,0,50,,59348,81,,,0,10,,59349,81,,,0,15,,59350,81,,,0,15,,59351,81,,,0,16,,59373,81,,,0,70,,59374,81,,,0,30,,59375,81,,,0,70,,59376,81,,,0,30,,59377,81,,,0,70,,59378,81,,,0,30,,59379,81,,,0,70,,59380,81,,,0,30,,59381,81,,,0,70,,59382,81,,,0,30,,59383,81,,,0,70,,59384,81,,,0,30,,59385,81,,,0,70,,59386,81,,,0
1800,'1386',616,,59423,81,,,0,35,,59424,81,,,0,60,,59387,81,,,0,15,,59388,81,,,0,15,,59389,81,,,0,15,,59390,81,,,0,55,,59391,81,,,0,10,,59392,81,,,0,10,,59393,81,,,0,10,,59394,81,,,0,10,,59395,81,,,0,50,,59396,81,,,0,10,,59397,81,,,0,4,,59425,81,,,0,15,,59426,81,,,0,15,,59427,81,,,0,55,,59428,81,,,0,15,,59429,81,,,0,15,,59430,81,,,0,15,,59431,81,,,0,13,,59432,81,,,0,55,,59433,81,,,0,15,,59434,81,,,0,15,,59435,81,,,0,15,,59436,81,,,0,55,,59437,81,,,0,15,,59438,81,,,0,15,,59439,81,,,0,15,,59440,81,,,0,55,,59441,81,,,0,15,,59442,81,,,0,15,,59443,81,,,0,65,,59398,81,,,0,20,,59399,81,,,0,15,,59400,81,,,0,15,,59401,81,,,0,55,,59402,81,,,0,10,,59403,81,,,0,10,,59404,81,,,0,10,,59405,81,,,0,10,,59406,81,,,0,50,,59407,81,,,0,10,,59408,81,,,0,10,,59409,81,,,0,10,,59410,81,,,0,10,,59411,81,,,0,10,,59412,81,,,0,50,,59413,81,,,0,10,,59414,81,,,0,10,,59415,81,,,0,10,,59416,81,,,0,10,,59417,81,,,0,10,,59418,81,,,0,50,,59419,81,,,0,10,,59420,81,,,0,15,,59421,81,,,0,15,,59422,81,,,0,16,,59444,81,,,0,70,,59445,81,,,0,30,,59446,81,,,0,70,,59447,81,,,0,30,,59448,81,,,0,70,,59449,81,,,0,30,,59450,81,,,0,70,,59451,81,,,0,30,,59452,81,,,0,70,,59453,81,,,0,30,,59454,81,,,0,70,,59455,81,,,0,30,,59456,81,,,0,70,,59457,81,,,0
1800,'1387',616,,59494,81,,,0,35,,59495,81,,,0,60,,59458,81,,,0,15,,59459,81,,,0,15,,59460,81,,,0,15,,59461,81,,,0,55,,59462,81,,,0,10,,59463,81,,,0,10,,59464,81,,,0,10,,59465,81,,,0,10,,59466,81,,,0,50,,59467,81,,,0,10,,59468,81,,,0,4,,59496,81,,,0,15,,59497,81,,,0,15,,59498,81,,,0,55,,59499,81,,,0,15,,59500,81,,,0,15,,59501,81,,,0,15,,59502,81,,,0,13,,59503,81,,,0,55,,59504,81,,,0,15,,59505,81,,,0,15,,59506,81,,,0,15,,59507,81,,,0,55,,59508,81,,,0,15,,59509,81,,,0,15,,59510,81,,,0,15,,59511,81,,,0,55,,59512,81,,,0,15,,59513,81,,,0,15,,59514,81,,,0,65,,59469,81,,,0,20,,59470,81,,,0,15,,59471,81,,,0,15,,59472,81,,,0,55,,59473,81,,,0,10,,59474,81,,,0,10,,59475,81,,,0,10,,59476,81,,,0,10,,59477,81,,,0,50,,59478,81,,,0,10,,59479,81,,,0,10,,59480,81,,,0,10,,59481,81,,,0,10,,59482,81,,,0,10,,59483,81,,,0,50,,59484,81,,,0,10,,59485,81,,,0,10,,59486,81,,,0,10,,59487,81,,,0,10,,59488,81,,,0,10,,59489,81,,,0,50,,59490,81,,,0,10,,59491,81,,,0,15,,59492,81,,,0,15,,59493,81,,,0,16,,59515,81,,,0,70,,59516,81,,,0,30,,59517,81,,,0,70,,59518,81,,,0,30,,59519,81,,,0,70,,59520,81,,,0,30,,59521,81,,,0,70,,59522,81,,,0,30,,59523,81,,,0,70,,59524,81,,,0,30,,59525,81,,,0,70,,59526,81,,,0,30,,59527,81,,,0,70,,59528,81,,,0
1800,'1388',616,,59565,81,,,0,35,,59566,81,,,0,60,,59529,81,,,0,15,,59530,81,,,0,15,,59531,81,,,0,15,,59532,81,,,0,55,,59533,81,,,0,10,,59534,81,,,0,10,,59535,81,,,0,10,,59536,81,,,0,10,,59537,81,,,0,50,,59538,81,,,0,10,,59539,81,,,0,4,,59567,81,,,0,15,,59568,81,,,0,15,,59569,81,,,0,55,,59570,81,,,0,15,,59571,81,,,0,15,,59572,81,,,0,15,,59573,81,,,0,13,,59574,81,,,0,55,,59575,81,,,0,15,,59576,81,,,0,15,,59577,81,,,0,15,,59578,81,,,0,55,,59579,81,,,0,15,,59580,81,,,0,15,,59581,81,,,0,15,,59582,81,,,0,55,,59583,81,,,0,15,,59584,81,,,0,15,,59585,81,,,0,65,,59540,81,,,0,20,,59541,81,,,0,15,,59542,81,,,0,15,,59543,81,,,0,55,,59544,81,,,0,10,,59545,81,,,0,10,,59546,81,,,0,10,,59547,81,,,0,10,,59548,81,,,0,50,,59549,81,,,0,10,,59550,81,,,0,10,,59551,81,,,0,10,,59552,81,,,0,10,,59553,81,,,0,10,,59554,81,,,0,50,,59555,81,,,0,10,,59556,81,,,0,10,,59557,81,,,0,10,,59558,81,,,0,10,,59559,81,,,0,10,,59560,81,,,0,50,,59561,81,,,0,10,,59562,81,,,0,15,,59563,81,,,0,15,,59564,81,,,0,16,,59586,81,,,0,70,,59587,81,,,0,30,,59588,81,,,0,70,,59589,81,,,0,30,,59590,81,,,0,70,,59591,81,,,0,30,,59592,81,,,0,70,,59593,81,,,0,30,,59594,81,,,0,70,,59595,81,,,0,30,,59596,81,,,0,70,,59597,81,,,0,30,,59598,81,,,0,70,,59599,81,,,0
1800,'1389',616,,59636,81,,,0,35,,59637,81,,,0,60,,59600,81,,,0,15,,59601,81,,,0,15,,59602,81,,,0,15,,59603,81,,,0,55,,59604,81,,,0,10,,59605,81,,,0,10,,59606,81,,,0,10,,59607,81,,,0,10,,59608,81,,,0,50,,59609,81,,,0,10,,59610,81,,,0,4,,59638,81,,,0,15,,59639,81,,,0,15,,59640,81,,,0,55,,59641,81,,,0,15,,59642,81,,,0,15,,59643,81,,,0,15,,59644,81,,,0,13,,59645,81,,,0,55,,59646,81,,,0,15,,59647,81,,,0,15,,59648,81,,,0,15,,59649,81,,,0,55,,59650,81,,,0,15,,59651,81,,,0,15,,59652,81,,,0,15,,59653,81,,,0,55,,59654,81,,,0,15,,59655,81,,,0,15,,59656,81,,,0,65,,59611,81,,,0,20,,59612,81,,,0,15,,59613,81,,,0,15,,59614,81,,,0,55,,59615,81,,,0,10,,59616,81,,,0,10,,59617,81,,,0,10,,59618,81,,,0,10,,59619,81,,,0,50,,59620,81,,,0,10,,59621,81,,,0,10,,59622,81,,,0,10,,59623,81,,,0,10,,59624,81,,,0,10,,59625,81,,,0,50,,59626,81,,,0,10,,59627,81,,,0,10,,59628,81,,,0,10,,59629,81,,,0,10,,59630,81,,,0,10,,59631,81,,,0,50,,59632,81,,,0,10,,59633,81,,,0,15,,59634,81,,,0,15,,59635,81,,,0,16,,59657,81,,,0,70,,59658,81,,,0,30,,59659,81,,,0,70,,59660,81,,,0,30,,59661,81,,,0,70,,59662,81,,,0,30,,59663,81,,,0,70,,59664,81,,,0,30,,59665,81,,,0,70,,59666,81,,,0,30,,59667,81,,,0,70,,59668,81,,,0,30,,59669,81,,,0,70,,59670,81,,,0
