1700,'1390',609,,65455,17,,,0,100,,65454,17,,,0,100,,65453,17,,,0,100,,65452,17,,,0,102,,65470,17,,,0,40,,65469,17,,,0,80,,65468,17,,,0,80,,65467,17,,,0,40,,65466,17,,,0,80,,65465,17,,,0,80,,65464,17,,,0,40,,65463,17,,,0,80,,65462,17,,,0,80,,65461,17,,,0,40,,65460,17,,,0,80,,65459,17,,,0,80,,65458,17,,,0,40,,65457,17,,,0,80,,65456,17,,,0
1700,'1391',527,,65471,17,,,0,27,,65472,17,,,0,70,,65473,17,,,0,30,,65474,17,,,0,70,,65475,17,,,0,30,,65476,17,,,0,70,,65477,17,,,0,30,,65478,17,,,0,70,,65479,17,,,0,30,,65480,17,,,0,78,,65489,17,,,0,20,,65490,17,,,0,60,,65491,17,,,0,20,,65492,17,,,0,20,,65493,17,,,0,60,,65494,17,,,0,20,,65495,17,,,0,20,,65496,17,,,0,60,,65497,17,,,0,20,,65498,17,,,0,20,,65499,17,,,0,60,,65500,17,,,0,20,,65501,17,,,0,20,,65502,17,,,0,60,,65503,17,,,0,20,,65504,17,,,0,20,,65505,17,,,0,60,,65506,17,,,0,20,,65507,17,,,0,20,,65508,17,,,0,60,,65509,17,,,0,20,,65510,17,,,0,20,,65511,17,,,0,60,,65512,17,,,0,15,,65513,17,,,0,30,,65514,17,,,0,70,,65515,17,,,0,30,,65516,17,,,0,70,,65517,17,,,0,27,,65481,17,,,0,70,,65482,17,,,0,30,,65483,17,,,0,70,,65484,17,,,0,30,,65485,17,,,0,70,,65486,17,,,0,30,,65487,17,,,0,70,,65488,17,,,0
1700,'1392',530,,65518,17,,,0,80,,65520,17,,,0,15,,65521,17,,,0,15,,65522,17,,,0,15,,65523,17,,,0,55,,65524,17,,,0,10,,65525,17,,,0,10,,65526,17,,,0,10,,65527,17,,,0,10,,65528,17,,,0,50,,65529,17,,,0,10,,65530,17,,,0,10,,65531,17,,,0,10,,65532,17,,,0,10,,65533,17,,,0,10,,65534,17,,,0,50,,65535,17,,,0,10,,65536,17,,,0,10,,65537,17,,,0,10,,65538,17,,,0,10,,65539,17,,,0,10,,65540,17,,,0,50,,65541,17,,,0,10,,65542,17,,,0,10,,65543,17,,,0,10,,65544,17,,,0,10,,65545,17,,,0,10,,65546,17,,,0,50,,65547,17,,,0,10,,65548,17,,,0,10,,65549,17,,,0,10,,65550,17,,,0,10,,65551,17,,,0,10,,65552,17,,,0,50,,65553,17,,,0,10,,65554,17,,,0,10,,65555,17,,,0,10,,65556,17,,,0,10,,65557,17,,,0,10,,65558,17,,,0,50,,65559,17,,,0,10,,65560,17,,,0,10,,65561,17,,,0,10,,65562,17,,,0,10,,65563,17,,,0,10,,65564,17,,,0,50,,65565,17,,,0,10,,65566,17,,,0,10,,65567,17,,,0,10,,65568,17,,,0,10,,65569,17,,,0,10,,65570,17,,,0,50,,65571,17,,,0,10,,65572,17,,,0,10,,65573,17,,,0,10,,65574,17,,,0,10,,65575,17,,,0,10,,65576,17,,,0,50,,65577,17,,,0,10,,65578,17,,,0,10,,65579,17,,,0,10,,65580,17,,,0,10,,65581,17,,,0,10,,65582,17,,,0,50,,65583,17,,,0,10,,65584,17,,,0,10,,65585,17,,,0,10,,65586,17,,,0,10,,65587,17,,,0,10,,65588,17,,,0,50,,65589,17,,,0,10,,65590,17,,,0,15,,65591,17,,,0,15,,65592,17,,,0,15,,65593,17,,,0,70,,65594,17,,,0,30,,65595,17,,,0,70,,65596,17,,,0,30,,65597,17,,,0,70,,65598,17,,,0,30,,65599,17,,,0,70,,65600,17,,,0,30,,65601,17,,,0,70,,65602,17,,,0,30,,65603,17,,,0,70,,65604,17,,,0
1700,'1393',530,,65605,17,,,0,80,,65607,17,,,0,15,,65608,17,,,0,15,,65609,17,,,0,15,,65610,17,,,0,55,,65611,17,,,0,10,,65612,17,,,0,10,,65613,17,,,0,10,,65614,17,,,0,10,,65615,17,,,0,50,,65616,17,,,0,10,,65617,17,,,0,10,,65618,17,,,0,10,,65619,17,,,0,10,,65620,17,,,0,10,,65621,17,,,0,50,,65622,17,,,0,10,,65623,17,,,0,10,,65624,17,,,0,10,,65625,17,,,0,10,,65626,17,,,0,10,,65627,17,,,0,50,,65628,17,,,0,10,,65629,17,,,0,10,,65630,17,,,0,10,,65631,17,,,0,10,,65632,17,,,0,10,,65633,17,,,0,50,,65634,17,,,0,10,,65635,17,,,0,10,,65636,17,,,0,10,,65637,17,,,0,10,,65638,17,,,0,10,,65639,17,,,0,50,,65640,17,,,0,10,,65641,17,,,0,10,,65642,17,,,0,10,,65643,17,,,0,10,,65644,17,,,0,10,,65645,17,,,0,50,,65646,17,,,0,10,,65647,17,,,0,10,,65648,17,,,0,10,,65649,17,,,0,10,,65650,17,,,0,10,,65651,17,,,0,50,,65652,17,,,0,10,,65653,17,,,0,10,,65654,17,,,0,10,,65655,17,,,0,10,,65656,17,,,0,10,,65657,17,,,0,50,,65658,17,,,0,10,,65659,17,,,0,10,,65660,17,,,0,10,,65661,17,,,0,10,,65662,17,,,0,10,,65663,17,,,0,50,,65664,17,,,0,10,,65665,17,,,0,10,,65666,17,,,0,10,,65667,17,,,0,10,,65668,17,,,0,10,,65669,17,,,0,50,,65670,17,,,0,10,,65671,17,,,0,10,,65672,17,,,0,10,,65673,17,,,0,10,,65674,17,,,0,10,,65675,17,,,0,50,,65676,17,,,0,10,,65677,17,,,0,15,,65678,17,,,0,15,,65679,17,,,0,15,,65680,17,,,0,70,,65681,17,,,0,30,,65682,17,,,0,70,,65683,17,,,0,30,,65684,17,,,0,70,,65685,17,,,0,30,,65686,17,,,0,70,,65687,17,,,0,30,,65688,17,,,0,70,,65689,17,,,0,30,,65690,17,,,0,70,,65691,17,,,0
1700,'1394',530,,65692,17,,,0,80,,65694,17,,,0,15,,65695,17,,,0,15,,65696,17,,,0,15,,65697,17,,,0,55,,65698,17,,,0,10,,65699,17,,,0,10,,65700,17,,,0,10,,65701,17,,,0,10,,65702,17,,,0,50,,65703,17,,,0,10,,65704,17,,,0,10,,65705,17,,,0,10,,65706,17,,,0,10,,65707,17,,,0,10,,65708,17,,,0,50,,65709,17,,,0,10,,65710,17,,,0,10,,65711,17,,,0,10,,65712,17,,,0,10,,65713,17,,,0,10,,65714,17,,,0,50,,65715,17,,,0,10,,65716,17,,,0,10,,65717,17,,,0,10,,65718,17,,,0,10,,65719,17,,,0,10,,65720,17,,,0,50,,65721,17,,,0,10,,65722,17,,,0,10,,65723,17,,,0,10,,65724,17,,,0,10,,65725,17,,,0,10,,65726,17,,,0,50,,65727,17,,,0,10,,65728,17,,,0,10,,65729,17,,,0,10,,65730,17,,,0,10,,65731,17,,,0,10,,65732,17,,,0,50,,65733,17,,,0,10,,65734,17,,,0,10,,65735,17,,,0,10,,65736,17,,,0,10,,65737,17,,,0,10,,65738,17,,,0,50,,65739,17,,,0,10,,65740,17,,,0,10,,65741,17,,,0,10,,65742,17,,,0,10,,65743,17,,,0,10,,65744,17,,,0,50,,65745,17,,,0,10,,65746,17,,,0,10,,65747,17,,,0,10,,65748,17,,,0,10,,65749,17,,,0,10,,65750,17,,,0,50,,65751,17,,,0,10,,65752,17,,,0,10,,65753,17,,,0,10,,65754,17,,,0,10,,65755,17,,,0,10,,65756,17,,,0,50,,65757,17,,,0,10,,65758,17,,,0,10,,65759,17,,,0,10,,65760,17,,,0,10,,65761,17,,,0,10,,65762,17,,,0,50,,65763,17,,,0,10,,65764,17,,,0,15,,65765,17,,,0,15,,65766,17,,,0,15,,65767,17,,,0,70,,65768,17,,,0,30,,65769,17,,,0,70,,65770,17,,,0,30,,65771,17,,,0,70,,65772,17,,,0,30,,65773,17,,,0,70,,65774,17,,,0,30,,65775,17,,,0,70,,65776,17,,,0,30,,65777,17,,,0,70,,65778,17,,,0
1700,'1395',530,,65779,17,,,0,80,,65781,17,,,0,15,,65782,17,,,0,15,,65783,17,,,0,15,,65784,17,,,0,55,,65785,17,,,0,10,,65786,17,,,0,10,,65787,17,,,0,10,,65788,17,,,0,10,,65789,17,,,0,50,,65790,17,,,0,10,,65791,17,,,0,10,,65792,17,,,0,10,,65793,17,,,0,10,,65794,17,,,0,10,,65795,17,,,0,50,,65796,17,,,0,10,,65797,17,,,0,10,,65798,17,,,0,10,,65799,17,,,0,10,,65800,17,,,0,10,,65801,17,,,0,50,,65802,17,,,0,10,,65803,17,,,0,10,,65804,17,,,0,10,,65805,17,,,0,10,,65806,17,,,0,10,,65807,17,,,0,50,,65808,17,,,0,10,,65809,17,,,0,10,,65810,17,,,0,10,,65811,17,,,0,10,,65812,17,,,0,10,,65813,17,,,0,50,,65814,17,,,0,10,,65815,17,,,0,10,,65816,17,,,0,10,,65817,17,,,0,10,,65818,17,,,0,10,,65819,17,,,0,50,,65820,17,,,0,10,,65821,17,,,0,10,,65822,17,,,0,10,,65823,17,,,0,10,,65824,17,,,0,10,,65825,17,,,0,50,,65826,17,,,0,10,,65827,17,,,0,10,,65828,17,,,0,10,,65829,17,,,0,10,,65830,17,,,0,10,,65831,17,,,0,50,,65832,17,,,0,10,,65833,17,,,0,10,,65834,17,,,0,10,,65835,17,,,0,10,,65836,17,,,0,10,,65837,17,,,0,50,,65838,17,,,0,10,,65839,17,,,0,10,,65840,17,,,0,10,,65841,17,,,0,10,,65842,17,,,0,10,,65843,17,,,0,50,,65844,17,,,0,10,,65845,17,,,0,10,,65846,17,,,0,10,,65847,17,,,0,10,,65848,17,,,0,10,,65849,17,,,0,50,,65850,17,,,0,10,,65851,17,,,0,15,,65852,17,,,0,15,,65853,17,,,0,15,,65854,17,,,0,70,,65855,17,,,0,30,,65856,17,,,0,70,,65857,17,,,0,30,,65858,17,,,0,70,,65859,17,,,0,30,,65860,17,,,0,70,,65861,17,,,0,30,,65862,17,,,0,70,,65863,17,,,0,30,,65864,17,,,0,70,,65865,17,,,0
1700,'1396',530,,65866,17,,,0,80,,65868,17,,,0,15,,65869,17,,,0,15,,65870,17,,,0,15,,65871,17,,,0,55,,65872,17,,,0,10,,65873,17,,,0,10,,65874,17,,,0,10,,65875,17,,,0,10,,65876,17,,,0,50,,65877,17,,,0,10,,65878,17,,,0,10,,65879,17,,,0,10,,65880,17,,,0,10,,65881,17,,,0,10,,65882,17,,,0,50,,65883,17,,,0,10,,65884,17,,,0,10,,65885,17,,,0,10,,65886,17,,,0,10,,65887,17,,,0,10,,65888,17,,,0,50,,65889,17,,,0,10,,65890,17,,,0,10,,65891,17,,,0,10,,65892,17,,,0,10,,65893,17,,,0,10,,65894,17,,,0,50,,65895,17,,,0,10,,65896,17,,,0,10,,65897,17,,,0,10,,65898,17,,,0,10,,65899,17,,,0,10,,65900,17,,,0,50,,65901,17,,,0,10,,65902,17,,,0,10,,65903,17,,,0,10,,65904,17,,,0,10,,65905,17,,,0,10,,65906,17,,,0,50,,65907,17,,,0,10,,65908,17,,,0,10,,65909,17,,,0,10,,65910,17,,,0,10,,65911,17,,,0,10,,65912,17,,,0,50,,65913,17,,,0,10,,65914,17,,,0,10,,65915,17,,,0,10,,65916,17,,,0,10,,65917,17,,,0,10,,65918,17,,,0,50,,65919,17,,,0,10,,65920,17,,,0,10,,65921,17,,,0,10,,65922,17,,,0,10,,65923,17,,,0,10,,65924,17,,,0,50,,65925,17,,,0,10,,65926,17,,,0,10,,65927,17,,,0,10,,65928,17,,,0,10,,65929,17,,,0,10,,65930,17,,,0,50,,65931,17,,,0,10,,65932,17,,,0,10,,65933,17,,,0,10,,65934,17,,,0,10,,65935,17,,,0,10,,65936,17,,,0,50,,65937,17,,,0,10,,65938,17,,,0,15,,65939,17,,,0,15,,65940,17,,,0,15,,65941,17,,,0,70,,65942,17,,,0,30,,65943,17,,,0,70,,65944,17,,,0,30,,65945,17,,,0,70,,65946,17,,,0,30,,65947,17,,,0,70,,65948,17,,,0,30,,65949,17,,,0,70,,65950,17,,,0,30,,65951,17,,,0,70,,65952,17,,,0
722501,'1392',603,,71889,53,0,17,0,120,,71890,53,0,17,0,100,,71891,53,0,17,0,100,,71892,53,0,17,0,100,,71893,53,0,17,0,100,,71894,53,0,17,0,100,,71895,53,0,17,0,100,,71896,53,0,17,0,100,,71897,53,0,17,0,100,,71898,53,0,17,0,100,,71899,53,0,17,0,100,,71900,53,0,17,0,100,,71901,53,0,17,0,100,,71902,53,0,17,0,100,,71903,53,0,17,0,100,,71904,53,0,17,0,100,,71905,53,0,17,0,100,,71906,53,0,17,0
722501,'1393',603,,71907,53,0,17,0,120,,71908,53,0,17,0,100,,71909,53,0,17,0,100,,71910,53,0,17,0,100,,71911,53,0,17,0,100,,71912,53,0,17,0,100,,71913,53,0,17,0,100,,71914,53,0,17,0,100,,71915,53,0,17,0,100,,71916,53,0,17,0,100,,71917,53,0,17,0,100,,71918,53,0,17,0,100,,71919,53,0,17,0,100,,71920,53,0,17,0,100,,71921,53,0,17,0,100,,71922,53,0,17,0,100,,71923,53,0,17,0,100,,71924,53,0,17,0
722501,'1394',603,,71925,53,0,17,0,120,,71926,53,0,17,0,100,,71927,53,0,17,0,100,,71928,53,0,17,0,100,,71929,53,0,17,0,100,,71930,53,0,17,0,100,,71931,53,0,17,0,100,,71932,53,0,17,0,100,,71933,53,0,17,0,100,,71934,53,0,17,0,100,,71935,53,0,17,0,100,,71936,53,0,17,0,100,,71937,53,0,17,0,100,,71938,53,0,17,0,100,,71939,53,0,17,0,100,,71940,53,0,17,0,100,,71941,53,0,17,0,100,,71942,53,0,17,0
722501,'1395',603,,71943,53,0,17,0,120,,71944,53,0,17,0,100,,71945,53,0,17,0,100,,71946,53,0,17,0,100,,71947,53,0,17,0,100,,71948,53,0,17,0,100,,71949,53,0,17,0,100,,71950,53,0,17,0,100,,71951,53,0,17,0,100,,71952,53,0,17,0,100,,71953,53,0,17,0,100,,71954,53,0,17,0,100,,71955,53,0,17,0,100,,71956,53,0,17,0,100,,71957,53,0,17,0,100,,71958,53,0,17,0,100,,71959,53,0,17,0,100,,71960,53,0,17,0
722501,'1396',603,,71961,53,0,17,0,120,,71962,53,0,17,0,100,,71963,53,0,17,0,100,,71964,53,0,17,0,100,,71965,53,0,17,0,100,,71966,53,0,17,0,100,,71967,53,0,17,0,100,,71968,53,0,17,0,100,,71969,53,0,17,0,100,,71970,53,0,17,0,100,,71971,53,0,17,0,100,,71972,53,0,17,0,100,,71973,53,0,17,0,100,,71974,53,0,17,0,100,,71975,53,0,17,0,100,,71976,53,0,17,0,100,,71977,53,0,17,0,100,,71978,53,0,17,0
