1700,'1390',624,,65455,37,,,0,100,,65454,37,,,0,100,,65453,37,,,0,100,,65452,37,,,0,110,,65470,37,,,0,80,,65469,37,,,0,40,,65468,37,,,0,80,,65467,37,,,0,80,,65466,37,,,0,40,,65465,37,,,0,80,,65464,37,,,0,80,,65463,37,,,0,40,,65462,37,,,0,80,,65461,37,,,0,80,,65460,37,,,0,40,,65459,37,,,0,80,,65458,37,,,0,80,,65457,37,,,0,40,,65456,37,,,0
1700,'1391',543,,65471,37,,,0,74,,65472,37,,,0,30,,65473,37,,,0,70,,65474,37,,,0,30,,65475,37,,,0,70,,65476,37,,,0,30,,65477,37,,,0,70,,65478,37,,,0,30,,65479,37,,,0,70,,65480,37,,,0,37,,65489,37,,,0,60,,65490,37,,,0,20,,65491,37,,,0,20,,65492,37,,,0,60,,65493,37,,,0,20,,65494,37,,,0,20,,65495,37,,,0,60,,65496,37,,,0,20,,65497,37,,,0,20,,65498,37,,,0,60,,65499,37,,,0,20,,65500,37,,,0,20,,65501,37,,,0,60,,65502,37,,,0,20,,65503,37,,,0,20,,65504,37,,,0,60,,65505,37,,,0,20,,65506,37,,,0,20,,65507,37,,,0,60,,65508,37,,,0,20,,65509,37,,,0,20,,65510,37,,,0,60,,65511,37,,,0,20,,65512,37,,,0,15,,65513,37,,,0,70,,65514,37,,,0,30,,65515,37,,,0,70,,65516,37,,,0,30,,65517,37,,,0,68,,65481,37,,,0,30,,65482,37,,,0,70,,65483,37,,,0,30,,65484,37,,,0,70,,65485,37,,,0,30,,65486,37,,,0,70,,65487,37,,,0,30,,65488,37,,,0
1700,'1392',546,,65518,37,,,0,84,,65520,37,,,0,15,,65521,37,,,0,55,,65522,37,,,0,15,,65523,37,,,0,15,,65524,37,,,0,10,,65525,37,,,0,10,,65526,37,,,0,50,,65527,37,,,0,10,,65528,37,,,0,10,,65529,37,,,0,10,,65530,37,,,0,10,,65531,37,,,0,10,,65532,37,,,0,50,,65533,37,,,0,10,,65534,37,,,0,10,,65535,37,,,0,10,,65536,37,,,0,10,,65537,37,,,0,10,,65538,37,,,0,50,,65539,37,,,0,10,,65540,37,,,0,10,,65541,37,,,0,10,,65542,37,,,0,10,,65543,37,,,0,10,,65544,37,,,0,50,,65545,37,,,0,10,,65546,37,,,0,10,,65547,37,,,0,10,,65548,37,,,0,10,,65549,37,,,0,10,,65550,37,,,0,50,,65551,37,,,0,10,,65552,37,,,0,10,,65553,37,,,0,10,,65554,37,,,0,10,,65555,37,,,0,10,,65556,37,,,0,50,,65557,37,,,0,10,,65558,37,,,0,10,,65559,37,,,0,10,,65560,37,,,0,10,,65561,37,,,0,10,,65562,37,,,0,50,,65563,37,,,0,10,,65564,37,,,0,10,,65565,37,,,0,10,,65566,37,,,0,10,,65567,37,,,0,10,,65568,37,,,0,50,,65569,37,,,0,10,,65570,37,,,0,10,,65571,37,,,0,10,,65572,37,,,0,10,,65573,37,,,0,10,,65574,37,,,0,50,,65575,37,,,0,10,,65576,37,,,0,10,,65577,37,,,0,10,,65578,37,,,0,10,,65579,37,,,0,10,,65580,37,,,0,50,,65581,37,,,0,10,,65582,37,,,0,10,,65583,37,,,0,10,,65584,37,,,0,10,,65585,37,,,0,10,,65586,37,,,0,50,,65587,37,,,0,10,,65588,37,,,0,10,,65589,37,,,0,10,,65590,37,,,0,15,,65591,37,,,0,55,,65592,37,,,0,15,,65593,37,,,0,30,,65594,37,,,0,70,,65595,37,,,0,30,,65596,37,,,0,70,,65597,37,,,0,30,,65598,37,,,0,70,,65599,37,,,0,30,,65600,37,,,0,70,,65601,37,,,0,30,,65602,37,,,0,70,,65603,37,,,0,30,,65604,37,,,0
1700,'1393',546,,65605,37,,,0,84,,65607,37,,,0,15,,65608,37,,,0,55,,65609,37,,,0,15,,65610,37,,,0,15,,65611,37,,,0,10,,65612,37,,,0,10,,65613,37,,,0,50,,65614,37,,,0,10,,65615,37,,,0,10,,65616,37,,,0,10,,65617,37,,,0,10,,65618,37,,,0,10,,65619,37,,,0,50,,65620,37,,,0,10,,65621,37,,,0,10,,65622,37,,,0,10,,65623,37,,,0,10,,65624,37,,,0,10,,65625,37,,,0,50,,65626,37,,,0,10,,65627,37,,,0,10,,65628,37,,,0,10,,65629,37,,,0,10,,65630,37,,,0,10,,65631,37,,,0,50,,65632,37,,,0,10,,65633,37,,,0,10,,65634,37,,,0,10,,65635,37,,,0,10,,65636,37,,,0,10,,65637,37,,,0,50,,65638,37,,,0,10,,65639,37,,,0,10,,65640,37,,,0,10,,65641,37,,,0,10,,65642,37,,,0,10,,65643,37,,,0,50,,65644,37,,,0,10,,65645,37,,,0,10,,65646,37,,,0,10,,65647,37,,,0,10,,65648,37,,,0,10,,65649,37,,,0,50,,65650,37,,,0,10,,65651,37,,,0,10,,65652,37,,,0,10,,65653,37,,,0,10,,65654,37,,,0,10,,65655,37,,,0,50,,65656,37,,,0,10,,65657,37,,,0,10,,65658,37,,,0,10,,65659,37,,,0,10,,65660,37,,,0,10,,65661,37,,,0,50,,65662,37,,,0,10,,65663,37,,,0,10,,65664,37,,,0,10,,65665,37,,,0,10,,65666,37,,,0,10,,65667,37,,,0,50,,65668,37,,,0,10,,65669,37,,,0,10,,65670,37,,,0,10,,65671,37,,,0,10,,65672,37,,,0,10,,65673,37,,,0,50,,65674,37,,,0,10,,65675,37,,,0,10,,65676,37,,,0,10,,65677,37,,,0,15,,65678,37,,,0,55,,65679,37,,,0,15,,65680,37,,,0,30,,65681,37,,,0,70,,65682,37,,,0,30,,65683,37,,,0,70,,65684,37,,,0,30,,65685,37,,,0,70,,65686,37,,,0,30,,65687,37,,,0,70,,65688,37,,,0,30,,65689,37,,,0,70,,65690,37,,,0,30,,65691,37,,,0
1700,'1394',546,,65692,37,,,0,84,,65694,37,,,0,15,,65695,37,,,0,55,,65696,37,,,0,15,,65697,37,,,0,15,,65698,37,,,0,10,,65699,37,,,0,10,,65700,37,,,0,50,,65701,37,,,0,10,,65702,37,,,0,10,,65703,37,,,0,10,,65704,37,,,0,10,,65705,37,,,0,10,,65706,37,,,0,50,,65707,37,,,0,10,,65708,37,,,0,10,,65709,37,,,0,10,,65710,37,,,0,10,,65711,37,,,0,10,,65712,37,,,0,50,,65713,37,,,0,10,,65714,37,,,0,10,,65715,37,,,0,10,,65716,37,,,0,10,,65717,37,,,0,10,,65718,37,,,0,50,,65719,37,,,0,10,,65720,37,,,0,10,,65721,37,,,0,10,,65722,37,,,0,10,,65723,37,,,0,10,,65724,37,,,0,50,,65725,37,,,0,10,,65726,37,,,0,10,,65727,37,,,0,10,,65728,37,,,0,10,,65729,37,,,0,10,,65730,37,,,0,50,,65731,37,,,0,10,,65732,37,,,0,10,,65733,37,,,0,10,,65734,37,,,0,10,,65735,37,,,0,10,,65736,37,,,0,50,,65737,37,,,0,10,,65738,37,,,0,10,,65739,37,,,0,10,,65740,37,,,0,10,,65741,37,,,0,10,,65742,37,,,0,50,,65743,37,,,0,10,,65744,37,,,0,10,,65745,37,,,0,10,,65746,37,,,0,10,,65747,37,,,0,10,,65748,37,,,0,50,,65749,37,,,0,10,,65750,37,,,0,10,,65751,37,,,0,10,,65752,37,,,0,10,,65753,37,,,0,10,,65754,37,,,0,50,,65755,37,,,0,10,,65756,37,,,0,10,,65757,37,,,0,10,,65758,37,,,0,10,,65759,37,,,0,10,,65760,37,,,0,50,,65761,37,,,0,10,,65762,37,,,0,10,,65763,37,,,0,10,,65764,37,,,0,15,,65765,37,,,0,55,,65766,37,,,0,15,,65767,37,,,0,30,,65768,37,,,0,70,,65769,37,,,0,30,,65770,37,,,0,70,,65771,37,,,0,30,,65772,37,,,0,70,,65773,37,,,0,30,,65774,37,,,0,70,,65775,37,,,0,30,,65776,37,,,0,70,,65777,37,,,0,30,,65778,37,,,0
1700,'1395',546,,65779,37,,,0,84,,65781,37,,,0,15,,65782,37,,,0,55,,65783,37,,,0,15,,65784,37,,,0,15,,65785,37,,,0,10,,65786,37,,,0,10,,65787,37,,,0,50,,65788,37,,,0,10,,65789,37,,,0,10,,65790,37,,,0,10,,65791,37,,,0,10,,65792,37,,,0,10,,65793,37,,,0,50,,65794,37,,,0,10,,65795,37,,,0,10,,65796,37,,,0,10,,65797,37,,,0,10,,65798,37,,,0,10,,65799,37,,,0,50,,65800,37,,,0,10,,65801,37,,,0,10,,65802,37,,,0,10,,65803,37,,,0,10,,65804,37,,,0,10,,65805,37,,,0,50,,65806,37,,,0,10,,65807,37,,,0,10,,65808,37,,,0,10,,65809,37,,,0,10,,65810,37,,,0,10,,65811,37,,,0,50,,65812,37,,,0,10,,65813,37,,,0,10,,65814,37,,,0,10,,65815,37,,,0,10,,65816,37,,,0,10,,65817,37,,,0,50,,65818,37,,,0,10,,65819,37,,,0,10,,65820,37,,,0,10,,65821,37,,,0,10,,65822,37,,,0,10,,65823,37,,,0,50,,65824,37,,,0,10,,65825,37,,,0,10,,65826,37,,,0,10,,65827,37,,,0,10,,65828,37,,,0,10,,65829,37,,,0,50,,65830,37,,,0,10,,65831,37,,,0,10,,65832,37,,,0,10,,65833,37,,,0,10,,65834,37,,,0,10,,65835,37,,,0,50,,65836,37,,,0,10,,65837,37,,,0,10,,65838,37,,,0,10,,65839,37,,,0,10,,65840,37,,,0,10,,65841,37,,,0,50,,65842,37,,,0,10,,65843,37,,,0,10,,65844,37,,,0,10,,65845,37,,,0,10,,65846,37,,,0,10,,65847,37,,,0,50,,65848,37,,,0,10,,65849,37,,,0,10,,65850,37,,,0,10,,65851,37,,,0,15,,65852,37,,,0,55,,65853,37,,,0,15,,65854,37,,,0,30,,65855,37,,,0,70,,65856,37,,,0,30,,65857,37,,,0,70,,65858,37,,,0,30,,65859,37,,,0,70,,65860,37,,,0,30,,65861,37,,,0,70,,65862,37,,,0,30,,65863,37,,,0,70,,65864,37,,,0,30,,65865,37,,,0
1700,'1396',546,,65866,37,,,0,84,,65868,37,,,0,15,,65869,37,,,0,55,,65870,37,,,0,15,,65871,37,,,0,15,,65872,37,,,0,10,,65873,37,,,0,10,,65874,37,,,0,50,,65875,37,,,0,10,,65876,37,,,0,10,,65877,37,,,0,10,,65878,37,,,0,10,,65879,37,,,0,10,,65880,37,,,0,50,,65881,37,,,0,10,,65882,37,,,0,10,,65883,37,,,0,10,,65884,37,,,0,10,,65885,37,,,0,10,,65886,37,,,0,50,,65887,37,,,0,10,,65888,37,,,0,10,,65889,37,,,0,10,,65890,37,,,0,10,,65891,37,,,0,10,,65892,37,,,0,50,,65893,37,,,0,10,,65894,37,,,0,10,,65895,37,,,0,10,,65896,37,,,0,10,,65897,37,,,0,10,,65898,37,,,0,50,,65899,37,,,0,10,,65900,37,,,0,10,,65901,37,,,0,10,,65902,37,,,0,10,,65903,37,,,0,10,,65904,37,,,0,50,,65905,37,,,0,10,,65906,37,,,0,10,,65907,37,,,0,10,,65908,37,,,0,10,,65909,37,,,0,10,,65910,37,,,0,50,,65911,37,,,0,10,,65912,37,,,0,10,,65913,37,,,0,10,,65914,37,,,0,10,,65915,37,,,0,10,,65916,37,,,0,50,,65917,37,,,0,10,,65918,37,,,0,10,,65919,37,,,0,10,,65920,37,,,0,10,,65921,37,,,0,10,,65922,37,,,0,50,,65923,37,,,0,10,,65924,37,,,0,10,,65925,37,,,0,10,,65926,37,,,0,10,,65927,37,,,0,10,,65928,37,,,0,50,,65929,37,,,0,10,,65930,37,,,0,10,,65931,37,,,0,10,,65932,37,,,0,10,,65933,37,,,0,10,,65934,37,,,0,50,,65935,37,,,0,10,,65936,37,,,0,10,,65937,37,,,0,10,,65938,37,,,0,15,,65939,37,,,0,55,,65940,37,,,0,15,,65941,37,,,0,30,,65942,37,,,0,70,,65943,37,,,0,30,,65944,37,,,0,70,,65945,37,,,0,30,,65946,37,,,0,70,,65947,37,,,0,30,,65948,37,,,0,70,,65949,37,,,0,30,,65950,37,,,0,70,,65951,37,,,0,30,,65952,37,,,0
1900,'1390',913,,67309,26,,,0,100,,67308,26,,,0,100,,67307,26,,,0,100,,67306,26,,,0,100,,67305,26,,,0,100,,67304,26,,,0,100,,67303,26,,,0,100,,67302,26,,,0,100,,67301,26,,,0,100,,67300,26,,,0,100,,67299,26,,,0,100,,67298,26,,,0
1900,'1391',813,,67310,26,,,0,100,,67311,26,,,0,100,,67312,26,,,0,30,,67313,26,,,0,70,,67314,26,,,0,30,,67315,26,,,0,70,,67316,26,,,0,30,,67317,26,,,0,70,,67318,26,,,0,30,,67319,26,,,0,70,,67320,26,,,0,30,,67321,26,,,0,70,,67322,26,,,0,30,,67323,26,,,0,70,,67324,26,,,0,30,,67325,26,,,0,70,,67326,26,,,0,30,,67327,26,,,0,70,,67328,26,,,0,30,,67329,26,,,0,70,,67330,26,,,0,30,,67331,26,,,0,70,,67332,26,,,0,100,,67333,26,,,0,100,,67334,26,,,0,100,,67335,26,,,0
1900,'1392',613,,67336,26,,,0,30,,67337,26,,,0,70,,67338,26,,,0,30,,67339,26,,,0,70,,67340,26,,,0,30,,67341,26,,,0,70,,67342,26,,,0,30,,67343,26,,,0,70,,67344,26,,,0,30,,67345,26,,,0,70,,67346,26,,,0,30,,67347,26,,,0,70,,67348,26,,,0,30,,67349,26,,,0,70,,67350,26,,,0,30,,67351,26,,,0,70,,67352,26,,,0,30,,67353,26,,,0,70,,67354,26,,,0,30,,67355,26,,,0,70,,67356,26,,,0,30,,67357,26,,,0,70,,67358,26,,,0,30,,67359,26,,,0,70,,67360,26,,,0,30,,67361,26,,,0,70,,67362,26,,,0,30,,67363,26,,,0,70,,67364,26,,,0,30,,67365,26,,,0,70,,67366,26,,,0,30,,67367,26,,,0,100,,67368,26,,,0,100,,67369,26,,,0
1900,'1393',613,,67370,26,,,0,30,,67371,26,,,0,70,,67372,26,,,0,30,,67373,26,,,0,70,,67374,26,,,0,30,,67375,26,,,0,70,,67376,26,,,0,30,,67377,26,,,0,70,,67378,26,,,0,30,,67379,26,,,0,70,,67380,26,,,0,30,,67381,26,,,0,70,,67382,26,,,0,30,,67383,26,,,0,70,,67384,26,,,0,30,,67385,26,,,0,70,,67386,26,,,0,30,,67387,26,,,0,70,,67388,26,,,0,30,,67389,26,,,0,70,,67390,26,,,0,30,,67391,26,,,0,70,,67392,26,,,0,30,,67393,26,,,0,70,,67394,26,,,0,30,,67395,26,,,0,70,,67396,26,,,0,30,,67397,26,,,0,70,,67398,26,,,0,30,,67399,26,,,0,70,,67400,26,,,0,30,,67401,26,,,0,100,,67402,26,,,0,100,,67403,26,,,0
1900,'1394',613,,67404,26,,,0,30,,67405,26,,,0,70,,67406,26,,,0,30,,67407,26,,,0,70,,67408,26,,,0,30,,67409,26,,,0,70,,67410,26,,,0,30,,67411,26,,,0,70,,67412,26,,,0,30,,67413,26,,,0,70,,67414,26,,,0,30,,67415,26,,,0,70,,67416,26,,,0,30,,67417,26,,,0,70,,67418,26,,,0,30,,67419,26,,,0,70,,67420,26,,,0,30,,67421,26,,,0,70,,67422,26,,,0,30,,67423,26,,,0,70,,67424,26,,,0,30,,67425,26,,,0,70,,67426,26,,,0,30,,67427,26,,,0,70,,67428,26,,,0,30,,67429,26,,,0,70,,67430,26,,,0,30,,67431,26,,,0,70,,67432,26,,,0,30,,67433,26,,,0,70,,67434,26,,,0,30,,67435,26,,,0,100,,67436,26,,,0,100,,67437,26,,,0
1900,'1395',613,,67438,26,,,0,30,,67439,26,,,0,70,,67440,26,,,0,30,,67441,26,,,0,70,,67442,26,,,0,30,,67443,26,,,0,70,,67444,26,,,0,30,,67445,26,,,0,70,,67446,26,,,0,30,,67447,26,,,0,70,,67448,26,,,0,30,,67449,26,,,0,70,,67450,26,,,0,30,,67451,26,,,0,70,,67452,26,,,0,30,,67453,26,,,0,70,,67454,26,,,0,30,,67455,26,,,0,70,,67456,26,,,0,30,,67457,26,,,0,70,,67458,26,,,0,30,,67459,26,,,0,70,,67460,26,,,0,30,,67461,26,,,0,70,,67462,26,,,0,30,,67463,26,,,0,70,,67464,26,,,0,30,,67465,26,,,0,70,,67466,26,,,0,30,,67467,26,,,0,70,,67468,26,,,0,30,,67469,26,,,0,100,,67470,26,,,0,100,,67471,26,,,0
1900,'1396',613,,67472,26,,,0,30,,67473,26,,,0,70,,67474,26,,,0,30,,67475,26,,,0,70,,67476,26,,,0,30,,67477,26,,,0,70,,67478,26,,,0,30,,67479,26,,,0,70,,67480,26,,,0,30,,67481,26,,,0,70,,67482,26,,,0,30,,67483,26,,,0,70,,67484,26,,,0,30,,67485,26,,,0,70,,67486,26,,,0,30,,67487,26,,,0,70,,67488,26,,,0,30,,67489,26,,,0,70,,67490,26,,,0,30,,67491,26,,,0,70,,67492,26,,,0,30,,67493,26,,,0,70,,67494,26,,,0,30,,67495,26,,,0,70,,67496,26,,,0,30,,67497,26,,,0,70,,67498,26,,,0,30,,67499,26,,,0,70,,67500,26,,,0,30,,67501,26,,,0,70,,67502,26,,,0,30,,67503,26,,,0,100,,67504,26,,,0,100,,67505,26,,,0
