2800,'1363',800,,39473,38,4,,0,110,,39474,38,4,,0,110,,39475,38,4,,0,110,,39476,38,4,,0,110,,39477,38,4,,0,110,,39478,38,4,,0,150,,39479,38,4,,0,110,,39480,38,4,,0,110,,39481,38,4,,0,110,,39482,38,4,,0,110,,39483,38,4,,0
2800,'1364',700,,39489,39,4,,0,35,,39490,39,4,,0,75,,39491,39,4,,0,35,,39492,39,4,,0,75,,39493,39,4,,0,35,,39494,39,4,,0,75,,39495,39,4,,0,75,,39496,39,4,,0,35,,39497,39,4,,0,75,,39498,39,4,,0,35,,39499,39,4,,0,75,,39500,39,4,,0,75,,39501,39,4,,0,35,,39502,39,4,,0,75,,39503,39,4,,0,35,,39504,39,4,,0,75,,39505,39,4,,0,35,,39506,39,4,,0,75,,39484,38,4,,0,75,,39485,38,4,,0,35,,39486,38,4,,0,75,,39487,38,4,,0,35,,39488,38,4,,0
2800,'1365',700,,39512,39,4,,0,35,,39513,39,4,,0,75,,39514,39,4,,0,35,,39515,39,4,,0,75,,39516,39,4,,0,35,,39517,39,4,,0,75,,39518,39,4,,0,75,,39519,39,4,,0,35,,39520,39,4,,0,75,,39521,39,4,,0,35,,39522,39,4,,0,75,,39523,39,4,,0,75,,39524,39,4,,0,35,,39525,39,4,,0,75,,39526,39,4,,0,35,,39527,39,4,,0,75,,39528,39,4,,0,35,,39529,39,4,,0,75,,39507,38,4,,0,75,,39508,38,4,,0,35,,39509,38,4,,0,75,,39510,38,4,,0,35,,39511,38,4,,0
2800,'1366',700,,39535,39,4,,0,35,,39536,39,4,,0,75,,39537,39,4,,0,35,,39538,39,4,,0,75,,39539,39,4,,0,35,,39540,39,4,,0,75,,39541,39,4,,0,75,,39542,39,4,,0,35,,39543,39,4,,0,75,,39544,39,4,,0,35,,39545,39,4,,0,75,,39546,39,4,,0,75,,39547,39,4,,0,35,,39548,39,4,,0,75,,39549,39,4,,0,35,,39550,39,4,,0,75,,39551,39,4,,0,35,,39552,39,4,,0,75,,39530,38,4,,0,75,,39531,38,4,,0,35,,39532,38,4,,0,75,,39533,38,4,,0,35,,39534,38,4,,0
2800,'1367',700,,39558,39,4,,0,35,,39559,39,4,,0,75,,39560,39,4,,0,35,,39561,39,4,,0,75,,39562,39,4,,0,35,,39563,39,4,,0,75,,39564,39,4,,0,75,,39565,39,4,,0,35,,39566,39,4,,0,75,,39567,39,4,,0,35,,39568,39,4,,0,75,,39569,39,4,,0,75,,39570,39,4,,0,35,,39571,39,4,,0,75,,39572,39,4,,0,35,,39573,39,4,,0,75,,39574,39,4,,0,35,,39575,39,4,,0,75,,39553,38,4,,0,75,,39554,38,4,,0,35,,39555,38,4,,0,75,,39556,38,4,,0,35,,39557,38,4,,0
2800,'1368',700,,39581,39,4,,0,35,,39582,39,4,,0,75,,39583,39,4,,0,35,,39584,39,4,,0,75,,39585,39,4,,0,35,,39586,39,4,,0,75,,39587,39,4,,0,75,,39588,39,4,,0,35,,39589,39,4,,0,75,,39590,39,4,,0,35,,39591,39,4,,0,75,,39592,39,4,,0,75,,39593,39,4,,0,35,,39594,39,4,,0,75,,39595,39,4,,0,35,,39596,39,4,,0,75,,39597,39,4,,0,35,,39598,39,4,,0,75,,39576,38,4,,0,75,,39577,38,4,,0,35,,39578,38,4,,0,75,,39579,38,4,,0,35,,39580,38,4,,0
2801,'1363',805,,39599,1,,,0,110,,39600,1,,,0,110,,39601,1,,,0,110,,39602,1,,,0,110,,39603,1,,,0,110,,39604,1,,,0,150,,39605,1,,,0,110,,39606,1,,,0,110,,39607,1,,,0,110,,39608,1,,,0
2801,'1364',630,,39609,1,,,0,75,,39610,1,,,0,35,,39611,1,,,0,75,,39612,1,,,0,35,,39613,1,,,0,75,,39614,1,,,0,75,,39615,1,,,0,35,,39616,1,,,0,75,,39617,1,,,0,35,,39618,1,,,0,75,,39619,1,,,0,35,,39620,1,,,0,75,,39621,1,,,0,75,,39622,1,,,0,35,,39623,1,,,0,75,,39624,1,,,0,35,,39625,1,,,0,75,,39626,1,,,0,75,,39627,1,,,0,35,,39628,1,,,0,75,,39629,1,,,0,35,,39630,1,,,0,75,,39631,1,,,0
2801,'1365',630,,39632,1,,,0,75,,39633,1,,,0,35,,39634,1,,,0,75,,39635,1,,,0,35,,39636,1,,,0,75,,39637,1,,,0,75,,39638,1,,,0,35,,39639,1,,,0,75,,39640,1,,,0,35,,39641,1,,,0,75,,39642,1,,,0,35,,39643,1,,,0,75,,39644,1,,,0,75,,39645,1,,,0,35,,39646,1,,,0,75,,39647,1,,,0,35,,39648,1,,,0,75,,39649,1,,,0,75,,39650,1,,,0,35,,39651,1,,,0,75,,39652,1,,,0,35,,39653,1,,,0,75,,39654,1,,,0
2801,'1366',630,,39655,1,,,0,75,,39656,1,,,0,35,,39657,1,,,0,75,,39658,1,,,0,35,,39659,1,,,0,75,,39660,1,,,0,75,,39661,1,,,0,35,,39662,1,,,0,75,,39663,1,,,0,35,,39664,1,,,0,75,,39665,1,,,0,35,,39666,1,,,0,75,,39667,1,,,0,75,,39668,1,,,0,35,,39669,1,,,0,75,,39670,1,,,0,35,,39671,1,,,0,75,,39672,1,,,0,75,,39673,1,,,0,35,,39674,1,,,0,75,,39675,1,,,0,35,,39676,1,,,0,75,,39677,1,,,0
2801,'1367',630,,39678,1,,,0,75,,39679,1,,,0,35,,39680,1,,,0,75,,39681,1,,,0,35,,39682,1,,,0,75,,39683,1,,,0,75,,39684,1,,,0,35,,39685,1,,,0,75,,39686,1,,,0,35,,39687,1,,,0,75,,39688,1,,,0,35,,39689,1,,,0,75,,39690,1,,,0,75,,39691,1,,,0,35,,39692,1,,,0,75,,39693,1,,,0,35,,39694,1,,,0,75,,39695,1,,,0,75,,39696,1,,,0,35,,39697,1,,,0,75,,39698,1,,,0,35,,39699,1,,,0,75,,39700,1,,,0
2801,'1368',630,,39701,1,,,0,75,,39702,1,,,0,35,,39703,1,,,0,75,,39704,1,,,0,35,,39705,1,,,0,75,,39706,1,,,0,75,,39707,1,,,0,35,,39708,1,,,0,75,,39709,1,,,0,35,,39710,1,,,0,75,,39711,1,,,0,35,,39712,1,,,0,75,,39713,1,,,0,75,,39714,1,,,0,35,,39715,1,,,0,75,,39716,1,,,0,35,,39717,1,,,0,75,,39718,1,,,0,75,,39719,1,,,0,35,,39720,1,,,0,75,,39721,1,,,0,35,,39722,1,,,0,75,,39723,1,,,0
400100,'1362',920,,39890,1,0,11,0,35,,39889,1,0,11,0,75,,39888,1,0,11,0,75,,39887,1,0,11,0,35,,39895,1,0,11,0,75,,39894,1,0,11,0,35,,39893,1,0,11,0,75,,39892,1,0,11,0,75,,39891,1,0,11,0,35,,39883,1,0,11,0,75,,39882,1,0,11,0,35,,39881,1,0,11,0,75,,39880,1,0,11,0,35,,39886,1,0,11,0,75,,39885,1,0,11,0,75,,39884,1,0,11,0
400100,'1363',745,,39896,1,0,11,0,75,,39897,1,0,11,0,35,,39915,1,0,11,0,75,,39914,1,0,11,0,75,,39913,1,0,11,0,35,,39912,1,0,11,0,75,,39911,1,0,11,0,35,,39910,1,0,11,0,75,,39909,1,0,11,0,75,,39908,1,0,11,0,35,,39907,1,0,11,0,75,,39906,1,0,11,0,35,,39905,1,0,11,0,75,,39904,1,0,11,0,35,,39903,1,0,11,0,75,,39902,1,0,11,0,75,,39901,1,0,11,0,35,,39900,1,0,11,0,75,,39898,1,0,11,0,35,,39899,1,0,11,0
400100,'1364',645,,39916,1,0,11,0,75,,39917,1,0,11,0,35,,39918,1,0,11,0,75,,39919,1,0,11,0,75,,39920,1,0,11,0,35,,39921,1,0,11,0,75,,39922,1,0,11,0,35,,39923,1,0,11,0,75,,39924,1,0,11,0,75,,39925,1,0,11,0,35,,39926,1,0,11,0,75,,39927,1,0,11,0,35,,39928,1,0,11,0,75,,39929,1,0,11,0,35,,39930,1,0,11,0,75,,39931,1,0,11,0,75,,39932,1,0,11,0,35,,39933,1,0,11,0,75,,39934,1,0,11,0,35,,39935,1,0,11,0,75,,39936,1,0,11,0,75,,39937,1,0,11,0,35,,39938,1,0,11,0,75,,39939,1,0,11,0,35,,39940,1,0,11,0,75,,39941,1,0,11,0,35,,39942,1,0,11,0
400100,'1365',645,,39943,1,0,11,0,75,,39944,1,0,11,0,35,,39945,1,0,11,0,75,,39946,1,0,11,0,75,,39947,1,0,11,0,35,,39948,1,0,11,0,75,,39949,1,0,11,0,35,,39950,1,0,11,0,75,,39951,1,0,11,0,75,,39952,1,0,11,0,35,,39953,1,0,11,0,75,,39954,1,0,11,0,35,,39955,1,0,11,0,75,,39956,1,0,11,0,35,,39957,1,0,11,0,75,,39958,1,0,11,0,75,,39959,1,0,11,0,35,,39960,1,0,11,0,75,,39961,1,0,11,0,35,,39962,1,0,11,0,75,,39963,1,0,11,0,75,,39964,1,0,11,0,35,,39965,1,0,11,0,75,,39966,1,0,11,0,35,,39967,1,0,11,0,75,,39968,1,0,11,0,35,,39969,1,0,11,0
400100,'1366',645,,39970,1,0,11,0,75,,39971,1,0,11,0,35,,39972,1,0,11,0,75,,39973,1,0,11,0,75,,39974,1,0,11,0,35,,39975,1,0,11,0,75,,39976,1,0,11,0,35,,39977,1,0,11,0,75,,39978,1,0,11,0,75,,39979,1,0,11,0,35,,39980,1,0,11,0,75,,39981,1,0,11,0,35,,39982,1,0,11,0,75,,39983,1,0,11,0,35,,39984,1,0,11,0,75,,39985,1,0,11,0,75,,39986,1,0,11,0,35,,39987,1,0,11,0,75,,39988,1,0,11,0,35,,39989,1,0,11,0,75,,39990,1,0,11,0,75,,39991,1,0,11,0,35,,39992,1,0,11,0,75,,39993,1,0,11,0,35,,39994,1,0,11,0,75,,39995,1,0,11,0,35,,39996,1,0,11,0
400100,'1367',645,,39997,1,0,11,0,75,,39998,1,0,11,0,35,,39999,1,0,11,0,75,,40000,1,0,11,0,75,,40001,1,0,11,0,35,,40002,1,0,11,0,75,,40003,1,0,11,0,35,,40004,1,0,11,0,75,,40005,1,0,11,0,75,,40006,1,0,11,0,35,,40007,1,0,11,0,75,,40008,1,0,11,0,35,,40009,1,0,11,0,75,,40010,1,0,11,0,35,,40011,1,0,11,0,75,,40012,1,0,11,0,75,,40013,1,0,11,0,35,,40014,1,0,11,0,75,,40015,1,0,11,0,35,,40016,1,0,11,0,75,,40017,1,0,11,0,75,,40018,1,0,11,0,35,,40019,1,0,11,0,75,,40020,1,0,11,0,35,,40021,1,0,11,0,75,,40022,1,0,11,0,35,,40023,1,0,11,0
400100,'1368',645,,40024,1,0,11,0,75,,40025,1,0,11,0,35,,40026,1,0,11,0,75,,40027,1,0,11,0,75,,40028,1,0,11,0,35,,40029,1,0,11,0,75,,40030,1,0,11,0,35,,40031,1,0,11,0,75,,40032,1,0,11,0,75,,40033,1,0,11,0,35,,40034,1,0,11,0,75,,40035,1,0,11,0,35,,40036,1,0,11,0,75,,40037,1,0,11,0,35,,40038,1,0,11,0,75,,40039,1,0,11,0,75,,40040,1,0,11,0,35,,40041,1,0,11,0,75,,40042,1,0,11,0,35,,40043,1,0,11,0,75,,40044,1,0,11,0,75,,40045,1,0,11,0,35,,40046,1,0,11,0,75,,40047,1,0,11,0,35,,40048,1,0,11,0,75,,40049,1,0,11,0,35,,40050,1,0,11,0
400101,'1362',1027,,40060,4,4,,0,75,,40059,4,4,,0,35,,40058,4,4,,0,75,,40057,4,4,,0,35,,40056,4,4,,0,75,,40055,4,4,,0,35,,40054,4,4,,0,75,,40053,4,4,,0,75,,40052,4,4,,0,35,,40051,4,4,,0,75,,40066,4,4,,0,35,,40065,4,4,,0,75,,40064,4,4,,0,75,,40063,4,4,,0,35,,40062,4,4,,0,75,,40061,4,4,,0
400101,'1363',852,,40067,4,4,,0,75,,40068,4,4,,0,75,,40069,4,4,,0,35,,40070,4,4,,0,75,,40071,4,4,,0,35,,40072,4,4,,0,75,,40073,4,4,,0,35,,40074,4,4,,0,75,,40075,4,4,,0,75,,40076,4,4,,0,35,,40077,4,4,,0,75,,40078,4,4,,0,35,,40079,4,4,,0,75,,40080,4,4,,0,75,,40081,4,4,,0,35,,40082,4,4,,0,75,,40083,4,4,,0,35,,40084,4,4,,0,75,,40085,4,4,,0,35,,40086,4,4,,0
400101,'1364',752,,40087,4,4,,0,75,,40088,4,4,,0,75,,40089,4,4,,0,35,,40090,4,4,,0,75,,40091,4,4,,0,35,,40092,4,4,,0,75,,40093,4,4,,0,35,,40094,4,4,,0,75,,40095,4,4,,0,75,,40096,4,4,,0,35,,40097,4,4,,0,75,,40098,4,4,,0,35,,40099,4,4,,0,75,,40100,4,4,,0,75,,40101,4,4,,0,35,,40102,4,4,,0,75,,40103,4,4,,0,35,,40104,4,4,,0,75,,40105,4,4,,0,35,,40106,4,4,,0,75,,40107,4,4,,0,75,,40108,4,4,,0,35,,40109,4,4,,0,75,,40110,4,4,,0,35,,40111,4,4,,0,75,,40112,4,4,,0,75,,40113,4,4,,0
400101,'1365',752,,40114,4,4,,0,75,,40115,4,4,,0,75,,40116,4,4,,0,35,,40117,4,4,,0,75,,40118,4,4,,0,35,,40119,4,4,,0,75,,40120,4,4,,0,35,,40121,4,4,,0,75,,40122,4,4,,0,75,,40123,4,4,,0,35,,40124,4,4,,0,75,,40125,4,4,,0,35,,40126,4,4,,0,75,,40127,4,4,,0,75,,40128,4,4,,0,35,,40129,4,4,,0,75,,40130,4,4,,0,35,,40131,4,4,,0,75,,40132,4,4,,0,35,,40133,4,4,,0,75,,40134,4,4,,0,75,,40135,4,4,,0,35,,40136,4,4,,0,75,,40137,4,4,,0,35,,40138,4,4,,0,75,,40139,4,4,,0,75,,40140,4,4,,0
400101,'1366',752,,40141,4,4,,0,75,,40142,4,4,,0,75,,40143,4,4,,0,35,,40144,4,4,,0,75,,40145,4,4,,0,35,,40146,4,4,,0,75,,40147,4,4,,0,35,,40148,4,4,,0,75,,40149,4,4,,0,75,,40150,4,4,,0,35,,40151,4,4,,0,75,,40152,4,4,,0,35,,40153,4,4,,0,75,,40154,4,4,,0,75,,40155,4,4,,0,35,,40156,4,4,,0,75,,40157,4,4,,0,35,,40158,4,4,,0,75,,40159,4,4,,0,35,,40160,4,4,,0,75,,40161,4,4,,0,75,,40162,4,4,,0,35,,40163,4,4,,0,75,,40164,4,4,,0,35,,40165,4,4,,0,75,,40166,4,4,,0,75,,40167,4,4,,0
400101,'1367',752,,40168,4,4,,0,75,,40169,4,4,,0,75,,40170,4,4,,0,35,,40171,4,4,,0,75,,40172,4,4,,0,35,,40173,4,4,,0,75,,40174,4,4,,0,35,,40175,4,4,,0,75,,40176,4,4,,0,75,,40177,4,4,,0,35,,40178,4,4,,0,75,,40179,4,4,,0,35,,40180,4,4,,0,75,,40181,4,4,,0,75,,40182,4,4,,0,35,,40183,4,4,,0,75,,40184,4,4,,0,35,,40185,4,4,,0,75,,40186,4,4,,0,35,,40187,4,4,,0,75,,40188,4,4,,0,75,,40189,4,4,,0,35,,40190,4,4,,0,75,,40191,4,4,,0,35,,40192,4,4,,0,75,,40193,4,4,,0,75,,40194,4,4,,0
400101,'1368',752,,40195,4,4,,0,75,,40196,4,4,,0,75,,40197,4,4,,0,35,,40198,4,4,,0,75,,40199,4,4,,0,35,,40200,4,4,,0,75,,40201,4,4,,0,35,,40202,4,4,,0,75,,40203,4,4,,0,75,,40204,4,4,,0,35,,40205,4,4,,0,75,,40206,4,4,,0,35,,40207,4,4,,0,75,,40208,4,4,,0,75,,40209,4,4,,0,35,,40210,4,4,,0,75,,40211,4,4,,0,35,,40212,4,4,,0,75,,40213,4,4,,0,35,,40214,4,4,,0,75,,40215,4,4,,0,75,,40216,4,4,,0,35,,40217,4,4,,0,75,,40218,4,4,,0,35,,40219,4,4,,0,75,,40220,4,4,,0,75,,40221,4,4,,0
