721303,'1390',839,,70801,4,0,15,0,80,,70800,4,0,15,0,40,,70799,4,0,15,0,80,,70798,4,0,15,0,80,,70797,4,0,15,0,40,,70796,4,0,15,0,80,,70795,4,0,15,0,80,,70794,4,0,15,0,40,,70793,4,0,15,0,80,,70792,4,0,15,0,80,,70791,4,0,15,0,40,,70790,4,0,15,0,80,,70789,4,0,15,0,80,,70788,4,0,15,0,40,,70787,4,0,15,0,80,,70786,4,0,15,0,80,,70785,4,0,15,0,40,,70784,4,0,15,0
721303,'1391',639,,70802,4,0,15,0,80,,70803,4,0,15,0,40,,70804,4,0,15,0,80,,70805,4,0,15,0,80,,70806,4,0,15,0,40,,70807,4,0,15,0,80,,70808,4,0,15,0,80,,70809,4,0,15,0,40,,70810,4,0,15,0,60,,70811,4,0,15,0,20,,70812,4,0,15,0,20,,70813,4,0,15,0,60,,70814,4,0,15,0,20,,70815,4,0,15,0,20,,70816,4,0,15,0,60,,70817,4,0,15,0,20,,70818,4,0,15,0,20,,70819,4,0,15,0,60,,70820,4,0,15,0,20,,70821,4,0,15,0,20,,70822,4,0,15,0,60,,70823,4,0,15,0,20,,70824,4,0,15,0,20,,70825,4,0,15,0,60,,70826,4,0,15,0,20,,70827,4,0,15,0,20,,70828,4,0,15,0,60,,70829,4,0,15,0,20,,70830,4,0,15,0,80,,70831,4,0,15,0,40,,70832,4,0,15,0,80,,70833,4,0,15,0,80,,70834,4,0,15,0,40,,70835,4,0,15,0,80,,70836,4,0,15,0,80,,70837,4,0,15,0
721303,'1392',614,,70838,4,0,15,0,45,,70839,4,0,15,0,60,,70840,4,0,15,0,25,,70841,4,0,15,0,60,,70842,4,0,15,0,25,,70843,4,0,15,0,20,,70844,4,0,15,0,65,,70845,4,0,15,0,20,,70846,4,0,15,0,25,,70847,4,0,15,0,60,,70848,4,0,15,0,25,,70849,4,0,15,0,60,,70850,4,0,15,0,25,,70851,4,0,15,0,20,,70852,4,0,15,0,65,,70853,4,0,15,0,20,,70854,4,0,15,0,25,,70855,4,0,15,0,60,,70856,4,0,15,0,25,,70857,4,0,15,0,60,,70858,4,0,15,0,25,,70859,4,0,15,0,20,,70860,4,0,15,0,65,,70861,4,0,15,0,20,,70862,4,0,15,0,25,,70863,4,0,15,0,60,,70864,4,0,15,0,25,,70865,4,0,15,0,60,,70866,4,0,15,0,25,,70867,4,0,15,0,20,,70868,4,0,15,0,65,,70869,4,0,15,0,20,,70870,4,0,15,0,69,,70871,4,0,15,0,36,,70872,4,0,15,0,80,,70873,4,0,15,0,40,,70874,4,0,15,0,80,,70875,4,0,15,0,80,,70876,4,0,15,0,40,,70877,4,0,15,0,80,,70878,4,0,15,0
721303,'1393',614,,70879,4,0,15,0,45,,70880,4,0,15,0,60,,70881,4,0,15,0,25,,70882,4,0,15,0,60,,70883,4,0,15,0,25,,70884,4,0,15,0,20,,70885,4,0,15,0,65,,70886,4,0,15,0,20,,70887,4,0,15,0,25,,70888,4,0,15,0,60,,70889,4,0,15,0,25,,70890,4,0,15,0,60,,70891,4,0,15,0,25,,70892,4,0,15,0,20,,70893,4,0,15,0,65,,70894,4,0,15,0,20,,70895,4,0,15,0,25,,70896,4,0,15,0,60,,70897,4,0,15,0,25,,70898,4,0,15,0,60,,70899,4,0,15,0,25,,70900,4,0,15,0,20,,70901,4,0,15,0,65,,70902,4,0,15,0,20,,70903,4,0,15,0,25,,70904,4,0,15,0,60,,70905,4,0,15,0,25,,70906,4,0,15,0,60,,70907,4,0,15,0,25,,70908,4,0,15,0,20,,70909,4,0,15,0,65,,70910,4,0,15,0,20,,70911,4,0,15,0,69,,70912,4,0,15,0,36,,70913,4,0,15,0,80,,70914,4,0,15,0,40,,70915,4,0,15,0,80,,70916,4,0,15,0,80,,70917,4,0,15,0,40,,70918,4,0,15,0,80,,70919,4,0,15,0
721303,'1394',614,,70920,4,0,15,0,45,,70921,4,0,15,0,60,,70922,4,0,15,0,25,,70923,4,0,15,0,60,,70924,4,0,15,0,25,,70925,4,0,15,0,20,,70926,4,0,15,0,65,,70927,4,0,15,0,20,,70928,4,0,15,0,25,,70929,4,0,15,0,60,,70930,4,0,15,0,25,,70931,4,0,15,0,60,,70932,4,0,15,0,25,,70933,4,0,15,0,20,,70934,4,0,15,0,65,,70935,4,0,15,0,20,,70936,4,0,15,0,25,,70937,4,0,15,0,60,,70938,4,0,15,0,25,,70939,4,0,15,0,60,,70940,4,0,15,0,25,,70941,4,0,15,0,20,,70942,4,0,15,0,65,,70943,4,0,15,0,20,,70944,4,0,15,0,25,,70945,4,0,15,0,60,,70946,4,0,15,0,25,,70947,4,0,15,0,60,,70948,4,0,15,0,25,,70949,4,0,15,0,20,,70950,4,0,15,0,65,,70951,4,0,15,0,20,,70952,4,0,15,0,69,,70953,4,0,15,0,36,,70954,4,0,15,0,80,,70955,4,0,15,0,40,,70956,4,0,15,0,80,,70957,4,0,15,0,80,,70958,4,0,15,0,40,,70959,4,0,15,0,80,,70960,4,0,15,0
721303,'1395',614,,70961,4,0,15,0,45,,70962,4,0,15,0,60,,70963,4,0,15,0,25,,70964,4,0,15,0,60,,70965,4,0,15,0,25,,70966,4,0,15,0,20,,70967,4,0,15,0,65,,70968,4,0,15,0,20,,70969,4,0,15,0,25,,70970,4,0,15,0,60,,70971,4,0,15,0,25,,70972,4,0,15,0,60,,70973,4,0,15,0,25,,70974,4,0,15,0,20,,70975,4,0,15,0,65,,70976,4,0,15,0,20,,70977,4,0,15,0,25,,70978,4,0,15,0,60,,70979,4,0,15,0,25,,70980,4,0,15,0,60,,70981,4,0,15,0,25,,70982,4,0,15,0,20,,70983,4,0,15,0,65,,70984,4,0,15,0,20,,70985,4,0,15,0,25,,70986,4,0,15,0,60,,70987,4,0,15,0,25,,70988,4,0,15,0,60,,70989,4,0,15,0,25,,70990,4,0,15,0,20,,70991,4,0,15,0,65,,70992,4,0,15,0,20,,70993,4,0,15,0,69,,70994,4,0,15,0,36,,70995,4,0,15,0,80,,70996,4,0,15,0,40,,70997,4,0,15,0,80,,70998,4,0,15,0,80,,70999,4,0,15,0,40,,71000,4,0,15,0,80,,71001,4,0,15,0
721303,'1396',614,,71002,4,0,15,0,45,,71003,4,0,15,0,60,,71004,4,0,15,0,25,,71005,4,0,15,0,60,,71006,4,0,15,0,25,,71007,4,0,15,0,20,,71008,4,0,15,0,65,,71009,4,0,15,0,20,,71010,4,0,15,0,25,,71011,4,0,15,0,60,,71012,4,0,15,0,25,,71013,4,0,15,0,60,,71014,4,0,15,0,25,,71015,4,0,15,0,20,,71016,4,0,15,0,65,,71017,4,0,15,0,20,,71018,4,0,15,0,25,,71019,4,0,15,0,60,,71020,4,0,15,0,25,,71021,4,0,15,0,60,,71022,4,0,15,0,25,,71023,4,0,15,0,20,,71024,4,0,15,0,65,,71025,4,0,15,0,20,,71026,4,0,15,0,25,,71027,4,0,15,0,60,,71028,4,0,15,0,25,,71029,4,0,15,0,60,,71030,4,0,15,0,25,,71031,4,0,15,0,20,,71032,4,0,15,0,65,,71033,4,0,15,0,20,,71034,4,0,15,0,69,,71035,4,0,15,0,36,,71036,4,0,15,0,80,,71037,4,0,15,0,40,,71038,4,0,15,0,80,,71039,4,0,15,0,80,,71040,4,0,15,0,40,,71041,4,0,15,0,80,,71042,4,0,15,0
721502,'1392',721,,71744,2,0,16,0
721502,'1393',721,,71773,2,0,16,0
721502,'1394',721,,71802,2,0,16,0
721502,'1395',721,,71831,2,0,16,0
721502,'1396',721,,71860,2,0,16,0
