1600,'1390',1055,,64907,27,,,0,70,,64906,27,,,0,85,,64905,27,,,0,30,,64904,27,,,0,70,,64903,27,,,0,30,,64902,27,,,0,70,,64901,27,,,0,30,,64900,27,,,0,70,,64899,27,,,0,30,,64898,27,,,0,70,,64897,27,,,0,30,,64896,27,,,0,70,,64895,27,,,0,20,,64894,27,,,0,10,,64893,27,,,0,70,,64892,27,,,0,20,,64891,27,,,0,10,,64890,27,,,0,70,,64889,27,,,0,30,,64888,27,,,0,70,,64887,27,,,0
1600,'1391',742,,64908,27,,,0,70,,64909,27,,,0,30,,64910,27,,,0,70,,64911,27,,,0,30,,64912,27,,,0,70,,64913,27,,,0,30,,64914,27,,,0,70,,64915,27,,,0,20,,64916,27,,,0,20,,64917,27,,,0,60,,64918,27,,,0,20,,64919,27,,,0,20,,64920,27,,,0,60,,64921,27,,,0,20,,64922,27,,,0,20,,64923,27,,,0,60,,64924,27,,,0,20,,64925,27,,,0,20,,64926,27,,,0,60,,64927,27,,,0,20,,64928,27,,,0,20,,64929,27,,,0,60,,64930,27,,,0,20,,64931,27,,,0,20,,64932,27,,,0,60,,64933,27,,,0,20,,64934,27,,,0,20,,64935,27,,,0,60,,64936,27,,,0,20,,64937,27,,,0,5,,64938,27,,,0,15,,64939,27,,,0,60,,64940,27,,,0,30,,64941,27,,,0,70,,64942,27,,,0,30,,64943,27,,,0,70,,64944,27,,,0,30,,64945,27,,,0,70,,64946,27,,,0,100,,64947,27,,,0
1600,'1392',652,,64949,27,,,0,74,,64948,27,,,0,31,,64950,27,,,0,60,,64951,27,,,0,20,,64952,27,,,0,20,,64953,27,,,0,60,,64954,27,,,0,20,,64955,27,,,0,20,,64956,27,,,0,60,,64957,27,,,0,20,,64958,27,,,0,20,,64959,27,,,0,60,,64960,27,,,0,20,,64961,27,,,0,20,,64962,27,,,0,60,,64963,27,,,0,20,,64964,27,,,0,20,,64965,27,,,0,60,,64966,27,,,0,20,,64967,27,,,0,20,,64968,27,,,0,60,,64969,27,,,0,20,,64970,27,,,0,20,,64971,27,,,0,60,,64972,27,,,0,20,,64973,27,,,0,20,,64974,27,,,0,60,,64975,27,,,0,20,,64976,27,,,0,20,,64977,27,,,0,60,,64978,27,,,0,20,,64979,27,,,0,20,,64980,27,,,0,60,,64981,27,,,0,20,,64982,27,,,0,20,,64983,27,,,0,55,,64984,27,,,0,30,,64985,27,,,0,70,,64986,27,,,0,30,,64987,27,,,0,70,,64988,27,,,0,30,,64989,27,,,0,70,,64990,27,,,0,100,,64991,27,,,0
1600,'1393',652,,64993,27,,,0,74,,64992,27,,,0,31,,64994,27,,,0,60,,64995,27,,,0,20,,64996,27,,,0,20,,64997,27,,,0,60,,64998,27,,,0,20,,64999,27,,,0,20,,65000,27,,,0,60,,65001,27,,,0,20,,65002,27,,,0,20,,65003,27,,,0,60,,65004,27,,,0,20,,65005,27,,,0,20,,65006,27,,,0,60,,65007,27,,,0,20,,65008,27,,,0,20,,65009,27,,,0,60,,65010,27,,,0,20,,65011,27,,,0,20,,65012,27,,,0,60,,65013,27,,,0,20,,65014,27,,,0,20,,65015,27,,,0,60,,65016,27,,,0,20,,65017,27,,,0,20,,65018,27,,,0,60,,65019,27,,,0,20,,65020,27,,,0,20,,65021,27,,,0,60,,65022,27,,,0,20,,65023,27,,,0,20,,65024,27,,,0,60,,65025,27,,,0,20,,65026,27,,,0,20,,65027,27,,,0,55,,65028,27,,,0,30,,65029,27,,,0,70,,65030,27,,,0,30,,65031,27,,,0,70,,65032,27,,,0,30,,65033,27,,,0,70,,65034,27,,,0,100,,65035,27,,,0
1600,'1394',652,,65037,27,,,0,74,,65036,27,,,0,31,,65038,27,,,0,60,,65039,27,,,0,20,,65040,27,,,0,20,,65041,27,,,0,60,,65042,27,,,0,20,,65043,27,,,0,20,,65044,27,,,0,60,,65045,27,,,0,20,,65046,27,,,0,20,,65047,27,,,0,60,,65048,27,,,0,20,,65049,27,,,0,20,,65050,27,,,0,60,,65051,27,,,0,20,,65052,27,,,0,20,,65053,27,,,0,60,,65054,27,,,0,20,,65055,27,,,0,20,,65056,27,,,0,60,,65057,27,,,0,20,,65058,27,,,0,20,,65059,27,,,0,60,,65060,27,,,0,20,,65061,27,,,0,20,,65062,27,,,0,60,,65063,27,,,0,20,,65064,27,,,0,20,,65065,27,,,0,60,,65066,27,,,0,20,,65067,27,,,0,20,,65068,27,,,0,60,,65069,27,,,0,20,,65070,27,,,0,20,,65071,27,,,0,55,,65072,27,,,0,30,,65073,27,,,0,70,,65074,27,,,0,30,,65075,27,,,0,70,,65076,27,,,0,30,,65077,27,,,0,70,,65078,27,,,0,100,,65079,27,,,0
1600,'1395',652,,65081,27,,,0,74,,65080,27,,,0,31,,65082,27,,,0,60,,65083,27,,,0,20,,65084,27,,,0,20,,65085,27,,,0,60,,65086,27,,,0,20,,65087,27,,,0,20,,65088,27,,,0,60,,65089,27,,,0,20,,65090,27,,,0,20,,65091,27,,,0,60,,65092,27,,,0,20,,65093,27,,,0,20,,65094,27,,,0,60,,65095,27,,,0,20,,65096,27,,,0,20,,65097,27,,,0,60,,65098,27,,,0,20,,65099,27,,,0,20,,65100,27,,,0,60,,65101,27,,,0,20,,65102,27,,,0,20,,65103,27,,,0,60,,65104,27,,,0,20,,65105,27,,,0,20,,65106,27,,,0,60,,65107,27,,,0,20,,65108,27,,,0,20,,65109,27,,,0,60,,65110,27,,,0,20,,65111,27,,,0,20,,65112,27,,,0,60,,65113,27,,,0,20,,65114,27,,,0,20,,65115,27,,,0,55,,65116,27,,,0,30,,65117,27,,,0,70,,65118,27,,,0,30,,65119,27,,,0,70,,65120,27,,,0,30,,65121,27,,,0,70,,65122,27,,,0,100,,65123,27,,,0
1600,'1396',652,,65125,27,,,0,74,,65124,27,,,0,31,,65126,27,,,0,60,,65127,27,,,0,20,,65128,27,,,0,20,,65129,27,,,0,60,,65130,27,,,0,20,,65131,27,,,0,20,,65132,27,,,0,60,,65133,27,,,0,20,,65134,27,,,0,20,,65135,27,,,0,60,,65136,27,,,0,20,,65137,27,,,0,20,,65138,27,,,0,60,,65139,27,,,0,20,,65140,27,,,0,20,,65141,27,,,0,60,,65142,27,,,0,20,,65143,27,,,0,20,,65144,27,,,0,60,,65145,27,,,0,20,,65146,27,,,0,20,,65147,27,,,0,60,,65148,27,,,0,20,,65149,27,,,0,20,,65150,27,,,0,60,,65151,27,,,0,20,,65152,27,,,0,20,,65153,27,,,0,60,,65154,27,,,0,20,,65155,27,,,0,20,,65156,27,,,0,60,,65157,27,,,0,20,,65158,27,,,0,20,,65159,27,,,0,55,,65160,27,,,0,30,,65161,27,,,0,70,,65162,27,,,0,30,,65163,27,,,0,70,,65164,27,,,0,30,,65165,27,,,0,70,,65166,27,,,0,100,,65167,27,,,0
2000,'1390',1020,,67728,80,,,0,85,,67727,80,,,0,45,,67726,80,,,0,85,,67725,80,,,0,85,,67724,80,,,0,85,,67723,80,,,0,45,,67722,80,,,0,85,,67721,80,,,0,85,,67720,80,,,0,85,,67719,80,,,0,46,,67718,80,,,0,84,,67717,80,,,0,85,,67716,80,,,0,85,,67715,80,,,0,45,,67714,80,,,0
2000,'1391',726,,67731,80,,,0,85,,67732,80,,,0,45,,67733,80,,,0,85,,67734,80,,,0,15,,67735,80,,,0,70,,67736,80,,,0,80,,67737,80,,,0,30,,67738,80,,,0,70,,67739,80,,,0,30,,67740,80,,,0,80,,67741,80,,,0,30,,67742,80,,,0,70,,67743,80,,,0,30,,67744,80,,,0,80,,67745,80,,,0,30,,67746,80,,,0,70,,67747,80,,,0,30,,67748,80,,,0,80,,67749,80,,,0,70,,67750,80,,,0,30,,67751,80,,,0,70,,67752,80,,,0,40,,67753,80,,,0,75,,67754,80,,,0,85,,67755,80,,,0,45,,67756,80,,,0,85,,67757,80,,,0,85,,67758,80,,,0,85,,67759,80,,,0,45,,67760,80,,,0
2000,'1392',653,,67771,82,,,0,60,,67772,82,,,0,20,,67773,82,,,0,20,,67774,82,,,0,60,,67775,82,,,0,20,,67776,82,,,0,20,,67777,82,,,0,60,,67778,82,,,0,20,,67779,82,,,0,20,,67780,82,,,0,60,,67781,82,,,0,20,,67782,82,,,0,20,,67783,82,,,0,60,,67784,82,,,0,20,,67785,82,,,0,20,,67786,82,,,0,60,,67787,82,,,0,20,,67788,82,,,0,20,,67789,82,,,0,60,,67790,82,,,0,20,,67791,82,,,0,20,,67792,82,,,0,60,,67793,82,,,0,20,,67794,82,,,0,20,,67795,82,,,0,60,,67796,82,,,0,20,,67797,82,,,0,20,,67798,82,,,0,60,,67799,82,,,0,20,,67800,82,,,0,20,,67801,82,,,0,60,,67802,82,,,0,20,,67803,82,,,0,20,,67804,82,,,0,60,,67805,82,,,0,20,,67806,82,,,0,20,,67807,82,,,0,60,,67808,82,,,0,18,,67762,80,,,0,74,,67763,80,,,0,45,,67764,80,,,0,85,,67765,80,,,0,85,,67766,80,,,0,85,,67767,80,,,0,45,,67768,80,,,0,85,,67769,80,,,0,85,,67770,80,,,0
2000,'1393',653,,67819,82,,,0,60,,67820,82,,,0,20,,67821,82,,,0,20,,67822,82,,,0,60,,67823,82,,,0,20,,67824,82,,,0,20,,67825,82,,,0,60,,67826,82,,,0,20,,67827,82,,,0,20,,67828,82,,,0,60,,67829,82,,,0,20,,67830,82,,,0,20,,67831,82,,,0,60,,67832,82,,,0,20,,67833,82,,,0,20,,67834,82,,,0,60,,67835,82,,,0,20,,67836,82,,,0,20,,67837,82,,,0,60,,67838,82,,,0,20,,67839,82,,,0,20,,67840,82,,,0,60,,67841,82,,,0,20,,67842,82,,,0,20,,67843,82,,,0,60,,67844,82,,,0,20,,67845,82,,,0,20,,67846,82,,,0,60,,67847,82,,,0,20,,67848,82,,,0,20,,67849,82,,,0,60,,67850,82,,,0,20,,67851,82,,,0,20,,67852,82,,,0,60,,67853,82,,,0,20,,67854,82,,,0,20,,67855,82,,,0,60,,67856,82,,,0,18,,67810,80,,,0,74,,67811,80,,,0,45,,67812,80,,,0,85,,67813,80,,,0,85,,67814,80,,,0,85,,67815,80,,,0,45,,67816,80,,,0,85,,67817,80,,,0,85,,67818,80,,,0
2000,'1394',653,,67867,82,,,0,60,,67868,82,,,0,20,,67869,82,,,0,20,,67870,82,,,0,60,,67871,82,,,0,20,,67872,82,,,0,20,,67873,82,,,0,60,,67874,82,,,0,20,,67875,82,,,0,20,,67876,82,,,0,60,,67877,82,,,0,20,,67878,82,,,0,20,,67879,82,,,0,60,,67880,82,,,0,20,,67881,82,,,0,20,,67882,82,,,0,60,,67883,82,,,0,20,,67884,82,,,0,20,,67885,82,,,0,60,,67886,82,,,0,20,,67887,82,,,0,20,,67888,82,,,0,60,,67889,82,,,0,20,,67890,82,,,0,20,,67891,82,,,0,60,,67892,82,,,0,20,,67893,82,,,0,20,,67894,82,,,0,60,,67895,82,,,0,20,,67896,82,,,0,20,,67897,82,,,0,60,,67898,82,,,0,20,,67899,82,,,0,20,,67900,82,,,0,60,,67901,82,,,0,20,,67902,82,,,0,20,,67903,82,,,0,60,,67904,82,,,0,18,,67858,80,,,0,74,,67859,80,,,0,45,,67860,80,,,0,85,,67861,80,,,0,85,,67862,80,,,0,85,,67863,80,,,0,45,,67864,80,,,0,85,,67865,80,,,0,85,,67866,80,,,0
2000,'1395',653,,67915,82,,,0,60,,67916,82,,,0,20,,67917,82,,,0,20,,67918,82,,,0,60,,67919,82,,,0,20,,67920,82,,,0,20,,67921,82,,,0,60,,67922,82,,,0,20,,67923,82,,,0,20,,67924,82,,,0,60,,67925,82,,,0,20,,67926,82,,,0,20,,67927,82,,,0,60,,67928,82,,,0,20,,67929,82,,,0,20,,67930,82,,,0,60,,67931,82,,,0,20,,67932,82,,,0,20,,67933,82,,,0,60,,67934,82,,,0,20,,67935,82,,,0,20,,67936,82,,,0,60,,67937,82,,,0,20,,67938,82,,,0,20,,67939,82,,,0,60,,67940,82,,,0,20,,67941,82,,,0,20,,67942,82,,,0,60,,67943,82,,,0,20,,67944,82,,,0,20,,67945,82,,,0,60,,67946,82,,,0,20,,67947,82,,,0,20,,67948,82,,,0,60,,67949,82,,,0,20,,67950,82,,,0,20,,67951,82,,,0,60,,67952,82,,,0,18,,67906,80,,,0,74,,67907,80,,,0,45,,67908,80,,,0,85,,67909,80,,,0,85,,67910,80,,,0,85,,67911,80,,,0,45,,67912,80,,,0,85,,67913,80,,,0,85,,67914,80,,,0
2000,'1396',653,,67963,82,,,0,60,,67964,82,,,0,20,,67965,82,,,0,20,,67966,82,,,0,60,,67967,82,,,0,20,,67968,82,,,0,20,,67969,82,,,0,60,,67970,82,,,0,20,,67971,82,,,0,20,,67972,82,,,0,60,,67973,82,,,0,20,,67974,82,,,0,20,,67975,82,,,0,60,,67976,82,,,0,20,,67977,82,,,0,20,,67978,82,,,0,60,,67979,82,,,0,20,,67980,82,,,0,20,,67981,82,,,0,60,,67982,82,,,0,20,,67983,82,,,0,20,,67984,82,,,0,60,,67985,82,,,0,20,,67986,82,,,0,20,,67987,82,,,0,60,,67988,82,,,0,20,,67989,82,,,0,20,,67990,82,,,0,60,,67991,82,,,0,20,,67992,82,,,0,20,,67993,82,,,0,60,,67994,82,,,0,20,,67995,82,,,0,20,,67996,82,,,0,60,,67997,82,,,0,20,,67998,82,,,0,20,,67999,82,,,0,60,,68000,82,,,0,18,,67954,80,,,0,74,,67955,80,,,0,45,,67956,80,,,0,85,,67957,80,,,0,85,,67958,80,,,0,85,,67959,80,,,0,45,,67960,80,,,0,85,,67961,80,,,0,85,,67962,80,,,0
721403,'1390',1007,,71309,47,0,15,0,110,,71308,47,0,15,0,110,,71307,47,0,15,0,110,,71306,47,0,15,0,110,,71305,47,0,15,0,110,,71304,47,0,15,0,150,,71303,47,0,15,0,110,,71302,47,0,15,0
721403,'1391',907,,71310,47,0,15,0,110,,71311,47,0,15,0,110,,71312,47,0,15,0,110,,71313,47,0,15,0,118,,71314,47,0,15,0,155,,71315,47,0,15,0,45,,71316,47,0,15,0,85,,71317,47,0,15,0,85,,71318,47,0,15,0,85,,71319,47,0,15,0,45,,71320,47,0,15,0,85,,71321,47,0,15,0,85,,71322,47,0,15,0
721403,'1392',740,,71323,47,0,15,0,100,,71324,47,0,15,0,85,,71325,47,0,15,0,85,,71326,47,0,15,0,45,,71327,47,0,15,0,85,,71328,47,0,15,0,85,,71329,47,0,15,0,85,,71330,47,0,15,0,45,,71331,47,0,15,0,85,,71332,47,0,15,0,85,,71333,47,0,15,0,85,,71334,47,0,15,0,45,,71335,47,0,15,0,85,,71336,47,0,15,0,85,,71337,47,0,15,0,85,,71338,47,0,15,0,45,,71339,47,0,15,0,85,,71340,47,0,15,0,85,,71341,47,0,15,0,85,,71342,47,0,15,0
721403,'1393',740,,71343,47,0,15,0,100,,71344,47,0,15,0,85,,71345,47,0,15,0,85,,71346,47,0,15,0,45,,71347,47,0,15,0,85,,71348,47,0,15,0,85,,71349,47,0,15,0,85,,71350,47,0,15,0,45,,71351,47,0,15,0,85,,71352,47,0,15,0,85,,71353,47,0,15,0,85,,71354,47,0,15,0,45,,71355,47,0,15,0,85,,71356,47,0,15,0,85,,71357,47,0,15,0,85,,71358,47,0,15,0,45,,71359,47,0,15,0,85,,71360,47,0,15,0,85,,71361,47,0,15,0,85,,71362,47,0,15,0
721403,'1394',740,,71363,47,0,15,0,100,,71364,47,0,15,0,85,,71365,47,0,15,0,85,,71366,47,0,15,0,45,,71367,47,0,15,0,85,,71368,47,0,15,0,85,,71369,47,0,15,0,85,,71370,47,0,15,0,45,,71371,47,0,15,0,85,,71372,47,0,15,0,85,,71373,47,0,15,0,85,,71374,47,0,15,0,45,,71375,47,0,15,0,85,,71376,47,0,15,0,85,,71377,47,0,15,0,85,,71378,47,0,15,0,45,,71379,47,0,15,0,85,,71380,47,0,15,0,85,,71381,47,0,15,0,85,,71382,47,0,15,0
721403,'1395',740,,71383,47,0,15,0,100,,71384,47,0,15,0,85,,71385,47,0,15,0,85,,71386,47,0,15,0,45,,71387,47,0,15,0,85,,71388,47,0,15,0,85,,71389,47,0,15,0,85,,71390,47,0,15,0,45,,71391,47,0,15,0,85,,71392,47,0,15,0,85,,71393,47,0,15,0,85,,71394,47,0,15,0,45,,71395,47,0,15,0,85,,71396,47,0,15,0,85,,71397,47,0,15,0,85,,71398,47,0,15,0,45,,71399,47,0,15,0,85,,71400,47,0,15,0,85,,71401,47,0,15,0,85,,71402,47,0,15,0
721403,'1396',740,,71403,47,0,15,0,100,,71404,47,0,15,0,85,,71405,47,0,15,0,85,,71406,47,0,15,0,45,,71407,47,0,15,0,85,,71408,47,0,15,0,85,,71409,47,0,15,0,85,,71410,47,0,15,0,45,,71411,47,0,15,0,85,,71412,47,0,15,0,85,,71413,47,0,15,0,85,,71414,47,0,15,0,45,,71415,47,0,15,0,85,,71416,47,0,15,0,85,,71417,47,0,15,0,85,,71418,47,0,15,0,45,,71419,47,0,15,0,85,,71420,47,0,15,0,85,,71421,47,0,15,0,85,,71422,47,0,15,0
