1701,'1383',750,,58766,68,,,0,100,,58768,68,,,0,100,,58767,68,,,0,152,,58765,68,,,0,40,,58764,68,,,0,80,,58763,68,,,0,80,,58762,68,,,0,40,,58761,68,,,0,80,,58760,68,,,0,80,,58759,68,,,0,40,,58758,68,,,0,80,,58757,68,,,0,80,,58756,68,,,0,40,,58755,68,,,0,80,,58754,68,,,0,80,,58753,68,,,0,40,,58752,68,,,0,80,,58751,68,,,0
1701,'1384',630,,58794,68,,,0,70,,58795,68,,,0,30,,58796,68,,,0,70,,58797,68,,,0,30,,58798,68,,,0,70,,58799,68,,,0,30,,58800,68,,,0,72,,58769,68,,,0,30,,58770,68,,,0,70,,58771,68,,,0,20,,58772,68,,,0,20,,58773,68,,,0,60,,58774,68,,,0,20,,58775,68,,,0,20,,58776,68,,,0,60,,58777,68,,,0,20,,58778,68,,,0,20,,58779,68,,,0,60,,58780,68,,,0,20,,58781,68,,,0,20,,58782,68,,,0,60,,58783,68,,,0,20,,58784,68,,,0,20,,58785,68,,,0,60,,58786,68,,,0,20,,58787,68,,,0,20,,58788,68,,,0,60,,58789,68,,,0,20,,58790,68,,,0,20,,58791,68,,,0,58,,58801,68,,,0,22,,58792,68,,,0,20,,58793,68,,,0,58,,58802,68,,,0,30,,58803,68,,,0,70,,58804,68,,,0,30,,58805,68,,,0,70,,58806,68,,,0,30,,58807,68,,,0,70,,58808,68,,,0,30,,58809,68,,,0,70,,58810,68,,,0,30,,58811,68,,,0,70,,58812,68,,,0,30,,58813,68,,,0,70,,58814,68,,,0,30,,58815,68,,,0
1701,'1385',625,,58816,68,,,0,30,,58817,68,,,0,55,,58818,68,,,0,15,,58819,68,,,0,15,,58820,68,,,0,15,,58821,68,,,0,50,,58822,68,,,0,10,,58823,68,,,0,10,,58824,68,,,0,10,,58825,68,,,0,10,,58826,68,,,0,10,,58827,68,,,0,50,,58828,68,,,0,10,,58829,68,,,0,10,,58830,68,,,0,10,,58831,68,,,0,10,,58832,68,,,0,10,,58833,68,,,0,50,,58834,68,,,0,10,,58835,68,,,0,10,,58875,68,,,0,10,,58836,68,,,0,10,,58861,68,,,0,10,,58862,68,,,0,50,,58863,68,,,0,10,,58864,68,,,0,10,,58865,68,,,0,10,,58866,68,,,0,10,,58867,68,,,0,10,,58868,68,,,0,50,,58869,68,,,0,10,,58870,68,,,0,10,,58871,68,,,0,10,,58872,68,,,0,10,,58873,68,,,0,10,,58874,68,,,0,50,,58876,68,,,0,10,,58877,68,,,0,10,,58879,68,,,0,10,,58880,68,,,0,10,,58881,68,,,0,10,,58882,68,,,0,50,,58883,68,,,0,10,,58884,68,,,0,10,,58885,68,,,0,10,,58837,68,,,0,10,,58838,68,,,0,10,,58839,68,,,0,50,,58840,68,,,0,10,,58841,68,,,0,10,,58842,68,,,0,10,,58843,68,,,0,10,,58844,68,,,0,10,,58845,68,,,0,50,,58846,68,,,0,10,,58847,68,,,0,10,,58848,68,,,0,10,,58849,68,,,0,10,,58850,68,,,0,10,,58851,68,,,0,50,,58852,68,,,0,10,,58853,68,,,0,10,,58854,68,,,0,10,,58855,68,,,0,10,,58856,68,,,0,10,,58857,68,,,0,50,,58858,68,,,0,10,,58859,68,,,0,10,,58860,68,,,0,10,,58886,68,,,0,10,,58887,68,,,0,10,,58888,68,,,0,55,,58889,68,,,0,15,,58890,68,,,0,15,,58891,68,,,0,15,,58892,68,,,0,70,,58893,68,,,0,30,,58894,68,,,0,70,,58895,68,,,0,30,,58896,68,,,0,70,,58897,68,,,0,30,,58898,68,,,0,70,,58899,68,,,0,30,,58900,68,,,0,70,,58901,68,,,0,30,,58902,68,,,0,70,,58878,68,,,0
1701,'1386',625,,58903,68,,,0,30,,58904,68,,,0,55,,58905,68,,,0,15,,58906,68,,,0,15,,58907,68,,,0,15,,58908,68,,,0,50,,58909,68,,,0,10,,58910,68,,,0,10,,58911,68,,,0,10,,58912,68,,,0,10,,58913,68,,,0,10,,58914,68,,,0,50,,58915,68,,,0,10,,58916,68,,,0,10,,58917,68,,,0,10,,58918,68,,,0,10,,58919,68,,,0,10,,58920,68,,,0,50,,58921,68,,,0,10,,58922,68,,,0,10,,58962,68,,,0,10,,58923,68,,,0,10,,58948,68,,,0,10,,58949,68,,,0,50,,58950,68,,,0,10,,58951,68,,,0,10,,58952,68,,,0,10,,58953,68,,,0,10,,58954,68,,,0,10,,58955,68,,,0,50,,58956,68,,,0,10,,58957,68,,,0,10,,58958,68,,,0,10,,58959,68,,,0,10,,58960,68,,,0,10,,58961,68,,,0,50,,58963,68,,,0,10,,58964,68,,,0,10,,58966,68,,,0,10,,58967,68,,,0,10,,58968,68,,,0,10,,58969,68,,,0,50,,58970,68,,,0,10,,58971,68,,,0,10,,58972,68,,,0,10,,58924,68,,,0,10,,58925,68,,,0,10,,58926,68,,,0,50,,58927,68,,,0,10,,58928,68,,,0,10,,58929,68,,,0,10,,58930,68,,,0,10,,58931,68,,,0,10,,58932,68,,,0,50,,58933,68,,,0,10,,58934,68,,,0,10,,58935,68,,,0,10,,58936,68,,,0,10,,58937,68,,,0,10,,58938,68,,,0,50,,58939,68,,,0,10,,58940,68,,,0,10,,58941,68,,,0,10,,58942,68,,,0,10,,58943,68,,,0,10,,58944,68,,,0,50,,58945,68,,,0,10,,58946,68,,,0,10,,58947,68,,,0,10,,58973,68,,,0,10,,58974,68,,,0,10,,58975,68,,,0,55,,58976,68,,,0,15,,58977,68,,,0,15,,58978,68,,,0,15,,58979,68,,,0,70,,58980,68,,,0,30,,58981,68,,,0,70,,58982,68,,,0,30,,58983,68,,,0,70,,58984,68,,,0,30,,58985,68,,,0,70,,58986,68,,,0,30,,58987,68,,,0,70,,58988,68,,,0,30,,58989,68,,,0,70,,58965,68,,,0
1701,'1387',625,,58990,68,,,0,30,,58991,68,,,0,55,,58992,68,,,0,15,,58993,68,,,0,15,,58994,68,,,0,15,,58995,68,,,0,50,,58996,68,,,0,10,,58997,68,,,0,10,,58998,68,,,0,10,,58999,68,,,0,10,,59000,68,,,0,10,,59001,68,,,0,50,,59002,68,,,0,10,,59003,68,,,0,10,,59004,68,,,0,10,,59005,68,,,0,10,,59006,68,,,0,10,,59007,68,,,0,50,,59008,68,,,0,10,,59009,68,,,0,10,,59049,68,,,0,10,,59010,68,,,0,10,,59035,68,,,0,10,,59036,68,,,0,50,,59037,68,,,0,10,,59038,68,,,0,10,,59039,68,,,0,10,,59040,68,,,0,10,,59041,68,,,0,10,,59042,68,,,0,50,,59043,68,,,0,10,,59044,68,,,0,10,,59045,68,,,0,10,,59046,68,,,0,10,,59047,68,,,0,10,,59048,68,,,0,50,,59050,68,,,0,10,,59051,68,,,0,10,,59053,68,,,0,10,,59054,68,,,0,10,,59055,68,,,0,10,,59056,68,,,0,50,,59057,68,,,0,10,,59058,68,,,0,10,,59059,68,,,0,10,,59011,68,,,0,10,,59012,68,,,0,10,,59013,68,,,0,50,,59014,68,,,0,10,,59015,68,,,0,10,,59016,68,,,0,10,,59017,68,,,0,10,,59018,68,,,0,10,,59019,68,,,0,50,,59020,68,,,0,10,,59021,68,,,0,10,,59022,68,,,0,10,,59023,68,,,0,10,,59024,68,,,0,10,,59025,68,,,0,50,,59026,68,,,0,10,,59027,68,,,0,10,,59028,68,,,0,10,,59029,68,,,0,10,,59030,68,,,0,10,,59031,68,,,0,50,,59032,68,,,0,10,,59033,68,,,0,10,,59034,68,,,0,10,,59060,68,,,0,10,,59061,68,,,0,10,,59062,68,,,0,55,,59063,68,,,0,15,,59064,68,,,0,15,,59065,68,,,0,15,,59066,68,,,0,70,,59067,68,,,0,30,,59068,68,,,0,70,,59069,68,,,0,30,,59070,68,,,0,70,,59071,68,,,0,30,,59072,68,,,0,70,,59073,68,,,0,30,,59074,68,,,0,70,,59075,68,,,0,30,,59076,68,,,0,70,,59052,68,,,0
1701,'1388',625,,59077,68,,,0,30,,59078,68,,,0,55,,59079,68,,,0,15,,59080,68,,,0,15,,59081,68,,,0,15,,59082,68,,,0,50,,59083,68,,,0,10,,59084,68,,,0,10,,59085,68,,,0,10,,59086,68,,,0,10,,59087,68,,,0,10,,59088,68,,,0,50,,59089,68,,,0,10,,59090,68,,,0,10,,59091,68,,,0,10,,59092,68,,,0,10,,59093,68,,,0,10,,59094,68,,,0,50,,59095,68,,,0,10,,59096,68,,,0,10,,59136,68,,,0,10,,59097,68,,,0,10,,59122,68,,,0,10,,59123,68,,,0,50,,59124,68,,,0,10,,59125,68,,,0,10,,59126,68,,,0,10,,59127,68,,,0,10,,59128,68,,,0,10,,59129,68,,,0,50,,59130,68,,,0,10,,59131,68,,,0,10,,59132,68,,,0,10,,59133,68,,,0,10,,59134,68,,,0,10,,59135,68,,,0,50,,59137,68,,,0,10,,59138,68,,,0,10,,59140,68,,,0,10,,59141,68,,,0,10,,59142,68,,,0,10,,59143,68,,,0,50,,59144,68,,,0,10,,59145,68,,,0,10,,59146,68,,,0,10,,59098,68,,,0,10,,59099,68,,,0,10,,59100,68,,,0,50,,59101,68,,,0,10,,59102,68,,,0,10,,59103,68,,,0,10,,59104,68,,,0,10,,59105,68,,,0,10,,59106,68,,,0,50,,59107,68,,,0,10,,59108,68,,,0,10,,59109,68,,,0,10,,59110,68,,,0,10,,59111,68,,,0,10,,59112,68,,,0,50,,59113,68,,,0,10,,59114,68,,,0,10,,59115,68,,,0,10,,59116,68,,,0,10,,59117,68,,,0,10,,59118,68,,,0,50,,59119,68,,,0,10,,59120,68,,,0,10,,59121,68,,,0,10,,59147,68,,,0,10,,59148,68,,,0,10,,59149,68,,,0,55,,59150,68,,,0,15,,59151,68,,,0,15,,59152,68,,,0,15,,59153,68,,,0,70,,59154,68,,,0,30,,59155,68,,,0,70,,59156,68,,,0,30,,59157,68,,,0,70,,59158,68,,,0,30,,59159,68,,,0,70,,59160,68,,,0,30,,59161,68,,,0,70,,59162,68,,,0,30,,59163,68,,,0,70,,59139,68,,,0
1701,'1389',625,,59164,68,,,0,30,,59165,68,,,0,55,,59166,68,,,0,15,,59167,68,,,0,15,,59168,68,,,0,15,,59169,68,,,0,50,,59170,68,,,0,10,,59171,68,,,0,10,,59172,68,,,0,10,,59173,68,,,0,10,,59174,68,,,0,10,,59175,68,,,0,50,,59176,68,,,0,10,,59177,68,,,0,10,,59178,68,,,0,10,,59179,68,,,0,10,,59180,68,,,0,10,,59181,68,,,0,50,,59182,68,,,0,10,,59183,68,,,0,10,,59223,68,,,0,10,,59184,68,,,0,10,,59209,68,,,0,10,,59210,68,,,0,50,,59211,68,,,0,10,,59212,68,,,0,10,,59213,68,,,0,10,,59214,68,,,0,10,,59215,68,,,0,10,,59216,68,,,0,50,,59217,68,,,0,10,,59218,68,,,0,10,,59219,68,,,0,10,,59220,68,,,0,10,,59221,68,,,0,10,,59222,68,,,0,50,,59224,68,,,0,10,,59225,68,,,0,10,,59227,68,,,0,10,,59228,68,,,0,10,,59229,68,,,0,10,,59230,68,,,0,50,,59231,68,,,0,10,,59232,68,,,0,10,,59233,68,,,0,10,,59185,68,,,0,10,,59186,68,,,0,10,,59187,68,,,0,50,,59188,68,,,0,10,,59189,68,,,0,10,,59190,68,,,0,10,,59191,68,,,0,10,,59192,68,,,0,10,,59193,68,,,0,50,,59194,68,,,0,10,,59195,68,,,0,10,,59196,68,,,0,10,,59197,68,,,0,10,,59198,68,,,0,10,,59199,68,,,0,50,,59200,68,,,0,10,,59201,68,,,0,10,,59202,68,,,0,10,,59203,68,,,0,10,,59204,68,,,0,10,,59205,68,,,0,50,,59206,68,,,0,10,,59207,68,,,0,10,,59208,68,,,0,10,,59234,68,,,0,10,,59235,68,,,0,10,,59236,68,,,0,55,,59237,68,,,0,15,,59238,68,,,0,15,,59239,68,,,0,15,,59240,68,,,0,70,,59241,68,,,0,30,,59242,68,,,0,70,,59243,68,,,0,30,,59244,68,,,0,70,,59245,68,,,0,30,,59246,68,,,0,70,,59247,68,,,0,30,,59248,68,,,0,70,,59249,68,,,0,30,,59250,68,,,0,70,,59226,68,,,0
2001,'1383',950,,60813,64,,,0,85,,60812,64,,,0,85,,60811,64,,,0,85,,60810,64,,,0,45,,60809,64,,,0,85,,60808,64,,,0,85,,60807,64,,,0,85,,60806,64,,,0,45,,60805,64,,,0,85,,60804,64,,,0,85,,60803,64,,,0,85,,60802,64,,,0,45,,60801,64,,,0,85,,60800,64,,,0,85,,60799,64,,,0
2001,'1384',650,,60831,64,,,0,85,,60832,64,,,0,85,,60833,64,,,0,85,,60834,64,,,0,40,,60814,64,,,0,70,,60815,64,,,0,30,,60816,64,,,0,70,,60817,64,,,0,40,,60818,64,,,0,70,,60819,64,,,0,30,,60820,64,,,0,70,,60821,64,,,0,80,,60822,64,,,0,30,,60823,64,,,0,70,,60824,64,,,0,30,,60825,64,,,0,80,,60826,64,,,0,30,,60827,64,,,0,70,,60828,64,,,0,30,,60829,64,,,0,80,,60830,64,,,0,75,,60835,64,,,0,45,,60836,64,,,0,85,,60837,64,,,0,85,,60838,64,,,0,85,,60839,64,,,0,45,,60840,64,,,0,85,,60841,64,,,0,85,,60842,64,,,0,85,,60843,64,,,0
2001,'1385',630,,60844,64,,,0,20,,60845,64,,,0,60,,60846,64,,,0,20,,60847,64,,,0,20,,60848,64,,,0,60,,60849,64,,,0,20,,60850,64,,,0,20,,60851,64,,,0,60,,60852,64,,,0,20,,60853,64,,,0,20,,60854,64,,,0,60,,60855,64,,,0,20,,60856,64,,,0,20,,60857,64,,,0,60,,60858,64,,,0,20,,60859,64,,,0,20,,60860,64,,,0,60,,60861,64,,,0,20,,60862,64,,,0,20,,60863,64,,,0,60,,60864,64,,,0,20,,60865,64,,,0,20,,60866,64,,,0,60,,60867,64,,,0,20,,60868,64,,,0,20,,60869,64,,,0,60,,60870,64,,,0,20,,60871,64,,,0,20,,60872,64,,,0,60,,60873,64,,,0,20,,60874,64,,,0,20,,60875,64,,,0,60,,60876,64,,,0,20,,60877,64,,,0,20,,60878,64,,,0,60,,60879,64,,,0,20,,60880,64,,,0,20,,60881,64,,,0,85,,60882,64,,,0,85,,60883,64,,,0,85,,60884,64,,,0,45,,60885,64,,,0,85,,60886,64,,,0,85,,60887,64,,,0,85,,60888,64,,,0,45,,60889,64,,,0,85,,60890,64,,,0
2001,'1386',630,,60891,64,,,0,20,,60892,64,,,0,60,,60893,64,,,0,20,,60894,64,,,0,20,,60895,64,,,0,60,,60896,64,,,0,20,,60897,64,,,0,20,,60898,64,,,0,60,,60899,64,,,0,20,,60900,64,,,0,20,,60901,64,,,0,60,,60902,64,,,0,20,,60903,64,,,0,20,,60904,64,,,0,60,,60905,64,,,0,20,,60906,64,,,0,20,,60907,64,,,0,60,,60908,64,,,0,20,,60909,64,,,0,20,,60910,64,,,0,60,,60911,64,,,0,20,,60912,64,,,0,20,,60913,64,,,0,60,,60914,64,,,0,20,,60915,64,,,0,20,,60916,64,,,0,60,,60917,64,,,0,20,,60918,64,,,0,20,,60919,64,,,0,60,,60920,64,,,0,20,,60921,64,,,0,20,,60922,64,,,0,60,,60923,64,,,0,20,,60924,64,,,0,20,,60925,64,,,0,60,,60926,64,,,0,20,,60927,64,,,0,20,,60928,64,,,0,85,,60929,64,,,0,85,,60930,64,,,0,85,,60931,64,,,0,45,,60932,64,,,0,85,,60933,64,,,0,85,,60934,64,,,0,85,,60935,64,,,0,45,,60936,64,,,0,85,,60937,64,,,0
2001,'1387',630,,60938,64,,,0,20,,60939,64,,,0,60,,60940,64,,,0,20,,60941,64,,,0,20,,60942,64,,,0,60,,60943,64,,,0,20,,60944,64,,,0,20,,60945,64,,,0,60,,60946,64,,,0,20,,60947,64,,,0,20,,60948,64,,,0,60,,60949,64,,,0,20,,60950,64,,,0,20,,60951,64,,,0,60,,60952,64,,,0,20,,60953,64,,,0,20,,60954,64,,,0,60,,60955,64,,,0,20,,60956,64,,,0,20,,60957,64,,,0,60,,60958,64,,,0,20,,60959,64,,,0,20,,60960,64,,,0,60,,60961,64,,,0,20,,60962,64,,,0,20,,60963,64,,,0,60,,60964,64,,,0,20,,60965,64,,,0,20,,60966,64,,,0,60,,60967,64,,,0,20,,60968,64,,,0,20,,60969,64,,,0,60,,60970,64,,,0,20,,60971,64,,,0,20,,60972,64,,,0,60,,60973,64,,,0,20,,60974,64,,,0,20,,60975,64,,,0,85,,60976,64,,,0,85,,60977,64,,,0,85,,60978,64,,,0,45,,60979,64,,,0,85,,60980,64,,,0,85,,60981,64,,,0,85,,60982,64,,,0,45,,60983,64,,,0,85,,60984,64,,,0
2001,'1388',630,,60985,64,,,0,20,,60986,64,,,0,60,,60987,64,,,0,20,,60988,64,,,0,20,,60989,64,,,0,60,,60990,64,,,0,20,,60991,64,,,0,20,,60992,64,,,0,60,,60993,64,,,0,20,,60994,64,,,0,20,,60995,64,,,0,60,,60996,64,,,0,20,,60997,64,,,0,20,,60998,64,,,0,60,,60999,64,,,0,20,,61000,64,,,0,20,,61001,64,,,0,60,,61002,64,,,0,20,,61003,64,,,0,20,,61004,64,,,0,60,,61005,64,,,0,20,,61006,64,,,0,20,,61007,64,,,0,60,,61008,64,,,0,20,,61009,64,,,0,20,,61010,64,,,0,60,,61011,64,,,0,20,,61012,64,,,0,20,,61013,64,,,0,60,,61014,64,,,0,20,,61015,64,,,0,20,,61016,64,,,0,60,,61017,64,,,0,20,,61018,64,,,0,20,,61019,64,,,0,60,,61020,64,,,0,20,,61021,64,,,0,20,,61022,64,,,0,85,,61023,64,,,0,85,,61024,64,,,0,85,,61025,64,,,0,45,,61026,64,,,0,85,,61027,64,,,0,85,,61028,64,,,0,85,,61029,64,,,0,45,,61030,64,,,0,85,,61031,64,,,0
2001,'1389',630,,61032,64,,,0,20,,61033,64,,,0,60,,61034,64,,,0,20,,61035,64,,,0,20,,61036,64,,,0,60,,61037,64,,,0,20,,61038,64,,,0,20,,61039,64,,,0,60,,61040,64,,,0,20,,61041,64,,,0,20,,61042,64,,,0,60,,61043,64,,,0,20,,61044,64,,,0,20,,61045,64,,,0,60,,61046,64,,,0,20,,61047,64,,,0,20,,61048,64,,,0,60,,61049,64,,,0,20,,61050,64,,,0,20,,61051,64,,,0,60,,61052,64,,,0,20,,61053,64,,,0,20,,61054,64,,,0,60,,61055,64,,,0,20,,61056,64,,,0,20,,61057,64,,,0,60,,61058,64,,,0,20,,61059,64,,,0,20,,61060,64,,,0,60,,61061,64,,,0,20,,61062,64,,,0,20,,61063,64,,,0,60,,61064,64,,,0,20,,61065,64,,,0,20,,61066,64,,,0,60,,61067,64,,,0,20,,61068,64,,,0,20,,61069,64,,,0,85,,61070,64,,,0,85,,61071,64,,,0,85,,61072,64,,,0,45,,61073,64,,,0,85,,61074,64,,,0,85,,61075,64,,,0,85,,61076,64,,,0,45,,61077,64,,,0,85,,61078,64,,,0
400101,'1383',1026,,61670,4,0,11,0,75,,61669,4,0,11,0,35,,61668,4,0,11,0,75,,61667,4,0,11,0,35,,61666,4,0,11,0,75,,61665,4,0,11,0,35,,61672,4,0,11,0,75,,61671,4,0,11,0,75,,61664,4,0,11,0,35,,61663,4,0,11,0,75,,61662,4,0,11,0,35,,61661,4,0,11,0,75,,61660,4,0,11,0,75,,61659,4,0,11,0,35,,61658,4,0,11,0,75,,61657,4,0,11,0
400101,'1384',851,,61673,4,0,11,0,75,,61674,4,0,11,0,75,,61675,4,0,11,0,35,,61676,4,0,11,0,75,,61677,4,0,11,0,35,,61678,4,0,11,0,75,,61679,4,0,11,0,35,,61680,4,0,11,0,75,,61681,4,0,11,0,75,,61682,4,0,11,0,35,,61683,4,0,11,0,75,,61684,4,0,11,0,35,,61685,4,0,11,0,75,,61686,4,0,11,0,75,,61687,4,0,11,0,35,,61688,4,0,11,0,75,,61689,4,0,11,0,35,,61690,4,0,11,0,75,,61691,4,0,11,0,35,,61692,4,0,11,0
400101,'1385',751,,61693,4,0,11,0,75,,61694,4,0,11,0,75,,61695,4,0,11,0,35,,61696,4,0,11,0,75,,61697,4,0,11,0,35,,61698,4,0,11,0,75,,61699,4,0,11,0,35,,61700,4,0,11,0,75,,61701,4,0,11,0,75,,61702,4,0,11,0,35,,61703,4,0,11,0,75,,61704,4,0,11,0,35,,61705,4,0,11,0,75,,61706,4,0,11,0,75,,61707,4,0,11,0,35,,61708,4,0,11,0,75,,61709,4,0,11,0,35,,61710,4,0,11,0,75,,61711,4,0,11,0,35,,61712,4,0,11,0,75,,61713,4,0,11,0,75,,61714,4,0,11,0,35,,61715,4,0,11,0,75,,61716,4,0,11,0,35,,61717,4,0,11,0,75,,61718,4,0,11,0,75,,61719,4,0,11,0
400101,'1386',751,,61720,4,0,11,0,75,,61721,4,0,11,0,75,,61722,4,0,11,0,35,,61723,4,0,11,0,75,,61724,4,0,11,0,35,,61725,4,0,11,0,75,,61726,4,0,11,0,35,,61727,4,0,11,0,75,,61728,4,0,11,0,75,,61729,4,0,11,0,35,,61730,4,0,11,0,75,,61731,4,0,11,0,35,,61732,4,0,11,0,75,,61733,4,0,11,0,75,,61734,4,0,11,0,35,,61735,4,0,11,0,75,,61736,4,0,11,0,35,,61737,4,0,11,0,75,,61738,4,0,11,0,35,,61739,4,0,11,0,75,,61740,4,0,11,0,75,,61741,4,0,11,0,35,,61742,4,0,11,0,75,,61743,4,0,11,0,35,,61744,4,0,11,0,75,,61745,4,0,11,0,75,,61746,4,0,11,0
400101,'1387',751,,61747,4,0,11,0,75,,61748,4,0,11,0,75,,61749,4,0,11,0,35,,61750,4,0,11,0,75,,61751,4,0,11,0,35,,61752,4,0,11,0,75,,61753,4,0,11,0,35,,61754,4,0,11,0,75,,61755,4,0,11,0,75,,61756,4,0,11,0,35,,61757,4,0,11,0,75,,61758,4,0,11,0,35,,61759,4,0,11,0,75,,61760,4,0,11,0,75,,61761,4,0,11,0,35,,61762,4,0,11,0,75,,61763,4,0,11,0,35,,61764,4,0,11,0,75,,61765,4,0,11,0,35,,61766,4,0,11,0,75,,61767,4,0,11,0,75,,61768,4,0,11,0,35,,61769,4,0,11,0,75,,61770,4,0,11,0,35,,61771,4,0,11,0,75,,61772,4,0,11,0,75,,61773,4,0,11,0
400101,'1388',751,,61774,4,0,11,0,75,,61775,4,0,11,0,75,,61776,4,0,11,0,35,,61777,4,0,11,0,75,,61778,4,0,11,0,35,,61779,4,0,11,0,75,,61780,4,0,11,0,35,,61781,4,0,11,0,75,,61782,4,0,11,0,75,,61783,4,0,11,0,35,,61784,4,0,11,0,75,,61785,4,0,11,0,35,,61786,4,0,11,0,75,,61787,4,0,11,0,75,,61788,4,0,11,0,35,,61789,4,0,11,0,75,,61790,4,0,11,0,35,,61791,4,0,11,0,75,,61792,4,0,11,0,35,,61793,4,0,11,0,75,,61794,4,0,11,0,75,,61795,4,0,11,0,35,,61796,4,0,11,0,75,,61797,4,0,11,0,35,,61798,4,0,11,0,75,,61799,4,0,11,0,75,,61800,4,0,11,0
400101,'1389',751,,61801,4,0,11,0,75,,61802,4,0,11,0,75,,61803,4,0,11,0,35,,61804,4,0,11,0,75,,61805,4,0,11,0,35,,61806,4,0,11,0,75,,61807,4,0,11,0,35,,61808,4,0,11,0,75,,61809,4,0,11,0,75,,61810,4,0,11,0,35,,61811,4,0,11,0,75,,61812,4,0,11,0,35,,61813,4,0,11,0,75,,61814,4,0,11,0,75,,61815,4,0,11,0,35,,61816,4,0,11,0,75,,61817,4,0,11,0,35,,61818,4,0,11,0,75,,61819,4,0,11,0,35,,61820,4,0,11,0,75,,61821,4,0,11,0,75,,61822,4,0,11,0,35,,61823,4,0,11,0,75,,61824,4,0,11,0,35,,61825,4,0,11,0,75,,61826,4,0,11,0,75,,61827,4,0,11,0
