1901,'1383',908,,60309,10,,,0,100,,60310,10,,,0,100,,60311,10,,,0,100,,60312,10,,,0,100,,60313,10,,,0,100,,60315,10,,,0,100,,60314,10,,,0,100,,60308,10,,,0,100,,60307,10,,,0,100,,60306,10,,,0,100,,60305,10,,,0,100,,60304,10,,,0
1901,'1384',808,,60316,10,,,0,100,,60317,10,,,0,100,,60318,10,,,0,30,,60319,10,,,0,70,,60320,10,,,0,30,,60321,10,,,0,70,,60322,10,,,0,30,,60323,10,,,0,70,,60324,10,,,0,30,,60325,10,,,0,70,,60326,10,,,0,30,,60327,10,,,0,70,,60328,10,,,0,30,,60329,10,,,0,70,,60330,10,,,0,30,,60331,10,,,0,70,,60332,10,,,0,30,,60333,10,,,0,70,,60334,10,,,0,30,,60335,10,,,0,70,,60336,10,,,0,30,,60337,10,,,0,70,,60338,10,,,0,100,,60339,10,,,0,100,,60340,10,,,0,100,,60341,10,,,0
1901,'1385',608,,60342,10,,,0,30,,60343,10,,,0,70,,60344,10,,,0,30,,60345,10,,,0,70,,60346,10,,,0,30,,60347,10,,,0,70,,60348,10,,,0,30,,60349,10,,,0,70,,60350,10,,,0,30,,60351,10,,,0,70,,60352,10,,,0,30,,60353,10,,,0,70,,60354,10,,,0,30,,60355,10,,,0,70,,60356,10,,,0,30,,60357,10,,,0,70,,60358,10,,,0,30,,60359,10,,,0,70,,60360,10,,,0,30,,60361,10,,,0,70,,60362,10,,,0,30,,60363,10,,,0,70,,60364,10,,,0,30,,60365,10,,,0,70,,60366,10,,,0,30,,60367,10,,,0,70,,60368,10,,,0,30,,60369,10,,,0,70,,60370,10,,,0,30,,60371,10,,,0,70,,60372,10,,,0,30,,60373,10,,,0,100,,60374,10,,,0,100,,60375,10,,,0
1901,'1386',608,,60376,10,,,0,30,,60377,10,,,0,70,,60378,10,,,0,30,,60379,10,,,0,70,,60380,10,,,0,30,,60381,10,,,0,70,,60382,10,,,0,30,,60383,10,,,0,70,,60384,10,,,0,30,,60385,10,,,0,70,,60386,10,,,0,30,,60387,10,,,0,70,,60388,10,,,0,30,,60389,10,,,0,70,,60390,10,,,0,30,,60391,10,,,0,70,,60392,10,,,0,30,,60393,10,,,0,70,,60394,10,,,0,30,,60395,10,,,0,70,,60396,10,,,0,30,,60397,10,,,0,70,,60398,10,,,0,30,,60399,10,,,0,70,,60400,10,,,0,30,,60401,10,,,0,70,,60402,10,,,0,30,,60403,10,,,0,70,,60404,10,,,0,30,,60405,10,,,0,70,,60406,10,,,0,30,,60407,10,,,0,100,,60408,10,,,0,100,,60409,10,,,0
1901,'1387',608,,60410,10,,,0,30,,60411,10,,,0,70,,60412,10,,,0,30,,60413,10,,,0,70,,60414,10,,,0,30,,60415,10,,,0,70,,60416,10,,,0,30,,60417,10,,,0,70,,60418,10,,,0,30,,60419,10,,,0,70,,60420,10,,,0,30,,60421,10,,,0,70,,60422,10,,,0,30,,60423,10,,,0,70,,60424,10,,,0,30,,60425,10,,,0,70,,60426,10,,,0,30,,60427,10,,,0,70,,60428,10,,,0,30,,60429,10,,,0,70,,60430,10,,,0,30,,60431,10,,,0,70,,60432,10,,,0,30,,60433,10,,,0,70,,60434,10,,,0,30,,60435,10,,,0,70,,60436,10,,,0,30,,60437,10,,,0,70,,60438,10,,,0,30,,60439,10,,,0,70,,60440,10,,,0,30,,60441,10,,,0,100,,60442,10,,,0,100,,60443,10,,,0
1901,'1388',608,,60444,10,,,0,30,,60445,10,,,0,70,,60446,10,,,0,30,,60447,10,,,0,70,,60448,10,,,0,30,,60449,10,,,0,70,,60450,10,,,0,30,,60451,10,,,0,70,,60452,10,,,0,30,,60453,10,,,0,70,,60454,10,,,0,30,,60455,10,,,0,70,,60456,10,,,0,30,,60457,10,,,0,70,,60458,10,,,0,30,,60459,10,,,0,70,,60460,10,,,0,30,,60461,10,,,0,70,,60462,10,,,0,30,,60463,10,,,0,70,,60464,10,,,0,30,,60465,10,,,0,70,,60466,10,,,0,30,,60467,10,,,0,70,,60468,10,,,0,30,,60469,10,,,0,70,,60470,10,,,0,30,,60471,10,,,0,70,,60472,10,,,0,30,,60473,10,,,0,70,,60474,10,,,0,30,,60475,10,,,0,100,,60476,10,,,0,100,,60477,10,,,0
1901,'1389',608,,60478,10,,,0,30,,60479,10,,,0,70,,60480,10,,,0,30,,60481,10,,,0,70,,60482,10,,,0,30,,60483,10,,,0,70,,60484,10,,,0,30,,60485,10,,,0,70,,60486,10,,,0,30,,60487,10,,,0,70,,60488,10,,,0,30,,60489,10,,,0,70,,60490,10,,,0,30,,60491,10,,,0,70,,60492,10,,,0,30,,60493,10,,,0,70,,60494,10,,,0,30,,60495,10,,,0,70,,60496,10,,,0,30,,60497,10,,,0,70,,60498,10,,,0,30,,60499,10,,,0,70,,60500,10,,,0,30,,60501,10,,,0,70,,60502,10,,,0,30,,60503,10,,,0,70,,60504,10,,,0,30,,60505,10,,,0,70,,60506,10,,,0,30,,60507,10,,,0,70,,60508,10,,,0,30,,60509,10,,,0,100,,60510,10,,,0,100,,60511,10,,,0
647703,'1383',953,,62741,32,0,15,0,70,,62740,32,0,15,0,30,,62739,32,0,15,0,70,,62738,32,0,15,0,30,,62737,32,0,15,0,70,,62736,32,0,15,0,30,,62748,32,0,15,0,70,,62747,32,0,15,0,30,,62746,32,0,15,0,70,,62745,32,0,15,0,30,,62744,32,0,15,0,70,,62743,32,0,15,0,30,,62742,32,0,15,0,70,,62751,32,0,15,0,30,,62750,32,0,15,0,70,,62749,32,0,15,0,30,,62735,32,0,15,0,100,,62734,32,0,15,0,100,,62733,32,0,15,0
647703,'1384',853,,62752,32,0,15,0,70,,62753,32,0,15,0,30,,62754,32,0,15,0,70,,62755,32,0,15,0,30,,62756,32,0,15,0,70,,62757,32,0,15,0,30,,62758,32,0,15,0,70,,62759,32,0,15,0,30,,62760,32,0,15,0,70,,62761,32,0,15,0,30,,62762,32,0,15,0,70,,62763,32,0,15,0,30,,62764,32,0,15,0,70,,62765,32,0,15,0,30,,62766,32,0,15,0,70,,62767,32,0,15,0,30,,62768,32,0,15,0,70,,62769,32,0,15,0,30,,62770,32,0,15,0,70,,62771,32,0,15,0,30,,62772,32,0,15,0,70,,62773,32,0,15,0,30,,62774,32,0,15,0,100,,62775,32,0,15,0,100,,62776,32,0,15,0,100,,62777,32,0,15,0
647703,'1385',653,,62778,32,0,15,0,70,,62779,32,0,15,0,30,,62780,32,0,15,0,70,,62781,32,0,15,0,30,,62782,32,0,15,0,70,,62783,32,0,15,0,30,,62784,32,0,15,0,70,,62785,32,0,15,0,30,,62786,32,0,15,0,70,,62787,32,0,15,0,30,,62788,32,0,15,0,70,,62789,32,0,15,0,30,,62790,32,0,15,0,70,,62791,32,0,15,0,30,,62792,32,0,15,0,70,,62793,32,0,15,0,30,,62794,32,0,15,0,70,,62795,32,0,15,0,30,,62796,32,0,15,0,70,,62797,32,0,15,0,30,,62798,32,0,15,0,70,,62799,32,0,15,0,30,,62800,32,0,15,0,70,,62801,32,0,15,0,30,,62802,32,0,15,0,70,,62803,32,0,15,0,30,,62804,32,0,15,0,70,,62805,32,0,15,0,30,,62806,32,0,15,0,100,,62807,32,0,15,0,100,,62808,32,0,15,0,100,,62809,32,0,15,0
647703,'1386',653,,62810,32,0,15,0,70,,62811,32,0,15,0,30,,62812,32,0,15,0,70,,62813,32,0,15,0,30,,62814,32,0,15,0,70,,62815,32,0,15,0,30,,62816,32,0,15,0,70,,62817,32,0,15,0,30,,62818,32,0,15,0,70,,62819,32,0,15,0,30,,62820,32,0,15,0,70,,62821,32,0,15,0,30,,62822,32,0,15,0,70,,62823,32,0,15,0,30,,62824,32,0,15,0,70,,62825,32,0,15,0,30,,62826,32,0,15,0,70,,62827,32,0,15,0,30,,62828,32,0,15,0,70,,62829,32,0,15,0,30,,62830,32,0,15,0,70,,62831,32,0,15,0,30,,62832,32,0,15,0,70,,62833,32,0,15,0,30,,62834,32,0,15,0,70,,62835,32,0,15,0,30,,62836,32,0,15,0,70,,62837,32,0,15,0,30,,62838,32,0,15,0,100,,62839,32,0,15,0,100,,62840,32,0,15,0,100,,62841,32,0,15,0
647703,'1387',653,,62842,32,0,15,0,70,,62843,32,0,15,0,30,,62844,32,0,15,0,70,,62845,32,0,15,0,30,,62846,32,0,15,0,70,,62847,32,0,15,0,30,,62848,32,0,15,0,70,,62849,32,0,15,0,30,,62850,32,0,15,0,70,,62851,32,0,15,0,30,,62852,32,0,15,0,70,,62853,32,0,15,0,30,,62854,32,0,15,0,70,,62855,32,0,15,0,30,,62856,32,0,15,0,70,,62857,32,0,15,0,30,,62858,32,0,15,0,70,,62859,32,0,15,0,30,,62860,32,0,15,0,70,,62861,32,0,15,0,30,,62862,32,0,15,0,70,,62863,32,0,15,0,30,,62864,32,0,15,0,70,,62865,32,0,15,0,30,,62866,32,0,15,0,70,,62867,32,0,15,0,30,,62868,32,0,15,0,70,,62869,32,0,15,0,30,,62870,32,0,15,0,100,,62871,32,0,15,0,100,,62872,32,0,15,0,100,,62873,32,0,15,0
647703,'1388',653,,62874,32,0,15,0,70,,62875,32,0,15,0,30,,62876,32,0,15,0,70,,62877,32,0,15,0,30,,62878,32,0,15,0,70,,62879,32,0,15,0,30,,62880,32,0,15,0,70,,62881,32,0,15,0,30,,62882,32,0,15,0,70,,62883,32,0,15,0,30,,62884,32,0,15,0,70,,62885,32,0,15,0,30,,62886,32,0,15,0,70,,62887,32,0,15,0,30,,62888,32,0,15,0,70,,62889,32,0,15,0,30,,62890,32,0,15,0,70,,62891,32,0,15,0,30,,62892,32,0,15,0,70,,62893,32,0,15,0,30,,62894,32,0,15,0,70,,62895,32,0,15,0,30,,62896,32,0,15,0,70,,62897,32,0,15,0,30,,62898,32,0,15,0,70,,62899,32,0,15,0,30,,62900,32,0,15,0,70,,62901,32,0,15,0,30,,62902,32,0,15,0,100,,62903,32,0,15,0,100,,62904,32,0,15,0,100,,62905,32,0,15,0
647703,'1389',653,,62906,32,0,15,0,70,,62907,32,0,15,0,30,,62908,32,0,15,0,70,,62909,32,0,15,0,30,,62910,32,0,15,0,70,,62911,32,0,15,0,30,,62912,32,0,15,0,70,,62913,32,0,15,0,30,,62914,32,0,15,0,70,,62915,32,0,15,0,30,,62916,32,0,15,0,70,,62917,32,0,15,0,30,,62918,32,0,15,0,70,,62919,32,0,15,0,30,,62920,32,0,15,0,70,,62921,32,0,15,0,30,,62922,32,0,15,0,70,,62923,32,0,15,0,30,,62924,32,0,15,0,70,,62925,32,0,15,0,30,,62926,32,0,15,0,70,,62927,32,0,15,0,30,,62928,32,0,15,0,70,,62929,32,0,15,0,30,,62930,32,0,15,0,70,,62931,32,0,15,0,30,,62932,32,0,15,0,70,,62933,32,0,15,0,30,,62934,32,0,15,0,100,,62935,32,0,15,0,100,,62936,32,0,15,0,100,,62937,32,0,15,0
