70101,'1391',721,,68532,33,0,17,0,130,,68533,33,0,17,0,170,,68534,33,0,17,0,130,,68535,33,0,17,0,170,,68536,33,0,17,0,130,,68537,33,0,17,0,170,,68538,33,0,17,0,130,,68539,33,0,17,0
70101,'1392',721,,68540,33,0,17,0,85,,68541,33,0,17,0,45,,68542,33,0,17,0,85,,68543,33,0,17,0,85,,68544,33,0,17,0,130,,68545,33,0,17,0,170,,68546,33,0,17,0,85,,68547,33,0,17,0,45,,68548,33,0,17,0,85,,68549,33,0,17,0,85,,68550,33,0,17,0,85,,68551,33,0,17,0,45,,68552,33,0,17,0,85,,68553,33,0,17,0
70101,'1393',721,,68554,33,0,17,0,85,,68555,33,0,17,0,45,,68556,33,0,17,0,85,,68557,33,0,17,0,85,,68558,33,0,17,0,130,,68559,33,0,17,0,170,,68560,33,0,17,0,85,,68561,33,0,17,0,45,,68562,33,0,17,0,85,,68563,33,0,17,0,85,,68564,33,0,17,0,85,,68565,33,0,17,0,45,,68566,33,0,17,0,85,,68567,33,0,17,0
70101,'1394',721,,68568,33,0,17,0,85,,68569,33,0,17,0,45,,68570,33,0,17,0,85,,68571,33,0,17,0,85,,68572,33,0,17,0,130,,68573,33,0,17,0,170,,68574,33,0,17,0,85,,68575,33,0,17,0,45,,68576,33,0,17,0,85,,68577,33,0,17,0,85,,68578,33,0,17,0,85,,68579,33,0,17,0,45,,68580,33,0,17,0,85,,68581,33,0,17,0
70101,'1395',721,,68582,33,0,17,0,85,,68583,33,0,17,0,45,,68584,33,0,17,0,85,,68585,33,0,17,0,85,,68586,33,0,17,0,130,,68587,33,0,17,0,170,,68588,33,0,17,0,85,,68589,33,0,17,0,45,,68590,33,0,17,0,85,,68591,33,0,17,0,85,,68592,33,0,17,0,85,,68593,33,0,17,0,45,,68594,33,0,17,0,85,,68595,33,0,17,0
70101,'1396',721,,68596,33,0,17,0,85,,68597,33,0,17,0,45,,68598,33,0,17,0,85,,68599,33,0,17,0,85,,68600,33,0,17,0,130,,68601,33,0,17,0,170,,68602,33,0,17,0,85,,68603,33,0,17,0,45,,68604,33,0,17,0,85,,68605,33,0,17,0,85,,68606,33,0,17,0,85,,68607,33,0,17,0,45,,68608,33,0,17,0,85,,68609,33,0,17,0
70102,'1391',822,,68610,34,0,16,0,130,,68611,34,0,16,0,170,,68612,34,0,16,0,130,,68613,34,0,16,0,170,,68614,34,0,16,0,130,,68615,34,0,16,0,170,,68616,34,0,16,0,130,,68617,34,0,16,0
70102,'1392',737,,68618,34,0,16,0,85,,68619,34,0,16,0,85,,68620,34,0,16,0,45,,68621,34,0,16,0,85,,68622,34,0,16,0,85,,68623,34,0,16,0,130,,68624,34,0,16,0,170,,68625,34,0,16,0,85,,68626,34,0,16,0,45,,68627,34,0,16,0,85,,68628,34,0,16,0,85,,68629,34,0,16,0,85,,68630,34,0,16,0,45,,68631,34,0,16,0
70102,'1393',737,,68632,34,0,16,0,85,,68633,34,0,16,0,85,,68634,34,0,16,0,45,,68635,34,0,16,0,85,,68636,34,0,16,0,85,,68637,34,0,16,0,130,,68638,34,0,16,0,170,,68639,34,0,16,0,85,,68640,34,0,16,0,45,,68641,34,0,16,0,85,,68642,34,0,16,0,85,,68643,34,0,16,0,85,,68644,34,0,16,0,45,,68645,34,0,16,0
70102,'1394',737,,68646,34,0,16,0,85,,68647,34,0,16,0,85,,68648,34,0,16,0,45,,68649,34,0,16,0,85,,68650,34,0,16,0,85,,68651,34,0,16,0,130,,68652,34,0,16,0,170,,68653,34,0,16,0,85,,68654,34,0,16,0,45,,68655,34,0,16,0,85,,68656,34,0,16,0,85,,68657,34,0,16,0,85,,68658,34,0,16,0,45,,68659,34,0,16,0
70102,'1395',737,,68660,34,0,16,0,85,,68661,34,0,16,0,85,,68662,34,0,16,0,45,,68663,34,0,16,0,85,,68664,34,0,16,0,85,,68665,34,0,16,0,130,,68666,34,0,16,0,170,,68667,34,0,16,0,85,,68668,34,0,16,0,45,,68669,34,0,16,0,85,,68670,34,0,16,0,85,,68671,34,0,16,0,85,,68672,34,0,16,0,45,,68673,34,0,16,0
70102,'1396',737,,68674,34,0,16,0,85,,68675,34,0,16,0,85,,68676,34,0,16,0,45,,68677,34,0,16,0,85,,68678,34,0,16,0,85,,68679,34,0,16,0,130,,68680,34,0,16,0,170,,68681,34,0,16,0,85,,68682,34,0,16,0,45,,68683,34,0,16,0,85,,68684,34,0,16,0,85,,68685,34,0,16,0,85,,68686,34,0,16,0,45,,68687,34,0,16,0
