552200,'1385',712,,61884,23,4,,0,30,,61885,23,4,,0,70,,61886,23,4,,0,30,,61887,23,4,,0,70,,61888,23,4,,0,30,,61889,23,4,,0,70,,61890,23,4,,0,30,,61891,23,4,,0,70,,61892,23,4,,0,30,,61893,23,4,,0,70,,61894,23,4,,0,30,,61895,23,4,,0,70,,61896,23,4,,0,30,,61897,23,4,,0,70,,61898,23,4,,0,30,,61899,23,4,,0,70,,61900,23,4,,0,30,,61901,23,4,,0,70,,61902,23,4,,0,30,,61903,23,4,,0,70,,61904,23,4,,0,30,,61905,23,4,,0,70,,61906,23,4,,0
552200,'1386',712,,61907,23,4,,0,30,,61908,23,4,,0,70,,61909,23,4,,0,30,,61910,23,4,,0,70,,61911,23,4,,0,30,,61912,23,4,,0,70,,61913,23,4,,0,30,,61914,23,4,,0,70,,61915,23,4,,0,30,,61916,23,4,,0,70,,61917,23,4,,0,30,,61918,23,4,,0,70,,61919,23,4,,0,30,,61920,23,4,,0,70,,61921,23,4,,0,30,,61922,23,4,,0,70,,61923,23,4,,0,30,,61924,23,4,,0,70,,61925,23,4,,0,30,,61926,23,4,,0,70,,61927,23,4,,0,30,,61928,23,4,,0,70,,61929,23,4,,0
552200,'1387',712,,61930,23,4,,0,30,,61931,23,4,,0,70,,61932,23,4,,0,30,,61933,23,4,,0,70,,61934,23,4,,0,30,,61935,23,4,,0,70,,61936,23,4,,0,30,,61937,23,4,,0,70,,61938,23,4,,0,30,,61939,23,4,,0,70,,61940,23,4,,0,30,,61941,23,4,,0,70,,61942,23,4,,0,30,,61943,23,4,,0,70,,61944,23,4,,0,30,,61945,23,4,,0,70,,61946,23,4,,0,30,,61947,23,4,,0,70,,61948,23,4,,0,30,,61949,23,4,,0,70,,61950,23,4,,0,30,,61951,23,4,,0,70,,61952,23,4,,0
552200,'1388',712,,61953,23,4,,0,30,,61954,23,4,,0,70,,61955,23,4,,0,30,,61956,23,4,,0,70,,61957,23,4,,0,30,,61958,23,4,,0,70,,61959,23,4,,0,30,,61960,23,4,,0,70,,61961,23,4,,0,30,,61962,23,4,,0,70,,61963,23,4,,0,30,,61964,23,4,,0,70,,61965,23,4,,0,30,,61966,23,4,,0,70,,61967,23,4,,0,30,,61968,23,4,,0,70,,61969,23,4,,0,30,,61970,23,4,,0,70,,61971,23,4,,0,30,,61972,23,4,,0,70,,61973,23,4,,0,30,,61974,23,4,,0,70,,61975,23,4,,0
552200,'1389',712,,61976,23,4,,0,30,,61977,23,4,,0,70,,61978,23,4,,0,30,,61979,23,4,,0,70,,61980,23,4,,0,30,,61981,23,4,,0,70,,61982,23,4,,0,30,,61983,23,4,,0,70,,61984,23,4,,0,30,,61985,23,4,,0,70,,61986,23,4,,0,30,,61987,23,4,,0,70,,61988,23,4,,0,30,,61989,23,4,,0,70,,61990,23,4,,0,30,,61991,23,4,,0,70,,61992,23,4,,0,30,,61993,23,4,,0,70,,61994,23,4,,0,30,,61995,23,4,,0,70,,61996,23,4,,0,30,,61997,23,4,,0,70,,61998,23,4,,0
552201,'1385',645,,62021,1,0,9,0,70,,62020,1,0,9,0,30,,62019,1,0,9,0,70,,62018,1,0,9,0,30,,62017,1,0,9,0,70,,62016,1,0,9,0,30,,62015,1,0,9,0,70,,61999,1,0,9,0,30,,62000,1,0,9,0,70,,62001,1,0,9,0,30,,62002,1,0,9,0,70,,62003,1,0,9,0,30,,62004,1,0,9,0,70,,62005,1,0,9,0,30,,62006,1,0,9,0,70,,62007,1,0,9,0,30,,62008,1,0,9,0,70,,62009,1,0,9,0,30,,62010,1,0,9,0,70,,62011,1,0,9,0,30,,62012,1,0,9,0,70,,62013,1,0,9,0,30,,62014,1,0,9,0
552201,'1386',645,,62044,1,0,9,0,70,,62043,1,0,9,0,30,,62042,1,0,9,0,70,,62041,1,0,9,0,30,,62040,1,0,9,0,70,,62039,1,0,9,0,30,,62038,1,0,9,0,70,,62022,1,0,9,0,30,,62023,1,0,9,0,70,,62024,1,0,9,0,30,,62025,1,0,9,0,70,,62026,1,0,9,0,30,,62027,1,0,9,0,70,,62028,1,0,9,0,30,,62029,1,0,9,0,70,,62030,1,0,9,0,30,,62031,1,0,9,0,70,,62032,1,0,9,0,30,,62033,1,0,9,0,70,,62034,1,0,9,0,30,,62035,1,0,9,0,70,,62036,1,0,9,0,30,,62037,1,0,9,0
552201,'1387',645,,62067,1,0,9,0,70,,62066,1,0,9,0,30,,62065,1,0,9,0,70,,62064,1,0,9,0,30,,62063,1,0,9,0,70,,62062,1,0,9,0,30,,62061,1,0,9,0,70,,62045,1,0,9,0,30,,62046,1,0,9,0,70,,62047,1,0,9,0,30,,62048,1,0,9,0,70,,62049,1,0,9,0,30,,62050,1,0,9,0,70,,62051,1,0,9,0,30,,62052,1,0,9,0,70,,62053,1,0,9,0,30,,62054,1,0,9,0,70,,62055,1,0,9,0,30,,62056,1,0,9,0,70,,62057,1,0,9,0,30,,62058,1,0,9,0,70,,62059,1,0,9,0,30,,62060,1,0,9,0
552201,'1388',645,,62090,1,0,9,0,70,,62089,1,0,9,0,30,,62088,1,0,9,0,70,,62087,1,0,9,0,30,,62086,1,0,9,0,70,,62085,1,0,9,0,30,,62084,1,0,9,0,70,,62068,1,0,9,0,30,,62069,1,0,9,0,70,,62070,1,0,9,0,30,,62071,1,0,9,0,70,,62072,1,0,9,0,30,,62073,1,0,9,0,70,,62074,1,0,9,0,30,,62075,1,0,9,0,70,,62076,1,0,9,0,30,,62077,1,0,9,0,70,,62078,1,0,9,0,30,,62079,1,0,9,0,70,,62080,1,0,9,0,30,,62081,1,0,9,0,70,,62082,1,0,9,0,30,,62083,1,0,9,0
552201,'1389',645,,62113,1,0,9,0,70,,62112,1,0,9,0,30,,62111,1,0,9,0,70,,62110,1,0,9,0,30,,62109,1,0,9,0,70,,62108,1,0,9,0,30,,62107,1,0,9,0,70,,62091,1,0,9,0,30,,62092,1,0,9,0,70,,62093,1,0,9,0,30,,62094,1,0,9,0,70,,62095,1,0,9,0,30,,62096,1,0,9,0,70,,62097,1,0,9,0,30,,62098,1,0,9,0,70,,62099,1,0,9,0,30,,62100,1,0,9,0,70,,62101,1,0,9,0,30,,62102,1,0,9,0,70,,62103,1,0,9,0,30,,62104,1,0,9,0,70,,62105,1,0,9,0,30,,62106,1,0,9,0
