1800,'1390',750,,66470,72,,,0,100,,66469,72,,,0,100,,66468,72,,,0,80,,66467,72,,,0,80,,66466,72,,,0,45,,66465,72,,,0,80,,66464,72,,,0,80,,66463,72,,,0,40,,66462,72,,,0,80,,66461,72,,,0,80,,66460,72,,,0,40,,66459,72,,,0,80,,66458,72,,,0,80,,66457,72,,,0,40,,66456,72,,,0,80,,66455,72,,,0,80,,66454,72,,,0,40,,66453,72,,,0
1800,'1391',609,,66471,72,,,0,45,,66472,72,,,0,70,,66473,72,,,0,30,,66474,72,,,0,70,,66475,72,,,0,30,,66476,72,,,0,70,,66477,72,,,0,30,,66478,72,,,0,70,,66479,72,,,0,30,,66480,72,,,0,60,,66481,72,,,0,20,,66482,72,,,0,20,,66483,72,,,0,60,,66484,72,,,0,20,,66485,72,,,0,20,,66486,72,,,0,60,,66487,72,,,0,20,,66488,72,,,0,20,,66489,72,,,0,60,,66490,72,,,0,20,,66491,72,,,0,20,,66492,72,,,0,60,,66493,72,,,0,20,,66494,72,,,0,20,,66495,72,,,0,60,,66496,72,,,0,20,,66497,72,,,0,20,,66498,72,,,0,60,,66499,72,,,0,20,,66500,72,,,0,20,,66501,72,,,0,60,,66502,72,,,0,20,,66503,72,,,0,20,,66504,72,,,0,70,,66505,72,,,0,30,,66506,72,,,0,70,,66507,72,,,0,30,,66508,72,,,0,70,,66509,72,,,0,30,,66510,72,,,0,70,,66511,72,,,0,30,,66512,72,,,0,70,,66513,72,,,0,30,,66514,72,,,0,70,,66515,72,,,0,30,,66516,72,,,0,70,,66517,72,,,0
1800,'1392',610,,66554,72,,,0,35,,66555,72,,,0,59,,66518,72,,,0,15,,66519,72,,,0,15,,66520,72,,,0,15,,66521,72,,,0,55,,66522,72,,,0,10,,66523,72,,,0,10,,66524,72,,,0,10,,66525,72,,,0,10,,66526,72,,,0,10,,66527,72,,,0,50,,66528,72,,,0,5,,66556,72,,,0,15,,66557,72,,,0,15,,66558,72,,,0,15,,66559,72,,,0,55,,66560,72,,,0,15,,66561,72,,,0,15,,66562,72,,,0,13,,66563,72,,,0,55,,66564,72,,,0,15,,66565,72,,,0,15,,66566,72,,,0,15,,66567,72,,,0,55,,66568,72,,,0,15,,66569,72,,,0,15,,66570,72,,,0,15,,66571,72,,,0,55,,66572,72,,,0,15,,66573,72,,,0,15,,66574,72,,,0,64,,66529,72,,,0,20,,66530,72,,,0,15,,66531,72,,,0,15,,66532,72,,,0,55,,66533,72,,,0,10,,66534,72,,,0,10,,66535,72,,,0,10,,66536,72,,,0,10,,66537,72,,,0,10,,66538,72,,,0,50,,66539,72,,,0,10,,66540,72,,,0,10,,66541,72,,,0,10,,66542,72,,,0,10,,66543,72,,,0,10,,66544,72,,,0,50,,66545,72,,,0,10,,66546,72,,,0,10,,66547,72,,,0,10,,66548,72,,,0,10,,66549,72,,,0,10,,66550,72,,,0,50,,66551,72,,,0,15,,66552,72,,,0,15,,66553,72,,,0,17,,66575,72,,,0,70,,66576,72,,,0,30,,66577,72,,,0,70,,66578,72,,,0,30,,66579,72,,,0,70,,66580,72,,,0,30,,66581,72,,,0,70,,66582,72,,,0,30,,66583,72,,,0,70,,66584,72,,,0,30,,66585,72,,,0,70,,66586,72,,,0,30,,66587,72,,,0,70,,66588,72,,,0
1800,'1393',610,,66625,72,,,0,35,,66626,72,,,0,59,,66589,72,,,0,15,,66590,72,,,0,15,,66591,72,,,0,15,,66592,72,,,0,55,,66593,72,,,0,10,,66594,72,,,0,10,,66595,72,,,0,10,,66596,72,,,0,10,,66597,72,,,0,10,,66598,72,,,0,50,,66599,72,,,0,5,,66627,72,,,0,15,,66628,72,,,0,15,,66629,72,,,0,15,,66630,72,,,0,55,,66631,72,,,0,15,,66632,72,,,0,15,,66633,72,,,0,13,,66634,72,,,0,55,,66635,72,,,0,15,,66636,72,,,0,15,,66637,72,,,0,15,,66638,72,,,0,55,,66639,72,,,0,15,,66640,72,,,0,15,,66641,72,,,0,15,,66642,72,,,0,55,,66643,72,,,0,15,,66644,72,,,0,15,,66645,72,,,0,64,,66600,72,,,0,20,,66601,72,,,0,15,,66602,72,,,0,15,,66603,72,,,0,55,,66604,72,,,0,10,,66605,72,,,0,10,,66606,72,,,0,10,,66607,72,,,0,10,,66608,72,,,0,10,,66609,72,,,0,50,,66610,72,,,0,10,,66611,72,,,0,10,,66612,72,,,0,10,,66613,72,,,0,10,,66614,72,,,0,10,,66615,72,,,0,50,,66616,72,,,0,10,,66617,72,,,0,10,,66618,72,,,0,10,,66619,72,,,0,10,,66620,72,,,0,10,,66621,72,,,0,50,,66622,72,,,0,15,,66623,72,,,0,15,,66624,72,,,0,17,,66646,72,,,0,70,,66647,72,,,0,30,,66648,72,,,0,70,,66649,72,,,0,30,,66650,72,,,0,70,,66651,72,,,0,30,,66652,72,,,0,70,,66653,72,,,0,30,,66654,72,,,0,70,,66655,72,,,0,30,,66656,72,,,0,70,,66657,72,,,0,30,,66658,72,,,0,70,,66659,72,,,0
1800,'1394',610,,66696,72,,,0,35,,66697,72,,,0,59,,66660,72,,,0,15,,66661,72,,,0,15,,66662,72,,,0,15,,66663,72,,,0,55,,66664,72,,,0,10,,66665,72,,,0,10,,66666,72,,,0,10,,66667,72,,,0,10,,66668,72,,,0,10,,66669,72,,,0,50,,66670,72,,,0,5,,66698,72,,,0,15,,66699,72,,,0,15,,66700,72,,,0,15,,66701,72,,,0,55,,66702,72,,,0,15,,66703,72,,,0,15,,66704,72,,,0,13,,66705,72,,,0,55,,66706,72,,,0,15,,66707,72,,,0,15,,66708,72,,,0,15,,66709,72,,,0,55,,66710,72,,,0,15,,66711,72,,,0,15,,66712,72,,,0,15,,66713,72,,,0,55,,66714,72,,,0,15,,66715,72,,,0,15,,66716,72,,,0,64,,66671,72,,,0,20,,66672,72,,,0,15,,66673,72,,,0,15,,66674,72,,,0,55,,66675,72,,,0,10,,66676,72,,,0,10,,66677,72,,,0,10,,66678,72,,,0,10,,66679,72,,,0,10,,66680,72,,,0,50,,66681,72,,,0,10,,66682,72,,,0,10,,66683,72,,,0,10,,66684,72,,,0,10,,66685,72,,,0,10,,66686,72,,,0,50,,66687,72,,,0,10,,66688,72,,,0,10,,66689,72,,,0,10,,66690,72,,,0,10,,66691,72,,,0,10,,66692,72,,,0,50,,66693,72,,,0,15,,66694,72,,,0,15,,66695,72,,,0,17,,66717,72,,,0,70,,66718,72,,,0,30,,66719,72,,,0,70,,66720,72,,,0,30,,66721,72,,,0,70,,66722,72,,,0,30,,66723,72,,,0,70,,66724,72,,,0,30,,66725,72,,,0,70,,66726,72,,,0,30,,66727,72,,,0,70,,66728,72,,,0,30,,66729,72,,,0,70,,66730,72,,,0
1800,'1395',610,,66767,72,,,0,35,,66768,72,,,0,59,,66731,72,,,0,15,,66732,72,,,0,15,,66733,72,,,0,15,,66734,72,,,0,55,,66735,72,,,0,10,,66736,72,,,0,10,,66737,72,,,0,10,,66738,72,,,0,10,,66739,72,,,0,10,,66740,72,,,0,50,,66741,72,,,0,5,,66769,72,,,0,15,,66770,72,,,0,15,,66771,72,,,0,15,,66772,72,,,0,55,,66773,72,,,0,15,,66774,72,,,0,15,,66775,72,,,0,13,,66776,72,,,0,55,,66777,72,,,0,15,,66778,72,,,0,15,,66779,72,,,0,15,,66780,72,,,0,55,,66781,72,,,0,15,,66782,72,,,0,15,,66783,72,,,0,15,,66784,72,,,0,55,,66785,72,,,0,15,,66786,72,,,0,15,,66787,72,,,0,64,,66742,72,,,0,20,,66743,72,,,0,15,,66744,72,,,0,15,,66745,72,,,0,55,,66746,72,,,0,10,,66747,72,,,0,10,,66748,72,,,0,10,,66749,72,,,0,10,,66750,72,,,0,10,,66751,72,,,0,50,,66752,72,,,0,10,,66753,72,,,0,10,,66754,72,,,0,10,,66755,72,,,0,10,,66756,72,,,0,10,,66757,72,,,0,50,,66758,72,,,0,10,,66759,72,,,0,10,,66760,72,,,0,10,,66761,72,,,0,10,,66762,72,,,0,10,,66763,72,,,0,50,,66764,72,,,0,15,,66765,72,,,0,15,,66766,72,,,0,17,,66788,72,,,0,70,,66789,72,,,0,30,,66790,72,,,0,70,,66791,72,,,0,30,,66792,72,,,0,70,,66793,72,,,0,30,,66794,72,,,0,70,,66795,72,,,0,30,,66796,72,,,0,70,,66797,72,,,0,30,,66798,72,,,0,70,,66799,72,,,0,30,,66800,72,,,0,70,,66801,72,,,0
1800,'1396',610,,66838,72,,,0,35,,66839,72,,,0,59,,66802,72,,,0,15,,66803,72,,,0,15,,66804,72,,,0,15,,66805,72,,,0,55,,66806,72,,,0,10,,66807,72,,,0,10,,66808,72,,,0,10,,66809,72,,,0,10,,66810,72,,,0,10,,66811,72,,,0,50,,66812,72,,,0,5,,66840,72,,,0,15,,66841,72,,,0,15,,66842,72,,,0,15,,66843,72,,,0,55,,66844,72,,,0,15,,66845,72,,,0,15,,66846,72,,,0,13,,66847,72,,,0,55,,66848,72,,,0,15,,66849,72,,,0,15,,66850,72,,,0,15,,66851,72,,,0,55,,66852,72,,,0,15,,66853,72,,,0,15,,66854,72,,,0,15,,66855,72,,,0,55,,66856,72,,,0,15,,66857,72,,,0,15,,66858,72,,,0,64,,66813,72,,,0,20,,66814,72,,,0,15,,66815,72,,,0,15,,66816,72,,,0,55,,66817,72,,,0,10,,66818,72,,,0,10,,66819,72,,,0,10,,66820,72,,,0,10,,66821,72,,,0,10,,66822,72,,,0,50,,66823,72,,,0,10,,66824,72,,,0,10,,66825,72,,,0,10,,66826,72,,,0,10,,66827,72,,,0,10,,66828,72,,,0,50,,66829,72,,,0,10,,66830,72,,,0,10,,66831,72,,,0,10,,66832,72,,,0,10,,66833,72,,,0,10,,66834,72,,,0,50,,66835,72,,,0,15,,66836,72,,,0,15,,66837,72,,,0,17,,66859,72,,,0,70,,66860,72,,,0,30,,66861,72,,,0,70,,66862,72,,,0,30,,66863,72,,,0,70,,66864,72,,,0,30,,66865,72,,,0,70,,66866,72,,,0,30,,66867,72,,,0,70,,66868,72,,,0,30,,66869,72,,,0,70,,66870,72,,,0,30,,66871,72,,,0,70,,66872,72,,,0
1900,'1390',950,,67309,83,,,0,100,,67308,83,,,0,100,,67307,83,,,0,100,,67306,83,,,0,100,,67305,83,,,0,100,,67304,83,,,0,100,,67303,83,,,0,100,,67302,83,,,0,100,,67301,83,,,0,100,,67300,83,,,0,100,,67299,83,,,0,100,,67298,83,,,0
1900,'1391',850,,67310,83,,,0,100,,67311,83,,,0,100,,67312,83,,,0,70,,67313,83,,,0,30,,67314,83,,,0,70,,67315,83,,,0,30,,67316,83,,,0,70,,67317,83,,,0,30,,67318,83,,,0,70,,67319,83,,,0,30,,67320,83,,,0,70,,67321,83,,,0,30,,67322,83,,,0,70,,67323,83,,,0,30,,67324,83,,,0,70,,67325,83,,,0,30,,67326,83,,,0,70,,67327,83,,,0,30,,67328,83,,,0,70,,67329,83,,,0,30,,67330,83,,,0,70,,67331,83,,,0,30,,67332,83,,,0,100,,67333,83,,,0,100,,67334,83,,,0,100,,67335,83,,,0
1900,'1392',650,,67336,83,,,0,70,,67337,83,,,0,30,,67338,83,,,0,70,,67339,83,,,0,30,,67340,83,,,0,70,,67341,83,,,0,30,,67342,83,,,0,70,,67343,83,,,0,30,,67344,83,,,0,70,,67345,83,,,0,30,,67346,83,,,0,70,,67347,83,,,0,30,,67348,83,,,0,70,,67349,83,,,0,30,,67350,83,,,0,70,,67351,83,,,0,30,,67352,83,,,0,70,,67353,83,,,0,30,,67354,83,,,0,70,,67355,83,,,0,30,,67356,83,,,0,70,,67357,83,,,0,30,,67358,83,,,0,70,,67359,83,,,0,30,,67360,83,,,0,70,,67361,83,,,0,30,,67362,83,,,0,70,,67363,83,,,0,30,,67364,83,,,0,70,,67365,83,,,0,30,,67366,83,,,0,70,,67367,83,,,0,100,,67368,83,,,0,100,,67369,83,,,0
1900,'1393',650,,67370,83,,,0,70,,67371,83,,,0,30,,67372,83,,,0,70,,67373,83,,,0,30,,67374,83,,,0,70,,67375,83,,,0,30,,67376,83,,,0,70,,67377,83,,,0,30,,67378,83,,,0,70,,67379,83,,,0,30,,67380,83,,,0,70,,67381,83,,,0,30,,67382,83,,,0,70,,67383,83,,,0,30,,67384,83,,,0,70,,67385,83,,,0,30,,67386,83,,,0,70,,67387,83,,,0,30,,67388,83,,,0,70,,67389,83,,,0,30,,67390,83,,,0,70,,67391,83,,,0,30,,67392,83,,,0,70,,67393,83,,,0,30,,67394,83,,,0,70,,67395,83,,,0,30,,67396,83,,,0,70,,67397,83,,,0,30,,67398,83,,,0,70,,67399,83,,,0,30,,67400,83,,,0,70,,67401,83,,,0,100,,67402,83,,,0,100,,67403,83,,,0
1900,'1394',650,,67404,83,,,0,70,,67405,83,,,0,30,,67406,83,,,0,70,,67407,83,,,0,30,,67408,83,,,0,70,,67409,83,,,0,30,,67410,83,,,0,70,,67411,83,,,0,30,,67412,83,,,0,70,,67413,83,,,0,30,,67414,83,,,0,70,,67415,83,,,0,30,,67416,83,,,0,70,,67417,83,,,0,30,,67418,83,,,0,70,,67419,83,,,0,30,,67420,83,,,0,70,,67421,83,,,0,30,,67422,83,,,0,70,,67423,83,,,0,30,,67424,83,,,0,70,,67425,83,,,0,30,,67426,83,,,0,70,,67427,83,,,0,30,,67428,83,,,0,70,,67429,83,,,0,30,,67430,83,,,0,70,,67431,83,,,0,30,,67432,83,,,0,70,,67433,83,,,0,30,,67434,83,,,0,70,,67435,83,,,0,100,,67436,83,,,0,100,,67437,83,,,0
1900,'1395',650,,67438,83,,,0,70,,67439,83,,,0,30,,67440,83,,,0,70,,67441,83,,,0,30,,67442,83,,,0,70,,67443,83,,,0,30,,67444,83,,,0,70,,67445,83,,,0,30,,67446,83,,,0,70,,67447,83,,,0,30,,67448,83,,,0,70,,67449,83,,,0,30,,67450,83,,,0,70,,67451,83,,,0,30,,67452,83,,,0,70,,67453,83,,,0,30,,67454,83,,,0,70,,67455,83,,,0,30,,67456,83,,,0,70,,67457,83,,,0,30,,67458,83,,,0,70,,67459,83,,,0,30,,67460,83,,,0,70,,67461,83,,,0,30,,67462,83,,,0,70,,67463,83,,,0,30,,67464,83,,,0,70,,67465,83,,,0,30,,67466,83,,,0,70,,67467,83,,,0,30,,67468,83,,,0,70,,67469,83,,,0,100,,67470,83,,,0,100,,67471,83,,,0
1900,'1396',650,,67472,83,,,0,70,,67473,83,,,0,30,,67474,83,,,0,70,,67475,83,,,0,30,,67476,83,,,0,70,,67477,83,,,0,30,,67478,83,,,0,70,,67479,83,,,0,30,,67480,83,,,0,70,,67481,83,,,0,30,,67482,83,,,0,70,,67483,83,,,0,30,,67484,83,,,0,70,,67485,83,,,0,30,,67486,83,,,0,70,,67487,83,,,0,30,,67488,83,,,0,70,,67489,83,,,0,30,,67490,83,,,0,70,,67491,83,,,0,30,,67492,83,,,0,70,,67493,83,,,0,30,,67494,83,,,0,70,,67495,83,,,0,30,,67496,83,,,0,70,,67497,83,,,0,30,,67498,83,,,0,70,,67499,83,,,0,30,,67500,83,,,0,70,,67501,83,,,0,30,,67502,83,,,0,70,,67503,83,,,0,100,,67504,83,,,0,100,,67505,83,,,0
