721303,'1390',838,,70801,3,0,15,0,80,,70800,3,0,15,0,40,,70799,3,0,15,0,80,,70798,3,0,15,0,80,,70797,3,0,15,0,40,,70796,3,0,15,0,80,,70795,3,0,15,0,80,,70794,3,0,15,0,40,,70793,3,0,15,0,80,,70792,3,0,15,0,80,,70791,3,0,15,0,40,,70790,3,0,15,0,80,,70789,3,0,15,0,80,,70788,3,0,15,0,40,,70787,3,0,15,0,80,,70786,3,0,15,0,80,,70785,3,0,15,0,40,,70784,3,0,15,0
721303,'1391',638,,70802,3,0,15,0,80,,70803,3,0,15,0,40,,70804,3,0,15,0,80,,70805,3,0,15,0,80,,70806,3,0,15,0,40,,70807,3,0,15,0,80,,70808,3,0,15,0,80,,70809,3,0,15,0,40,,70810,3,0,15,0,60,,70811,3,0,15,0,20,,70812,3,0,15,0,20,,70813,3,0,15,0,60,,70814,3,0,15,0,20,,70815,3,0,15,0,20,,70816,3,0,15,0,60,,70817,3,0,15,0,20,,70818,3,0,15,0,20,,70819,3,0,15,0,60,,70820,3,0,15,0,20,,70821,3,0,15,0,20,,70822,3,0,15,0,60,,70823,3,0,15,0,20,,70824,3,0,15,0,20,,70825,3,0,15,0,60,,70826,3,0,15,0,20,,70827,3,0,15,0,20,,70828,3,0,15,0,60,,70829,3,0,15,0,20,,70830,3,0,15,0,80,,70831,3,0,15,0,40,,70832,3,0,15,0,80,,70833,3,0,15,0,80,,70834,3,0,15,0,40,,70835,3,0,15,0,80,,70836,3,0,15,0,80,,70837,3,0,15,0
721303,'1392',613,,70838,3,0,15,0,45,,70839,3,0,15,0,60,,70840,3,0,15,0,25,,70841,3,0,15,0,60,,70842,3,0,15,0,25,,70843,3,0,15,0,20,,70844,3,0,15,0,65,,70845,3,0,15,0,20,,70846,3,0,15,0,25,,70847,3,0,15,0,60,,70848,3,0,15,0,25,,70849,3,0,15,0,60,,70850,3,0,15,0,25,,70851,3,0,15,0,20,,70852,3,0,15,0,65,,70853,3,0,15,0,20,,70854,3,0,15,0,25,,70855,3,0,15,0,60,,70856,3,0,15,0,25,,70857,3,0,15,0,60,,70858,3,0,15,0,25,,70859,3,0,15,0,20,,70860,3,0,15,0,65,,70861,3,0,15,0,20,,70862,3,0,15,0,25,,70863,3,0,15,0,60,,70864,3,0,15,0,25,,70865,3,0,15,0,60,,70866,3,0,15,0,25,,70867,3,0,15,0,20,,70868,3,0,15,0,65,,70869,3,0,15,0,20,,70870,3,0,15,0,70,,70871,3,0,15,0,35,,70872,3,0,15,0,80,,70873,3,0,15,0,40,,70874,3,0,15,0,80,,70875,3,0,15,0,80,,70876,3,0,15,0,40,,70877,3,0,15,0,80,,70878,3,0,15,0
721303,'1393',613,,70879,3,0,15,0,45,,70880,3,0,15,0,60,,70881,3,0,15,0,25,,70882,3,0,15,0,60,,70883,3,0,15,0,25,,70884,3,0,15,0,20,,70885,3,0,15,0,65,,70886,3,0,15,0,20,,70887,3,0,15,0,25,,70888,3,0,15,0,60,,70889,3,0,15,0,25,,70890,3,0,15,0,60,,70891,3,0,15,0,25,,70892,3,0,15,0,20,,70893,3,0,15,0,65,,70894,3,0,15,0,20,,70895,3,0,15,0,25,,70896,3,0,15,0,60,,70897,3,0,15,0,25,,70898,3,0,15,0,60,,70899,3,0,15,0,25,,70900,3,0,15,0,20,,70901,3,0,15,0,65,,70902,3,0,15,0,20,,70903,3,0,15,0,25,,70904,3,0,15,0,60,,70905,3,0,15,0,25,,70906,3,0,15,0,60,,70907,3,0,15,0,25,,70908,3,0,15,0,20,,70909,3,0,15,0,65,,70910,3,0,15,0,20,,70911,3,0,15,0,70,,70912,3,0,15,0,35,,70913,3,0,15,0,80,,70914,3,0,15,0,40,,70915,3,0,15,0,80,,70916,3,0,15,0,80,,70917,3,0,15,0,40,,70918,3,0,15,0,80,,70919,3,0,15,0
721303,'1394',613,,70920,3,0,15,0,45,,70921,3,0,15,0,60,,70922,3,0,15,0,25,,70923,3,0,15,0,60,,70924,3,0,15,0,25,,70925,3,0,15,0,20,,70926,3,0,15,0,65,,70927,3,0,15,0,20,,70928,3,0,15,0,25,,70929,3,0,15,0,60,,70930,3,0,15,0,25,,70931,3,0,15,0,60,,70932,3,0,15,0,25,,70933,3,0,15,0,20,,70934,3,0,15,0,65,,70935,3,0,15,0,20,,70936,3,0,15,0,25,,70937,3,0,15,0,60,,70938,3,0,15,0,25,,70939,3,0,15,0,60,,70940,3,0,15,0,25,,70941,3,0,15,0,20,,70942,3,0,15,0,65,,70943,3,0,15,0,20,,70944,3,0,15,0,25,,70945,3,0,15,0,60,,70946,3,0,15,0,25,,70947,3,0,15,0,60,,70948,3,0,15,0,25,,70949,3,0,15,0,20,,70950,3,0,15,0,65,,70951,3,0,15,0,20,,70952,3,0,15,0,70,,70953,3,0,15,0,35,,70954,3,0,15,0,80,,70955,3,0,15,0,40,,70956,3,0,15,0,80,,70957,3,0,15,0,80,,70958,3,0,15,0,40,,70959,3,0,15,0,80,,70960,3,0,15,0
721303,'1395',613,,70961,3,0,15,0,45,,70962,3,0,15,0,60,,70963,3,0,15,0,25,,70964,3,0,15,0,60,,70965,3,0,15,0,25,,70966,3,0,15,0,20,,70967,3,0,15,0,65,,70968,3,0,15,0,20,,70969,3,0,15,0,25,,70970,3,0,15,0,60,,70971,3,0,15,0,25,,70972,3,0,15,0,60,,70973,3,0,15,0,25,,70974,3,0,15,0,20,,70975,3,0,15,0,65,,70976,3,0,15,0,20,,70977,3,0,15,0,25,,70978,3,0,15,0,60,,70979,3,0,15,0,25,,70980,3,0,15,0,60,,70981,3,0,15,0,25,,70982,3,0,15,0,20,,70983,3,0,15,0,65,,70984,3,0,15,0,20,,70985,3,0,15,0,25,,70986,3,0,15,0,60,,70987,3,0,15,0,25,,70988,3,0,15,0,60,,70989,3,0,15,0,25,,70990,3,0,15,0,20,,70991,3,0,15,0,65,,70992,3,0,15,0,20,,70993,3,0,15,0,70,,70994,3,0,15,0,35,,70995,3,0,15,0,80,,70996,3,0,15,0,40,,70997,3,0,15,0,80,,70998,3,0,15,0,80,,70999,3,0,15,0,40,,71000,3,0,15,0,80,,71001,3,0,15,0
721303,'1396',613,,71002,3,0,15,0,45,,71003,3,0,15,0,60,,71004,3,0,15,0,25,,71005,3,0,15,0,60,,71006,3,0,15,0,25,,71007,3,0,15,0,20,,71008,3,0,15,0,65,,71009,3,0,15,0,20,,71010,3,0,15,0,25,,71011,3,0,15,0,60,,71012,3,0,15,0,25,,71013,3,0,15,0,60,,71014,3,0,15,0,25,,71015,3,0,15,0,20,,71016,3,0,15,0,65,,71017,3,0,15,0,20,,71018,3,0,15,0,25,,71019,3,0,15,0,60,,71020,3,0,15,0,25,,71021,3,0,15,0,60,,71022,3,0,15,0,25,,71023,3,0,15,0,20,,71024,3,0,15,0,65,,71025,3,0,15,0,20,,71026,3,0,15,0,25,,71027,3,0,15,0,60,,71028,3,0,15,0,25,,71029,3,0,15,0,60,,71030,3,0,15,0,25,,71031,3,0,15,0,20,,71032,3,0,15,0,65,,71033,3,0,15,0,20,,71034,3,0,15,0,70,,71035,3,0,15,0,35,,71036,3,0,15,0,80,,71037,3,0,15,0,40,,71038,3,0,15,0,80,,71039,3,0,15,0,80,,71040,3,0,15,0,40,,71041,3,0,15,0,80,,71042,3,0,15,0
721502,'1392',721,,71744,1,0,16,0
721502,'1393',721,,71773,1,0,16,0
721502,'1394',721,,71802,1,0,16,0
721502,'1395',721,,71831,1,0,16,0
721502,'1396',721,,71860,1,0,16,0
