1801,'1390',717,,66890,25,,,0,100,,66889,25,,,0,100,,66888,25,,,0,105,,66887,25,,,0,80,,66886,25,,,0,40,,66885,25,,,0,80,,66884,25,,,0,80,,66883,25,,,0,40,,66882,25,,,0,80,,66881,25,,,0,80,,66880,25,,,0,40,,66879,25,,,0,80,,66878,25,,,0,80,,66877,25,,,0,40,,66876,25,,,0,80,,66875,25,,,0,80,,66874,25,,,0,40,,66873,25,,,0
1801,'1391',552,,66891,25,,,0,70,,66892,25,,,0,30,,66893,25,,,0,70,,66894,25,,,0,30,,66895,25,,,0,70,,66896,25,,,0,30,,66897,25,,,0,70,,66898,25,,,0,30,,66899,25,,,0,70,,66900,25,,,0,20,,66901,25,,,0,60,,66902,25,,,0,20,,66903,25,,,0,20,,66904,25,,,0,60,,66905,25,,,0,20,,66906,25,,,0,20,,66907,25,,,0,60,,66908,25,,,0,20,,66909,25,,,0,20,,66910,25,,,0,60,,66911,25,,,0,20,,66912,25,,,0,20,,66913,25,,,0,60,,66914,25,,,0,20,,66915,25,,,0,20,,66916,25,,,0,60,,66917,25,,,0,20,,66918,25,,,0,20,,66919,25,,,0,60,,66920,25,,,0,20,,66921,25,,,0,20,,66922,25,,,0,60,,66923,25,,,0,20,,66924,25,,,0,35,,66925,25,,,0,65,,66926,25,,,0,30,,66927,25,,,0,70,,66928,25,,,0,30,,66929,25,,,0,70,,66930,25,,,0,30,,66931,25,,,0,70,,66932,25,,,0,30,,66933,25,,,0,70,,66934,25,,,0,30,,66935,25,,,0,70,,66936,25,,,0,30,,66937,25,,,0
1801,'1392',550,,66976,25,,,0,70,,66977,25,,,0,15,,66942,25,,,0,16,,66941,25,,,0,55,,66940,25,,,0,15,,66939,25,,,0,10,,66938,25,,,0,10,,66943,25,,,0,10,,66944,25,,,0,50,,66945,25,,,0,10,,66946,25,,,0,10,,66947,25,,,0,15,,66948,25,,,0,15,,66949,25,,,0,55,,66950,25,,,0,14,,66978,25,,,0,15,,66979,25,,,0,15,,66980,25,,,0,55,,66981,25,,,0,15,,66982,25,,,0,15,,66983,25,,,0,15,,66984,25,,,0,55,,66985,25,,,0,15,,66986,25,,,0,15,,66987,25,,,0,15,,66988,25,,,0,55,,66989,25,,,0,15,,66990,25,,,0,10,,67009,9,,,0,5,,66991,25,,,0,15,,66992,25,,,0,55,,66993,25,,,0,15,,66994,25,,,0,18,,66951,25,,,0,15,,66952,25,,,0,55,,66953,25,,,0,15,,66954,25,,,0,10,,66955,25,,,0,10,,66956,25,,,0,10,,66957,25,,,0,50,,66958,25,,,0,10,,66959,25,,,0,10,,66960,25,,,0,10,,66961,25,,,0,10,,66962,25,,,0,10,,66963,25,,,0,50,,66964,25,,,0,10,,66965,25,,,0,10,,66966,25,,,0,10,,66967,25,,,0,10,,66968,25,,,0,10,,66969,25,,,0,50,,66970,25,,,0,10,,66971,25,,,0,10,,66972,25,,,0,15,,66973,25,,,0,15,,66974,25,,,0,55,,66975,25,,,0,13,,66995,25,,,0,30,,66996,25,,,0,70,,66997,25,,,0,30,,66998,25,,,0,70,,66999,25,,,0,30,,67000,25,,,0,70,,67001,25,,,0,30,,67002,25,,,0,70,,67003,25,,,0,30,,67004,25,,,0,70,,67005,25,,,0,30,,67006,25,,,0,70,,67007,25,,,0,30,,67008,25,,,0
1801,'1393',550,,67048,25,,,0,70,,67049,25,,,0,15,,67013,25,,,0,16,,67012,25,,,0,55,,67011,25,,,0,15,,67010,25,,,0,10,,67014,25,,,0,10,,67015,25,,,0,10,,67016,25,,,0,50,,67017,25,,,0,10,,67018,25,,,0,10,,67019,25,,,0,15,,67020,25,,,0,15,,67021,25,,,0,55,,67022,25,,,0,14,,67050,25,,,0,15,,67051,25,,,0,15,,67052,25,,,0,55,,67053,25,,,0,15,,67054,25,,,0,15,,67055,25,,,0,15,,67056,25,,,0,55,,67057,25,,,0,15,,67058,25,,,0,15,,67059,25,,,0,15,,67060,25,,,0,55,,67061,25,,,0,15,,67062,25,,,0,10,,67081,9,,,0,5,,67063,25,,,0,15,,67064,25,,,0,55,,67065,25,,,0,15,,67066,25,,,0,18,,67023,25,,,0,15,,67024,25,,,0,55,,67025,25,,,0,15,,67026,25,,,0,10,,67027,25,,,0,10,,67028,25,,,0,10,,67029,25,,,0,50,,67030,25,,,0,10,,67031,25,,,0,10,,67032,25,,,0,10,,67033,25,,,0,10,,67034,25,,,0,10,,67035,25,,,0,50,,67036,25,,,0,10,,67037,25,,,0,10,,67038,25,,,0,10,,67039,25,,,0,10,,67040,25,,,0,10,,67041,25,,,0,50,,67042,25,,,0,10,,67043,25,,,0,10,,67044,25,,,0,15,,67045,25,,,0,15,,67046,25,,,0,55,,67047,25,,,0,13,,67067,25,,,0,30,,67068,25,,,0,70,,67069,25,,,0,30,,67070,25,,,0,70,,67071,25,,,0,30,,67072,25,,,0,70,,67073,25,,,0,30,,67074,25,,,0,70,,67075,25,,,0,30,,67076,25,,,0,70,,67077,25,,,0,30,,67078,25,,,0,70,,67079,25,,,0,30,,67080,25,,,0
1801,'1394',550,,67120,25,,,0,70,,67121,25,,,0,15,,67085,25,,,0,16,,67084,25,,,0,55,,67083,25,,,0,15,,67082,25,,,0,10,,67086,25,,,0,10,,67087,25,,,0,10,,67088,25,,,0,50,,67089,25,,,0,10,,67090,25,,,0,10,,67091,25,,,0,15,,67092,25,,,0,15,,67093,25,,,0,55,,67094,25,,,0,14,,67122,25,,,0,15,,67123,25,,,0,15,,67124,25,,,0,55,,67125,25,,,0,15,,67126,25,,,0,15,,67127,25,,,0,15,,67128,25,,,0,55,,67129,25,,,0,15,,67130,25,,,0,15,,67131,25,,,0,15,,67132,25,,,0,55,,67133,25,,,0,15,,67134,25,,,0,10,,67153,9,,,0,5,,67135,25,,,0,15,,67136,25,,,0,55,,67137,25,,,0,15,,67138,25,,,0,18,,67095,25,,,0,15,,67096,25,,,0,55,,67097,25,,,0,15,,67098,25,,,0,10,,67099,25,,,0,10,,67100,25,,,0,10,,67101,25,,,0,50,,67102,25,,,0,10,,67103,25,,,0,10,,67104,25,,,0,10,,67105,25,,,0,10,,67106,25,,,0,10,,67107,25,,,0,50,,67108,25,,,0,10,,67109,25,,,0,10,,67110,25,,,0,10,,67111,25,,,0,10,,67112,25,,,0,10,,67113,25,,,0,50,,67114,25,,,0,10,,67115,25,,,0,10,,67116,25,,,0,15,,67117,25,,,0,15,,67118,25,,,0,55,,67119,25,,,0,13,,67139,25,,,0,30,,67140,25,,,0,70,,67141,25,,,0,30,,67142,25,,,0,70,,67143,25,,,0,30,,67144,25,,,0,70,,67145,25,,,0,30,,67146,25,,,0,70,,67147,25,,,0,30,,67148,25,,,0,70,,67149,25,,,0,30,,67150,25,,,0,70,,67151,25,,,0,30,,67152,25,,,0
1801,'1395',550,,67192,25,,,0,70,,67193,25,,,0,15,,67157,25,,,0,16,,67156,25,,,0,55,,67155,25,,,0,15,,67154,25,,,0,10,,67158,25,,,0,10,,67159,25,,,0,10,,67160,25,,,0,50,,67161,25,,,0,10,,67162,25,,,0,10,,67163,25,,,0,15,,67164,25,,,0,15,,67165,25,,,0,55,,67166,25,,,0,14,,67194,25,,,0,15,,67195,25,,,0,15,,67196,25,,,0,55,,67197,25,,,0,15,,67198,25,,,0,15,,67199,25,,,0,15,,67200,25,,,0,55,,67201,25,,,0,15,,67202,25,,,0,15,,67203,25,,,0,15,,67204,25,,,0,55,,67205,25,,,0,15,,67206,25,,,0,10,,67225,9,,,0,5,,67207,25,,,0,15,,67208,25,,,0,55,,67209,25,,,0,15,,67210,25,,,0,18,,67167,25,,,0,15,,67168,25,,,0,55,,67169,25,,,0,15,,67170,25,,,0,10,,67171,25,,,0,10,,67172,25,,,0,10,,67173,25,,,0,50,,67174,25,,,0,10,,67175,25,,,0,10,,67176,25,,,0,10,,67177,25,,,0,10,,67178,25,,,0,10,,67179,25,,,0,50,,67180,25,,,0,10,,67181,25,,,0,10,,67182,25,,,0,10,,67183,25,,,0,10,,67184,25,,,0,10,,67185,25,,,0,50,,67186,25,,,0,10,,67187,25,,,0,10,,67188,25,,,0,15,,67189,25,,,0,15,,67190,25,,,0,55,,67191,25,,,0,13,,67211,25,,,0,30,,67212,25,,,0,70,,67213,25,,,0,30,,67214,25,,,0,70,,67215,25,,,0,30,,67216,25,,,0,70,,67217,25,,,0,30,,67218,25,,,0,70,,67219,25,,,0,30,,67220,25,,,0,70,,67221,25,,,0,30,,67222,25,,,0,70,,67223,25,,,0,30,,67224,25,,,0
1801,'1396',550,,67264,25,,,0,70,,67265,25,,,0,15,,67229,25,,,0,16,,67228,25,,,0,55,,67227,25,,,0,15,,67226,25,,,0,10,,67230,25,,,0,10,,67231,25,,,0,10,,67232,25,,,0,50,,67233,25,,,0,10,,67234,25,,,0,10,,67235,25,,,0,15,,67236,25,,,0,15,,67237,25,,,0,55,,67238,25,,,0,14,,67266,25,,,0,15,,67267,25,,,0,15,,67268,25,,,0,55,,67269,25,,,0,15,,67270,25,,,0,15,,67271,25,,,0,15,,67272,25,,,0,55,,67273,25,,,0,15,,67274,25,,,0,15,,67275,25,,,0,15,,67276,25,,,0,55,,67277,25,,,0,15,,67278,25,,,0,10,,67297,9,,,0,5,,67279,25,,,0,15,,67280,25,,,0,55,,67281,25,,,0,15,,67282,25,,,0,18,,67239,25,,,0,15,,67240,25,,,0,55,,67241,25,,,0,15,,67242,25,,,0,10,,67243,25,,,0,10,,67244,25,,,0,10,,67245,25,,,0,50,,67246,25,,,0,10,,67247,25,,,0,10,,67248,25,,,0,10,,67249,25,,,0,10,,67250,25,,,0,10,,67251,25,,,0,50,,67252,25,,,0,10,,67253,25,,,0,10,,67254,25,,,0,10,,67255,25,,,0,10,,67256,25,,,0,10,,67257,25,,,0,50,,67258,25,,,0,10,,67259,25,,,0,10,,67260,25,,,0,15,,67261,25,,,0,15,,67262,25,,,0,55,,67263,25,,,0,13,,67283,25,,,0,30,,67284,25,,,0,70,,67285,25,,,0,30,,67286,25,,,0,70,,67287,25,,,0,30,,67288,25,,,0,70,,67289,25,,,0,30,,67290,25,,,0,70,,67291,25,,,0,30,,67292,25,,,0,70,,67293,25,,,0,30,,67294,25,,,0,70,,67295,25,,,0,30,,67296,25,,,0
1901,'1390',921,,67517,27,,,0,100,,67516,27,,,0,100,,67515,27,,,0,100,,67514,27,,,0,100,,67513,27,,,0,100,,67512,27,,,0,100,,67511,27,,,0,100,,67510,27,,,0,100,,67509,27,,,0,100,,67508,27,,,0,100,,67507,27,,,0,100,,67506,27,,,0
1901,'1391',821,,67518,27,,,0,100,,67519,27,,,0,100,,67520,27,,,0,30,,67521,27,,,0,70,,67522,27,,,0,30,,67523,27,,,0,70,,67524,27,,,0,30,,67525,27,,,0,70,,67526,27,,,0,30,,67527,27,,,0,70,,67528,27,,,0,30,,67529,27,,,0,70,,67530,27,,,0,30,,67531,27,,,0,70,,67532,27,,,0,30,,67533,27,,,0,70,,67534,27,,,0,30,,67535,27,,,0,70,,67536,27,,,0,30,,67537,27,,,0,70,,67538,27,,,0,30,,67539,27,,,0,70,,67540,27,,,0,100,,67541,27,,,0,100,,67542,27,,,0,100,,67543,27,,,0
1901,'1392',621,,67544,27,,,0,30,,67545,27,,,0,70,,67546,27,,,0,30,,67547,27,,,0,70,,67548,27,,,0,30,,67549,27,,,0,70,,67550,27,,,0,30,,67551,27,,,0,70,,67552,27,,,0,30,,67553,27,,,0,70,,67554,27,,,0,30,,67555,27,,,0,70,,67556,27,,,0,30,,67557,27,,,0,70,,67558,27,,,0,30,,67559,27,,,0,70,,67560,27,,,0,30,,67561,27,,,0,70,,67562,27,,,0,30,,67563,27,,,0,70,,67564,27,,,0,30,,67565,27,,,0,70,,67566,27,,,0,30,,67567,27,,,0,70,,67568,27,,,0,30,,67569,27,,,0,70,,67570,27,,,0,30,,67571,27,,,0,70,,67572,27,,,0,30,,67573,27,,,0,70,,67574,27,,,0,30,,67575,27,,,0,100,,67576,27,,,0,100,,67577,27,,,0
1901,'1393',621,,67578,27,,,0,30,,67579,27,,,0,70,,67580,27,,,0,30,,67581,27,,,0,70,,67582,27,,,0,30,,67583,27,,,0,70,,67584,27,,,0,30,,67585,27,,,0,70,,67586,27,,,0,30,,67587,27,,,0,70,,67588,27,,,0,30,,67589,27,,,0,70,,67590,27,,,0,30,,67591,27,,,0,70,,67592,27,,,0,30,,67593,27,,,0,70,,67594,27,,,0,30,,67595,27,,,0,70,,67596,27,,,0,30,,67597,27,,,0,70,,67598,27,,,0,30,,67599,27,,,0,70,,67600,27,,,0,30,,67601,27,,,0,70,,67602,27,,,0,30,,67603,27,,,0,70,,67604,27,,,0,30,,67605,27,,,0,70,,67606,27,,,0,30,,67607,27,,,0,70,,67608,27,,,0,30,,67609,27,,,0,100,,67610,27,,,0,100,,67611,27,,,0
1901,'1394',621,,67612,27,,,0,30,,67613,27,,,0,70,,67614,27,,,0,30,,67615,27,,,0,70,,67616,27,,,0,30,,67617,27,,,0,70,,67618,27,,,0,30,,67619,27,,,0,70,,67620,27,,,0,30,,67621,27,,,0,70,,67622,27,,,0,30,,67623,27,,,0,70,,67624,27,,,0,30,,67625,27,,,0,70,,67626,27,,,0,30,,67627,27,,,0,70,,67628,27,,,0,30,,67629,27,,,0,70,,67630,27,,,0,30,,67631,27,,,0,70,,67632,27,,,0,30,,67633,27,,,0,70,,67634,27,,,0,30,,67635,27,,,0,70,,67636,27,,,0,30,,67637,27,,,0,70,,67638,27,,,0,30,,67639,27,,,0,70,,67640,27,,,0,30,,67641,27,,,0,70,,67642,27,,,0,30,,67643,27,,,0,100,,67644,27,,,0,100,,67645,27,,,0
1901,'1395',621,,67646,27,,,0,30,,67647,27,,,0,70,,67648,27,,,0,30,,67649,27,,,0,70,,67650,27,,,0,30,,67651,27,,,0,70,,67652,27,,,0,30,,67653,27,,,0,70,,67654,27,,,0,30,,67655,27,,,0,70,,67656,27,,,0,30,,67657,27,,,0,70,,67658,27,,,0,30,,67659,27,,,0,70,,67660,27,,,0,30,,67661,27,,,0,70,,67662,27,,,0,30,,67663,27,,,0,70,,67664,27,,,0,30,,67665,27,,,0,70,,67666,27,,,0,30,,67667,27,,,0,70,,67668,27,,,0,30,,67669,27,,,0,70,,67670,27,,,0,30,,67671,27,,,0,70,,67672,27,,,0,30,,67673,27,,,0,70,,67674,27,,,0,30,,67675,27,,,0,70,,67676,27,,,0,30,,67677,27,,,0,100,,67678,27,,,0,100,,67679,27,,,0
1901,'1396',621,,67680,27,,,0,30,,67681,27,,,0,70,,67682,27,,,0,30,,67683,27,,,0,70,,67684,27,,,0,30,,67685,27,,,0,70,,67686,27,,,0,30,,67687,27,,,0,70,,67688,27,,,0,30,,67689,27,,,0,70,,67690,27,,,0,30,,67691,27,,,0,70,,67692,27,,,0,30,,67693,27,,,0,70,,67694,27,,,0,30,,67695,27,,,0,70,,67696,27,,,0,30,,67697,27,,,0,70,,67698,27,,,0,30,,67699,27,,,0,70,,67700,27,,,0,30,,67701,27,,,0,70,,67702,27,,,0,30,,67703,27,,,0,70,,67704,27,,,0,30,,67705,27,,,0,70,,67706,27,,,0,30,,67707,27,,,0,70,,67708,27,,,0,30,,67709,27,,,0,70,,67710,27,,,0,30,,67711,27,,,0,100,,67712,27,,,0,100,,67713,27,,,0
