1801,'1362',749,,38068,84,,,0,100,,38067,84,,,0,100,,38066,84,,,0,105,,38065,84,,,0,80,,38072,84,,,0,80,,38071,84,,,0,40,,38070,84,,,0,80,,38069,84,,,0,80,,38082,84,,,0,40,,38081,84,,,0,80,,38080,84,,,0,80,,38079,84,,,0,40,,38078,84,,,0,80,,38077,84,,,0,80,,38076,84,,,0,40,,38075,84,,,0,80,,38074,84,,,0,80,,38073,84,,,0
1801,'1363',624,,38083,84,,,0,30,,38084,84,,,0,70,,38085,84,,,0,30,,38086,84,,,0,70,,38087,84,,,0,30,,38088,84,,,0,70,,38089,84,,,0,30,,38090,84,,,0,70,,38091,84,,,0,30,,38092,84,,,0,60,,38093,84,,,0,20,,38094,84,,,0,20,,38095,84,,,0,60,,38096,84,,,0,20,,38097,84,,,0,20,,38098,84,,,0,60,,38099,84,,,0,20,,38100,84,,,0,20,,38101,84,,,0,60,,38102,84,,,0,20,,38103,84,,,0,20,,38104,84,,,0,60,,38105,84,,,0,20,,38106,84,,,0,20,,38107,84,,,0,60,,38108,84,,,0,20,,38109,84,,,0,20,,38110,84,,,0,60,,38111,84,,,0,20,,38112,84,,,0,20,,38113,84,,,0,60,,38114,84,,,0,20,,38115,84,,,0,20,,38116,84,,,0,75,,38117,84,,,0,25,,38118,84,,,0,70,,38119,84,,,0,30,,38120,84,,,0,70,,38121,84,,,0,30,,38122,84,,,0,70,,38123,84,,,0,30,,38124,84,,,0,70,,38125,84,,,0,30,,38126,84,,,0,70,,38127,84,,,0,30,,38128,84,,,0,70,,38129,84,,,0
1801,'1364',623,,38168,84,,,0,30,,38169,84,,,0,60,,38135,84,,,0,15,,38134,84,,,0,15,,38133,84,,,0,15,,38132,84,,,0,50,,38131,84,,,0,10,,38130,84,,,0,10,,38136,84,,,0,10,,38137,84,,,0,10,,38138,84,,,0,10,,38167,84,,,0,55,,38166,84,,,0,15,,38165,84,,,0,15,,38164,84,,,0,10,,38170,84,,,0,55,,38171,84,,,0,15,,38172,84,,,0,15,,38173,84,,,0,15,,38174,84,,,0,55,,38175,84,,,0,15,,38176,84,,,0,15,,38177,84,,,0,15,,38178,84,,,0,55,,38179,84,,,0,15,,38180,84,,,0,15,,38181,84,,,0,15,,38182,84,,,0,50,,38201,68,,,0,5,,38183,84,,,0,15,,38184,84,,,0,15,,38185,84,,,0,15,,38186,84,,,0,62,,38163,84,,,0,15,,38162,84,,,0,15,,38161,84,,,0,55,,38160,84,,,0,10,,38159,84,,,0,10,,38158,84,,,0,10,,38157,84,,,0,10,,38156,84,,,0,10,,38155,84,,,0,50,,38154,84,,,0,10,,38153,84,,,0,10,,38152,84,,,0,10,,38151,84,,,0,10,,38150,84,,,0,10,,38149,84,,,0,50,,38148,84,,,0,10,,38147,84,,,0,10,,38146,84,,,0,10,,38145,84,,,0,10,,38139,84,,,0,10,,38140,84,,,0,50,,38141,84,,,0,15,,38142,84,,,0,15,,38143,84,,,0,15,,38144,84,,,0,9,,38187,84,,,0,70,,38188,84,,,0,30,,38189,84,,,0,70,,38190,84,,,0,30,,38191,84,,,0,70,,38192,84,,,0,30,,38193,84,,,0,70,,38194,84,,,0,30,,38195,84,,,0,70,,38196,84,,,0,30,,38197,84,,,0,70,,38198,84,,,0,30,,38199,84,,,0,70,,38200,84,,,0
1801,'1365',623,,38240,84,,,0,30,,38241,84,,,0,60,,38206,84,,,0,15,,38205,84,,,0,15,,38204,84,,,0,15,,38203,84,,,0,50,,38202,84,,,0,10,,38207,84,,,0,10,,38208,84,,,0,10,,38209,84,,,0,10,,38210,84,,,0,10,,38239,84,,,0,55,,38238,84,,,0,15,,38237,84,,,0,15,,38236,84,,,0,10,,38242,84,,,0,55,,38243,84,,,0,15,,38244,84,,,0,15,,38245,84,,,0,15,,38246,84,,,0,55,,38247,84,,,0,15,,38248,84,,,0,15,,38249,84,,,0,15,,38250,84,,,0,55,,38251,84,,,0,15,,38252,84,,,0,15,,38253,84,,,0,15,,38254,84,,,0,50,,38273,68,,,0,5,,38255,84,,,0,15,,38256,84,,,0,15,,38257,84,,,0,15,,38258,84,,,0,62,,38235,84,,,0,15,,38234,84,,,0,15,,38233,84,,,0,55,,38232,84,,,0,10,,38231,84,,,0,10,,38230,84,,,0,10,,38229,84,,,0,10,,38228,84,,,0,10,,38227,84,,,0,50,,38226,84,,,0,10,,38225,84,,,0,10,,38224,84,,,0,10,,38223,84,,,0,10,,38222,84,,,0,10,,38221,84,,,0,50,,38220,84,,,0,10,,38219,84,,,0,10,,38218,84,,,0,10,,38217,84,,,0,10,,38211,84,,,0,10,,38212,84,,,0,50,,38213,84,,,0,15,,38214,84,,,0,15,,38215,84,,,0,15,,38216,84,,,0,9,,38259,84,,,0,70,,38260,84,,,0,30,,38261,84,,,0,70,,38262,84,,,0,30,,38263,84,,,0,70,,38264,84,,,0,30,,38265,84,,,0,70,,38266,84,,,0,30,,38267,84,,,0,70,,38268,84,,,0,30,,38269,84,,,0,70,,38270,84,,,0,30,,38271,84,,,0,70,,38272,84,,,0
1801,'1366',623,,38312,84,,,0,30,,38313,84,,,0,60,,38278,84,,,0,15,,38277,84,,,0,15,,38276,84,,,0,15,,38275,84,,,0,50,,38274,84,,,0,10,,38279,84,,,0,10,,38280,84,,,0,10,,38281,84,,,0,10,,38282,84,,,0,10,,38311,84,,,0,55,,38310,84,,,0,15,,38309,84,,,0,15,,38308,84,,,0,10,,38314,84,,,0,55,,38315,84,,,0,15,,38316,84,,,0,15,,38317,84,,,0,15,,38318,84,,,0,55,,38319,84,,,0,15,,38320,84,,,0,15,,38321,84,,,0,15,,38322,84,,,0,55,,38323,84,,,0,15,,38324,84,,,0,15,,38325,84,,,0,15,,38326,84,,,0,50,,38345,68,,,0,5,,38327,84,,,0,15,,38328,84,,,0,15,,38329,84,,,0,15,,38330,84,,,0,62,,38307,84,,,0,15,,38306,84,,,0,15,,38305,84,,,0,55,,38304,84,,,0,10,,38303,84,,,0,10,,38302,84,,,0,10,,38301,84,,,0,10,,38300,84,,,0,10,,38299,84,,,0,50,,38298,84,,,0,10,,38297,84,,,0,10,,38296,84,,,0,10,,38295,84,,,0,10,,38294,84,,,0,10,,38293,84,,,0,50,,38292,84,,,0,10,,38291,84,,,0,10,,38290,84,,,0,10,,38289,84,,,0,10,,38283,84,,,0,10,,38284,84,,,0,50,,38285,84,,,0,15,,38286,84,,,0,15,,38287,84,,,0,15,,38288,84,,,0,9,,38331,84,,,0,70,,38332,84,,,0,30,,38333,84,,,0,70,,38334,84,,,0,30,,38335,84,,,0,70,,38336,84,,,0,30,,38337,84,,,0,70,,38338,84,,,0,30,,38339,84,,,0,70,,38340,84,,,0,30,,38341,84,,,0,70,,38342,84,,,0,30,,38343,84,,,0,70,,38344,84,,,0
1801,'1367',623,,38384,84,,,0,30,,38385,84,,,0,60,,38350,84,,,0,15,,38349,84,,,0,15,,38348,84,,,0,15,,38347,84,,,0,50,,38346,84,,,0,10,,38351,84,,,0,10,,38352,84,,,0,10,,38353,84,,,0,10,,38354,84,,,0,10,,38383,84,,,0,55,,38382,84,,,0,15,,38381,84,,,0,15,,38380,84,,,0,10,,38386,84,,,0,55,,38387,84,,,0,15,,38388,84,,,0,15,,38389,84,,,0,15,,38390,84,,,0,55,,38391,84,,,0,15,,38392,84,,,0,15,,38393,84,,,0,15,,38394,84,,,0,55,,38395,84,,,0,15,,38396,84,,,0,15,,38397,84,,,0,15,,38398,84,,,0,50,,38417,68,,,0,5,,38399,84,,,0,15,,38400,84,,,0,15,,38401,84,,,0,15,,38402,84,,,0,62,,38379,84,,,0,15,,38378,84,,,0,15,,38377,84,,,0,55,,38376,84,,,0,10,,38375,84,,,0,10,,38374,84,,,0,10,,38373,84,,,0,10,,38372,84,,,0,10,,38371,84,,,0,50,,38370,84,,,0,10,,38369,84,,,0,10,,38368,84,,,0,10,,38367,84,,,0,10,,38366,84,,,0,10,,38365,84,,,0,50,,38364,84,,,0,10,,38363,84,,,0,10,,38362,84,,,0,10,,38361,84,,,0,10,,38355,84,,,0,10,,38356,84,,,0,50,,38357,84,,,0,15,,38358,84,,,0,15,,38359,84,,,0,15,,38360,84,,,0,9,,38403,84,,,0,70,,38404,84,,,0,30,,38405,84,,,0,70,,38406,84,,,0,30,,38407,84,,,0,70,,38408,84,,,0,30,,38409,84,,,0,70,,38410,84,,,0,30,,38411,84,,,0,70,,38412,84,,,0,30,,38413,84,,,0,70,,38414,84,,,0,30,,38415,84,,,0,70,,38416,84,,,0
1801,'1368',623,,38456,84,,,0,30,,38457,84,,,0,60,,38422,84,,,0,15,,38421,84,,,0,15,,38420,84,,,0,15,,38419,84,,,0,50,,38418,84,,,0,10,,38423,84,,,0,10,,38424,84,,,0,10,,38425,84,,,0,10,,38426,84,,,0,10,,38455,84,,,0,55,,38454,84,,,0,15,,38453,84,,,0,15,,38452,84,,,0,10,,38458,84,,,0,55,,38459,84,,,0,15,,38460,84,,,0,15,,38461,84,,,0,15,,38462,84,,,0,55,,38463,84,,,0,15,,38464,84,,,0,15,,38465,84,,,0,15,,38466,84,,,0,55,,38467,84,,,0,15,,38468,84,,,0,15,,38469,84,,,0,15,,38470,84,,,0,50,,38489,68,,,0,5,,38471,84,,,0,15,,38472,84,,,0,15,,38473,84,,,0,15,,38474,84,,,0,62,,38451,84,,,0,15,,38450,84,,,0,15,,38449,84,,,0,55,,38448,84,,,0,10,,38447,84,,,0,10,,38446,84,,,0,10,,38445,84,,,0,10,,38444,84,,,0,10,,38443,84,,,0,50,,38442,84,,,0,10,,38441,84,,,0,10,,38440,84,,,0,10,,38439,84,,,0,10,,38438,84,,,0,10,,38437,84,,,0,50,,38436,84,,,0,10,,38435,84,,,0,10,,38434,84,,,0,10,,38433,84,,,0,10,,38427,84,,,0,10,,38428,84,,,0,50,,38429,84,,,0,15,,38430,84,,,0,15,,38431,84,,,0,15,,38432,84,,,0,9,,38475,84,,,0,70,,38476,84,,,0,30,,38477,84,,,0,70,,38478,84,,,0,30,,38479,84,,,0,70,,38480,84,,,0,30,,38481,84,,,0,70,,38482,84,,,0,30,,38483,84,,,0,70,,38484,84,,,0,30,,38485,84,,,0,70,,38486,84,,,0,30,,38487,84,,,0,70,,38488,84,,,0
2800,'1363',758,,39473,37,,,0,150,,39474,37,,,0,110,,39475,37,,,0,110,,39476,37,,,0,110,,39477,37,,,0,110,,39478,37,,,0,110,,39479,37,,,0,150,,39480,37,,,0,110,,39481,37,,,0,110,,39482,37,,,0,110,,39483,37,,,0
2800,'1364',658,,39489,38,,,0,75,,39490,38,,,0,75,,39491,38,,,0,35,,39492,38,,,0,75,,39493,38,,,0,35,,39494,38,,,0,75,,39495,38,,,0,75,,39496,38,,,0,35,,39497,38,,,0,75,,39498,38,,,0,35,,39499,38,,,0,75,,39500,38,,,0,35,,39501,38,,,0,75,,39502,38,,,0,75,,39503,38,,,0,35,,39504,38,,,0,75,,39505,38,,,0,35,,39506,38,,,0,75,,39484,37,,,0,75,,39485,37,,,0,35,,39486,37,,,0,75,,39487,37,,,0,35,,39488,37,,,0
2800,'1365',658,,39512,38,,,0,75,,39513,38,,,0,75,,39514,38,,,0,35,,39515,38,,,0,75,,39516,38,,,0,35,,39517,38,,,0,75,,39518,38,,,0,75,,39519,38,,,0,35,,39520,38,,,0,75,,39521,38,,,0,35,,39522,38,,,0,75,,39523,38,,,0,35,,39524,38,,,0,75,,39525,38,,,0,75,,39526,38,,,0,35,,39527,38,,,0,75,,39528,38,,,0,35,,39529,38,,,0,75,,39507,37,,,0,75,,39508,37,,,0,35,,39509,37,,,0,75,,39510,37,,,0,35,,39511,37,,,0
2800,'1366',658,,39535,38,,,0,75,,39536,38,,,0,75,,39537,38,,,0,35,,39538,38,,,0,75,,39539,38,,,0,35,,39540,38,,,0,75,,39541,38,,,0,75,,39542,38,,,0,35,,39543,38,,,0,75,,39544,38,,,0,35,,39545,38,,,0,75,,39546,38,,,0,35,,39547,38,,,0,75,,39548,38,,,0,75,,39549,38,,,0,35,,39550,38,,,0,75,,39551,38,,,0,35,,39552,38,,,0,75,,39530,37,,,0,75,,39531,37,,,0,35,,39532,37,,,0,75,,39533,37,,,0,35,,39534,37,,,0
2800,'1367',658,,39558,38,,,0,75,,39559,38,,,0,75,,39560,38,,,0,35,,39561,38,,,0,75,,39562,38,,,0,35,,39563,38,,,0,75,,39564,38,,,0,75,,39565,38,,,0,35,,39566,38,,,0,75,,39567,38,,,0,35,,39568,38,,,0,75,,39569,38,,,0,35,,39570,38,,,0,75,,39571,38,,,0,75,,39572,38,,,0,35,,39573,38,,,0,75,,39574,38,,,0,35,,39575,38,,,0,75,,39553,37,,,0,75,,39554,37,,,0,35,,39555,37,,,0,75,,39556,37,,,0,35,,39557,37,,,0
2800,'1368',658,,39581,38,,,0,75,,39582,38,,,0,75,,39583,38,,,0,35,,39584,38,,,0,75,,39585,38,,,0,35,,39586,38,,,0,75,,39587,38,,,0,75,,39588,38,,,0,35,,39589,38,,,0,75,,39590,38,,,0,35,,39591,38,,,0,75,,39592,38,,,0,35,,39593,38,,,0,75,,39594,38,,,0,75,,39595,38,,,0,35,,39596,38,,,0,75,,39597,38,,,0,35,,39598,38,,,0,75,,39576,37,,,0,75,,39577,37,,,0,35,,39578,37,,,0,75,,39579,37,,,0,35,,39580,37,,,0
