722501,'1392',543,,71889,40,0,17,0,160,,71890,40,0,17,0,100,,71891,40,0,17,0,100,,71892,40,0,17,0,100,,71893,40,0,17,0,100,,71894,40,0,17,0,100,,71895,40,0,17,0,100,,71896,40,0,17,0,100,,71897,40,0,17,0,100,,71898,40,0,17,0,100,,71899,40,0,17,0,100,,71900,40,0,17,0,100,,71901,40,0,17,0,100,,71902,40,0,17,0,100,,71903,40,0,17,0,100,,71904,40,0,17,0,100,,71905,40,0,17,0,100,,71906,40,0,17,0
722501,'1393',543,,71907,40,0,17,0,160,,71908,40,0,17,0,100,,71909,40,0,17,0,100,,71910,40,0,17,0,100,,71911,40,0,17,0,100,,71912,40,0,17,0,100,,71913,40,0,17,0,100,,71914,40,0,17,0,100,,71915,40,0,17,0,100,,71916,40,0,17,0,100,,71917,40,0,17,0,100,,71918,40,0,17,0,100,,71919,40,0,17,0,100,,71920,40,0,17,0,100,,71921,40,0,17,0,100,,71922,40,0,17,0,100,,71923,40,0,17,0,100,,71924,40,0,17,0
722501,'1394',543,,71925,40,0,17,0,160,,71926,40,0,17,0,100,,71927,40,0,17,0,100,,71928,40,0,17,0,100,,71929,40,0,17,0,100,,71930,40,0,17,0,100,,71931,40,0,17,0,100,,71932,40,0,17,0,100,,71933,40,0,17,0,100,,71934,40,0,17,0,100,,71935,40,0,17,0,100,,71936,40,0,17,0,100,,71937,40,0,17,0,100,,71938,40,0,17,0,100,,71939,40,0,17,0,100,,71940,40,0,17,0,100,,71941,40,0,17,0,100,,71942,40,0,17,0
722501,'1395',543,,71943,40,0,17,0,160,,71944,40,0,17,0,100,,71945,40,0,17,0,100,,71946,40,0,17,0,100,,71947,40,0,17,0,100,,71948,40,0,17,0,100,,71949,40,0,17,0,100,,71950,40,0,17,0,100,,71951,40,0,17,0,100,,71952,40,0,17,0,100,,71953,40,0,17,0,100,,71954,40,0,17,0,100,,71955,40,0,17,0,100,,71956,40,0,17,0,100,,71957,40,0,17,0,100,,71958,40,0,17,0,100,,71959,40,0,17,0,100,,71960,40,0,17,0
722501,'1396',543,,71961,40,0,17,0,160,,71962,40,0,17,0,100,,71963,40,0,17,0,100,,71964,40,0,17,0,100,,71965,40,0,17,0,100,,71966,40,0,17,0,100,,71967,40,0,17,0,100,,71968,40,0,17,0,100,,71969,40,0,17,0,100,,71970,40,0,17,0,100,,71971,40,0,17,0,100,,71972,40,0,17,0,100,,71973,40,0,17,0,100,,71974,40,0,17,0,100,,71975,40,0,17,0,100,,71976,40,0,17,0,100,,71977,40,0,17,0,100,,71978,40,0,17,0
722502,'1392',555,,71979,22,0,16,0,100,,71980,22,0,16,0,100,,71981,22,0,16,0,100,,71982,22,0,16,0,100,,71983,22,0,16,0,100,,71984,22,0,16,0,100,,71985,22,0,16,0,100,,71986,22,0,16,0,100,,71987,22,0,16,0,100,,71988,22,0,16,0,100,,71989,22,0,16,0,100,,71990,22,0,16,0,100,,71991,22,0,16,0,100,,71992,22,0,16,0,100,,71993,22,0,16,0,100,,71994,22,0,16,0,100,,71995,22,0,16,0,100,,71996,22,0,16,0
722502,'1393',555,,71997,22,0,16,0,100,,71998,22,0,16,0,100,,71999,22,0,16,0,100,,72000,22,0,16,0,100,,72001,22,0,16,0,100,,72002,22,0,16,0,100,,72003,22,0,16,0,100,,72004,22,0,16,0,100,,72005,22,0,16,0,100,,72006,22,0,16,0,100,,72007,22,0,16,0,100,,72008,22,0,16,0,100,,72009,22,0,16,0,100,,72010,22,0,16,0,100,,72011,22,0,16,0,100,,72012,22,0,16,0,100,,72013,22,0,16,0,100,,72014,22,0,16,0
722502,'1394',555,,72015,22,0,16,0,100,,72016,22,0,16,0,100,,72017,22,0,16,0,100,,72018,22,0,16,0,100,,72019,22,0,16,0,100,,72020,22,0,16,0,100,,72021,22,0,16,0,100,,72022,22,0,16,0,100,,72023,22,0,16,0,100,,72024,22,0,16,0,100,,72025,22,0,16,0,100,,72026,22,0,16,0,100,,72027,22,0,16,0,100,,72028,22,0,16,0,100,,72029,22,0,16,0,100,,72030,22,0,16,0,100,,72031,22,0,16,0,100,,72032,22,0,16,0
722502,'1395',555,,72033,22,0,16,0,100,,72034,22,0,16,0,100,,72035,22,0,16,0,100,,72036,22,0,16,0,100,,72037,22,0,16,0,100,,72038,22,0,16,0,100,,72039,22,0,16,0,100,,72040,22,0,16,0,100,,72041,22,0,16,0,100,,72042,22,0,16,0,100,,72043,22,0,16,0,100,,72044,22,0,16,0,100,,72045,22,0,16,0,100,,72046,22,0,16,0,100,,72047,22,0,16,0,100,,72048,22,0,16,0,100,,72049,22,0,16,0,100,,72050,22,0,16,0
722502,'1396',555,,72051,22,0,16,0,100,,72052,22,0,16,0,100,,72053,22,0,16,0,100,,72054,22,0,16,0,100,,72055,22,0,16,0,100,,72056,22,0,16,0,100,,72057,22,0,16,0,100,,72058,22,0,16,0,100,,72059,22,0,16,0,100,,72060,22,0,16,0,100,,72061,22,0,16,0,100,,72062,22,0,16,0,100,,72063,22,0,16,0,100,,72064,22,0,16,0,100,,72065,22,0,16,0,100,,72066,22,0,16,0,100,,72067,22,0,16,0,100,,72068,22,0,16,0
