643503,'1390',958,,69335,39,4,,0,70,,69334,39,4,,0,30,,69333,39,4,,0,70,,69332,39,4,,0,30,,69331,39,4,,0,70,,69330,39,4,,0,30,,69329,39,4,,0,70,,69328,39,4,,0,30,,69327,39,4,,0,70,,69326,39,4,,0,30,,69325,39,4,,0,70,,69324,39,4,,0,30,,69323,39,4,,0,70,,69322,39,4,,0,30,,69321,39,4,,0,70,,69320,39,4,,0,30,,69319,39,4,,0,70,,69318,39,4,,0,30,,69317,39,4,,0,100,,69316,39,4,,0
643503,'1391',758,,69336,39,4,,0,100,,69337,39,4,,0,70,,69338,39,4,,0,30,,69339,39,4,,0,70,,69340,39,4,,0,30,,69341,39,4,,0,70,,69342,39,4,,0,30,,69343,39,4,,0,70,,69344,39,4,,0,30,,69345,39,4,,0,70,,69346,39,4,,0,30,,69347,39,4,,0,70,,69348,39,4,,0,30,,69349,39,4,,0,70,,69350,39,4,,0,30,,69351,39,4,,0,70,,69352,39,4,,0,30,,69353,39,4,,0,70,,69354,39,4,,0,30,,69355,39,4,,0,70,,69356,39,4,,0,30,,69357,39,4,,0,70,,69358,39,4,,0,30,,69359,39,4,,0,100,,69360,39,4,,0,100,,69361,39,4,,0,100,,69362,39,4,,0
643503,'1392',658,,69363,39,4,,0,78,,69364,39,4,,0,20,,69365,39,4,,0,50,,69366,39,4,,0,7,,69367,39,4,,0,15,,69368,39,4,,0,15,,69369,39,4,,0,15,,69370,39,4,,0,58,,69371,39,4,,0,15,,69372,39,4,,0,25,,69373,39,4,,0,60,,69374,39,4,,0,20,,69375,39,4,,0,20,,69376,39,4,,0,60,,69377,39,4,,0,20,,69378,39,4,,0,20,,69379,39,4,,0,60,,69380,39,4,,0,20,,69381,39,4,,0,20,,69382,39,4,,0,60,,69383,39,4,,0,20,,69384,39,4,,0,20,,69385,39,4,,0,60,,69386,39,4,,0,20,,69387,39,4,,0,20,,69388,39,4,,0,50,,69389,39,4,,0,10,,69390,39,4,,0,20,,69391,39,4,,0,10,,69392,39,4,,0,10,,69393,39,4,,0,60,,69394,39,4,,0,10,,69395,39,4,,0,10,,69396,39,4,,0,20,,69397,39,4,,0,60,,69398,39,4,,0,20,,69399,39,4,,0,20,,69400,39,4,,0,60,,69401,39,4,,0,20,,69402,39,4,,0,20,,69403,39,4,,0,60,,69404,39,4,,0,12,,69405,39,4,,0,30,,69406,39,4,,0,70,,69407,39,4,,0,30,,69408,39,4,,0,70,,69409,39,4,,0,30,,69410,39,4,,0,70,,69411,39,4,,0,30,,69412,39,4,,0,70,,69413,39,4,,0,30,,69414,39,4,,0
643503,'1393',658,,69415,39,4,,0,78,,69416,39,4,,0,20,,69417,39,4,,0,50,,69418,39,4,,0,7,,69419,39,4,,0,15,,69420,39,4,,0,15,,69421,39,4,,0,15,,69422,39,4,,0,58,,69423,39,4,,0,15,,69424,39,4,,0,25,,69425,39,4,,0,60,,69426,39,4,,0,20,,69427,39,4,,0,20,,69428,39,4,,0,60,,69429,39,4,,0,20,,69430,39,4,,0,20,,69431,39,4,,0,60,,69432,39,4,,0,20,,69433,39,4,,0,20,,69434,39,4,,0,60,,69435,39,4,,0,20,,69436,39,4,,0,20,,69437,39,4,,0,60,,69438,39,4,,0,20,,69439,39,4,,0,20,,69440,39,4,,0,50,,69441,39,4,,0,10,,69442,39,4,,0,20,,69443,39,4,,0,10,,69444,39,4,,0,10,,69445,39,4,,0,60,,69446,39,4,,0,10,,69447,39,4,,0,10,,69448,39,4,,0,20,,69449,39,4,,0,60,,69450,39,4,,0,20,,69451,39,4,,0,20,,69452,39,4,,0,60,,69453,39,4,,0,20,,69454,39,4,,0,20,,69455,39,4,,0,60,,69456,39,4,,0,12,,69457,39,4,,0,30,,69458,39,4,,0,70,,69459,39,4,,0,30,,69460,39,4,,0,70,,69461,39,4,,0,30,,69462,39,4,,0,70,,69463,39,4,,0,30,,69464,39,4,,0,70,,69465,39,4,,0,30,,69466,39,4,,0
643503,'1394',658,,69467,39,4,,0,78,,69468,39,4,,0,20,,69469,39,4,,0,50,,69470,39,4,,0,7,,69471,39,4,,0,15,,69472,39,4,,0,15,,69473,39,4,,0,15,,69474,39,4,,0,58,,69475,39,4,,0,15,,69476,39,4,,0,25,,69477,39,4,,0,60,,69478,39,4,,0,20,,69479,39,4,,0,20,,69480,39,4,,0,60,,69481,39,4,,0,20,,69482,39,4,,0,20,,69483,39,4,,0,60,,69484,39,4,,0,20,,69485,39,4,,0,20,,69486,39,4,,0,60,,69487,39,4,,0,20,,69488,39,4,,0,20,,69489,39,4,,0,60,,69490,39,4,,0,20,,69491,39,4,,0,20,,69492,39,4,,0,50,,69493,39,4,,0,10,,69494,39,4,,0,20,,69495,39,4,,0,10,,69496,39,4,,0,10,,69497,39,4,,0,60,,69498,39,4,,0,10,,69499,39,4,,0,10,,69500,39,4,,0,20,,69501,39,4,,0,60,,69502,39,4,,0,20,,69503,39,4,,0,20,,69504,39,4,,0,60,,69505,39,4,,0,20,,69506,39,4,,0,20,,69507,39,4,,0,60,,69508,39,4,,0,12,,69509,39,4,,0,30,,69510,39,4,,0,70,,69511,39,4,,0,30,,69512,39,4,,0,70,,69513,39,4,,0,30,,69514,39,4,,0,70,,69515,39,4,,0,30,,69516,39,4,,0,70,,69517,39,4,,0,30,,69518,39,4,,0
643503,'1395',658,,69519,39,4,,0,78,,69520,39,4,,0,20,,69521,39,4,,0,50,,69522,39,4,,0,7,,69523,39,4,,0,15,,69524,39,4,,0,15,,69525,39,4,,0,15,,69526,39,4,,0,58,,69527,39,4,,0,15,,69528,39,4,,0,25,,69529,39,4,,0,60,,69530,39,4,,0,20,,69531,39,4,,0,20,,69532,39,4,,0,60,,69533,39,4,,0,20,,69534,39,4,,0,20,,69535,39,4,,0,60,,69536,39,4,,0,20,,69537,39,4,,0,20,,69538,39,4,,0,60,,69539,39,4,,0,20,,69540,39,4,,0,20,,69541,39,4,,0,60,,69542,39,4,,0,20,,69543,39,4,,0,20,,69544,39,4,,0,50,,69545,39,4,,0,10,,69546,39,4,,0,20,,69547,39,4,,0,10,,69548,39,4,,0,10,,69549,39,4,,0,60,,69550,39,4,,0,10,,69551,39,4,,0,10,,69552,39,4,,0,20,,69553,39,4,,0,60,,69554,39,4,,0,20,,69555,39,4,,0,20,,69556,39,4,,0,60,,69557,39,4,,0,20,,69558,39,4,,0,20,,69559,39,4,,0,60,,69560,39,4,,0,12,,69561,39,4,,0,30,,69562,39,4,,0,70,,69563,39,4,,0,30,,69564,39,4,,0,70,,69565,39,4,,0,30,,69566,39,4,,0,70,,69567,39,4,,0,30,,69568,39,4,,0,70,,69569,39,4,,0,30,,69570,39,4,,0
643503,'1396',658,,69571,39,4,,0,78,,69572,39,4,,0,20,,69573,39,4,,0,50,,69574,39,4,,0,7,,69575,39,4,,0,15,,69576,39,4,,0,15,,69577,39,4,,0,15,,69578,39,4,,0,58,,69579,39,4,,0,15,,69580,39,4,,0,25,,69581,39,4,,0,60,,69582,39,4,,0,20,,69583,39,4,,0,20,,69584,39,4,,0,60,,69585,39,4,,0,20,,69586,39,4,,0,20,,69587,39,4,,0,60,,69588,39,4,,0,20,,69589,39,4,,0,20,,69590,39,4,,0,60,,69591,39,4,,0,20,,69592,39,4,,0,20,,69593,39,4,,0,60,,69594,39,4,,0,20,,69595,39,4,,0,20,,69596,39,4,,0,50,,69597,39,4,,0,10,,69598,39,4,,0,20,,69599,39,4,,0,10,,69600,39,4,,0,10,,69601,39,4,,0,60,,69602,39,4,,0,10,,69603,39,4,,0,10,,69604,39,4,,0,20,,69605,39,4,,0,60,,69606,39,4,,0,20,,69607,39,4,,0,20,,69608,39,4,,0,60,,69609,39,4,,0,20,,69610,39,4,,0,20,,69611,39,4,,0,60,,69612,39,4,,0,12,,69613,39,4,,0,30,,69614,39,4,,0,70,,69615,39,4,,0,30,,69616,39,4,,0,70,,69617,39,4,,0,30,,69618,39,4,,0,70,,69619,39,4,,0,30,,69620,39,4,,0,70,,69621,39,4,,0,30,,69622,39,4,,0
643504,'1390',900,,69642,1,0,14,0,100,,69641,1,0,14,0,30,,69640,1,0,14,0,70,,69639,1,0,14,0,30,,69638,1,0,14,0,70,,69637,1,0,14,0,30,,69636,1,0,14,0,70,,69635,1,0,14,0,30,,69634,1,0,14,0,70,,69633,1,0,14,0,30,,69632,1,0,14,0,70,,69631,1,0,14,0,30,,69630,1,0,14,0,70,,69629,1,0,14,0,30,,69628,1,0,14,0,70,,69627,1,0,14,0,30,,69626,1,0,14,0,70,,69625,1,0,14,0,30,,69624,1,0,14,0,70,,69623,1,0,14,0
643504,'1391',700,,69643,1,0,14,0,100,,69644,1,0,14,0,100,,69645,1,0,14,0,30,,69646,1,0,14,0,70,,69647,1,0,14,0,30,,69648,1,0,14,0,70,,69649,1,0,14,0,30,,69650,1,0,14,0,70,,69651,1,0,14,0,30,,69652,1,0,14,0,70,,69653,1,0,14,0,30,,69654,1,0,14,0,70,,69655,1,0,14,0,30,,69656,1,0,14,0,70,,69657,1,0,14,0,30,,69658,1,0,14,0,70,,69659,1,0,14,0,30,,69660,1,0,14,0,70,,69661,1,0,14,0,30,,69662,1,0,14,0,70,,69663,1,0,14,0,30,,69664,1,0,14,0,70,,69665,1,0,14,0,30,,69666,1,0,14,0,70,,69667,1,0,14,0,100,,69668,1,0,14,0,100,,69669,1,0,14,0
643504,'1392',600,,69670,1,0,14,0,30,,69671,1,0,14,0,20,,69672,1,0,14,0,50,,69673,1,0,14,0,15,,69674,1,0,14,0,15,,69675,1,0,14,0,15,,69676,1,0,14,0,55,,69677,1,0,14,0,15,,69678,1,0,14,0,15,,69679,1,0,14,0,15,,69680,1,0,14,0,55,,69681,1,0,14,0,20,,69682,1,0,14,0,20,,69683,1,0,14,0,60,,69684,1,0,14,0,20,,69685,1,0,14,0,20,,69686,1,0,14,0,60,,69687,1,0,14,0,20,,69688,1,0,14,0,20,,69689,1,0,14,0,60,,69690,1,0,14,0,20,,69691,1,0,14,0,20,,69692,1,0,14,0,60,,69693,1,0,14,0,20,,69694,1,0,14,0,20,,69695,1,0,14,0,60,,69696,1,0,14,0,20,,69697,1,0,14,0,10,,69698,1,0,14,0,10,,69699,1,0,14,0,60,,69700,1,0,14,0,10,,69701,1,0,14,0,10,,69702,1,0,14,0,20,,69703,1,0,14,0,10,,69704,1,0,14,0,50,,69705,1,0,14,0,20,,69706,1,0,14,0,20,,69707,1,0,14,0,60,,69708,1,0,14,0,20,,69709,1,0,14,0,20,,69710,1,0,14,0,60,,69711,1,0,14,0,20,,69712,1,0,14,0,20,,69713,1,0,14,0,60,,69714,1,0,14,0,30,,69715,1,0,14,0,70,,69716,1,0,14,0,30,,69717,1,0,14,0,70,,69718,1,0,14,0,30,,69719,1,0,14,0,70,,69720,1,0,14,0,30,,69721,1,0,14,0,70,,69722,1,0,14,0
643504,'1393',600,,69723,1,0,14,0,30,,69724,1,0,14,0,20,,69725,1,0,14,0,50,,69726,1,0,14,0,15,,69727,1,0,14,0,15,,69728,1,0,14,0,15,,69729,1,0,14,0,55,,69730,1,0,14,0,15,,69731,1,0,14,0,15,,69732,1,0,14,0,15,,69733,1,0,14,0,55,,69734,1,0,14,0,20,,69735,1,0,14,0,20,,69736,1,0,14,0,60,,69737,1,0,14,0,20,,69738,1,0,14,0,20,,69739,1,0,14,0,60,,69740,1,0,14,0,20,,69741,1,0,14,0,20,,69742,1,0,14,0,60,,69743,1,0,14,0,20,,69744,1,0,14,0,20,,69745,1,0,14,0,60,,69746,1,0,14,0,20,,69747,1,0,14,0,20,,69748,1,0,14,0,60,,69749,1,0,14,0,20,,69750,1,0,14,0,10,,69751,1,0,14,0,10,,69752,1,0,14,0,60,,69753,1,0,14,0,10,,69754,1,0,14,0,10,,69755,1,0,14,0,20,,69756,1,0,14,0,10,,69757,1,0,14,0,50,,69758,1,0,14,0,20,,69759,1,0,14,0,20,,69760,1,0,14,0,60,,69761,1,0,14,0,20,,69762,1,0,14,0,20,,69763,1,0,14,0,60,,69764,1,0,14,0,20,,69765,1,0,14,0,20,,69766,1,0,14,0,60,,69767,1,0,14,0,30,,69768,1,0,14,0,70,,69769,1,0,14,0,30,,69770,1,0,14,0,70,,69771,1,0,14,0,30,,69772,1,0,14,0,70,,69773,1,0,14,0,30,,69774,1,0,14,0,70,,69775,1,0,14,0
643504,'1394',600,,69776,1,0,14,0,30,,69777,1,0,14,0,20,,69778,1,0,14,0,50,,69779,1,0,14,0,15,,69780,1,0,14,0,15,,69781,1,0,14,0,15,,69782,1,0,14,0,55,,69783,1,0,14,0,15,,69784,1,0,14,0,15,,69785,1,0,14,0,15,,69786,1,0,14,0,55,,69787,1,0,14,0,20,,69788,1,0,14,0,20,,69789,1,0,14,0,60,,69790,1,0,14,0,20,,69791,1,0,14,0,20,,69792,1,0,14,0,60,,69793,1,0,14,0,20,,69794,1,0,14,0,20,,69795,1,0,14,0,60,,69796,1,0,14,0,20,,69797,1,0,14,0,20,,69798,1,0,14,0,60,,69799,1,0,14,0,20,,69800,1,0,14,0,20,,69801,1,0,14,0,60,,69802,1,0,14,0,20,,69803,1,0,14,0,10,,69804,1,0,14,0,10,,69805,1,0,14,0,60,,69806,1,0,14,0,10,,69807,1,0,14,0,10,,69808,1,0,14,0,20,,69809,1,0,14,0,10,,69810,1,0,14,0,50,,69811,1,0,14,0,20,,69812,1,0,14,0,20,,69813,1,0,14,0,60,,69814,1,0,14,0,20,,69815,1,0,14,0,20,,69816,1,0,14,0,60,,69817,1,0,14,0,20,,69818,1,0,14,0,20,,69819,1,0,14,0,60,,69820,1,0,14,0,30,,69821,1,0,14,0,70,,69822,1,0,14,0,30,,69823,1,0,14,0,70,,69824,1,0,14,0,30,,69825,1,0,14,0,70,,69826,1,0,14,0,30,,69827,1,0,14,0,70,,69828,1,0,14,0
643504,'1395',600,,69829,1,0,14,0,30,,69830,1,0,14,0,20,,69831,1,0,14,0,50,,69832,1,0,14,0,15,,69833,1,0,14,0,15,,69834,1,0,14,0,15,,69835,1,0,14,0,55,,69836,1,0,14,0,15,,69837,1,0,14,0,15,,69838,1,0,14,0,15,,69839,1,0,14,0,55,,69840,1,0,14,0,20,,69841,1,0,14,0,20,,69842,1,0,14,0,60,,69843,1,0,14,0,20,,69844,1,0,14,0,20,,69845,1,0,14,0,60,,69846,1,0,14,0,20,,69847,1,0,14,0,20,,69848,1,0,14,0,60,,69849,1,0,14,0,20,,69850,1,0,14,0,20,,69851,1,0,14,0,60,,69852,1,0,14,0,20,,69853,1,0,14,0,20,,69854,1,0,14,0,60,,69855,1,0,14,0,20,,69856,1,0,14,0,10,,69857,1,0,14,0,10,,69858,1,0,14,0,60,,69859,1,0,14,0,10,,69860,1,0,14,0,10,,69861,1,0,14,0,20,,69862,1,0,14,0,10,,69863,1,0,14,0,50,,69864,1,0,14,0,20,,69865,1,0,14,0,20,,69866,1,0,14,0,60,,69867,1,0,14,0,20,,69868,1,0,14,0,20,,69869,1,0,14,0,60,,69870,1,0,14,0,20,,69871,1,0,14,0,20,,69872,1,0,14,0,60,,69873,1,0,14,0,30,,69874,1,0,14,0,70,,69875,1,0,14,0,30,,69876,1,0,14,0,70,,69877,1,0,14,0,30,,69878,1,0,14,0,70,,69879,1,0,14,0,30,,69880,1,0,14,0,70,,69881,1,0,14,0
643504,'1396',600,,69882,1,0,14,0,30,,69883,1,0,14,0,20,,69884,1,0,14,0,50,,69885,1,0,14,0,15,,69886,1,0,14,0,15,,69887,1,0,14,0,15,,69888,1,0,14,0,55,,69889,1,0,14,0,15,,69890,1,0,14,0,15,,69891,1,0,14,0,15,,69892,1,0,14,0,55,,69893,1,0,14,0,20,,69894,1,0,14,0,20,,69895,1,0,14,0,60,,69896,1,0,14,0,20,,69897,1,0,14,0,20,,69898,1,0,14,0,60,,69899,1,0,14,0,20,,69900,1,0,14,0,20,,69901,1,0,14,0,60,,69902,1,0,14,0,20,,69903,1,0,14,0,20,,69904,1,0,14,0,60,,69905,1,0,14,0,20,,69906,1,0,14,0,20,,69907,1,0,14,0,60,,69908,1,0,14,0,20,,69909,1,0,14,0,10,,69910,1,0,14,0,10,,69911,1,0,14,0,60,,69912,1,0,14,0,10,,69913,1,0,14,0,10,,69914,1,0,14,0,20,,69915,1,0,14,0,10,,69916,1,0,14,0,50,,69917,1,0,14,0,20,,69918,1,0,14,0,20,,69919,1,0,14,0,60,,69920,1,0,14,0,20,,69921,1,0,14,0,20,,69922,1,0,14,0,60,,69923,1,0,14,0,20,,69924,1,0,14,0,20,,69925,1,0,14,0,60,,69926,1,0,14,0,30,,69927,1,0,14,0,70,,69928,1,0,14,0,30,,69929,1,0,14,0,70,,69930,1,0,14,0,30,,69931,1,0,14,0,70,,69932,1,0,14,0,30,,69933,1,0,14,0,70,,69934,1,0,14,0
