1800,'1390',701,,66470,2,,,0,100,,66469,2,,,0,100,,66468,2,,,0,40,,66467,2,,,0,80,,66466,2,,,0,85,,66465,2,,,0,40,,66464,2,,,0,80,,66463,2,,,0,80,,66462,2,,,0,40,,66461,2,,,0,80,,66460,2,,,0,80,,66459,2,,,0,40,,66458,2,,,0,80,,66457,2,,,0,80,,66456,2,,,0,40,,66455,2,,,0,80,,66454,2,,,0,80,,66453,2,,,0
1800,'1391',523,,66471,2,,,0,85,,66472,2,,,0,30,,66473,2,,,0,70,,66474,2,,,0,30,,66475,2,,,0,70,,66476,2,,,0,30,,66477,2,,,0,70,,66478,2,,,0,30,,66479,2,,,0,70,,66480,2,,,0,20,,66481,2,,,0,20,,66482,2,,,0,60,,66483,2,,,0,20,,66484,2,,,0,20,,66485,2,,,0,60,,66486,2,,,0,20,,66487,2,,,0,20,,66488,2,,,0,60,,66489,2,,,0,20,,66490,2,,,0,20,,66491,2,,,0,60,,66492,2,,,0,20,,66493,2,,,0,20,,66494,2,,,0,60,,66495,2,,,0,20,,66496,2,,,0,20,,66497,2,,,0,60,,66498,2,,,0,20,,66499,2,,,0,20,,66500,2,,,0,60,,66501,2,,,0,20,,66502,2,,,0,20,,66503,2,,,0,60,,66504,2,,,0,30,,66505,2,,,0,70,,66506,2,,,0,30,,66507,2,,,0,70,,66508,2,,,0,30,,66509,2,,,0,70,,66510,2,,,0,30,,66511,2,,,0,70,,66512,2,,,0,30,,66513,2,,,0,70,,66514,2,,,0,30,,66515,2,,,0,70,,66516,2,,,0,30,,66517,2,,,0
1800,'1392',522,,66554,2,,,0,35,,66555,2,,,0,54,,66518,2,,,0,15,,66519,2,,,0,15,,66520,2,,,0,15,,66521,2,,,0,55,,66522,2,,,0,10,,66523,2,,,0,10,,66524,2,,,0,10,,66525,2,,,0,10,,66526,2,,,0,50,,66527,2,,,0,10,,66528,2,,,0,10,,66556,2,,,0,15,,66557,2,,,0,15,,66558,2,,,0,55,,66559,2,,,0,15,,66560,2,,,0,15,,66561,2,,,0,15,,66562,2,,,0,53,,66563,2,,,0,15,,66564,2,,,0,15,,66565,2,,,0,15,,66566,2,,,0,55,,66567,2,,,0,15,,66568,2,,,0,15,,66569,2,,,0,15,,66570,2,,,0,55,,66571,2,,,0,15,,66572,2,,,0,15,,66573,2,,,0,15,,66574,2,,,0,59,,66529,2,,,0,20,,66530,2,,,0,15,,66531,2,,,0,15,,66532,2,,,0,55,,66533,2,,,0,10,,66534,2,,,0,10,,66535,2,,,0,10,,66536,2,,,0,10,,66537,2,,,0,50,,66538,2,,,0,10,,66539,2,,,0,10,,66540,2,,,0,10,,66541,2,,,0,10,,66542,2,,,0,10,,66543,2,,,0,50,,66544,2,,,0,10,,66545,2,,,0,10,,66546,2,,,0,10,,66547,2,,,0,10,,66548,2,,,0,10,,66549,2,,,0,50,,66550,2,,,0,10,,66551,2,,,0,15,,66552,2,,,0,15,,66553,2,,,0,62,,66575,2,,,0,30,,66576,2,,,0,70,,66577,2,,,0,30,,66578,2,,,0,70,,66579,2,,,0,30,,66580,2,,,0,70,,66581,2,,,0,30,,66582,2,,,0,70,,66583,2,,,0,30,,66584,2,,,0,70,,66585,2,,,0,30,,66586,2,,,0,70,,66587,2,,,0,30,,66588,2,,,0
1800,'1393',522,,66625,2,,,0,35,,66626,2,,,0,54,,66589,2,,,0,15,,66590,2,,,0,15,,66591,2,,,0,15,,66592,2,,,0,55,,66593,2,,,0,10,,66594,2,,,0,10,,66595,2,,,0,10,,66596,2,,,0,10,,66597,2,,,0,50,,66598,2,,,0,10,,66599,2,,,0,10,,66627,2,,,0,15,,66628,2,,,0,15,,66629,2,,,0,55,,66630,2,,,0,15,,66631,2,,,0,15,,66632,2,,,0,15,,66633,2,,,0,53,,66634,2,,,0,15,,66635,2,,,0,15,,66636,2,,,0,15,,66637,2,,,0,55,,66638,2,,,0,15,,66639,2,,,0,15,,66640,2,,,0,15,,66641,2,,,0,55,,66642,2,,,0,15,,66643,2,,,0,15,,66644,2,,,0,15,,66645,2,,,0,59,,66600,2,,,0,20,,66601,2,,,0,15,,66602,2,,,0,15,,66603,2,,,0,55,,66604,2,,,0,10,,66605,2,,,0,10,,66606,2,,,0,10,,66607,2,,,0,10,,66608,2,,,0,50,,66609,2,,,0,10,,66610,2,,,0,10,,66611,2,,,0,10,,66612,2,,,0,10,,66613,2,,,0,10,,66614,2,,,0,50,,66615,2,,,0,10,,66616,2,,,0,10,,66617,2,,,0,10,,66618,2,,,0,10,,66619,2,,,0,10,,66620,2,,,0,50,,66621,2,,,0,10,,66622,2,,,0,15,,66623,2,,,0,15,,66624,2,,,0,62,,66646,2,,,0,30,,66647,2,,,0,70,,66648,2,,,0,30,,66649,2,,,0,70,,66650,2,,,0,30,,66651,2,,,0,70,,66652,2,,,0,30,,66653,2,,,0,70,,66654,2,,,0,30,,66655,2,,,0,70,,66656,2,,,0,30,,66657,2,,,0,70,,66658,2,,,0,30,,66659,2,,,0
1800,'1394',522,,66696,2,,,0,35,,66697,2,,,0,54,,66660,2,,,0,15,,66661,2,,,0,15,,66662,2,,,0,15,,66663,2,,,0,55,,66664,2,,,0,10,,66665,2,,,0,10,,66666,2,,,0,10,,66667,2,,,0,10,,66668,2,,,0,50,,66669,2,,,0,10,,66670,2,,,0,10,,66698,2,,,0,15,,66699,2,,,0,15,,66700,2,,,0,55,,66701,2,,,0,15,,66702,2,,,0,15,,66703,2,,,0,15,,66704,2,,,0,53,,66705,2,,,0,15,,66706,2,,,0,15,,66707,2,,,0,15,,66708,2,,,0,55,,66709,2,,,0,15,,66710,2,,,0,15,,66711,2,,,0,15,,66712,2,,,0,55,,66713,2,,,0,15,,66714,2,,,0,15,,66715,2,,,0,15,,66716,2,,,0,59,,66671,2,,,0,20,,66672,2,,,0,15,,66673,2,,,0,15,,66674,2,,,0,55,,66675,2,,,0,10,,66676,2,,,0,10,,66677,2,,,0,10,,66678,2,,,0,10,,66679,2,,,0,50,,66680,2,,,0,10,,66681,2,,,0,10,,66682,2,,,0,10,,66683,2,,,0,10,,66684,2,,,0,10,,66685,2,,,0,50,,66686,2,,,0,10,,66687,2,,,0,10,,66688,2,,,0,10,,66689,2,,,0,10,,66690,2,,,0,10,,66691,2,,,0,50,,66692,2,,,0,10,,66693,2,,,0,15,,66694,2,,,0,15,,66695,2,,,0,62,,66717,2,,,0,30,,66718,2,,,0,70,,66719,2,,,0,30,,66720,2,,,0,70,,66721,2,,,0,30,,66722,2,,,0,70,,66723,2,,,0,30,,66724,2,,,0,70,,66725,2,,,0,30,,66726,2,,,0,70,,66727,2,,,0,30,,66728,2,,,0,70,,66729,2,,,0,30,,66730,2,,,0
1800,'1395',522,,66767,2,,,0,35,,66768,2,,,0,54,,66731,2,,,0,15,,66732,2,,,0,15,,66733,2,,,0,15,,66734,2,,,0,55,,66735,2,,,0,10,,66736,2,,,0,10,,66737,2,,,0,10,,66738,2,,,0,10,,66739,2,,,0,50,,66740,2,,,0,10,,66741,2,,,0,10,,66769,2,,,0,15,,66770,2,,,0,15,,66771,2,,,0,55,,66772,2,,,0,15,,66773,2,,,0,15,,66774,2,,,0,15,,66775,2,,,0,53,,66776,2,,,0,15,,66777,2,,,0,15,,66778,2,,,0,15,,66779,2,,,0,55,,66780,2,,,0,15,,66781,2,,,0,15,,66782,2,,,0,15,,66783,2,,,0,55,,66784,2,,,0,15,,66785,2,,,0,15,,66786,2,,,0,15,,66787,2,,,0,59,,66742,2,,,0,20,,66743,2,,,0,15,,66744,2,,,0,15,,66745,2,,,0,55,,66746,2,,,0,10,,66747,2,,,0,10,,66748,2,,,0,10,,66749,2,,,0,10,,66750,2,,,0,50,,66751,2,,,0,10,,66752,2,,,0,10,,66753,2,,,0,10,,66754,2,,,0,10,,66755,2,,,0,10,,66756,2,,,0,50,,66757,2,,,0,10,,66758,2,,,0,10,,66759,2,,,0,10,,66760,2,,,0,10,,66761,2,,,0,10,,66762,2,,,0,50,,66763,2,,,0,10,,66764,2,,,0,15,,66765,2,,,0,15,,66766,2,,,0,62,,66788,2,,,0,30,,66789,2,,,0,70,,66790,2,,,0,30,,66791,2,,,0,70,,66792,2,,,0,30,,66793,2,,,0,70,,66794,2,,,0,30,,66795,2,,,0,70,,66796,2,,,0,30,,66797,2,,,0,70,,66798,2,,,0,30,,66799,2,,,0,70,,66800,2,,,0,30,,66801,2,,,0
1800,'1396',522,,66838,2,,,0,35,,66839,2,,,0,54,,66802,2,,,0,15,,66803,2,,,0,15,,66804,2,,,0,15,,66805,2,,,0,55,,66806,2,,,0,10,,66807,2,,,0,10,,66808,2,,,0,10,,66809,2,,,0,10,,66810,2,,,0,50,,66811,2,,,0,10,,66812,2,,,0,10,,66840,2,,,0,15,,66841,2,,,0,15,,66842,2,,,0,55,,66843,2,,,0,15,,66844,2,,,0,15,,66845,2,,,0,15,,66846,2,,,0,53,,66847,2,,,0,15,,66848,2,,,0,15,,66849,2,,,0,15,,66850,2,,,0,55,,66851,2,,,0,15,,66852,2,,,0,15,,66853,2,,,0,15,,66854,2,,,0,55,,66855,2,,,0,15,,66856,2,,,0,15,,66857,2,,,0,15,,66858,2,,,0,59,,66813,2,,,0,20,,66814,2,,,0,15,,66815,2,,,0,15,,66816,2,,,0,55,,66817,2,,,0,10,,66818,2,,,0,10,,66819,2,,,0,10,,66820,2,,,0,10,,66821,2,,,0,50,,66822,2,,,0,10,,66823,2,,,0,10,,66824,2,,,0,10,,66825,2,,,0,10,,66826,2,,,0,10,,66827,2,,,0,50,,66828,2,,,0,10,,66829,2,,,0,10,,66830,2,,,0,10,,66831,2,,,0,10,,66832,2,,,0,10,,66833,2,,,0,50,,66834,2,,,0,10,,66835,2,,,0,15,,66836,2,,,0,15,,66837,2,,,0,62,,66859,2,,,0,30,,66860,2,,,0,70,,66861,2,,,0,30,,66862,2,,,0,70,,66863,2,,,0,30,,66864,2,,,0,70,,66865,2,,,0,30,,66866,2,,,0,70,,66867,2,,,0,30,,66868,2,,,0,70,,66869,2,,,0,30,,66870,2,,,0,70,,66871,2,,,0,30,,66872,2,,,0
2800,'1391',732,,68281,2,,,0,110,,68282,2,,,0,110,,68283,2,,,0,150,,68284,2,,,0,110,,68285,2,,,0,110,,68286,2,,,0,110,,68287,2,,,0,110,,68288,2,,,0,110,,68289,2,,,0,150,,68290,2,,,0,110,,68291,2,,,0
2800,'1392',632,,68297,2,,,0,75,,68298,2,,,0,35,,68299,2,,,0,75,,68300,2,,,0,35,,68301,2,,,0,75,,68302,2,,,0,75,,68303,2,,,0,35,,68304,2,,,0,75,,68305,2,,,0,35,,68306,2,,,0,75,,68307,2,,,0,35,,68308,2,,,0,75,,68309,2,,,0,75,,68310,2,,,0,35,,68311,2,,,0,75,,68312,2,,,0,35,,68313,2,,,0,75,,68314,2,,,0,75,,68292,2,,,0,35,,68293,2,,,0,75,,68294,2,,,0,35,,68295,2,,,0,75,,68296,2,,,0
2800,'1393',632,,68320,2,,,0,75,,68321,2,,,0,35,,68322,2,,,0,75,,68323,2,,,0,35,,68324,2,,,0,75,,68325,2,,,0,75,,68326,2,,,0,35,,68327,2,,,0,75,,68328,2,,,0,35,,68329,2,,,0,75,,68330,2,,,0,35,,68331,2,,,0,75,,68332,2,,,0,75,,68333,2,,,0,35,,68334,2,,,0,75,,68335,2,,,0,35,,68336,2,,,0,75,,68337,2,,,0,75,,68315,2,,,0,35,,68316,2,,,0,75,,68317,2,,,0,35,,68318,2,,,0,75,,68319,2,,,0
2800,'1394',632,,68343,2,,,0,75,,68344,2,,,0,35,,68345,2,,,0,75,,68346,2,,,0,35,,68347,2,,,0,75,,68348,2,,,0,75,,68349,2,,,0,35,,68350,2,,,0,75,,68351,2,,,0,35,,68352,2,,,0,75,,68353,2,,,0,35,,68354,2,,,0,75,,68355,2,,,0,75,,68356,2,,,0,35,,68357,2,,,0,75,,68358,2,,,0,35,,68359,2,,,0,75,,68360,2,,,0,75,,68338,2,,,0,35,,68339,2,,,0,75,,68340,2,,,0,35,,68341,2,,,0,75,,68342,2,,,0
2800,'1395',632,,68366,2,,,0,75,,68367,2,,,0,35,,68368,2,,,0,75,,68369,2,,,0,35,,68370,2,,,0,75,,68371,2,,,0,75,,68372,2,,,0,35,,68373,2,,,0,75,,68374,2,,,0,35,,68375,2,,,0,75,,68376,2,,,0,35,,68377,2,,,0,75,,68378,2,,,0,75,,68379,2,,,0,35,,68380,2,,,0,75,,68381,2,,,0,35,,68382,2,,,0,75,,68383,2,,,0,75,,68361,2,,,0,35,,68362,2,,,0,75,,68363,2,,,0,35,,68364,2,,,0,75,,68365,2,,,0
2800,'1396',632,,68389,2,,,0,75,,68390,2,,,0,35,,68391,2,,,0,75,,68392,2,,,0,35,,68393,2,,,0,75,,68394,2,,,0,75,,68395,2,,,0,35,,68396,2,,,0,75,,68397,2,,,0,35,,68398,2,,,0,75,,68399,2,,,0,35,,68400,2,,,0,75,,68401,2,,,0,75,,68402,2,,,0,35,,68403,2,,,0,75,,68404,2,,,0,35,,68405,2,,,0,75,,68406,2,,,0,75,,68384,2,,,0,35,,68385,2,,,0,75,,68386,2,,,0,35,,68387,2,,,0,75,,68388,2,,,0
