1601,'1390',1015,,65186,6,,,0,30,,65185,6,,,0,85,,65184,6,,,0,70,,65183,6,,,0,30,,65182,6,,,0,70,,65181,6,,,0,30,,65180,6,,,0,70,,65179,6,,,0,30,,65178,6,,,0,70,,65177,6,,,0,30,,65176,6,,,0,70,,65175,6,,,0,30,,65174,6,,,0,70,,65173,6,,,0,30,,65172,6,,,0,15,,65187,6,,,0,55,,65171,6,,,0,30,,65170,6,,,0,70,,65169,6,,,0,30,,65168,6,,,0
1601,'1391',657,,65188,6,,,0,70,,65189,6,,,0,30,,65190,6,,,0,70,,65191,6,,,0,30,,65192,6,,,0,70,,65193,6,,,0,30,,65194,6,,,0,70,,65195,6,,,0,20,,65196,6,,,0,60,,65197,6,,,0,20,,65198,6,,,0,20,,65199,6,,,0,60,,65200,6,,,0,20,,65201,6,,,0,20,,65202,6,,,0,60,,65203,6,,,0,20,,65204,6,,,0,20,,65205,6,,,0,60,,65206,6,,,0,20,,65207,6,,,0,20,,65208,6,,,0,60,,65209,6,,,0,20,,65210,6,,,0,20,,65211,6,,,0,60,,65212,6,,,0,20,,65213,6,,,0,20,,65214,6,,,0,60,,65215,6,,,0,20,,65216,6,,,0,20,,65217,6,,,0,60,,65218,6,,,0,22,,65219,6,,,0,30,,65220,6,,,0,70,,65221,6,,,0,30,,65222,6,,,0,70,,65223,6,,,0,30,,65224,6,,,0,70,,65225,6,,,0,100,,65226,6,,,0
1601,'1392',608,,65227,6,,,0,37,,65228,6,,,0,70,,65229,6,,,0,20,,65230,6,,,0,20,,65231,6,,,0,60,,65232,6,,,0,20,,65233,6,,,0,20,,65234,6,,,0,60,,65235,6,,,0,20,,65236,6,,,0,20,,65237,6,,,0,60,,65238,6,,,0,20,,65239,6,,,0,20,,65240,6,,,0,60,,65241,6,,,0,20,,65242,6,,,0,20,,65243,6,,,0,60,,65244,6,,,0,20,,65245,6,,,0,20,,65246,6,,,0,60,,65247,6,,,0,20,,65248,6,,,0,20,,65249,6,,,0,60,,65250,6,,,0,20,,65251,6,,,0,20,,65252,6,,,0,60,,65253,6,,,0,20,,65254,6,,,0,20,,65255,6,,,0,60,,65256,6,,,0,20,,65257,6,,,0,20,,65258,6,,,0,60,,65259,6,,,0,20,,65260,6,,,0,20,,65261,6,,,0,60,,65262,6,,,0,15,,65263,6,,,0,70,,65264,6,,,0,30,,65265,6,,,0,70,,65266,6,,,0,30,,65267,6,,,0,70,,65268,6,,,0,30,,65269,6,,,0,100,,65270,6,,,0,100,,65271,6,,,0
1601,'1393',608,,65272,6,,,0,37,,65273,6,,,0,70,,65274,6,,,0,20,,65275,6,,,0,20,,65276,6,,,0,60,,65277,6,,,0,20,,65278,6,,,0,20,,65279,6,,,0,60,,65280,6,,,0,20,,65281,6,,,0,20,,65282,6,,,0,60,,65283,6,,,0,20,,65284,6,,,0,20,,65285,6,,,0,60,,65286,6,,,0,20,,65287,6,,,0,20,,65288,6,,,0,60,,65289,6,,,0,20,,65290,6,,,0,20,,65291,6,,,0,60,,65292,6,,,0,20,,65293,6,,,0,20,,65294,6,,,0,60,,65295,6,,,0,20,,65296,6,,,0,20,,65297,6,,,0,60,,65298,6,,,0,20,,65299,6,,,0,20,,65300,6,,,0,60,,65301,6,,,0,20,,65302,6,,,0,20,,65303,6,,,0,60,,65304,6,,,0,20,,65305,6,,,0,20,,65306,6,,,0,60,,65307,6,,,0,15,,65308,6,,,0,70,,65309,6,,,0,30,,65310,6,,,0,70,,65311,6,,,0,30,,65312,6,,,0,70,,65313,6,,,0,30,,65314,6,,,0,100,,65315,6,,,0,100,,65316,6,,,0
1601,'1394',608,,65317,6,,,0,37,,65318,6,,,0,70,,65319,6,,,0,20,,65320,6,,,0,20,,65321,6,,,0,60,,65322,6,,,0,20,,65323,6,,,0,20,,65324,6,,,0,60,,65325,6,,,0,20,,65326,6,,,0,20,,65327,6,,,0,60,,65328,6,,,0,20,,65329,6,,,0,20,,65330,6,,,0,60,,65331,6,,,0,20,,65332,6,,,0,20,,65333,6,,,0,60,,65334,6,,,0,20,,65335,6,,,0,20,,65336,6,,,0,60,,65337,6,,,0,20,,65338,6,,,0,20,,65339,6,,,0,60,,65340,6,,,0,20,,65341,6,,,0,20,,65342,6,,,0,60,,65343,6,,,0,20,,65344,6,,,0,20,,65345,6,,,0,60,,65346,6,,,0,20,,65347,6,,,0,20,,65348,6,,,0,60,,65349,6,,,0,20,,65350,6,,,0,20,,65351,6,,,0,60,,65352,6,,,0,15,,65353,6,,,0,70,,65354,6,,,0,30,,65355,6,,,0,70,,65356,6,,,0,30,,65357,6,,,0,70,,65358,6,,,0,30,,65359,6,,,0,100,,65360,6,,,0,100,,65361,6,,,0
1601,'1395',608,,65362,6,,,0,37,,65363,6,,,0,70,,65364,6,,,0,20,,65365,6,,,0,20,,65366,6,,,0,60,,65367,6,,,0,20,,65368,6,,,0,20,,65369,6,,,0,60,,65370,6,,,0,20,,65371,6,,,0,20,,65372,6,,,0,60,,65373,6,,,0,20,,65374,6,,,0,20,,65375,6,,,0,60,,65376,6,,,0,20,,65377,6,,,0,20,,65378,6,,,0,60,,65379,6,,,0,20,,65380,6,,,0,20,,65381,6,,,0,60,,65382,6,,,0,20,,65383,6,,,0,20,,65384,6,,,0,60,,65385,6,,,0,20,,65386,6,,,0,20,,65387,6,,,0,60,,65388,6,,,0,20,,65389,6,,,0,20,,65390,6,,,0,60,,65391,6,,,0,20,,65392,6,,,0,20,,65393,6,,,0,60,,65394,6,,,0,20,,65395,6,,,0,20,,65396,6,,,0,60,,65397,6,,,0,15,,65398,6,,,0,70,,65399,6,,,0,30,,65400,6,,,0,70,,65401,6,,,0,30,,65402,6,,,0,70,,65403,6,,,0,30,,65404,6,,,0,100,,65405,6,,,0,100,,65406,6,,,0
1601,'1396',608,,65407,6,,,0,37,,65408,6,,,0,70,,65409,6,,,0,20,,65410,6,,,0,20,,65411,6,,,0,60,,65412,6,,,0,20,,65413,6,,,0,20,,65414,6,,,0,60,,65415,6,,,0,20,,65416,6,,,0,20,,65417,6,,,0,60,,65418,6,,,0,20,,65419,6,,,0,20,,65420,6,,,0,60,,65421,6,,,0,20,,65422,6,,,0,20,,65423,6,,,0,60,,65424,6,,,0,20,,65425,6,,,0,20,,65426,6,,,0,60,,65427,6,,,0,20,,65428,6,,,0,20,,65429,6,,,0,60,,65430,6,,,0,20,,65431,6,,,0,20,,65432,6,,,0,60,,65433,6,,,0,20,,65434,6,,,0,20,,65435,6,,,0,60,,65436,6,,,0,20,,65437,6,,,0,20,,65438,6,,,0,60,,65439,6,,,0,20,,65440,6,,,0,20,,65441,6,,,0,60,,65442,6,,,0,15,,65443,6,,,0,70,,65444,6,,,0,30,,65445,6,,,0,70,,65446,6,,,0,30,,65447,6,,,0,70,,65448,6,,,0,30,,65449,6,,,0,100,,65450,6,,,0,100,,65451,6,,,0
1701,'1390',721,,65970,32,,,0,100,,65969,32,,,0,100,,65968,32,,,0,104,,65967,32,,,0,80,,65966,32,,,0,40,,65965,32,,,0,80,,65964,32,,,0,80,,65963,32,,,0,40,,65962,32,,,0,80,,65961,32,,,0,80,,65960,32,,,0,40,,65959,32,,,0,80,,65958,32,,,0,80,,65957,32,,,0,40,,65956,32,,,0,80,,65955,32,,,0,80,,65954,32,,,0,40,,65953,32,,,0
1701,'1391',555,,65996,32,,,0,70,,65997,32,,,0,30,,65998,32,,,0,70,,65999,32,,,0,30,,66000,32,,,0,70,,66001,32,,,0,30,,66002,32,,,0,70,,65971,32,,,0,30,,65972,32,,,0,70,,65973,32,,,0,20,,65974,32,,,0,60,,65975,32,,,0,20,,65976,32,,,0,20,,65977,32,,,0,60,,65978,32,,,0,20,,65979,32,,,0,20,,65980,32,,,0,60,,65981,32,,,0,20,,65982,32,,,0,20,,65983,32,,,0,60,,65984,32,,,0,20,,65985,32,,,0,20,,65986,32,,,0,60,,65987,32,,,0,20,,65988,32,,,0,20,,65989,32,,,0,60,,65990,32,,,0,20,,65991,32,,,0,20,,65992,32,,,0,60,,65993,32,,,0,20,,66003,32,,,0,20,,65994,32,,,0,60,,65995,32,,,0,20,,66004,32,,,0,30,,66005,32,,,0,70,,66006,32,,,0,30,,66007,32,,,0,70,,66008,32,,,0,30,,66009,32,,,0,70,,66010,32,,,0,30,,66011,32,,,0,70,,66012,32,,,0,30,,66013,32,,,0,70,,66014,32,,,0,30,,66015,32,,,0,70,,66016,32,,,0,30,,66017,32,,,0
1701,'1392',554,,66018,32,,,0,70,,66019,32,,,0,15,,66020,32,,,0,15,,66021,32,,,0,55,,66022,32,,,0,15,,66023,32,,,0,10,,66024,32,,,0,10,,66025,32,,,0,10,,66026,32,,,0,50,,66027,32,,,0,10,,66028,32,,,0,10,,66029,32,,,0,10,,66030,32,,,0,10,,66031,32,,,0,10,,66032,32,,,0,50,,66033,32,,,0,10,,66034,32,,,0,10,,66035,32,,,0,10,,66036,32,,,0,10,,66037,32,,,0,10,,66038,32,,,0,50,,66039,32,,,0,10,,66040,32,,,0,10,,66041,32,,,0,10,,66042,32,,,0,10,,66043,32,,,0,10,,66044,32,,,0,50,,66045,32,,,0,10,,66046,32,,,0,10,,66047,32,,,0,10,,66048,32,,,0,10,,66049,32,,,0,10,,66050,32,,,0,50,,66051,32,,,0,10,,66052,32,,,0,10,,66053,32,,,0,10,,66054,32,,,0,10,,66055,32,,,0,10,,66056,32,,,0,50,,66057,32,,,0,10,,66058,32,,,0,10,,66059,32,,,0,10,,66060,32,,,0,10,,66061,32,,,0,10,,66062,32,,,0,50,,66063,32,,,0,10,,66064,32,,,0,10,,66065,32,,,0,10,,66066,32,,,0,10,,66067,32,,,0,10,,66068,32,,,0,50,,66069,32,,,0,10,,66070,32,,,0,10,,66071,32,,,0,10,,66072,32,,,0,10,,66073,32,,,0,10,,66074,32,,,0,50,,66075,32,,,0,10,,66076,32,,,0,10,,66077,32,,,0,10,,66078,32,,,0,10,,66079,32,,,0,10,,66080,32,,,0,50,,66081,32,,,0,10,,66082,32,,,0,10,,66083,32,,,0,10,,66084,32,,,0,10,,66085,32,,,0,10,,66086,32,,,0,50,,66087,32,,,0,10,,66088,32,,,0,10,,66089,32,,,0,15,,66090,32,,,0,15,,66091,32,,,0,55,,66092,32,,,0,15,,66093,32,,,0,30,,66094,32,,,0,70,,66095,32,,,0,30,,66096,32,,,0,70,,66097,32,,,0,30,,66098,32,,,0,70,,66099,32,,,0,30,,66100,32,,,0,70,,66101,32,,,0,30,,66102,32,,,0,70,,66103,32,,,0,30,,66104,32,,,0
1701,'1393',554,,66105,32,,,0,70,,66106,32,,,0,15,,66107,32,,,0,15,,66108,32,,,0,55,,66109,32,,,0,15,,66110,32,,,0,10,,66111,32,,,0,10,,66112,32,,,0,10,,66113,32,,,0,50,,66114,32,,,0,10,,66115,32,,,0,10,,66116,32,,,0,10,,66117,32,,,0,10,,66118,32,,,0,10,,66119,32,,,0,50,,66120,32,,,0,10,,66121,32,,,0,10,,66122,32,,,0,10,,66123,32,,,0,10,,66124,32,,,0,10,,66125,32,,,0,50,,66126,32,,,0,10,,66127,32,,,0,10,,66128,32,,,0,10,,66129,32,,,0,10,,66130,32,,,0,10,,66131,32,,,0,50,,66132,32,,,0,10,,66133,32,,,0,10,,66134,32,,,0,10,,66135,32,,,0,10,,66136,32,,,0,10,,66137,32,,,0,50,,66138,32,,,0,10,,66139,32,,,0,10,,66140,32,,,0,10,,66141,32,,,0,10,,66142,32,,,0,10,,66143,32,,,0,50,,66144,32,,,0,10,,66145,32,,,0,10,,66146,32,,,0,10,,66147,32,,,0,10,,66148,32,,,0,10,,66149,32,,,0,50,,66150,32,,,0,10,,66151,32,,,0,10,,66152,32,,,0,10,,66153,32,,,0,10,,66154,32,,,0,10,,66155,32,,,0,50,,66156,32,,,0,10,,66157,32,,,0,10,,66158,32,,,0,10,,66159,32,,,0,10,,66160,32,,,0,10,,66161,32,,,0,50,,66162,32,,,0,10,,66163,32,,,0,10,,66164,32,,,0,10,,66165,32,,,0,10,,66166,32,,,0,10,,66167,32,,,0,50,,66168,32,,,0,10,,66169,32,,,0,10,,66170,32,,,0,10,,66171,32,,,0,10,,66172,32,,,0,10,,66173,32,,,0,50,,66174,32,,,0,10,,66175,32,,,0,10,,66176,32,,,0,15,,66177,32,,,0,15,,66178,32,,,0,55,,66179,32,,,0,15,,66180,32,,,0,30,,66181,32,,,0,70,,66182,32,,,0,30,,66183,32,,,0,70,,66184,32,,,0,30,,66185,32,,,0,70,,66186,32,,,0,30,,66187,32,,,0,70,,66188,32,,,0,30,,66189,32,,,0,70,,66190,32,,,0,30,,66191,32,,,0
1701,'1394',554,,66192,32,,,0,70,,66193,32,,,0,15,,66194,32,,,0,15,,66195,32,,,0,55,,66196,32,,,0,15,,66197,32,,,0,10,,66198,32,,,0,10,,66199,32,,,0,10,,66200,32,,,0,50,,66201,32,,,0,10,,66202,32,,,0,10,,66203,32,,,0,10,,66204,32,,,0,10,,66205,32,,,0,10,,66206,32,,,0,50,,66207,32,,,0,10,,66208,32,,,0,10,,66209,32,,,0,10,,66210,32,,,0,10,,66211,32,,,0,10,,66212,32,,,0,50,,66213,32,,,0,10,,66214,32,,,0,10,,66215,32,,,0,10,,66216,32,,,0,10,,66217,32,,,0,10,,66218,32,,,0,50,,66219,32,,,0,10,,66220,32,,,0,10,,66221,32,,,0,10,,66222,32,,,0,10,,66223,32,,,0,10,,66224,32,,,0,50,,66225,32,,,0,10,,66226,32,,,0,10,,66227,32,,,0,10,,66228,32,,,0,10,,66229,32,,,0,10,,66230,32,,,0,50,,66231,32,,,0,10,,66232,32,,,0,10,,66233,32,,,0,10,,66234,32,,,0,10,,66235,32,,,0,10,,66236,32,,,0,50,,66237,32,,,0,10,,66238,32,,,0,10,,66239,32,,,0,10,,66240,32,,,0,10,,66241,32,,,0,10,,66242,32,,,0,50,,66243,32,,,0,10,,66244,32,,,0,10,,66245,32,,,0,10,,66246,32,,,0,10,,66247,32,,,0,10,,66248,32,,,0,50,,66249,32,,,0,10,,66250,32,,,0,10,,66251,32,,,0,10,,66252,32,,,0,10,,66253,32,,,0,10,,66254,32,,,0,50,,66255,32,,,0,10,,66256,32,,,0,10,,66257,32,,,0,10,,66258,32,,,0,10,,66259,32,,,0,10,,66260,32,,,0,50,,66261,32,,,0,10,,66262,32,,,0,10,,66263,32,,,0,15,,66264,32,,,0,15,,66265,32,,,0,55,,66266,32,,,0,15,,66267,32,,,0,30,,66268,32,,,0,70,,66269,32,,,0,30,,66270,32,,,0,70,,66271,32,,,0,30,,66272,32,,,0,70,,66273,32,,,0,30,,66274,32,,,0,70,,66275,32,,,0,30,,66276,32,,,0,70,,66277,32,,,0,30,,66278,32,,,0
1701,'1395',554,,66279,32,,,0,70,,66280,32,,,0,15,,66281,32,,,0,15,,66282,32,,,0,55,,66283,32,,,0,15,,66284,32,,,0,10,,66285,32,,,0,10,,66286,32,,,0,10,,66287,32,,,0,50,,66288,32,,,0,10,,66289,32,,,0,10,,66290,32,,,0,10,,66291,32,,,0,10,,66292,32,,,0,10,,66293,32,,,0,50,,66294,32,,,0,10,,66295,32,,,0,10,,66296,32,,,0,10,,66297,32,,,0,10,,66298,32,,,0,10,,66299,32,,,0,50,,66300,32,,,0,10,,66301,32,,,0,10,,66302,32,,,0,10,,66303,32,,,0,10,,66304,32,,,0,10,,66305,32,,,0,50,,66306,32,,,0,10,,66307,32,,,0,10,,66308,32,,,0,10,,66309,32,,,0,10,,66310,32,,,0,10,,66311,32,,,0,50,,66312,32,,,0,10,,66313,32,,,0,10,,66314,32,,,0,10,,66315,32,,,0,10,,66316,32,,,0,10,,66317,32,,,0,50,,66318,32,,,0,10,,66319,32,,,0,10,,66320,32,,,0,10,,66321,32,,,0,10,,66322,32,,,0,10,,66323,32,,,0,50,,66324,32,,,0,10,,66325,32,,,0,10,,66326,32,,,0,10,,66327,32,,,0,10,,66328,32,,,0,10,,66329,32,,,0,50,,66330,32,,,0,10,,66331,32,,,0,10,,66332,32,,,0,10,,66333,32,,,0,10,,66334,32,,,0,10,,66335,32,,,0,50,,66336,32,,,0,10,,66337,32,,,0,10,,66338,32,,,0,10,,66339,32,,,0,10,,66340,32,,,0,10,,66341,32,,,0,50,,66342,32,,,0,10,,66343,32,,,0,10,,66344,32,,,0,10,,66345,32,,,0,10,,66346,32,,,0,10,,66347,32,,,0,50,,66348,32,,,0,10,,66349,32,,,0,10,,66350,32,,,0,15,,66351,32,,,0,15,,66352,32,,,0,55,,66353,32,,,0,15,,66354,32,,,0,30,,66355,32,,,0,70,,66356,32,,,0,30,,66357,32,,,0,70,,66358,32,,,0,30,,66359,32,,,0,70,,66360,32,,,0,30,,66361,32,,,0,70,,66362,32,,,0,30,,66363,32,,,0,70,,66364,32,,,0,30,,66365,32,,,0
1701,'1396',554,,66366,32,,,0,70,,66367,32,,,0,15,,66368,32,,,0,15,,66369,32,,,0,55,,66370,32,,,0,15,,66371,32,,,0,10,,66372,32,,,0,10,,66373,32,,,0,10,,66374,32,,,0,50,,66375,32,,,0,10,,66376,32,,,0,10,,66377,32,,,0,10,,66378,32,,,0,10,,66379,32,,,0,10,,66380,32,,,0,50,,66381,32,,,0,10,,66382,32,,,0,10,,66383,32,,,0,10,,66384,32,,,0,10,,66385,32,,,0,10,,66386,32,,,0,50,,66387,32,,,0,10,,66388,32,,,0,10,,66389,32,,,0,10,,66390,32,,,0,10,,66391,32,,,0,10,,66392,32,,,0,50,,66393,32,,,0,10,,66394,32,,,0,10,,66395,32,,,0,10,,66396,32,,,0,10,,66397,32,,,0,10,,66398,32,,,0,50,,66399,32,,,0,10,,66400,32,,,0,10,,66401,32,,,0,10,,66402,32,,,0,10,,66403,32,,,0,10,,66404,32,,,0,50,,66405,32,,,0,10,,66406,32,,,0,10,,66407,32,,,0,10,,66408,32,,,0,10,,66409,32,,,0,10,,66410,32,,,0,50,,66411,32,,,0,10,,66412,32,,,0,10,,66413,32,,,0,10,,66414,32,,,0,10,,66415,32,,,0,10,,66416,32,,,0,50,,66417,32,,,0,10,,66418,32,,,0,10,,66419,32,,,0,10,,66420,32,,,0,10,,66421,32,,,0,10,,66422,32,,,0,50,,66423,32,,,0,10,,66424,32,,,0,10,,66425,32,,,0,10,,66426,32,,,0,10,,66427,32,,,0,10,,66428,32,,,0,50,,66429,32,,,0,10,,66430,32,,,0,10,,66431,32,,,0,10,,66432,32,,,0,10,,66433,32,,,0,10,,66434,32,,,0,50,,66435,32,,,0,10,,66436,32,,,0,10,,66437,32,,,0,15,,66438,32,,,0,15,,66439,32,,,0,55,,66440,32,,,0,15,,66441,32,,,0,30,,66442,32,,,0,70,,66443,32,,,0,30,,66444,32,,,0,70,,66445,32,,,0,30,,66446,32,,,0,70,,66447,32,,,0,30,,66448,32,,,0,70,,66449,32,,,0,30,,66450,32,,,0,70,,66451,32,,,0,30,,66452,32,,,0
2001,'1390',908,,68015,6,,,0,45,,68014,6,,,0,85,,68013,6,,,0,85,,68012,6,,,0,85,,68011,6,,,0,45,,68010,6,,,0,85,,68009,6,,,0,85,,68008,6,,,0,85,,68007,6,,,0,45,,68006,6,,,0,85,,68005,6,,,0,85,,68004,6,,,0,85,,68003,6,,,0,45,,68002,6,,,0,85,,68001,6,,,0
2001,'1391',608,,68033,6,,,0,45,,68034,6,,,0,85,,68035,6,,,0,85,,68036,6,,,0,84,,68016,6,,,0,30,,68017,6,,,0,70,,68018,6,,,0,30,,68019,6,,,0,80,,68020,6,,,0,30,,68021,6,,,0,70,,68022,6,,,0,30,,68023,6,,,0,80,,68024,6,,,0,30,,68025,6,,,0,70,,68026,6,,,0,30,,68027,6,,,0,80,,68028,6,,,0,70,,68029,6,,,0,30,,68030,6,,,0,70,,68031,6,,,0,40,,68032,6,,,0,71,,68037,6,,,0,85,,68038,6,,,0,45,,68039,6,,,0,85,,68040,6,,,0,85,,68041,6,,,0,85,,68042,6,,,0,45,,68043,6,,,0,85,,68044,6,,,0,85,,68045,6,,,0
2001,'1392',548,,68046,6,,,0,60,,68047,6,,,0,20,,68048,6,,,0,20,,68049,6,,,0,60,,68050,6,,,0,20,,68051,6,,,0,20,,68052,6,,,0,60,,68053,6,,,0,20,,68054,6,,,0,20,,68055,6,,,0,60,,68056,6,,,0,20,,68057,6,,,0,20,,68058,6,,,0,60,,68059,6,,,0,20,,68060,6,,,0,20,,68061,6,,,0,60,,68062,6,,,0,20,,68063,6,,,0,20,,68064,6,,,0,60,,68065,6,,,0,20,,68066,6,,,0,20,,68067,6,,,0,60,,68068,6,,,0,20,,68069,6,,,0,20,,68070,6,,,0,60,,68071,6,,,0,20,,68072,6,,,0,20,,68073,6,,,0,60,,68074,6,,,0,20,,68075,6,,,0,20,,68076,6,,,0,60,,68077,6,,,0,20,,68078,6,,,0,20,,68079,6,,,0,60,,68080,6,,,0,20,,68081,6,,,0,20,,68082,6,,,0,60,,68083,6,,,0,45,,68084,6,,,0,85,,68085,6,,,0,85,,68086,6,,,0,85,,68087,6,,,0,45,,68088,6,,,0,85,,68089,6,,,0,85,,68090,6,,,0,85,,68091,6,,,0,45,,68092,6,,,0
2001,'1393',548,,68093,6,,,0,60,,68094,6,,,0,20,,68095,6,,,0,20,,68096,6,,,0,60,,68097,6,,,0,20,,68098,6,,,0,20,,68099,6,,,0,60,,68100,6,,,0,20,,68101,6,,,0,20,,68102,6,,,0,60,,68103,6,,,0,20,,68104,6,,,0,20,,68105,6,,,0,60,,68106,6,,,0,20,,68107,6,,,0,20,,68108,6,,,0,60,,68109,6,,,0,20,,68110,6,,,0,20,,68111,6,,,0,60,,68112,6,,,0,20,,68113,6,,,0,20,,68114,6,,,0,60,,68115,6,,,0,20,,68116,6,,,0,20,,68117,6,,,0,60,,68118,6,,,0,20,,68119,6,,,0,20,,68120,6,,,0,60,,68121,6,,,0,20,,68122,6,,,0,20,,68123,6,,,0,60,,68124,6,,,0,20,,68125,6,,,0,20,,68126,6,,,0,60,,68127,6,,,0,20,,68128,6,,,0,20,,68129,6,,,0,60,,68130,6,,,0,45,,68131,6,,,0,85,,68132,6,,,0,85,,68133,6,,,0,85,,68134,6,,,0,45,,68135,6,,,0,85,,68136,6,,,0,85,,68137,6,,,0,85,,68138,6,,,0,45,,68139,6,,,0
2001,'1394',548,,68140,6,,,0,60,,68141,6,,,0,20,,68142,6,,,0,20,,68143,6,,,0,60,,68144,6,,,0,20,,68145,6,,,0,20,,68146,6,,,0,60,,68147,6,,,0,20,,68148,6,,,0,20,,68149,6,,,0,60,,68150,6,,,0,20,,68151,6,,,0,20,,68152,6,,,0,60,,68153,6,,,0,20,,68154,6,,,0,20,,68155,6,,,0,60,,68156,6,,,0,20,,68157,6,,,0,20,,68158,6,,,0,60,,68159,6,,,0,20,,68160,6,,,0,20,,68161,6,,,0,60,,68162,6,,,0,20,,68163,6,,,0,20,,68164,6,,,0,60,,68165,6,,,0,20,,68166,6,,,0,20,,68167,6,,,0,60,,68168,6,,,0,20,,68169,6,,,0,20,,68170,6,,,0,60,,68171,6,,,0,20,,68172,6,,,0,20,,68173,6,,,0,60,,68174,6,,,0,20,,68175,6,,,0,20,,68176,6,,,0,60,,68177,6,,,0,45,,68178,6,,,0,85,,68179,6,,,0,85,,68180,6,,,0,85,,68181,6,,,0,45,,68182,6,,,0,85,,68183,6,,,0,85,,68184,6,,,0,85,,68185,6,,,0,45,,68186,6,,,0
2001,'1395',548,,68187,6,,,0,60,,68188,6,,,0,20,,68189,6,,,0,20,,68190,6,,,0,60,,68191,6,,,0,20,,68192,6,,,0,20,,68193,6,,,0,60,,68194,6,,,0,20,,68195,6,,,0,20,,68196,6,,,0,60,,68197,6,,,0,20,,68198,6,,,0,20,,68199,6,,,0,60,,68200,6,,,0,20,,68201,6,,,0,20,,68202,6,,,0,60,,68203,6,,,0,20,,68204,6,,,0,20,,68205,6,,,0,60,,68206,6,,,0,20,,68207,6,,,0,20,,68208,6,,,0,60,,68209,6,,,0,20,,68210,6,,,0,20,,68211,6,,,0,60,,68212,6,,,0,20,,68213,6,,,0,20,,68214,6,,,0,60,,68215,6,,,0,20,,68216,6,,,0,20,,68217,6,,,0,60,,68218,6,,,0,20,,68219,6,,,0,20,,68220,6,,,0,60,,68221,6,,,0,20,,68222,6,,,0,20,,68223,6,,,0,60,,68224,6,,,0,45,,68225,6,,,0,85,,68226,6,,,0,85,,68227,6,,,0,85,,68228,6,,,0,45,,68229,6,,,0,85,,68230,6,,,0,85,,68231,6,,,0,85,,68232,6,,,0,45,,68233,6,,,0
2001,'1396',548,,68234,6,,,0,60,,68235,6,,,0,20,,68236,6,,,0,20,,68237,6,,,0,60,,68238,6,,,0,20,,68239,6,,,0,20,,68240,6,,,0,60,,68241,6,,,0,20,,68242,6,,,0,20,,68243,6,,,0,60,,68244,6,,,0,20,,68245,6,,,0,20,,68246,6,,,0,60,,68247,6,,,0,20,,68248,6,,,0,20,,68249,6,,,0,60,,68250,6,,,0,20,,68251,6,,,0,20,,68252,6,,,0,60,,68253,6,,,0,20,,68254,6,,,0,20,,68255,6,,,0,60,,68256,6,,,0,20,,68257,6,,,0,20,,68258,6,,,0,60,,68259,6,,,0,20,,68260,6,,,0,20,,68261,6,,,0,60,,68262,6,,,0,20,,68263,6,,,0,20,,68264,6,,,0,60,,68265,6,,,0,20,,68266,6,,,0,20,,68267,6,,,0,60,,68268,6,,,0,20,,68269,6,,,0,20,,68270,6,,,0,60,,68271,6,,,0,45,,68272,6,,,0,85,,68273,6,,,0,85,,68274,6,,,0,85,,68275,6,,,0,45,,68276,6,,,0,85,,68277,6,,,0,85,,68278,6,,,0,85,,68279,6,,,0,45,,68280,6,,,0
