721303,'1390',842,,70801,9,0,15,0,80,,70800,9,0,15,0,80,,70799,9,0,15,0,40,,70798,9,0,15,0,80,,70797,9,0,15,0,80,,70796,9,0,15,0,40,,70795,9,0,15,0,80,,70794,9,0,15,0,80,,70793,9,0,15,0,40,,70792,9,0,15,0,80,,70791,9,0,15,0,80,,70790,9,0,15,0,40,,70789,9,0,15,0,80,,70788,9,0,15,0,80,,70787,9,0,15,0,40,,70786,9,0,15,0,80,,70785,9,0,15,0,80,,70784,9,0,15,0
721303,'1391',642,,70802,9,0,15,0,80,,70803,9,0,15,0,80,,70804,9,0,15,0,40,,70805,9,0,15,0,80,,70806,9,0,15,0,80,,70807,9,0,15,0,40,,70808,9,0,15,0,80,,70809,9,0,15,0,80,,70810,9,0,15,0,20,,70811,9,0,15,0,20,,70812,9,0,15,0,60,,70813,9,0,15,0,20,,70814,9,0,15,0,20,,70815,9,0,15,0,60,,70816,9,0,15,0,20,,70817,9,0,15,0,20,,70818,9,0,15,0,60,,70819,9,0,15,0,20,,70820,9,0,15,0,20,,70821,9,0,15,0,60,,70822,9,0,15,0,20,,70823,9,0,15,0,20,,70824,9,0,15,0,60,,70825,9,0,15,0,20,,70826,9,0,15,0,20,,70827,9,0,15,0,60,,70828,9,0,15,0,20,,70829,9,0,15,0,20,,70830,9,0,15,0,80,,70831,9,0,15,0,80,,70832,9,0,15,0,40,,70833,9,0,15,0,80,,70834,9,0,15,0,80,,70835,9,0,15,0,40,,70836,9,0,15,0,80,,70837,9,0,15,0
721303,'1392',617,,70838,9,0,15,0,85,,70839,9,0,15,0,20,,70840,9,0,15,0,25,,70841,9,0,15,0,60,,70842,9,0,15,0,25,,70843,9,0,15,0,20,,70844,9,0,15,0,65,,70845,9,0,15,0,20,,70846,9,0,15,0,65,,70847,9,0,15,0,20,,70848,9,0,15,0,25,,70849,9,0,15,0,60,,70850,9,0,15,0,25,,70851,9,0,15,0,20,,70852,9,0,15,0,65,,70853,9,0,15,0,20,,70854,9,0,15,0,65,,70855,9,0,15,0,20,,70856,9,0,15,0,25,,70857,9,0,15,0,60,,70858,9,0,15,0,25,,70859,9,0,15,0,20,,70860,9,0,15,0,65,,70861,9,0,15,0,20,,70862,9,0,15,0,65,,70863,9,0,15,0,20,,70864,9,0,15,0,25,,70865,9,0,15,0,60,,70866,9,0,15,0,25,,70867,9,0,15,0,20,,70868,9,0,15,0,65,,70869,9,0,15,0,20,,70870,9,0,15,0,69,,70871,9,0,15,0,36,,70872,9,0,15,0,80,,70873,9,0,15,0,80,,70874,9,0,15,0,40,,70875,9,0,15,0,80,,70876,9,0,15,0,80,,70877,9,0,15,0,40,,70878,9,0,15,0
721303,'1393',617,,70879,9,0,15,0,85,,70880,9,0,15,0,20,,70881,9,0,15,0,25,,70882,9,0,15,0,60,,70883,9,0,15,0,25,,70884,9,0,15,0,20,,70885,9,0,15,0,65,,70886,9,0,15,0,20,,70887,9,0,15,0,65,,70888,9,0,15,0,20,,70889,9,0,15,0,25,,70890,9,0,15,0,60,,70891,9,0,15,0,25,,70892,9,0,15,0,20,,70893,9,0,15,0,65,,70894,9,0,15,0,20,,70895,9,0,15,0,65,,70896,9,0,15,0,20,,70897,9,0,15,0,25,,70898,9,0,15,0,60,,70899,9,0,15,0,25,,70900,9,0,15,0,20,,70901,9,0,15,0,65,,70902,9,0,15,0,20,,70903,9,0,15,0,65,,70904,9,0,15,0,20,,70905,9,0,15,0,25,,70906,9,0,15,0,60,,70907,9,0,15,0,25,,70908,9,0,15,0,20,,70909,9,0,15,0,65,,70910,9,0,15,0,20,,70911,9,0,15,0,69,,70912,9,0,15,0,36,,70913,9,0,15,0,80,,70914,9,0,15,0,80,,70915,9,0,15,0,40,,70916,9,0,15,0,80,,70917,9,0,15,0,80,,70918,9,0,15,0,40,,70919,9,0,15,0
721303,'1394',617,,70920,9,0,15,0,85,,70921,9,0,15,0,20,,70922,9,0,15,0,25,,70923,9,0,15,0,60,,70924,9,0,15,0,25,,70925,9,0,15,0,20,,70926,9,0,15,0,65,,70927,9,0,15,0,20,,70928,9,0,15,0,65,,70929,9,0,15,0,20,,70930,9,0,15,0,25,,70931,9,0,15,0,60,,70932,9,0,15,0,25,,70933,9,0,15,0,20,,70934,9,0,15,0,65,,70935,9,0,15,0,20,,70936,9,0,15,0,65,,70937,9,0,15,0,20,,70938,9,0,15,0,25,,70939,9,0,15,0,60,,70940,9,0,15,0,25,,70941,9,0,15,0,20,,70942,9,0,15,0,65,,70943,9,0,15,0,20,,70944,9,0,15,0,65,,70945,9,0,15,0,20,,70946,9,0,15,0,25,,70947,9,0,15,0,60,,70948,9,0,15,0,25,,70949,9,0,15,0,20,,70950,9,0,15,0,65,,70951,9,0,15,0,20,,70952,9,0,15,0,69,,70953,9,0,15,0,36,,70954,9,0,15,0,80,,70955,9,0,15,0,80,,70956,9,0,15,0,40,,70957,9,0,15,0,80,,70958,9,0,15,0,80,,70959,9,0,15,0,40,,70960,9,0,15,0
721303,'1395',617,,70961,9,0,15,0,85,,70962,9,0,15,0,20,,70963,9,0,15,0,25,,70964,9,0,15,0,60,,70965,9,0,15,0,25,,70966,9,0,15,0,20,,70967,9,0,15,0,65,,70968,9,0,15,0,20,,70969,9,0,15,0,65,,70970,9,0,15,0,20,,70971,9,0,15,0,25,,70972,9,0,15,0,60,,70973,9,0,15,0,25,,70974,9,0,15,0,20,,70975,9,0,15,0,65,,70976,9,0,15,0,20,,70977,9,0,15,0,65,,70978,9,0,15,0,20,,70979,9,0,15,0,25,,70980,9,0,15,0,60,,70981,9,0,15,0,25,,70982,9,0,15,0,20,,70983,9,0,15,0,65,,70984,9,0,15,0,20,,70985,9,0,15,0,65,,70986,9,0,15,0,20,,70987,9,0,15,0,25,,70988,9,0,15,0,60,,70989,9,0,15,0,25,,70990,9,0,15,0,20,,70991,9,0,15,0,65,,70992,9,0,15,0,20,,70993,9,0,15,0,69,,70994,9,0,15,0,36,,70995,9,0,15,0,80,,70996,9,0,15,0,80,,70997,9,0,15,0,40,,70998,9,0,15,0,80,,70999,9,0,15,0,80,,71000,9,0,15,0,40,,71001,9,0,15,0
721303,'1396',617,,71002,9,0,15,0,85,,71003,9,0,15,0,20,,71004,9,0,15,0,25,,71005,9,0,15,0,60,,71006,9,0,15,0,25,,71007,9,0,15,0,20,,71008,9,0,15,0,65,,71009,9,0,15,0,20,,71010,9,0,15,0,65,,71011,9,0,15,0,20,,71012,9,0,15,0,25,,71013,9,0,15,0,60,,71014,9,0,15,0,25,,71015,9,0,15,0,20,,71016,9,0,15,0,65,,71017,9,0,15,0,20,,71018,9,0,15,0,65,,71019,9,0,15,0,20,,71020,9,0,15,0,25,,71021,9,0,15,0,60,,71022,9,0,15,0,25,,71023,9,0,15,0,20,,71024,9,0,15,0,65,,71025,9,0,15,0,20,,71026,9,0,15,0,65,,71027,9,0,15,0,20,,71028,9,0,15,0,25,,71029,9,0,15,0,60,,71030,9,0,15,0,25,,71031,9,0,15,0,20,,71032,9,0,15,0,65,,71033,9,0,15,0,20,,71034,9,0,15,0,69,,71035,9,0,15,0,36,,71036,9,0,15,0,80,,71037,9,0,15,0,80,,71038,9,0,15,0,40,,71039,9,0,15,0,80,,71040,9,0,15,0,80,,71041,9,0,15,0,40,,71042,9,0,15,0
721502,'1392',724,,71744,7,0,16,0
721502,'1393',724,,71773,7,0,16,0
721502,'1394',724,,71802,7,0,16,0
721502,'1395',724,,71831,7,0,16,0
721502,'1396',724,,71860,7,0,16,0
