1601,'1390',1007,,65186,2,,,0,30,,65185,2,,,0,85,,65184,2,,,0,30,,65183,2,,,0,70,,65182,2,,,0,30,,65181,2,,,0,70,,65180,2,,,0,30,,65179,2,,,0,70,,65178,2,,,0,30,,65177,2,,,0,70,,65176,2,,,0,30,,65175,2,,,0,70,,65174,2,,,0,30,,65173,2,,,0,70,,65172,2,,,0,18,,65187,2,,,0,12,,65171,2,,,0,70,,65170,2,,,0,30,,65169,2,,,0,70,,65168,2,,,0
1601,'1391',652,,65188,2,,,0,70,,65189,2,,,0,30,,65190,2,,,0,70,,65191,2,,,0,30,,65192,2,,,0,70,,65193,2,,,0,30,,65194,2,,,0,70,,65195,2,,,0,20,,65196,2,,,0,60,,65197,2,,,0,20,,65198,2,,,0,20,,65199,2,,,0,60,,65200,2,,,0,20,,65201,2,,,0,20,,65202,2,,,0,60,,65203,2,,,0,20,,65204,2,,,0,20,,65205,2,,,0,60,,65206,2,,,0,20,,65207,2,,,0,20,,65208,2,,,0,60,,65209,2,,,0,20,,65210,2,,,0,20,,65211,2,,,0,60,,65212,2,,,0,20,,65213,2,,,0,20,,65214,2,,,0,60,,65215,2,,,0,20,,65216,2,,,0,20,,65217,2,,,0,60,,65218,2,,,0,22,,65219,2,,,0,30,,65220,2,,,0,70,,65221,2,,,0,30,,65222,2,,,0,70,,65223,2,,,0,30,,65224,2,,,0,70,,65225,2,,,0,100,,65226,2,,,0
1601,'1392',602,,65227,2,,,0,37,,65228,2,,,0,70,,65229,2,,,0,20,,65230,2,,,0,20,,65231,2,,,0,60,,65232,2,,,0,20,,65233,2,,,0,20,,65234,2,,,0,60,,65235,2,,,0,20,,65236,2,,,0,20,,65237,2,,,0,60,,65238,2,,,0,20,,65239,2,,,0,20,,65240,2,,,0,60,,65241,2,,,0,20,,65242,2,,,0,20,,65243,2,,,0,60,,65244,2,,,0,20,,65245,2,,,0,20,,65246,2,,,0,60,,65247,2,,,0,20,,65248,2,,,0,20,,65249,2,,,0,60,,65250,2,,,0,20,,65251,2,,,0,20,,65252,2,,,0,60,,65253,2,,,0,20,,65254,2,,,0,20,,65255,2,,,0,60,,65256,2,,,0,20,,65257,2,,,0,20,,65258,2,,,0,60,,65259,2,,,0,20,,65260,2,,,0,20,,65261,2,,,0,60,,65262,2,,,0,15,,65263,2,,,0,30,,65264,2,,,0,70,,65265,2,,,0,30,,65266,2,,,0,70,,65267,2,,,0,30,,65268,2,,,0,70,,65269,2,,,0,100,,65270,2,,,0,100,,65271,2,,,0
1601,'1393',602,,65272,2,,,0,37,,65273,2,,,0,70,,65274,2,,,0,20,,65275,2,,,0,20,,65276,2,,,0,60,,65277,2,,,0,20,,65278,2,,,0,20,,65279,2,,,0,60,,65280,2,,,0,20,,65281,2,,,0,20,,65282,2,,,0,60,,65283,2,,,0,20,,65284,2,,,0,20,,65285,2,,,0,60,,65286,2,,,0,20,,65287,2,,,0,20,,65288,2,,,0,60,,65289,2,,,0,20,,65290,2,,,0,20,,65291,2,,,0,60,,65292,2,,,0,20,,65293,2,,,0,20,,65294,2,,,0,60,,65295,2,,,0,20,,65296,2,,,0,20,,65297,2,,,0,60,,65298,2,,,0,20,,65299,2,,,0,20,,65300,2,,,0,60,,65301,2,,,0,20,,65302,2,,,0,20,,65303,2,,,0,60,,65304,2,,,0,20,,65305,2,,,0,20,,65306,2,,,0,60,,65307,2,,,0,15,,65308,2,,,0,30,,65309,2,,,0,70,,65310,2,,,0,30,,65311,2,,,0,70,,65312,2,,,0,30,,65313,2,,,0,70,,65314,2,,,0,100,,65315,2,,,0,100,,65316,2,,,0
1601,'1394',602,,65317,2,,,0,37,,65318,2,,,0,70,,65319,2,,,0,20,,65320,2,,,0,20,,65321,2,,,0,60,,65322,2,,,0,20,,65323,2,,,0,20,,65324,2,,,0,60,,65325,2,,,0,20,,65326,2,,,0,20,,65327,2,,,0,60,,65328,2,,,0,20,,65329,2,,,0,20,,65330,2,,,0,60,,65331,2,,,0,20,,65332,2,,,0,20,,65333,2,,,0,60,,65334,2,,,0,20,,65335,2,,,0,20,,65336,2,,,0,60,,65337,2,,,0,20,,65338,2,,,0,20,,65339,2,,,0,60,,65340,2,,,0,20,,65341,2,,,0,20,,65342,2,,,0,60,,65343,2,,,0,20,,65344,2,,,0,20,,65345,2,,,0,60,,65346,2,,,0,20,,65347,2,,,0,20,,65348,2,,,0,60,,65349,2,,,0,20,,65350,2,,,0,20,,65351,2,,,0,60,,65352,2,,,0,15,,65353,2,,,0,30,,65354,2,,,0,70,,65355,2,,,0,30,,65356,2,,,0,70,,65357,2,,,0,30,,65358,2,,,0,70,,65359,2,,,0,100,,65360,2,,,0,100,,65361,2,,,0
1601,'1395',602,,65362,2,,,0,37,,65363,2,,,0,70,,65364,2,,,0,20,,65365,2,,,0,20,,65366,2,,,0,60,,65367,2,,,0,20,,65368,2,,,0,20,,65369,2,,,0,60,,65370,2,,,0,20,,65371,2,,,0,20,,65372,2,,,0,60,,65373,2,,,0,20,,65374,2,,,0,20,,65375,2,,,0,60,,65376,2,,,0,20,,65377,2,,,0,20,,65378,2,,,0,60,,65379,2,,,0,20,,65380,2,,,0,20,,65381,2,,,0,60,,65382,2,,,0,20,,65383,2,,,0,20,,65384,2,,,0,60,,65385,2,,,0,20,,65386,2,,,0,20,,65387,2,,,0,60,,65388,2,,,0,20,,65389,2,,,0,20,,65390,2,,,0,60,,65391,2,,,0,20,,65392,2,,,0,20,,65393,2,,,0,60,,65394,2,,,0,20,,65395,2,,,0,20,,65396,2,,,0,60,,65397,2,,,0,15,,65398,2,,,0,30,,65399,2,,,0,70,,65400,2,,,0,30,,65401,2,,,0,70,,65402,2,,,0,30,,65403,2,,,0,70,,65404,2,,,0,100,,65405,2,,,0,100,,65406,2,,,0
1601,'1396',602,,65407,2,,,0,37,,65408,2,,,0,70,,65409,2,,,0,20,,65410,2,,,0,20,,65411,2,,,0,60,,65412,2,,,0,20,,65413,2,,,0,20,,65414,2,,,0,60,,65415,2,,,0,20,,65416,2,,,0,20,,65417,2,,,0,60,,65418,2,,,0,20,,65419,2,,,0,20,,65420,2,,,0,60,,65421,2,,,0,20,,65422,2,,,0,20,,65423,2,,,0,60,,65424,2,,,0,20,,65425,2,,,0,20,,65426,2,,,0,60,,65427,2,,,0,20,,65428,2,,,0,20,,65429,2,,,0,60,,65430,2,,,0,20,,65431,2,,,0,20,,65432,2,,,0,60,,65433,2,,,0,20,,65434,2,,,0,20,,65435,2,,,0,60,,65436,2,,,0,20,,65437,2,,,0,20,,65438,2,,,0,60,,65439,2,,,0,20,,65440,2,,,0,20,,65441,2,,,0,60,,65442,2,,,0,15,,65443,2,,,0,30,,65444,2,,,0,70,,65445,2,,,0,30,,65446,2,,,0,70,,65447,2,,,0,30,,65448,2,,,0,70,,65449,2,,,0,100,,65450,2,,,0,100,,65451,2,,,0
1701,'1390',716,,65970,28,,,0,100,,65969,28,,,0,100,,65968,28,,,0,104,,65967,28,,,0,80,,65966,28,,,0,40,,65965,28,,,0,80,,65964,28,,,0,80,,65963,28,,,0,40,,65962,28,,,0,80,,65961,28,,,0,80,,65960,28,,,0,40,,65959,28,,,0,80,,65958,28,,,0,80,,65957,28,,,0,40,,65956,28,,,0,80,,65955,28,,,0,80,,65954,28,,,0,40,,65953,28,,,0
1701,'1391',550,,65996,28,,,0,70,,65997,28,,,0,30,,65998,28,,,0,70,,65999,28,,,0,30,,66000,28,,,0,70,,66001,28,,,0,30,,66002,28,,,0,70,,65971,28,,,0,30,,65972,28,,,0,70,,65973,28,,,0,20,,65974,28,,,0,60,,65975,28,,,0,20,,65976,28,,,0,20,,65977,28,,,0,60,,65978,28,,,0,20,,65979,28,,,0,20,,65980,28,,,0,60,,65981,28,,,0,20,,65982,28,,,0,20,,65983,28,,,0,60,,65984,28,,,0,20,,65985,28,,,0,20,,65986,28,,,0,60,,65987,28,,,0,20,,65988,28,,,0,20,,65989,28,,,0,60,,65990,28,,,0,20,,65991,28,,,0,20,,65992,28,,,0,60,,65993,28,,,0,20,,66003,28,,,0,20,,65994,28,,,0,60,,65995,28,,,0,20,,66004,28,,,0,30,,66005,28,,,0,70,,66006,28,,,0,30,,66007,28,,,0,70,,66008,28,,,0,30,,66009,28,,,0,70,,66010,28,,,0,30,,66011,28,,,0,70,,66012,28,,,0,30,,66013,28,,,0,70,,66014,28,,,0,30,,66015,28,,,0,70,,66016,28,,,0,30,,66017,28,,,0
1701,'1392',550,,66018,28,,,0,70,,66019,28,,,0,15,,66020,28,,,0,15,,66021,28,,,0,55,,66022,28,,,0,15,,66023,28,,,0,10,,66024,28,,,0,10,,66025,28,,,0,10,,66026,28,,,0,50,,66027,28,,,0,10,,66028,28,,,0,10,,66029,28,,,0,10,,66030,28,,,0,10,,66031,28,,,0,10,,66032,28,,,0,50,,66033,28,,,0,10,,66034,28,,,0,10,,66035,28,,,0,10,,66036,28,,,0,10,,66037,28,,,0,10,,66038,28,,,0,50,,66039,28,,,0,10,,66040,28,,,0,10,,66041,28,,,0,10,,66042,28,,,0,10,,66043,28,,,0,10,,66044,28,,,0,50,,66045,28,,,0,10,,66046,28,,,0,10,,66047,28,,,0,10,,66048,28,,,0,10,,66049,28,,,0,10,,66050,28,,,0,50,,66051,28,,,0,10,,66052,28,,,0,10,,66053,28,,,0,10,,66054,28,,,0,10,,66055,28,,,0,10,,66056,28,,,0,50,,66057,28,,,0,10,,66058,28,,,0,10,,66059,28,,,0,10,,66060,28,,,0,10,,66061,28,,,0,10,,66062,28,,,0,50,,66063,28,,,0,10,,66064,28,,,0,10,,66065,28,,,0,10,,66066,28,,,0,10,,66067,28,,,0,10,,66068,28,,,0,50,,66069,28,,,0,10,,66070,28,,,0,10,,66071,28,,,0,10,,66072,28,,,0,10,,66073,28,,,0,10,,66074,28,,,0,50,,66075,28,,,0,10,,66076,28,,,0,10,,66077,28,,,0,10,,66078,28,,,0,10,,66079,28,,,0,10,,66080,28,,,0,50,,66081,28,,,0,10,,66082,28,,,0,10,,66083,28,,,0,10,,66084,28,,,0,10,,66085,28,,,0,10,,66086,28,,,0,50,,66087,28,,,0,10,,66088,28,,,0,10,,66089,28,,,0,15,,66090,28,,,0,15,,66091,28,,,0,55,,66092,28,,,0,15,,66093,28,,,0,30,,66094,28,,,0,70,,66095,28,,,0,30,,66096,28,,,0,70,,66097,28,,,0,30,,66098,28,,,0,70,,66099,28,,,0,30,,66100,28,,,0,70,,66101,28,,,0,30,,66102,28,,,0,70,,66103,28,,,0,30,,66104,28,,,0
1701,'1393',550,,66105,28,,,0,70,,66106,28,,,0,15,,66107,28,,,0,15,,66108,28,,,0,55,,66109,28,,,0,15,,66110,28,,,0,10,,66111,28,,,0,10,,66112,28,,,0,10,,66113,28,,,0,50,,66114,28,,,0,10,,66115,28,,,0,10,,66116,28,,,0,10,,66117,28,,,0,10,,66118,28,,,0,10,,66119,28,,,0,50,,66120,28,,,0,10,,66121,28,,,0,10,,66122,28,,,0,10,,66123,28,,,0,10,,66124,28,,,0,10,,66125,28,,,0,50,,66126,28,,,0,10,,66127,28,,,0,10,,66128,28,,,0,10,,66129,28,,,0,10,,66130,28,,,0,10,,66131,28,,,0,50,,66132,28,,,0,10,,66133,28,,,0,10,,66134,28,,,0,10,,66135,28,,,0,10,,66136,28,,,0,10,,66137,28,,,0,50,,66138,28,,,0,10,,66139,28,,,0,10,,66140,28,,,0,10,,66141,28,,,0,10,,66142,28,,,0,10,,66143,28,,,0,50,,66144,28,,,0,10,,66145,28,,,0,10,,66146,28,,,0,10,,66147,28,,,0,10,,66148,28,,,0,10,,66149,28,,,0,50,,66150,28,,,0,10,,66151,28,,,0,10,,66152,28,,,0,10,,66153,28,,,0,10,,66154,28,,,0,10,,66155,28,,,0,50,,66156,28,,,0,10,,66157,28,,,0,10,,66158,28,,,0,10,,66159,28,,,0,10,,66160,28,,,0,10,,66161,28,,,0,50,,66162,28,,,0,10,,66163,28,,,0,10,,66164,28,,,0,10,,66165,28,,,0,10,,66166,28,,,0,10,,66167,28,,,0,50,,66168,28,,,0,10,,66169,28,,,0,10,,66170,28,,,0,10,,66171,28,,,0,10,,66172,28,,,0,10,,66173,28,,,0,50,,66174,28,,,0,10,,66175,28,,,0,10,,66176,28,,,0,15,,66177,28,,,0,15,,66178,28,,,0,55,,66179,28,,,0,15,,66180,28,,,0,30,,66181,28,,,0,70,,66182,28,,,0,30,,66183,28,,,0,70,,66184,28,,,0,30,,66185,28,,,0,70,,66186,28,,,0,30,,66187,28,,,0,70,,66188,28,,,0,30,,66189,28,,,0,70,,66190,28,,,0,30,,66191,28,,,0
1701,'1394',550,,66192,28,,,0,70,,66193,28,,,0,15,,66194,28,,,0,15,,66195,28,,,0,55,,66196,28,,,0,15,,66197,28,,,0,10,,66198,28,,,0,10,,66199,28,,,0,10,,66200,28,,,0,50,,66201,28,,,0,10,,66202,28,,,0,10,,66203,28,,,0,10,,66204,28,,,0,10,,66205,28,,,0,10,,66206,28,,,0,50,,66207,28,,,0,10,,66208,28,,,0,10,,66209,28,,,0,10,,66210,28,,,0,10,,66211,28,,,0,10,,66212,28,,,0,50,,66213,28,,,0,10,,66214,28,,,0,10,,66215,28,,,0,10,,66216,28,,,0,10,,66217,28,,,0,10,,66218,28,,,0,50,,66219,28,,,0,10,,66220,28,,,0,10,,66221,28,,,0,10,,66222,28,,,0,10,,66223,28,,,0,10,,66224,28,,,0,50,,66225,28,,,0,10,,66226,28,,,0,10,,66227,28,,,0,10,,66228,28,,,0,10,,66229,28,,,0,10,,66230,28,,,0,50,,66231,28,,,0,10,,66232,28,,,0,10,,66233,28,,,0,10,,66234,28,,,0,10,,66235,28,,,0,10,,66236,28,,,0,50,,66237,28,,,0,10,,66238,28,,,0,10,,66239,28,,,0,10,,66240,28,,,0,10,,66241,28,,,0,10,,66242,28,,,0,50,,66243,28,,,0,10,,66244,28,,,0,10,,66245,28,,,0,10,,66246,28,,,0,10,,66247,28,,,0,10,,66248,28,,,0,50,,66249,28,,,0,10,,66250,28,,,0,10,,66251,28,,,0,10,,66252,28,,,0,10,,66253,28,,,0,10,,66254,28,,,0,50,,66255,28,,,0,10,,66256,28,,,0,10,,66257,28,,,0,10,,66258,28,,,0,10,,66259,28,,,0,10,,66260,28,,,0,50,,66261,28,,,0,10,,66262,28,,,0,10,,66263,28,,,0,15,,66264,28,,,0,15,,66265,28,,,0,55,,66266,28,,,0,15,,66267,28,,,0,30,,66268,28,,,0,70,,66269,28,,,0,30,,66270,28,,,0,70,,66271,28,,,0,30,,66272,28,,,0,70,,66273,28,,,0,30,,66274,28,,,0,70,,66275,28,,,0,30,,66276,28,,,0,70,,66277,28,,,0,30,,66278,28,,,0
1701,'1395',550,,66279,28,,,0,70,,66280,28,,,0,15,,66281,28,,,0,15,,66282,28,,,0,55,,66283,28,,,0,15,,66284,28,,,0,10,,66285,28,,,0,10,,66286,28,,,0,10,,66287,28,,,0,50,,66288,28,,,0,10,,66289,28,,,0,10,,66290,28,,,0,10,,66291,28,,,0,10,,66292,28,,,0,10,,66293,28,,,0,50,,66294,28,,,0,10,,66295,28,,,0,10,,66296,28,,,0,10,,66297,28,,,0,10,,66298,28,,,0,10,,66299,28,,,0,50,,66300,28,,,0,10,,66301,28,,,0,10,,66302,28,,,0,10,,66303,28,,,0,10,,66304,28,,,0,10,,66305,28,,,0,50,,66306,28,,,0,10,,66307,28,,,0,10,,66308,28,,,0,10,,66309,28,,,0,10,,66310,28,,,0,10,,66311,28,,,0,50,,66312,28,,,0,10,,66313,28,,,0,10,,66314,28,,,0,10,,66315,28,,,0,10,,66316,28,,,0,10,,66317,28,,,0,50,,66318,28,,,0,10,,66319,28,,,0,10,,66320,28,,,0,10,,66321,28,,,0,10,,66322,28,,,0,10,,66323,28,,,0,50,,66324,28,,,0,10,,66325,28,,,0,10,,66326,28,,,0,10,,66327,28,,,0,10,,66328,28,,,0,10,,66329,28,,,0,50,,66330,28,,,0,10,,66331,28,,,0,10,,66332,28,,,0,10,,66333,28,,,0,10,,66334,28,,,0,10,,66335,28,,,0,50,,66336,28,,,0,10,,66337,28,,,0,10,,66338,28,,,0,10,,66339,28,,,0,10,,66340,28,,,0,10,,66341,28,,,0,50,,66342,28,,,0,10,,66343,28,,,0,10,,66344,28,,,0,10,,66345,28,,,0,10,,66346,28,,,0,10,,66347,28,,,0,50,,66348,28,,,0,10,,66349,28,,,0,10,,66350,28,,,0,15,,66351,28,,,0,15,,66352,28,,,0,55,,66353,28,,,0,15,,66354,28,,,0,30,,66355,28,,,0,70,,66356,28,,,0,30,,66357,28,,,0,70,,66358,28,,,0,30,,66359,28,,,0,70,,66360,28,,,0,30,,66361,28,,,0,70,,66362,28,,,0,30,,66363,28,,,0,70,,66364,28,,,0,30,,66365,28,,,0
1701,'1396',550,,66366,28,,,0,70,,66367,28,,,0,15,,66368,28,,,0,15,,66369,28,,,0,55,,66370,28,,,0,15,,66371,28,,,0,10,,66372,28,,,0,10,,66373,28,,,0,10,,66374,28,,,0,50,,66375,28,,,0,10,,66376,28,,,0,10,,66377,28,,,0,10,,66378,28,,,0,10,,66379,28,,,0,10,,66380,28,,,0,50,,66381,28,,,0,10,,66382,28,,,0,10,,66383,28,,,0,10,,66384,28,,,0,10,,66385,28,,,0,10,,66386,28,,,0,50,,66387,28,,,0,10,,66388,28,,,0,10,,66389,28,,,0,10,,66390,28,,,0,10,,66391,28,,,0,10,,66392,28,,,0,50,,66393,28,,,0,10,,66394,28,,,0,10,,66395,28,,,0,10,,66396,28,,,0,10,,66397,28,,,0,10,,66398,28,,,0,50,,66399,28,,,0,10,,66400,28,,,0,10,,66401,28,,,0,10,,66402,28,,,0,10,,66403,28,,,0,10,,66404,28,,,0,50,,66405,28,,,0,10,,66406,28,,,0,10,,66407,28,,,0,10,,66408,28,,,0,10,,66409,28,,,0,10,,66410,28,,,0,50,,66411,28,,,0,10,,66412,28,,,0,10,,66413,28,,,0,10,,66414,28,,,0,10,,66415,28,,,0,10,,66416,28,,,0,50,,66417,28,,,0,10,,66418,28,,,0,10,,66419,28,,,0,10,,66420,28,,,0,10,,66421,28,,,0,10,,66422,28,,,0,50,,66423,28,,,0,10,,66424,28,,,0,10,,66425,28,,,0,10,,66426,28,,,0,10,,66427,28,,,0,10,,66428,28,,,0,50,,66429,28,,,0,10,,66430,28,,,0,10,,66431,28,,,0,10,,66432,28,,,0,10,,66433,28,,,0,10,,66434,28,,,0,50,,66435,28,,,0,10,,66436,28,,,0,10,,66437,28,,,0,15,,66438,28,,,0,15,,66439,28,,,0,55,,66440,28,,,0,15,,66441,28,,,0,30,,66442,28,,,0,70,,66443,28,,,0,30,,66444,28,,,0,70,,66445,28,,,0,30,,66446,28,,,0,70,,66447,28,,,0,30,,66448,28,,,0,70,,66449,28,,,0,30,,66450,28,,,0,70,,66451,28,,,0,30,,66452,28,,,0
2001,'1390',902,,68015,2,,,0,45,,68014,2,,,0,85,,68013,2,,,0,85,,68012,2,,,0,85,,68011,2,,,0,45,,68010,2,,,0,85,,68009,2,,,0,85,,68008,2,,,0,85,,68007,2,,,0,45,,68006,2,,,0,85,,68005,2,,,0,85,,68004,2,,,0,85,,68003,2,,,0,45,,68002,2,,,0,85,,68001,2,,,0
2001,'1391',602,,68033,2,,,0,45,,68034,2,,,0,85,,68035,2,,,0,85,,68036,2,,,0,85,,68016,2,,,0,30,,68017,2,,,0,70,,68018,2,,,0,30,,68019,2,,,0,80,,68020,2,,,0,30,,68021,2,,,0,70,,68022,2,,,0,30,,68023,2,,,0,80,,68024,2,,,0,30,,68025,2,,,0,70,,68026,2,,,0,30,,68027,2,,,0,80,,68028,2,,,0,70,,68029,2,,,0,30,,68030,2,,,0,70,,68031,2,,,0,40,,68032,2,,,0,70,,68037,2,,,0,45,,68038,2,,,0,85,,68039,2,,,0,85,,68040,2,,,0,85,,68041,2,,,0,45,,68042,2,,,0,85,,68043,2,,,0,85,,68044,2,,,0,85,,68045,2,,,0
2001,'1392',542,,68046,2,,,0,60,,68047,2,,,0,20,,68048,2,,,0,20,,68049,2,,,0,60,,68050,2,,,0,20,,68051,2,,,0,20,,68052,2,,,0,60,,68053,2,,,0,20,,68054,2,,,0,20,,68055,2,,,0,60,,68056,2,,,0,20,,68057,2,,,0,20,,68058,2,,,0,60,,68059,2,,,0,20,,68060,2,,,0,20,,68061,2,,,0,60,,68062,2,,,0,20,,68063,2,,,0,20,,68064,2,,,0,60,,68065,2,,,0,20,,68066,2,,,0,20,,68067,2,,,0,60,,68068,2,,,0,20,,68069,2,,,0,20,,68070,2,,,0,60,,68071,2,,,0,20,,68072,2,,,0,20,,68073,2,,,0,60,,68074,2,,,0,20,,68075,2,,,0,20,,68076,2,,,0,60,,68077,2,,,0,20,,68078,2,,,0,20,,68079,2,,,0,60,,68080,2,,,0,20,,68081,2,,,0,20,,68082,2,,,0,60,,68083,2,,,0,45,,68084,2,,,0,85,,68085,2,,,0,85,,68086,2,,,0,85,,68087,2,,,0,45,,68088,2,,,0,85,,68089,2,,,0,85,,68090,2,,,0,85,,68091,2,,,0,45,,68092,2,,,0
2001,'1393',542,,68093,2,,,0,60,,68094,2,,,0,20,,68095,2,,,0,20,,68096,2,,,0,60,,68097,2,,,0,20,,68098,2,,,0,20,,68099,2,,,0,60,,68100,2,,,0,20,,68101,2,,,0,20,,68102,2,,,0,60,,68103,2,,,0,20,,68104,2,,,0,20,,68105,2,,,0,60,,68106,2,,,0,20,,68107,2,,,0,20,,68108,2,,,0,60,,68109,2,,,0,20,,68110,2,,,0,20,,68111,2,,,0,60,,68112,2,,,0,20,,68113,2,,,0,20,,68114,2,,,0,60,,68115,2,,,0,20,,68116,2,,,0,20,,68117,2,,,0,60,,68118,2,,,0,20,,68119,2,,,0,20,,68120,2,,,0,60,,68121,2,,,0,20,,68122,2,,,0,20,,68123,2,,,0,60,,68124,2,,,0,20,,68125,2,,,0,20,,68126,2,,,0,60,,68127,2,,,0,20,,68128,2,,,0,20,,68129,2,,,0,60,,68130,2,,,0,45,,68131,2,,,0,85,,68132,2,,,0,85,,68133,2,,,0,85,,68134,2,,,0,45,,68135,2,,,0,85,,68136,2,,,0,85,,68137,2,,,0,85,,68138,2,,,0,45,,68139,2,,,0
2001,'1394',542,,68140,2,,,0,60,,68141,2,,,0,20,,68142,2,,,0,20,,68143,2,,,0,60,,68144,2,,,0,20,,68145,2,,,0,20,,68146,2,,,0,60,,68147,2,,,0,20,,68148,2,,,0,20,,68149,2,,,0,60,,68150,2,,,0,20,,68151,2,,,0,20,,68152,2,,,0,60,,68153,2,,,0,20,,68154,2,,,0,20,,68155,2,,,0,60,,68156,2,,,0,20,,68157,2,,,0,20,,68158,2,,,0,60,,68159,2,,,0,20,,68160,2,,,0,20,,68161,2,,,0,60,,68162,2,,,0,20,,68163,2,,,0,20,,68164,2,,,0,60,,68165,2,,,0,20,,68166,2,,,0,20,,68167,2,,,0,60,,68168,2,,,0,20,,68169,2,,,0,20,,68170,2,,,0,60,,68171,2,,,0,20,,68172,2,,,0,20,,68173,2,,,0,60,,68174,2,,,0,20,,68175,2,,,0,20,,68176,2,,,0,60,,68177,2,,,0,45,,68178,2,,,0,85,,68179,2,,,0,85,,68180,2,,,0,85,,68181,2,,,0,45,,68182,2,,,0,85,,68183,2,,,0,85,,68184,2,,,0,85,,68185,2,,,0,45,,68186,2,,,0
2001,'1395',542,,68187,2,,,0,60,,68188,2,,,0,20,,68189,2,,,0,20,,68190,2,,,0,60,,68191,2,,,0,20,,68192,2,,,0,20,,68193,2,,,0,60,,68194,2,,,0,20,,68195,2,,,0,20,,68196,2,,,0,60,,68197,2,,,0,20,,68198,2,,,0,20,,68199,2,,,0,60,,68200,2,,,0,20,,68201,2,,,0,20,,68202,2,,,0,60,,68203,2,,,0,20,,68204,2,,,0,20,,68205,2,,,0,60,,68206,2,,,0,20,,68207,2,,,0,20,,68208,2,,,0,60,,68209,2,,,0,20,,68210,2,,,0,20,,68211,2,,,0,60,,68212,2,,,0,20,,68213,2,,,0,20,,68214,2,,,0,60,,68215,2,,,0,20,,68216,2,,,0,20,,68217,2,,,0,60,,68218,2,,,0,20,,68219,2,,,0,20,,68220,2,,,0,60,,68221,2,,,0,20,,68222,2,,,0,20,,68223,2,,,0,60,,68224,2,,,0,45,,68225,2,,,0,85,,68226,2,,,0,85,,68227,2,,,0,85,,68228,2,,,0,45,,68229,2,,,0,85,,68230,2,,,0,85,,68231,2,,,0,85,,68232,2,,,0,45,,68233,2,,,0
2001,'1396',542,,68234,2,,,0,60,,68235,2,,,0,20,,68236,2,,,0,20,,68237,2,,,0,60,,68238,2,,,0,20,,68239,2,,,0,20,,68240,2,,,0,60,,68241,2,,,0,20,,68242,2,,,0,20,,68243,2,,,0,60,,68244,2,,,0,20,,68245,2,,,0,20,,68246,2,,,0,60,,68247,2,,,0,20,,68248,2,,,0,20,,68249,2,,,0,60,,68250,2,,,0,20,,68251,2,,,0,20,,68252,2,,,0,60,,68253,2,,,0,20,,68254,2,,,0,20,,68255,2,,,0,60,,68256,2,,,0,20,,68257,2,,,0,20,,68258,2,,,0,60,,68259,2,,,0,20,,68260,2,,,0,20,,68261,2,,,0,60,,68262,2,,,0,20,,68263,2,,,0,20,,68264,2,,,0,60,,68265,2,,,0,20,,68266,2,,,0,20,,68267,2,,,0,60,,68268,2,,,0,20,,68269,2,,,0,20,,68270,2,,,0,60,,68271,2,,,0,45,,68272,2,,,0,85,,68273,2,,,0,85,,68274,2,,,0,85,,68275,2,,,0,45,,68276,2,,,0,85,,68277,2,,,0,85,,68278,2,,,0,85,,68279,2,,,0,45,,68280,2,,,0
