2800,'1392',632,,68297,3,,,0,75,,68298,3,,,0,35,,68299,3,,,0,75,,68300,3,,,0,35,,68301,3,,,0,75,,68302,3,,,0,75,,68303,3,,,0,35,,68304,3,,,0,75,,68305,3,,,0,35,,68306,3,,,0,75,,68307,3,,,0,35,,68308,3,,,0,75,,68309,3,,,0,75,,68310,3,,,0,35,,68311,3,,,0,75,,68312,3,,,0,35,,68313,3,,,0,75,,68314,3,,,0
2800,'1393',632,,68320,3,,,0,75,,68321,3,,,0,35,,68322,3,,,0,75,,68323,3,,,0,35,,68324,3,,,0,75,,68325,3,,,0,75,,68326,3,,,0,35,,68327,3,,,0,75,,68328,3,,,0,35,,68329,3,,,0,75,,68330,3,,,0,35,,68331,3,,,0,75,,68332,3,,,0,75,,68333,3,,,0,35,,68334,3,,,0,75,,68335,3,,,0,35,,68336,3,,,0,75,,68337,3,,,0
2800,'1394',632,,68343,3,,,0,75,,68344,3,,,0,35,,68345,3,,,0,75,,68346,3,,,0,35,,68347,3,,,0,75,,68348,3,,,0,75,,68349,3,,,0,35,,68350,3,,,0,75,,68351,3,,,0,35,,68352,3,,,0,75,,68353,3,,,0,35,,68354,3,,,0,75,,68355,3,,,0,75,,68356,3,,,0,35,,68357,3,,,0,75,,68358,3,,,0,35,,68359,3,,,0,75,,68360,3,,,0
2800,'1395',632,,68366,3,,,0,75,,68367,3,,,0,35,,68368,3,,,0,75,,68369,3,,,0,35,,68370,3,,,0,75,,68371,3,,,0,75,,68372,3,,,0,35,,68373,3,,,0,75,,68374,3,,,0,35,,68375,3,,,0,75,,68376,3,,,0,35,,68377,3,,,0,75,,68378,3,,,0,75,,68379,3,,,0,35,,68380,3,,,0,75,,68381,3,,,0,35,,68382,3,,,0,75,,68383,3,,,0
2800,'1396',632,,68389,3,,,0,75,,68390,3,,,0,35,,68391,3,,,0,75,,68392,3,,,0,35,,68393,3,,,0,75,,68394,3,,,0,75,,68395,3,,,0,35,,68396,3,,,0,75,,68397,3,,,0,35,,68398,3,,,0,75,,68399,3,,,0,35,,68400,3,,,0,75,,68401,3,,,0,75,,68402,3,,,0,35,,68403,3,,,0,75,,68404,3,,,0,35,,68405,3,,,0,75,,68406,3,,,0
2801,'1391',836,,68407,28,,,0,110,,68408,28,,,0,110,,68409,28,,,0,150,,68410,28,,,0,110,,68411,28,,,0,110,,68412,28,,,0,110,,68413,28,,,0,110,,68414,28,,,0,110,,68415,28,,,0,150,,68416,28,,,0
2801,'1392',1731,,68435,28,,,0,75,,68436,28,,,0,35,,68437,28,,,0,75,,68438,28,,,0,35,,68439,28,,,0
2801,'1393',1731,,68458,28,,,0,75,,68459,28,,,0,35,,68460,28,,,0,75,,68461,28,,,0,35,,68462,28,,,0
2801,'1394',1731,,68481,28,,,0,75,,68482,28,,,0,35,,68483,28,,,0,75,,68484,28,,,0,35,,68485,28,,,0
2801,'1395',1731,,68504,28,,,0,75,,68505,28,,,0,35,,68506,28,,,0,75,,68507,28,,,0,35,,68508,28,,,0
2801,'1396',1731,,68527,28,,,0,75,,68528,28,,,0,35,,68529,28,,,0,75,,68530,28,,,0,35,,68531,28,,,0
