2000,'1390',918,,67729,5,,,0
2000,'1391',618,,67730,5,,,0
2000,'1392',543,,67761,5,,,0
2000,'1393',543,,67809,5,,,0
2000,'1394',543,,67857,5,,,0
2000,'1395',543,,67905,5,,,0
2000,'1396',543,,67953,5,,,0
2001,'1390',1004,,68015,73,,,0,45,,68014,73,,,0,85,,68013,73,,,0,85,,68012,73,,,0,85,,68011,73,,,0,45,,68010,73,,,0,85,,68009,73,,,0,85,,68008,73,,,0,85,,68007,73,,,0,45,,68006,73,,,0,85,,68005,73,,,0,85,,68004,73,,,0,85,,68003,73,,,0,45,,68002,73,,,0,85,,68001,73,,,0
2001,'1391',704,,68033,73,,,0,45,,68034,73,,,0,85,,68035,73,,,0,85,,68036,73,,,0,38,,68016,73,,,0,70,,68017,73,,,0,30,,68018,73,,,0,70,,68019,73,,,0,80,,68020,73,,,0,30,,68021,73,,,0,70,,68022,73,,,0,30,,68023,73,,,0,80,,68024,73,,,0,30,,68025,73,,,0,70,,68026,73,,,0,30,,68027,73,,,0,80,,68028,73,,,0,30,,68029,73,,,0,70,,68030,73,,,0,30,,68031,73,,,0,80,,68032,73,,,0,77,,68037,73,,,0,45,,68038,73,,,0,85,,68039,73,,,0,85,,68040,73,,,0,85,,68041,73,,,0,45,,68042,73,,,0,85,,68043,73,,,0,85,,68044,73,,,0,85,,68045,73,,,0
2001,'1392',644,,68046,73,,,0,60,,68047,73,,,0,20,,68048,73,,,0,20,,68049,73,,,0,60,,68050,73,,,0,20,,68051,73,,,0,20,,68052,73,,,0,60,,68053,73,,,0,20,,68054,73,,,0,20,,68055,73,,,0,60,,68056,73,,,0,20,,68057,73,,,0,20,,68058,73,,,0,60,,68059,73,,,0,20,,68060,73,,,0,20,,68061,73,,,0,60,,68062,73,,,0,20,,68063,73,,,0,20,,68064,73,,,0,60,,68065,73,,,0,20,,68066,73,,,0,20,,68067,73,,,0,60,,68068,73,,,0,20,,68069,73,,,0,20,,68070,73,,,0,60,,68071,73,,,0,20,,68072,73,,,0,20,,68073,73,,,0,60,,68074,73,,,0,20,,68075,73,,,0,20,,68076,73,,,0,60,,68077,73,,,0,20,,68078,73,,,0,20,,68079,73,,,0,60,,68080,73,,,0,20,,68081,73,,,0,20,,68082,73,,,0,60,,68083,73,,,0,45,,68084,73,,,0,85,,68085,73,,,0,85,,68086,73,,,0,85,,68087,73,,,0,45,,68088,73,,,0,85,,68089,73,,,0,85,,68090,73,,,0,85,,68091,73,,,0,45,,68092,73,,,0
2001,'1393',644,,68093,73,,,0,60,,68094,73,,,0,20,,68095,73,,,0,20,,68096,73,,,0,60,,68097,73,,,0,20,,68098,73,,,0,20,,68099,73,,,0,60,,68100,73,,,0,20,,68101,73,,,0,20,,68102,73,,,0,60,,68103,73,,,0,20,,68104,73,,,0,20,,68105,73,,,0,60,,68106,73,,,0,20,,68107,73,,,0,20,,68108,73,,,0,60,,68109,73,,,0,20,,68110,73,,,0,20,,68111,73,,,0,60,,68112,73,,,0,20,,68113,73,,,0,20,,68114,73,,,0,60,,68115,73,,,0,20,,68116,73,,,0,20,,68117,73,,,0,60,,68118,73,,,0,20,,68119,73,,,0,20,,68120,73,,,0,60,,68121,73,,,0,20,,68122,73,,,0,20,,68123,73,,,0,60,,68124,73,,,0,20,,68125,73,,,0,20,,68126,73,,,0,60,,68127,73,,,0,20,,68128,73,,,0,20,,68129,73,,,0,60,,68130,73,,,0,45,,68131,73,,,0,85,,68132,73,,,0,85,,68133,73,,,0,85,,68134,73,,,0,45,,68135,73,,,0,85,,68136,73,,,0,85,,68137,73,,,0,85,,68138,73,,,0,45,,68139,73,,,0
2001,'1394',644,,68140,73,,,0,60,,68141,73,,,0,20,,68142,73,,,0,20,,68143,73,,,0,60,,68144,73,,,0,20,,68145,73,,,0,20,,68146,73,,,0,60,,68147,73,,,0,20,,68148,73,,,0,20,,68149,73,,,0,60,,68150,73,,,0,20,,68151,73,,,0,20,,68152,73,,,0,60,,68153,73,,,0,20,,68154,73,,,0,20,,68155,73,,,0,60,,68156,73,,,0,20,,68157,73,,,0,20,,68158,73,,,0,60,,68159,73,,,0,20,,68160,73,,,0,20,,68161,73,,,0,60,,68162,73,,,0,20,,68163,73,,,0,20,,68164,73,,,0,60,,68165,73,,,0,20,,68166,73,,,0,20,,68167,73,,,0,60,,68168,73,,,0,20,,68169,73,,,0,20,,68170,73,,,0,60,,68171,73,,,0,20,,68172,73,,,0,20,,68173,73,,,0,60,,68174,73,,,0,20,,68175,73,,,0,20,,68176,73,,,0,60,,68177,73,,,0,45,,68178,73,,,0,85,,68179,73,,,0,85,,68180,73,,,0,85,,68181,73,,,0,45,,68182,73,,,0,85,,68183,73,,,0,85,,68184,73,,,0,85,,68185,73,,,0,45,,68186,73,,,0
2001,'1395',644,,68187,73,,,0,60,,68188,73,,,0,20,,68189,73,,,0,20,,68190,73,,,0,60,,68191,73,,,0,20,,68192,73,,,0,20,,68193,73,,,0,60,,68194,73,,,0,20,,68195,73,,,0,20,,68196,73,,,0,60,,68197,73,,,0,20,,68198,73,,,0,20,,68199,73,,,0,60,,68200,73,,,0,20,,68201,73,,,0,20,,68202,73,,,0,60,,68203,73,,,0,20,,68204,73,,,0,20,,68205,73,,,0,60,,68206,73,,,0,20,,68207,73,,,0,20,,68208,73,,,0,60,,68209,73,,,0,20,,68210,73,,,0,20,,68211,73,,,0,60,,68212,73,,,0,20,,68213,73,,,0,20,,68214,73,,,0,60,,68215,73,,,0,20,,68216,73,,,0,20,,68217,73,,,0,60,,68218,73,,,0,20,,68219,73,,,0,20,,68220,73,,,0,60,,68221,73,,,0,20,,68222,73,,,0,20,,68223,73,,,0,60,,68224,73,,,0,45,,68225,73,,,0,85,,68226,73,,,0,85,,68227,73,,,0,85,,68228,73,,,0,45,,68229,73,,,0,85,,68230,73,,,0,85,,68231,73,,,0,85,,68232,73,,,0,45,,68233,73,,,0
2001,'1396',644,,68234,73,,,0,60,,68235,73,,,0,20,,68236,73,,,0,20,,68237,73,,,0,60,,68238,73,,,0,20,,68239,73,,,0,20,,68240,73,,,0,60,,68241,73,,,0,20,,68242,73,,,0,20,,68243,73,,,0,60,,68244,73,,,0,20,,68245,73,,,0,20,,68246,73,,,0,60,,68247,73,,,0,20,,68248,73,,,0,20,,68249,73,,,0,60,,68250,73,,,0,20,,68251,73,,,0,20,,68252,73,,,0,60,,68253,73,,,0,20,,68254,73,,,0,20,,68255,73,,,0,60,,68256,73,,,0,20,,68257,73,,,0,20,,68258,73,,,0,60,,68259,73,,,0,20,,68260,73,,,0,20,,68261,73,,,0,60,,68262,73,,,0,20,,68263,73,,,0,20,,68264,73,,,0,60,,68265,73,,,0,20,,68266,73,,,0,20,,68267,73,,,0,60,,68268,73,,,0,20,,68269,73,,,0,20,,68270,73,,,0,60,,68271,73,,,0,45,,68272,73,,,0,85,,68273,73,,,0,85,,68274,73,,,0,85,,68275,73,,,0,45,,68276,73,,,0,85,,68277,73,,,0,85,,68278,73,,,0,85,,68279,73,,,0,45,,68280,73,,,0
