1800,'1390',723,,66470,41,,,0,100,,66469,41,,,0,100,,66468,41,,,0,80,,66467,41,,,0,40,,66466,41,,,0,85,,66465,41,,,0,80,,66464,41,,,0,40,,66463,41,,,0,80,,66462,41,,,0,80,,66461,41,,,0,40,,66460,41,,,0,80,,66459,41,,,0,80,,66458,41,,,0,40,,66457,41,,,0,80,,66456,41,,,0,80,,66455,41,,,0,40,,66454,41,,,0,80,,66453,41,,,0
1800,'1391',542,,66471,41,,,0,85,,66472,41,,,0,30,,66473,41,,,0,70,,66474,41,,,0,30,,66475,41,,,0,70,,66476,41,,,0,30,,66477,41,,,0,70,,66478,41,,,0,30,,66479,41,,,0,70,,66480,41,,,0,20,,66481,41,,,0,60,,66482,41,,,0,20,,66483,41,,,0,20,,66484,41,,,0,60,,66485,41,,,0,20,,66486,41,,,0,20,,66487,41,,,0,60,,66488,41,,,0,20,,66489,41,,,0,20,,66490,41,,,0,60,,66491,41,,,0,20,,66492,41,,,0,20,,66493,41,,,0,60,,66494,41,,,0,20,,66495,41,,,0,20,,66496,41,,,0,60,,66497,41,,,0,20,,66498,41,,,0,20,,66499,41,,,0,60,,66500,41,,,0,20,,66501,41,,,0,20,,66502,41,,,0,60,,66503,41,,,0,20,,66504,41,,,0,30,,66505,41,,,0,70,,66506,41,,,0,30,,66507,41,,,0,70,,66508,41,,,0,30,,66509,41,,,0,70,,66510,41,,,0,30,,66511,41,,,0,70,,66512,41,,,0,30,,66513,41,,,0,70,,66514,41,,,0,30,,66515,41,,,0,70,,66516,41,,,0,30,,66517,41,,,0
1800,'1392',543,,66554,41,,,0,75,,66555,41,,,0,14,,66518,41,,,0,15,,66519,41,,,0,55,,66520,41,,,0,15,,66521,41,,,0,15,,66522,41,,,0,10,,66523,41,,,0,10,,66524,41,,,0,50,,66525,41,,,0,10,,66526,41,,,0,10,,66527,41,,,0,10,,66528,41,,,0,10,,66556,41,,,0,15,,66557,41,,,0,55,,66558,41,,,0,15,,66559,41,,,0,15,,66560,41,,,0,15,,66561,41,,,0,55,,66562,41,,,0,13,,66563,41,,,0,15,,66564,41,,,0,15,,66565,41,,,0,55,,66566,41,,,0,15,,66567,41,,,0,15,,66568,41,,,0,15,,66569,41,,,0,55,,66570,41,,,0,15,,66571,41,,,0,15,,66572,41,,,0,15,,66573,41,,,0,55,,66574,41,,,0,19,,66529,41,,,0,20,,66530,41,,,0,55,,66531,41,,,0,15,,66532,41,,,0,15,,66533,41,,,0,10,,66534,41,,,0,10,,66535,41,,,0,50,,66536,41,,,0,10,,66537,41,,,0,10,,66538,41,,,0,10,,66539,41,,,0,10,,66540,41,,,0,10,,66541,41,,,0,50,,66542,41,,,0,10,,66543,41,,,0,10,,66544,41,,,0,10,,66545,41,,,0,10,,66546,41,,,0,10,,66547,41,,,0,50,,66548,41,,,0,10,,66549,41,,,0,10,,66550,41,,,0,10,,66551,41,,,0,15,,66552,41,,,0,55,,66553,41,,,0,22,,66575,41,,,0,30,,66576,41,,,0,70,,66577,41,,,0,30,,66578,41,,,0,70,,66579,41,,,0,30,,66580,41,,,0,70,,66581,41,,,0,30,,66582,41,,,0,70,,66583,41,,,0,30,,66584,41,,,0,70,,66585,41,,,0,30,,66586,41,,,0,70,,66587,41,,,0,30,,66588,41,,,0
1800,'1393',543,,66625,41,,,0,75,,66626,41,,,0,14,,66589,41,,,0,15,,66590,41,,,0,55,,66591,41,,,0,15,,66592,41,,,0,15,,66593,41,,,0,10,,66594,41,,,0,10,,66595,41,,,0,50,,66596,41,,,0,10,,66597,41,,,0,10,,66598,41,,,0,10,,66599,41,,,0,10,,66627,41,,,0,15,,66628,41,,,0,55,,66629,41,,,0,15,,66630,41,,,0,15,,66631,41,,,0,15,,66632,41,,,0,55,,66633,41,,,0,13,,66634,41,,,0,15,,66635,41,,,0,15,,66636,41,,,0,55,,66637,41,,,0,15,,66638,41,,,0,15,,66639,41,,,0,15,,66640,41,,,0,55,,66641,41,,,0,15,,66642,41,,,0,15,,66643,41,,,0,15,,66644,41,,,0,55,,66645,41,,,0,19,,66600,41,,,0,20,,66601,41,,,0,55,,66602,41,,,0,15,,66603,41,,,0,15,,66604,41,,,0,10,,66605,41,,,0,10,,66606,41,,,0,50,,66607,41,,,0,10,,66608,41,,,0,10,,66609,41,,,0,10,,66610,41,,,0,10,,66611,41,,,0,10,,66612,41,,,0,50,,66613,41,,,0,10,,66614,41,,,0,10,,66615,41,,,0,10,,66616,41,,,0,10,,66617,41,,,0,10,,66618,41,,,0,50,,66619,41,,,0,10,,66620,41,,,0,10,,66621,41,,,0,10,,66622,41,,,0,15,,66623,41,,,0,55,,66624,41,,,0,22,,66646,41,,,0,30,,66647,41,,,0,70,,66648,41,,,0,30,,66649,41,,,0,70,,66650,41,,,0,30,,66651,41,,,0,70,,66652,41,,,0,30,,66653,41,,,0,70,,66654,41,,,0,30,,66655,41,,,0,70,,66656,41,,,0,30,,66657,41,,,0,70,,66658,41,,,0,30,,66659,41,,,0
1800,'1394',543,,66696,41,,,0,75,,66697,41,,,0,14,,66660,41,,,0,15,,66661,41,,,0,55,,66662,41,,,0,15,,66663,41,,,0,15,,66664,41,,,0,10,,66665,41,,,0,10,,66666,41,,,0,50,,66667,41,,,0,10,,66668,41,,,0,10,,66669,41,,,0,10,,66670,41,,,0,10,,66698,41,,,0,15,,66699,41,,,0,55,,66700,41,,,0,15,,66701,41,,,0,15,,66702,41,,,0,15,,66703,41,,,0,55,,66704,41,,,0,13,,66705,41,,,0,15,,66706,41,,,0,15,,66707,41,,,0,55,,66708,41,,,0,15,,66709,41,,,0,15,,66710,41,,,0,15,,66711,41,,,0,55,,66712,41,,,0,15,,66713,41,,,0,15,,66714,41,,,0,15,,66715,41,,,0,55,,66716,41,,,0,19,,66671,41,,,0,20,,66672,41,,,0,55,,66673,41,,,0,15,,66674,41,,,0,15,,66675,41,,,0,10,,66676,41,,,0,10,,66677,41,,,0,50,,66678,41,,,0,10,,66679,41,,,0,10,,66680,41,,,0,10,,66681,41,,,0,10,,66682,41,,,0,10,,66683,41,,,0,50,,66684,41,,,0,10,,66685,41,,,0,10,,66686,41,,,0,10,,66687,41,,,0,10,,66688,41,,,0,10,,66689,41,,,0,50,,66690,41,,,0,10,,66691,41,,,0,10,,66692,41,,,0,10,,66693,41,,,0,15,,66694,41,,,0,55,,66695,41,,,0,22,,66717,41,,,0,30,,66718,41,,,0,70,,66719,41,,,0,30,,66720,41,,,0,70,,66721,41,,,0,30,,66722,41,,,0,70,,66723,41,,,0,30,,66724,41,,,0,70,,66725,41,,,0,30,,66726,41,,,0,70,,66727,41,,,0,30,,66728,41,,,0,70,,66729,41,,,0,30,,66730,41,,,0
1800,'1395',543,,66767,41,,,0,75,,66768,41,,,0,14,,66731,41,,,0,15,,66732,41,,,0,55,,66733,41,,,0,15,,66734,41,,,0,15,,66735,41,,,0,10,,66736,41,,,0,10,,66737,41,,,0,50,,66738,41,,,0,10,,66739,41,,,0,10,,66740,41,,,0,10,,66741,41,,,0,10,,66769,41,,,0,15,,66770,41,,,0,55,,66771,41,,,0,15,,66772,41,,,0,15,,66773,41,,,0,15,,66774,41,,,0,55,,66775,41,,,0,13,,66776,41,,,0,15,,66777,41,,,0,15,,66778,41,,,0,55,,66779,41,,,0,15,,66780,41,,,0,15,,66781,41,,,0,15,,66782,41,,,0,55,,66783,41,,,0,15,,66784,41,,,0,15,,66785,41,,,0,15,,66786,41,,,0,55,,66787,41,,,0,19,,66742,41,,,0,20,,66743,41,,,0,55,,66744,41,,,0,15,,66745,41,,,0,15,,66746,41,,,0,10,,66747,41,,,0,10,,66748,41,,,0,50,,66749,41,,,0,10,,66750,41,,,0,10,,66751,41,,,0,10,,66752,41,,,0,10,,66753,41,,,0,10,,66754,41,,,0,50,,66755,41,,,0,10,,66756,41,,,0,10,,66757,41,,,0,10,,66758,41,,,0,10,,66759,41,,,0,10,,66760,41,,,0,50,,66761,41,,,0,10,,66762,41,,,0,10,,66763,41,,,0,10,,66764,41,,,0,15,,66765,41,,,0,55,,66766,41,,,0,22,,66788,41,,,0,30,,66789,41,,,0,70,,66790,41,,,0,30,,66791,41,,,0,70,,66792,41,,,0,30,,66793,41,,,0,70,,66794,41,,,0,30,,66795,41,,,0,70,,66796,41,,,0,30,,66797,41,,,0,70,,66798,41,,,0,30,,66799,41,,,0,70,,66800,41,,,0,30,,66801,41,,,0
1800,'1396',543,,66838,41,,,0,75,,66839,41,,,0,14,,66802,41,,,0,15,,66803,41,,,0,55,,66804,41,,,0,15,,66805,41,,,0,15,,66806,41,,,0,10,,66807,41,,,0,10,,66808,41,,,0,50,,66809,41,,,0,10,,66810,41,,,0,10,,66811,41,,,0,10,,66812,41,,,0,10,,66840,41,,,0,15,,66841,41,,,0,55,,66842,41,,,0,15,,66843,41,,,0,15,,66844,41,,,0,15,,66845,41,,,0,55,,66846,41,,,0,13,,66847,41,,,0,15,,66848,41,,,0,15,,66849,41,,,0,55,,66850,41,,,0,15,,66851,41,,,0,15,,66852,41,,,0,15,,66853,41,,,0,55,,66854,41,,,0,15,,66855,41,,,0,15,,66856,41,,,0,15,,66857,41,,,0,55,,66858,41,,,0,19,,66813,41,,,0,20,,66814,41,,,0,55,,66815,41,,,0,15,,66816,41,,,0,15,,66817,41,,,0,10,,66818,41,,,0,10,,66819,41,,,0,50,,66820,41,,,0,10,,66821,41,,,0,10,,66822,41,,,0,10,,66823,41,,,0,10,,66824,41,,,0,10,,66825,41,,,0,50,,66826,41,,,0,10,,66827,41,,,0,10,,66828,41,,,0,10,,66829,41,,,0,10,,66830,41,,,0,10,,66831,41,,,0,50,,66832,41,,,0,10,,66833,41,,,0,10,,66834,41,,,0,10,,66835,41,,,0,15,,66836,41,,,0,55,,66837,41,,,0,22,,66859,41,,,0,30,,66860,41,,,0,70,,66861,41,,,0,30,,66862,41,,,0,70,,66863,41,,,0,30,,66864,41,,,0,70,,66865,41,,,0,30,,66866,41,,,0,70,,66867,41,,,0,30,,66868,41,,,0,70,,66869,41,,,0,30,,66870,41,,,0,70,,66871,41,,,0,30,,66872,41,,,0
2000,'1390',958,,67728,48,,,0,85,,67727,48,,,0,85,,67726,48,,,0,85,,67725,48,,,0,45,,67724,48,,,0,85,,67723,48,,,0,85,,67722,48,,,0,85,,67721,48,,,0,45,,67720,48,,,0,85,,67719,48,,,0,86,,67718,48,,,0,84,,67717,48,,,0,45,,67716,48,,,0,85,,67715,48,,,0,85,,67714,48,,,0
2000,'1391',659,,67731,48,,,0,85,,67732,48,,,0,85,,67733,48,,,0,85,,67734,48,,,0,15,,67735,48,,,0,30,,67736,48,,,0,80,,67737,48,,,0,70,,67738,48,,,0,30,,67739,48,,,0,70,,67740,48,,,0,40,,67741,48,,,0,70,,67742,48,,,0,30,,67743,48,,,0,70,,67744,48,,,0,40,,67745,48,,,0,70,,67746,48,,,0,30,,67747,48,,,0,70,,67748,48,,,0,80,,67749,48,,,0,30,,67750,48,,,0,70,,67751,48,,,0,30,,67752,48,,,0,80,,67753,48,,,0,35,,67754,48,,,0,85,,67755,48,,,0,85,,67756,48,,,0,85,,67757,48,,,0,45,,67758,48,,,0,85,,67759,48,,,0,85,,67760,48,,,0
2000,'1392',628,,67771,50,,,0,20,,67772,50,,,0,60,,67773,50,,,0,20,,67774,50,,,0,20,,67775,50,,,0,60,,67776,50,,,0,20,,67777,50,,,0,20,,67778,50,,,0,60,,67779,50,,,0,20,,67780,50,,,0,20,,67781,50,,,0,60,,67782,50,,,0,20,,67783,50,,,0,20,,67784,50,,,0,60,,67785,50,,,0,20,,67786,50,,,0,20,,67787,50,,,0,60,,67788,50,,,0,20,,67789,50,,,0,20,,67790,50,,,0,60,,67791,50,,,0,20,,67792,50,,,0,20,,67793,50,,,0,60,,67794,50,,,0,20,,67795,50,,,0,20,,67796,50,,,0,60,,67797,50,,,0,20,,67798,50,,,0,20,,67799,50,,,0,60,,67800,50,,,0,20,,67801,50,,,0,20,,67802,50,,,0,60,,67803,50,,,0,20,,67804,50,,,0,20,,67805,50,,,0,60,,67806,50,,,0,20,,67807,50,,,0,20,,67808,50,,,0,57,,67762,48,,,0,38,,67763,48,,,0,85,,67764,48,,,0,85,,67765,48,,,0,45,,67766,48,,,0,85,,67767,48,,,0,85,,67768,48,,,0,85,,67769,48,,,0,45,,67770,48,,,0
2000,'1393',628,,67819,50,,,0,20,,67820,50,,,0,60,,67821,50,,,0,20,,67822,50,,,0,20,,67823,50,,,0,60,,67824,50,,,0,20,,67825,50,,,0,20,,67826,50,,,0,60,,67827,50,,,0,20,,67828,50,,,0,20,,67829,50,,,0,60,,67830,50,,,0,20,,67831,50,,,0,20,,67832,50,,,0,60,,67833,50,,,0,20,,67834,50,,,0,20,,67835,50,,,0,60,,67836,50,,,0,20,,67837,50,,,0,20,,67838,50,,,0,60,,67839,50,,,0,20,,67840,50,,,0,20,,67841,50,,,0,60,,67842,50,,,0,20,,67843,50,,,0,20,,67844,50,,,0,60,,67845,50,,,0,20,,67846,50,,,0,20,,67847,50,,,0,60,,67848,50,,,0,20,,67849,50,,,0,20,,67850,50,,,0,60,,67851,50,,,0,20,,67852,50,,,0,20,,67853,50,,,0,60,,67854,50,,,0,20,,67855,50,,,0,20,,67856,50,,,0,57,,67810,48,,,0,38,,67811,48,,,0,85,,67812,48,,,0,85,,67813,48,,,0,45,,67814,48,,,0,85,,67815,48,,,0,85,,67816,48,,,0,85,,67817,48,,,0,45,,67818,48,,,0
2000,'1394',628,,67867,50,,,0,20,,67868,50,,,0,60,,67869,50,,,0,20,,67870,50,,,0,20,,67871,50,,,0,60,,67872,50,,,0,20,,67873,50,,,0,20,,67874,50,,,0,60,,67875,50,,,0,20,,67876,50,,,0,20,,67877,50,,,0,60,,67878,50,,,0,20,,67879,50,,,0,20,,67880,50,,,0,60,,67881,50,,,0,20,,67882,50,,,0,20,,67883,50,,,0,60,,67884,50,,,0,20,,67885,50,,,0,20,,67886,50,,,0,60,,67887,50,,,0,20,,67888,50,,,0,20,,67889,50,,,0,60,,67890,50,,,0,20,,67891,50,,,0,20,,67892,50,,,0,60,,67893,50,,,0,20,,67894,50,,,0,20,,67895,50,,,0,60,,67896,50,,,0,20,,67897,50,,,0,20,,67898,50,,,0,60,,67899,50,,,0,20,,67900,50,,,0,20,,67901,50,,,0,60,,67902,50,,,0,20,,67903,50,,,0,20,,67904,50,,,0,57,,67858,48,,,0,38,,67859,48,,,0,85,,67860,48,,,0,85,,67861,48,,,0,45,,67862,48,,,0,85,,67863,48,,,0,85,,67864,48,,,0,85,,67865,48,,,0,45,,67866,48,,,0
2000,'1395',628,,67915,50,,,0,20,,67916,50,,,0,60,,67917,50,,,0,20,,67918,50,,,0,20,,67919,50,,,0,60,,67920,50,,,0,20,,67921,50,,,0,20,,67922,50,,,0,60,,67923,50,,,0,20,,67924,50,,,0,20,,67925,50,,,0,60,,67926,50,,,0,20,,67927,50,,,0,20,,67928,50,,,0,60,,67929,50,,,0,20,,67930,50,,,0,20,,67931,50,,,0,60,,67932,50,,,0,20,,67933,50,,,0,20,,67934,50,,,0,60,,67935,50,,,0,20,,67936,50,,,0,20,,67937,50,,,0,60,,67938,50,,,0,20,,67939,50,,,0,20,,67940,50,,,0,60,,67941,50,,,0,20,,67942,50,,,0,20,,67943,50,,,0,60,,67944,50,,,0,20,,67945,50,,,0,20,,67946,50,,,0,60,,67947,50,,,0,20,,67948,50,,,0,20,,67949,50,,,0,60,,67950,50,,,0,20,,67951,50,,,0,20,,67952,50,,,0,57,,67906,48,,,0,38,,67907,48,,,0,85,,67908,48,,,0,85,,67909,48,,,0,45,,67910,48,,,0,85,,67911,48,,,0,85,,67912,48,,,0,85,,67913,48,,,0,45,,67914,48,,,0
2000,'1396',628,,67963,50,,,0,20,,67964,50,,,0,60,,67965,50,,,0,20,,67966,50,,,0,20,,67967,50,,,0,60,,67968,50,,,0,20,,67969,50,,,0,20,,67970,50,,,0,60,,67971,50,,,0,20,,67972,50,,,0,20,,67973,50,,,0,60,,67974,50,,,0,20,,67975,50,,,0,20,,67976,50,,,0,60,,67977,50,,,0,20,,67978,50,,,0,20,,67979,50,,,0,60,,67980,50,,,0,20,,67981,50,,,0,20,,67982,50,,,0,60,,67983,50,,,0,20,,67984,50,,,0,20,,67985,50,,,0,60,,67986,50,,,0,20,,67987,50,,,0,20,,67988,50,,,0,60,,67989,50,,,0,20,,67990,50,,,0,20,,67991,50,,,0,60,,67992,50,,,0,20,,67993,50,,,0,20,,67994,50,,,0,60,,67995,50,,,0,20,,67996,50,,,0,20,,67997,50,,,0,60,,67998,50,,,0,20,,67999,50,,,0,20,,68000,50,,,0,57,,67954,48,,,0,38,,67955,48,,,0,85,,67956,48,,,0,85,,67957,48,,,0,45,,67958,48,,,0,85,,67959,48,,,0,85,,67960,48,,,0,85,,67961,48,,,0,45,,67962,48,,,0
