463600,'1390',950,,69033,20,0,10,0,480,,69032,20,0,10,0,170,,69031,20,0,10,0,245,,69030,20,0,10,0
463600,'1391',820,,69034,20,0,10,0,630,,69035,20,0,10,0,170,,69036,20,0,10,0,300,,69037,20,0,10,0
463600,'1392',720,,69038,20,0,10,0,730,,69039,20,0,10,0,470,,69040,20,0,10,0,130,,69041,20,0,10,0
463600,'1393',720,,69042,20,0,10,0,730,,69043,20,0,10,0,470,,69044,20,0,10,0,130,,69045,20,0,10,0
463600,'1394',720,,69046,20,0,10,0,730,,69047,20,0,10,0,470,,69048,20,0,10,0,130,,69049,20,0,10,0
463600,'1395',720,,69050,20,0,10,0,730,,69051,20,0,10,0,470,,69052,20,0,10,0,130,,69053,20,0,10,0
463600,'1396',720,,69054,20,0,10,0,730,,69055,20,0,10,0,470,,69056,20,0,10,0,130,,69057,20,0,10,0
463601,'1390',837,,69061,3,0,10,0,480,,69060,3,0,10,0,130,,69059,3,0,10,0,285,,69058,3,0,10,0
463601,'1391',707,,69062,3,0,10,0,630,,69063,3,0,10,0,170,,69064,3,0,10,0,300,,69065,3,0,10,0
463601,'1392',607,,69069,3,0,10,0,730,,69068,3,0,10,0,470,,69067,3,0,10,0,130,,69066,3,0,10,0
463601,'1393',607,,69073,3,0,10,0,730,,69072,3,0,10,0,470,,69071,3,0,10,0,130,,69070,3,0,10,0
463601,'1394',607,,69077,3,0,10,0,730,,69076,3,0,10,0,470,,69075,3,0,10,0,130,,69074,3,0,10,0
463601,'1395',607,,69081,3,0,10,0,730,,69080,3,0,10,0,470,,69079,3,0,10,0,130,,69078,3,0,10,0
463601,'1396',607,,69085,3,0,10,0,730,,69084,3,0,10,0,470,,69083,3,0,10,0,130,,69082,3,0,10,0
721501,'1390',910,,71554,7,0,17,0,100,,71553,7,0,17,0,100,,71552,7,0,17,0,100,,71551,7,0,17,0,100,,71550,7,0,17,0,100,,71549,7,0,17,0,100,,71548,7,0,17,0,100,,71547,7,0,17,0,100,,71546,7,0,17,0,100,,71545,7,0,17,0,100,,71544,7,0,17,0
721501,'1391',710,,71555,7,0,17,0,100,,71556,7,0,17,0,100,,71557,7,0,17,0,100,,71558,7,0,17,0,100,,71559,7,0,17,0,100,,71560,7,0,17,0,30,,71561,7,0,17,0,70,,71562,7,0,17,0,30,,71563,7,0,17,0,70,,71564,7,0,17,0,30,,71565,7,0,17,0,70,,71566,7,0,17,0,30,,71567,7,0,17,0,70,,71568,7,0,17,0,30,,71569,7,0,17,0,70,,71570,7,0,17,0,30,,71571,7,0,17,0,70,,71572,7,0,17,0,100,,71573,7,0,17,0
721501,'1392',710,,71574,7,0,17,0,30,,71575,7,0,17,0,70,,71576,7,0,17,0,30,,71577,7,0,17,0,70,,71578,7,0,17,0,30,,71579,7,0,17,0,70,,71580,7,0,17,0,30,,71581,7,0,17,0,70,,71582,7,0,17,0,30,,71583,7,0,17,0,70,,71584,7,0,17,0,30,,71585,7,0,17,0,70,,71586,7,0,17,0,30,,71587,7,0,17,0,70,,71588,7,0,17,0,30,,71589,7,0,17,0,70,,71590,7,0,17,0,30,,71591,7,0,17,0,70,,71592,7,0,17,0,30,,71593,7,0,17,0,70,,71594,7,0,17,0,30,,71595,7,0,17,0,70,,71596,7,0,17,0,30,,71597,7,0,17,0,70,,71598,7,0,17,0,100,,71599,7,0,17,0,100,,71600,7,0,17,0,100,,71601,7,0,17,0
721501,'1393',710,,71602,7,0,17,0,30,,71603,7,0,17,0,70,,71604,7,0,17,0,30,,71605,7,0,17,0,70,,71606,7,0,17,0,30,,71607,7,0,17,0,70,,71608,7,0,17,0,30,,71609,7,0,17,0,70,,71610,7,0,17,0,30,,71611,7,0,17,0,70,,71612,7,0,17,0,30,,71613,7,0,17,0,70,,71614,7,0,17,0,30,,71615,7,0,17,0,70,,71616,7,0,17,0,30,,71617,7,0,17,0,70,,71618,7,0,17,0,30,,71619,7,0,17,0,70,,71620,7,0,17,0,30,,71621,7,0,17,0,70,,71622,7,0,17,0,30,,71623,7,0,17,0,70,,71624,7,0,17,0,30,,71625,7,0,17,0,70,,71626,7,0,17,0,100,,71627,7,0,17,0,100,,71628,7,0,17,0,100,,71629,7,0,17,0
721501,'1394',710,,71630,7,0,17,0,30,,71631,7,0,17,0,70,,71632,7,0,17,0,30,,71633,7,0,17,0,70,,71634,7,0,17,0,30,,71635,7,0,17,0,70,,71636,7,0,17,0,30,,71637,7,0,17,0,70,,71638,7,0,17,0,30,,71639,7,0,17,0,70,,71640,7,0,17,0,30,,71641,7,0,17,0,70,,71642,7,0,17,0,30,,71643,7,0,17,0,70,,71644,7,0,17,0,30,,71645,7,0,17,0,70,,71646,7,0,17,0,30,,71647,7,0,17,0,70,,71648,7,0,17,0,30,,71649,7,0,17,0,70,,71650,7,0,17,0,30,,71651,7,0,17,0,70,,71652,7,0,17,0,30,,71653,7,0,17,0,70,,71654,7,0,17,0,100,,71655,7,0,17,0,100,,71656,7,0,17,0,100,,71657,7,0,17,0
721501,'1395',710,,71658,7,0,17,0,30,,71659,7,0,17,0,70,,71660,7,0,17,0,30,,71661,7,0,17,0,70,,71662,7,0,17,0,30,,71663,7,0,17,0,70,,71664,7,0,17,0,30,,71665,7,0,17,0,70,,71666,7,0,17,0,30,,71667,7,0,17,0,70,,71668,7,0,17,0,30,,71669,7,0,17,0,70,,71670,7,0,17,0,30,,71671,7,0,17,0,70,,71672,7,0,17,0,30,,71673,7,0,17,0,70,,71674,7,0,17,0,30,,71675,7,0,17,0,70,,71676,7,0,17,0,30,,71677,7,0,17,0,70,,71678,7,0,17,0,30,,71679,7,0,17,0,70,,71680,7,0,17,0,30,,71681,7,0,17,0,70,,71682,7,0,17,0,100,,71683,7,0,17,0,100,,71684,7,0,17,0,100,,71685,7,0,17,0
721501,'1396',710,,71686,7,0,17,0,30,,71687,7,0,17,0,70,,71688,7,0,17,0,30,,71689,7,0,17,0,70,,71690,7,0,17,0,30,,71691,7,0,17,0,70,,71692,7,0,17,0,30,,71693,7,0,17,0,70,,71694,7,0,17,0,30,,71695,7,0,17,0,70,,71696,7,0,17,0,30,,71697,7,0,17,0,70,,71698,7,0,17,0,30,,71699,7,0,17,0,70,,71700,7,0,17,0,30,,71701,7,0,17,0,70,,71702,7,0,17,0,30,,71703,7,0,17,0,70,,71704,7,0,17,0,30,,71705,7,0,17,0,70,,71706,7,0,17,0,30,,71707,7,0,17,0,70,,71708,7,0,17,0,30,,71709,7,0,17,0,70,,71710,7,0,17,0,100,,71711,7,0,17,0,100,,71712,7,0,17,0,100,,71713,7,0,17,0
721502,'1390',946,,71724,47,0,16,0,100,,71723,47,0,16,0,100,,71722,47,0,16,0,100,,71721,47,0,16,0,100,,71720,47,0,16,0,100,,71719,47,0,16,0,100,,71718,47,0,16,0,100,,71717,47,0,16,0,100,,71716,47,0,16,0,100,,71715,47,0,16,0,100,,71714,47,0,16,0
721502,'1391',746,,71725,47,0,16,0,100,,71726,47,0,16,0,100,,71727,47,0,16,0,100,,71728,47,0,16,0,100,,71729,47,0,16,0,100,,71730,47,0,16,0,100,,71731,47,0,16,0,70,,71732,47,0,16,0,30,,71733,47,0,16,0,70,,71734,47,0,16,0,30,,71735,47,0,16,0,70,,71736,47,0,16,0,30,,71737,47,0,16,0,70,,71738,47,0,16,0,30,,71739,47,0,16,0,70,,71740,47,0,16,0,30,,71741,47,0,16,0,70,,71742,47,0,16,0,30,,71743,47,0,16,0
721502,'1392',746,,71745,47,0,16,0,70,,71746,47,0,16,0,30,,71747,47,0,16,0,70,,71748,47,0,16,0,30,,71749,47,0,16,0,70,,71750,47,0,16,0,30,,71751,47,0,16,0,70,,71752,47,0,16,0,30,,71753,47,0,16,0,70,,71754,47,0,16,0,30,,71755,47,0,16,0,70,,71756,47,0,16,0,30,,71757,47,0,16,0,70,,71758,47,0,16,0,30,,71759,47,0,16,0,70,,71760,47,0,16,0,30,,71761,47,0,16,0,70,,71762,47,0,16,0,30,,71763,47,0,16,0,70,,71764,47,0,16,0,30,,71765,47,0,16,0,70,,71766,47,0,16,0,30,,71767,47,0,16,0,70,,71768,47,0,16,0,30,,71769,47,0,16,0,100,,71770,47,0,16,0,100,,71771,47,0,16,0,100,,71772,47,0,16,0
721502,'1393',746,,71774,47,0,16,0,70,,71775,47,0,16,0,30,,71776,47,0,16,0,70,,71777,47,0,16,0,30,,71778,47,0,16,0,70,,71779,47,0,16,0,30,,71780,47,0,16,0,70,,71781,47,0,16,0,30,,71782,47,0,16,0,70,,71783,47,0,16,0,30,,71784,47,0,16,0,70,,71785,47,0,16,0,30,,71786,47,0,16,0,70,,71787,47,0,16,0,30,,71788,47,0,16,0,70,,71789,47,0,16,0,30,,71790,47,0,16,0,70,,71791,47,0,16,0,30,,71792,47,0,16,0,70,,71793,47,0,16,0,30,,71794,47,0,16,0,70,,71795,47,0,16,0,30,,71796,47,0,16,0,70,,71797,47,0,16,0,30,,71798,47,0,16,0,100,,71799,47,0,16,0,100,,71800,47,0,16,0,100,,71801,47,0,16,0
721502,'1394',746,,71803,47,0,16,0,70,,71804,47,0,16,0,30,,71805,47,0,16,0,70,,71806,47,0,16,0,30,,71807,47,0,16,0,70,,71808,47,0,16,0,30,,71809,47,0,16,0,70,,71810,47,0,16,0,30,,71811,47,0,16,0,70,,71812,47,0,16,0,30,,71813,47,0,16,0,70,,71814,47,0,16,0,30,,71815,47,0,16,0,70,,71816,47,0,16,0,30,,71817,47,0,16,0,70,,71818,47,0,16,0,30,,71819,47,0,16,0,70,,71820,47,0,16,0,30,,71821,47,0,16,0,70,,71822,47,0,16,0,30,,71823,47,0,16,0,70,,71824,47,0,16,0,30,,71825,47,0,16,0,70,,71826,47,0,16,0,30,,71827,47,0,16,0,100,,71828,47,0,16,0,100,,71829,47,0,16,0,100,,71830,47,0,16,0
721502,'1395',746,,71832,47,0,16,0,70,,71833,47,0,16,0,30,,71834,47,0,16,0,70,,71835,47,0,16,0,30,,71836,47,0,16,0,70,,71837,47,0,16,0,30,,71838,47,0,16,0,70,,71839,47,0,16,0,30,,71840,47,0,16,0,70,,71841,47,0,16,0,30,,71842,47,0,16,0,70,,71843,47,0,16,0,30,,71844,47,0,16,0,70,,71845,47,0,16,0,30,,71846,47,0,16,0,70,,71847,47,0,16,0,30,,71848,47,0,16,0,70,,71849,47,0,16,0,30,,71850,47,0,16,0,70,,71851,47,0,16,0,30,,71852,47,0,16,0,70,,71853,47,0,16,0,30,,71854,47,0,16,0,70,,71855,47,0,16,0,30,,71856,47,0,16,0,100,,71857,47,0,16,0,100,,71858,47,0,16,0,100,,71859,47,0,16,0
721502,'1396',746,,71861,47,0,16,0,70,,71862,47,0,16,0,30,,71863,47,0,16,0,70,,71864,47,0,16,0,30,,71865,47,0,16,0,70,,71866,47,0,16,0,30,,71867,47,0,16,0,70,,71868,47,0,16,0,30,,71869,47,0,16,0,70,,71870,47,0,16,0,30,,71871,47,0,16,0,70,,71872,47,0,16,0,30,,71873,47,0,16,0,70,,71874,47,0,16,0,30,,71875,47,0,16,0,70,,71876,47,0,16,0,30,,71877,47,0,16,0,70,,71878,47,0,16,0,30,,71879,47,0,16,0,70,,71880,47,0,16,0,30,,71881,47,0,16,0,70,,71882,47,0,16,0,30,,71883,47,0,16,0,70,,71884,47,0,16,0,30,,71885,47,0,16,0,100,,71886,47,0,16,0,100,,71887,47,0,16,0,100,,71888,47,0,16,0
