1900,'1390',956,,67309,93,4,,0,100,,67308,93,4,,0,100,,67307,93,4,,0,100,,67306,93,4,,0,100,,67305,93,4,,0,100,,67304,93,4,,0,100,,67303,93,4,,0,100,,67302,93,4,,0,100,,67301,93,4,,0,100,,67300,93,4,,0,100,,67299,93,4,,0,100,,67298,93,4,,0
1900,'1391',856,,67310,93,4,,0,100,,67311,93,4,,0,100,,67312,93,4,,0,70,,67313,93,4,,0,30,,67314,93,4,,0,70,,67315,93,4,,0,30,,67316,93,4,,0,70,,67317,93,4,,0,30,,67318,93,4,,0,70,,67319,93,4,,0,30,,67320,93,4,,0,70,,67321,93,4,,0,30,,67322,93,4,,0,70,,67323,93,4,,0,30,,67324,93,4,,0,70,,67325,93,4,,0,30,,67326,93,4,,0,70,,67327,93,4,,0,30,,67328,93,4,,0,70,,67329,93,4,,0,30,,67330,93,4,,0,70,,67331,93,4,,0,30,,67332,93,4,,0,100,,67333,93,4,,0,100,,67334,93,4,,0,100,,67335,93,4,,0
1900,'1392',656,,67336,93,4,,0,70,,67337,93,4,,0,30,,67338,93,4,,0,70,,67339,93,4,,0,30,,67340,93,4,,0,70,,67341,93,4,,0,30,,67342,93,4,,0,70,,67343,93,4,,0,30,,67344,93,4,,0,70,,67345,93,4,,0,30,,67346,93,4,,0,70,,67347,93,4,,0,30,,67348,93,4,,0,70,,67349,93,4,,0,30,,67350,93,4,,0,70,,67351,93,4,,0,30,,67352,93,4,,0,70,,67353,93,4,,0,30,,67354,93,4,,0,70,,67355,93,4,,0,30,,67356,93,4,,0,70,,67357,93,4,,0,30,,67358,93,4,,0,70,,67359,93,4,,0,30,,67360,93,4,,0,70,,67361,93,4,,0,30,,67362,93,4,,0,70,,67363,93,4,,0,30,,67364,93,4,,0,70,,67365,93,4,,0,30,,67366,93,4,,0,70,,67367,93,4,,0,100,,67368,93,4,,0,100,,67369,93,4,,0
1900,'1393',656,,67370,93,4,,0,70,,67371,93,4,,0,30,,67372,93,4,,0,70,,67373,93,4,,0,30,,67374,93,4,,0,70,,67375,93,4,,0,30,,67376,93,4,,0,70,,67377,93,4,,0,30,,67378,93,4,,0,70,,67379,93,4,,0,30,,67380,93,4,,0,70,,67381,93,4,,0,30,,67382,93,4,,0,70,,67383,93,4,,0,30,,67384,93,4,,0,70,,67385,93,4,,0,30,,67386,93,4,,0,70,,67387,93,4,,0,30,,67388,93,4,,0,70,,67389,93,4,,0,30,,67390,93,4,,0,70,,67391,93,4,,0,30,,67392,93,4,,0,70,,67393,93,4,,0,30,,67394,93,4,,0,70,,67395,93,4,,0,30,,67396,93,4,,0,70,,67397,93,4,,0,30,,67398,93,4,,0,70,,67399,93,4,,0,30,,67400,93,4,,0,70,,67401,93,4,,0,100,,67402,93,4,,0,100,,67403,93,4,,0
1900,'1394',656,,67404,93,4,,0,70,,67405,93,4,,0,30,,67406,93,4,,0,70,,67407,93,4,,0,30,,67408,93,4,,0,70,,67409,93,4,,0,30,,67410,93,4,,0,70,,67411,93,4,,0,30,,67412,93,4,,0,70,,67413,93,4,,0,30,,67414,93,4,,0,70,,67415,93,4,,0,30,,67416,93,4,,0,70,,67417,93,4,,0,30,,67418,93,4,,0,70,,67419,93,4,,0,30,,67420,93,4,,0,70,,67421,93,4,,0,30,,67422,93,4,,0,70,,67423,93,4,,0,30,,67424,93,4,,0,70,,67425,93,4,,0,30,,67426,93,4,,0,70,,67427,93,4,,0,30,,67428,93,4,,0,70,,67429,93,4,,0,30,,67430,93,4,,0,70,,67431,93,4,,0,30,,67432,93,4,,0,70,,67433,93,4,,0,30,,67434,93,4,,0,70,,67435,93,4,,0,100,,67436,93,4,,0,100,,67437,93,4,,0
1900,'1395',656,,67438,93,4,,0,70,,67439,93,4,,0,30,,67440,93,4,,0,70,,67441,93,4,,0,30,,67442,93,4,,0,70,,67443,93,4,,0,30,,67444,93,4,,0,70,,67445,93,4,,0,30,,67446,93,4,,0,70,,67447,93,4,,0,30,,67448,93,4,,0,70,,67449,93,4,,0,30,,67450,93,4,,0,70,,67451,93,4,,0,30,,67452,93,4,,0,70,,67453,93,4,,0,30,,67454,93,4,,0,70,,67455,93,4,,0,30,,67456,93,4,,0,70,,67457,93,4,,0,30,,67458,93,4,,0,70,,67459,93,4,,0,30,,67460,93,4,,0,70,,67461,93,4,,0,30,,67462,93,4,,0,70,,67463,93,4,,0,30,,67464,93,4,,0,70,,67465,93,4,,0,30,,67466,93,4,,0,70,,67467,93,4,,0,30,,67468,93,4,,0,70,,67469,93,4,,0,100,,67470,93,4,,0,100,,67471,93,4,,0
1900,'1396',656,,67472,93,4,,0,70,,67473,93,4,,0,30,,67474,93,4,,0,70,,67475,93,4,,0,30,,67476,93,4,,0,70,,67477,93,4,,0,30,,67478,93,4,,0,70,,67479,93,4,,0,30,,67480,93,4,,0,70,,67481,93,4,,0,30,,67482,93,4,,0,70,,67483,93,4,,0,30,,67484,93,4,,0,70,,67485,93,4,,0,30,,67486,93,4,,0,70,,67487,93,4,,0,30,,67488,93,4,,0,70,,67489,93,4,,0,30,,67490,93,4,,0,70,,67491,93,4,,0,30,,67492,93,4,,0,70,,67493,93,4,,0,30,,67494,93,4,,0,70,,67495,93,4,,0,30,,67496,93,4,,0,70,,67497,93,4,,0,30,,67498,93,4,,0,70,,67499,93,4,,0,30,,67500,93,4,,0,70,,67501,93,4,,0,30,,67502,93,4,,0,70,,67503,93,4,,0,100,,67504,93,4,,0,100,,67505,93,4,,0
1901,'1390',900,,67517,1,,,0,100,,67516,1,,,0,100,,67515,1,,,0,100,,67514,1,,,0,100,,67513,1,,,0,100,,67512,1,,,0,100,,67511,1,,,0,100,,67510,1,,,0,100,,67509,1,,,0,100,,67508,1,,,0,100,,67507,1,,,0,100,,67506,1,,,0
1901,'1391',800,,67518,1,,,0,100,,67519,1,,,0,100,,67520,1,,,0,30,,67521,1,,,0,70,,67522,1,,,0,30,,67523,1,,,0,70,,67524,1,,,0,30,,67525,1,,,0,70,,67526,1,,,0,30,,67527,1,,,0,70,,67528,1,,,0,30,,67529,1,,,0,70,,67530,1,,,0,30,,67531,1,,,0,70,,67532,1,,,0,30,,67533,1,,,0,70,,67534,1,,,0,30,,67535,1,,,0,70,,67536,1,,,0,30,,67537,1,,,0,70,,67538,1,,,0,30,,67539,1,,,0,70,,67540,1,,,0,100,,67541,1,,,0,100,,67542,1,,,0,100,,67543,1,,,0
1901,'1392',600,,67544,1,,,0,30,,67545,1,,,0,70,,67546,1,,,0,30,,67547,1,,,0,70,,67548,1,,,0,30,,67549,1,,,0,70,,67550,1,,,0,30,,67551,1,,,0,70,,67552,1,,,0,30,,67553,1,,,0,70,,67554,1,,,0,30,,67555,1,,,0,70,,67556,1,,,0,30,,67557,1,,,0,70,,67558,1,,,0,30,,67559,1,,,0,70,,67560,1,,,0,30,,67561,1,,,0,70,,67562,1,,,0,30,,67563,1,,,0,70,,67564,1,,,0,30,,67565,1,,,0,70,,67566,1,,,0,30,,67567,1,,,0,70,,67568,1,,,0,30,,67569,1,,,0,70,,67570,1,,,0,30,,67571,1,,,0,70,,67572,1,,,0,30,,67573,1,,,0,70,,67574,1,,,0,30,,67575,1,,,0,100,,67576,1,,,0,100,,67577,1,,,0
1901,'1393',600,,67578,1,,,0,30,,67579,1,,,0,70,,67580,1,,,0,30,,67581,1,,,0,70,,67582,1,,,0,30,,67583,1,,,0,70,,67584,1,,,0,30,,67585,1,,,0,70,,67586,1,,,0,30,,67587,1,,,0,70,,67588,1,,,0,30,,67589,1,,,0,70,,67590,1,,,0,30,,67591,1,,,0,70,,67592,1,,,0,30,,67593,1,,,0,70,,67594,1,,,0,30,,67595,1,,,0,70,,67596,1,,,0,30,,67597,1,,,0,70,,67598,1,,,0,30,,67599,1,,,0,70,,67600,1,,,0,30,,67601,1,,,0,70,,67602,1,,,0,30,,67603,1,,,0,70,,67604,1,,,0,30,,67605,1,,,0,70,,67606,1,,,0,30,,67607,1,,,0,70,,67608,1,,,0,30,,67609,1,,,0,100,,67610,1,,,0,100,,67611,1,,,0
1901,'1394',600,,67612,1,,,0,30,,67613,1,,,0,70,,67614,1,,,0,30,,67615,1,,,0,70,,67616,1,,,0,30,,67617,1,,,0,70,,67618,1,,,0,30,,67619,1,,,0,70,,67620,1,,,0,30,,67621,1,,,0,70,,67622,1,,,0,30,,67623,1,,,0,70,,67624,1,,,0,30,,67625,1,,,0,70,,67626,1,,,0,30,,67627,1,,,0,70,,67628,1,,,0,30,,67629,1,,,0,70,,67630,1,,,0,30,,67631,1,,,0,70,,67632,1,,,0,30,,67633,1,,,0,70,,67634,1,,,0,30,,67635,1,,,0,70,,67636,1,,,0,30,,67637,1,,,0,70,,67638,1,,,0,30,,67639,1,,,0,70,,67640,1,,,0,30,,67641,1,,,0,70,,67642,1,,,0,30,,67643,1,,,0,100,,67644,1,,,0,100,,67645,1,,,0
1901,'1395',600,,67646,1,,,0,30,,67647,1,,,0,70,,67648,1,,,0,30,,67649,1,,,0,70,,67650,1,,,0,30,,67651,1,,,0,70,,67652,1,,,0,30,,67653,1,,,0,70,,67654,1,,,0,30,,67655,1,,,0,70,,67656,1,,,0,30,,67657,1,,,0,70,,67658,1,,,0,30,,67659,1,,,0,70,,67660,1,,,0,30,,67661,1,,,0,70,,67662,1,,,0,30,,67663,1,,,0,70,,67664,1,,,0,30,,67665,1,,,0,70,,67666,1,,,0,30,,67667,1,,,0,70,,67668,1,,,0,30,,67669,1,,,0,70,,67670,1,,,0,30,,67671,1,,,0,70,,67672,1,,,0,30,,67673,1,,,0,70,,67674,1,,,0,30,,67675,1,,,0,70,,67676,1,,,0,30,,67677,1,,,0,100,,67678,1,,,0,100,,67679,1,,,0
1901,'1396',600,,67680,1,,,0,30,,67681,1,,,0,70,,67682,1,,,0,30,,67683,1,,,0,70,,67684,1,,,0,30,,67685,1,,,0,70,,67686,1,,,0,30,,67687,1,,,0,70,,67688,1,,,0,30,,67689,1,,,0,70,,67690,1,,,0,30,,67691,1,,,0,70,,67692,1,,,0,30,,67693,1,,,0,70,,67694,1,,,0,30,,67695,1,,,0,70,,67696,1,,,0,30,,67697,1,,,0,70,,67698,1,,,0,30,,67699,1,,,0,70,,67700,1,,,0,30,,67701,1,,,0,70,,67702,1,,,0,30,,67703,1,,,0,70,,67704,1,,,0,30,,67705,1,,,0,70,,67706,1,,,0,30,,67707,1,,,0,70,,67708,1,,,0,30,,67709,1,,,0,70,,67710,1,,,0,30,,67711,1,,,0,100,,67712,1,,,0,100,,67713,1,,,0
647703,'1390',957,,69953,36,4,,0,70,,69952,36,4,,0,30,,69951,36,4,,0,70,,69950,36,4,,0,30,,69949,36,4,,0,70,,69948,36,4,,0,30,,69947,36,4,,0,70,,69946,36,4,,0,30,,69945,36,4,,0,70,,69944,36,4,,0,30,,69943,36,4,,0,70,,69942,36,4,,0,30,,69941,36,4,,0,70,,69940,36,4,,0,30,,69939,36,4,,0,70,,69938,36,4,,0,30,,69937,36,4,,0,100,,69936,36,4,,0,100,,69935,36,4,,0
647703,'1391',857,,69954,36,4,,0,70,,69955,36,4,,0,30,,69956,36,4,,0,70,,69957,36,4,,0,30,,69958,36,4,,0,70,,69959,36,4,,0,30,,69960,36,4,,0,70,,69961,36,4,,0,30,,69962,36,4,,0,70,,69963,36,4,,0,30,,69964,36,4,,0,70,,69965,36,4,,0,30,,69966,36,4,,0,70,,69967,36,4,,0,30,,69968,36,4,,0,70,,69969,36,4,,0,30,,69970,36,4,,0,70,,69971,36,4,,0,30,,69972,36,4,,0,70,,69973,36,4,,0,30,,69974,36,4,,0,70,,69975,36,4,,0,30,,69976,36,4,,0,100,,69977,36,4,,0,100,,69978,36,4,,0,100,,69979,36,4,,0
647703,'1392',657,,69980,36,4,,0,70,,69981,36,4,,0,30,,69982,36,4,,0,70,,69983,36,4,,0,30,,69984,36,4,,0,70,,69985,36,4,,0,30,,69986,36,4,,0,70,,69987,36,4,,0,30,,69988,36,4,,0,70,,69989,36,4,,0,30,,69990,36,4,,0,70,,69991,36,4,,0,30,,69992,36,4,,0,70,,69993,36,4,,0,30,,69994,36,4,,0,70,,69995,36,4,,0,30,,69996,36,4,,0,70,,69997,36,4,,0,30,,69998,36,4,,0,70,,69999,36,4,,0,30,,70000,36,4,,0,70,,70001,36,4,,0,30,,70002,36,4,,0,70,,70003,36,4,,0,30,,70004,36,4,,0,70,,70005,36,4,,0,30,,70006,36,4,,0,70,,70007,36,4,,0,30,,70008,36,4,,0,100,,70009,36,4,,0,100,,70010,36,4,,0,100,,70011,36,4,,0
647703,'1393',657,,70012,36,4,,0,70,,70013,36,4,,0,30,,70014,36,4,,0,70,,70015,36,4,,0,30,,70016,36,4,,0,70,,70017,36,4,,0,30,,70018,36,4,,0,70,,70019,36,4,,0,30,,70020,36,4,,0,70,,70021,36,4,,0,30,,70022,36,4,,0,70,,70023,36,4,,0,30,,70024,36,4,,0,70,,70025,36,4,,0,30,,70026,36,4,,0,70,,70027,36,4,,0,30,,70028,36,4,,0,70,,70029,36,4,,0,30,,70030,36,4,,0,70,,70031,36,4,,0,30,,70032,36,4,,0,70,,70033,36,4,,0,30,,70034,36,4,,0,70,,70035,36,4,,0,30,,70036,36,4,,0,70,,70037,36,4,,0,30,,70038,36,4,,0,70,,70039,36,4,,0,30,,70040,36,4,,0,100,,70041,36,4,,0,100,,70042,36,4,,0,100,,70043,36,4,,0
647703,'1394',657,,70044,36,4,,0,70,,70045,36,4,,0,30,,70046,36,4,,0,70,,70047,36,4,,0,30,,70048,36,4,,0,70,,70049,36,4,,0,30,,70050,36,4,,0,70,,70051,36,4,,0,30,,70052,36,4,,0,70,,70053,36,4,,0,30,,70054,36,4,,0,70,,70055,36,4,,0,30,,70056,36,4,,0,70,,70057,36,4,,0,30,,70058,36,4,,0,70,,70059,36,4,,0,30,,70060,36,4,,0,70,,70061,36,4,,0,30,,70062,36,4,,0,70,,70063,36,4,,0,30,,70064,36,4,,0,70,,70065,36,4,,0,30,,70066,36,4,,0,70,,70067,36,4,,0,30,,70068,36,4,,0,70,,70069,36,4,,0,30,,70070,36,4,,0,70,,70071,36,4,,0,30,,70072,36,4,,0,100,,70073,36,4,,0,100,,70074,36,4,,0,100,,70075,36,4,,0
647703,'1395',657,,70076,36,4,,0,70,,70077,36,4,,0,30,,70078,36,4,,0,70,,70079,36,4,,0,30,,70080,36,4,,0,70,,70081,36,4,,0,30,,70082,36,4,,0,70,,70083,36,4,,0,30,,70084,36,4,,0,70,,70085,36,4,,0,30,,70086,36,4,,0,70,,70087,36,4,,0,30,,70088,36,4,,0,70,,70089,36,4,,0,30,,70090,36,4,,0,70,,70091,36,4,,0,30,,70092,36,4,,0,70,,70093,36,4,,0,30,,70094,36,4,,0,70,,70095,36,4,,0,30,,70096,36,4,,0,70,,70097,36,4,,0,30,,70098,36,4,,0,70,,70099,36,4,,0,30,,70100,36,4,,0,70,,70101,36,4,,0,30,,70102,36,4,,0,70,,70103,36,4,,0,30,,70104,36,4,,0,100,,70105,36,4,,0,100,,70106,36,4,,0,100,,70107,36,4,,0
647703,'1396',657,,70108,36,4,,0,70,,70109,36,4,,0,30,,70110,36,4,,0,70,,70111,36,4,,0,30,,70112,36,4,,0,70,,70113,36,4,,0,30,,70114,36,4,,0,70,,70115,36,4,,0,30,,70116,36,4,,0,70,,70117,36,4,,0,30,,70118,36,4,,0,70,,70119,36,4,,0,30,,70120,36,4,,0,70,,70121,36,4,,0,30,,70122,36,4,,0,70,,70123,36,4,,0,30,,70124,36,4,,0,70,,70125,36,4,,0,30,,70126,36,4,,0,70,,70127,36,4,,0,30,,70128,36,4,,0,70,,70129,36,4,,0,30,,70130,36,4,,0,70,,70131,36,4,,0,30,,70132,36,4,,0,70,,70133,36,4,,0,30,,70134,36,4,,0,70,,70135,36,4,,0,30,,70136,36,4,,0,100,,70137,36,4,,0,100,,70138,36,4,,0,100,,70139,36,4,,0
647704,'1390',900,,70158,1,0,14,0,100,,70157,1,0,14,0,30,,70156,1,0,14,0,70,,70155,1,0,14,0,30,,70154,1,0,14,0,70,,70153,1,0,14,0,30,,70152,1,0,14,0,70,,70151,1,0,14,0,30,,70150,1,0,14,0,70,,70149,1,0,14,0,30,,70148,1,0,14,0,70,,70147,1,0,14,0,30,,70146,1,0,14,0,70,,70145,1,0,14,0,30,,70144,1,0,14,0,70,,70143,1,0,14,0,30,,70142,1,0,14,0,70,,70141,1,0,14,0,100,,70140,1,0,14,0
647704,'1391',800,,70159,1,0,14,0,100,,70160,1,0,14,0,30,,70161,1,0,14,0,70,,70162,1,0,14,0,30,,70163,1,0,14,0,70,,70164,1,0,14,0,30,,70165,1,0,14,0,70,,70166,1,0,14,0,30,,70167,1,0,14,0,70,,70168,1,0,14,0,30,,70169,1,0,14,0,70,,70170,1,0,14,0,30,,70171,1,0,14,0,70,,70172,1,0,14,0,30,,70173,1,0,14,0,70,,70174,1,0,14,0,30,,70175,1,0,14,0,70,,70176,1,0,14,0,30,,70177,1,0,14,0,70,,70178,1,0,14,0,30,,70179,1,0,14,0,70,,70180,1,0,14,0,30,,70181,1,0,14,0,70,,70182,1,0,14,0,100,,70183,1,0,14,0,100,,70184,1,0,14,0
647704,'1392',600,,70185,1,0,14,0,100,,70186,1,0,14,0,30,,70187,1,0,14,0,70,,70188,1,0,14,0,30,,70189,1,0,14,0,70,,70190,1,0,14,0,30,,70191,1,0,14,0,70,,70192,1,0,14,0,30,,70193,1,0,14,0,70,,70194,1,0,14,0,30,,70195,1,0,14,0,70,,70196,1,0,14,0,30,,70197,1,0,14,0,70,,70198,1,0,14,0,30,,70199,1,0,14,0,70,,70200,1,0,14,0,30,,70201,1,0,14,0,70,,70202,1,0,14,0,30,,70203,1,0,14,0,70,,70204,1,0,14,0,30,,70205,1,0,14,0,70,,70206,1,0,14,0,30,,70207,1,0,14,0,70,,70208,1,0,14,0,30,,70209,1,0,14,0,70,,70210,1,0,14,0,30,,70211,1,0,14,0,70,,70212,1,0,14,0,30,,70213,1,0,14,0,70,,70214,1,0,14,0,100,,70215,1,0,14,0,100,,70216,1,0,14,0
647704,'1393',600,,70217,1,0,14,0,100,,70218,1,0,14,0,30,,70219,1,0,14,0,70,,70220,1,0,14,0,30,,70221,1,0,14,0,70,,70222,1,0,14,0,30,,70223,1,0,14,0,70,,70224,1,0,14,0,30,,70225,1,0,14,0,70,,70226,1,0,14,0,30,,70227,1,0,14,0,70,,70228,1,0,14,0,30,,70229,1,0,14,0,70,,70230,1,0,14,0,30,,70231,1,0,14,0,70,,70232,1,0,14,0,30,,70233,1,0,14,0,70,,70234,1,0,14,0,30,,70235,1,0,14,0,70,,70236,1,0,14,0,30,,70237,1,0,14,0,70,,70238,1,0,14,0,30,,70239,1,0,14,0,70,,70240,1,0,14,0,30,,70241,1,0,14,0,70,,70242,1,0,14,0,30,,70243,1,0,14,0,70,,70244,1,0,14,0,30,,70245,1,0,14,0,70,,70246,1,0,14,0,100,,70247,1,0,14,0,100,,70248,1,0,14,0
647704,'1394',600,,70249,1,0,14,0,100,,70250,1,0,14,0,30,,70251,1,0,14,0,70,,70252,1,0,14,0,30,,70253,1,0,14,0,70,,70254,1,0,14,0,30,,70255,1,0,14,0,70,,70256,1,0,14,0,30,,70257,1,0,14,0,70,,70258,1,0,14,0,30,,70259,1,0,14,0,70,,70260,1,0,14,0,30,,70261,1,0,14,0,70,,70262,1,0,14,0,30,,70263,1,0,14,0,70,,70264,1,0,14,0,30,,70265,1,0,14,0,70,,70266,1,0,14,0,30,,70267,1,0,14,0,70,,70268,1,0,14,0,30,,70269,1,0,14,0,70,,70270,1,0,14,0,30,,70271,1,0,14,0,70,,70272,1,0,14,0,30,,70273,1,0,14,0,70,,70274,1,0,14,0,30,,70275,1,0,14,0,70,,70276,1,0,14,0,30,,70277,1,0,14,0,70,,70278,1,0,14,0,100,,70279,1,0,14,0,100,,70280,1,0,14,0
647704,'1395',600,,70281,1,0,14,0,100,,70282,1,0,14,0,30,,70283,1,0,14,0,70,,70284,1,0,14,0,30,,70285,1,0,14,0,70,,70286,1,0,14,0,30,,70287,1,0,14,0,70,,70288,1,0,14,0,30,,70289,1,0,14,0,70,,70290,1,0,14,0,30,,70291,1,0,14,0,70,,70292,1,0,14,0,30,,70293,1,0,14,0,70,,70294,1,0,14,0,30,,70295,1,0,14,0,70,,70296,1,0,14,0,30,,70297,1,0,14,0,70,,70298,1,0,14,0,30,,70299,1,0,14,0,70,,70300,1,0,14,0,30,,70301,1,0,14,0,70,,70302,1,0,14,0,30,,70303,1,0,14,0,70,,70304,1,0,14,0,30,,70305,1,0,14,0,70,,70306,1,0,14,0,30,,70307,1,0,14,0,70,,70308,1,0,14,0,30,,70309,1,0,14,0,70,,70310,1,0,14,0,100,,70311,1,0,14,0,100,,70312,1,0,14,0
647704,'1396',600,,70313,1,0,14,0,100,,70314,1,0,14,0,30,,70315,1,0,14,0,70,,70316,1,0,14,0,30,,70317,1,0,14,0,70,,70318,1,0,14,0,30,,70319,1,0,14,0,70,,70320,1,0,14,0,30,,70321,1,0,14,0,70,,70322,1,0,14,0,30,,70323,1,0,14,0,70,,70324,1,0,14,0,30,,70325,1,0,14,0,70,,70326,1,0,14,0,30,,70327,1,0,14,0,70,,70328,1,0,14,0,30,,70329,1,0,14,0,70,,70330,1,0,14,0,30,,70331,1,0,14,0,70,,70332,1,0,14,0,30,,70333,1,0,14,0,70,,70334,1,0,14,0,30,,70335,1,0,14,0,70,,70336,1,0,14,0,30,,70337,1,0,14,0,70,,70338,1,0,14,0,30,,70339,1,0,14,0,70,,70340,1,0,14,0,30,,70341,1,0,14,0,70,,70342,1,0,14,0,100,,70343,1,0,14,0,100,,70344,1,0,14,0
721501,'1390',900,,71554,1,0,17,0,100,,71553,1,0,17,0,100,,71552,1,0,17,0,100,,71551,1,0,17,0,100,,71550,1,0,17,0,100,,71549,1,0,17,0,100,,71548,1,0,17,0,100,,71547,1,0,17,0,100,,71546,1,0,17,0,100,,71545,1,0,17,0,100,,71544,1,0,17,0
721501,'1391',700,,71555,1,0,17,0,100,,71556,1,0,17,0,100,,71557,1,0,17,0,100,,71558,1,0,17,0,100,,71559,1,0,17,0,100,,71560,1,0,17,0,30,,71561,1,0,17,0,70,,71562,1,0,17,0,30,,71563,1,0,17,0,70,,71564,1,0,17,0,30,,71565,1,0,17,0,70,,71566,1,0,17,0,30,,71567,1,0,17,0,70,,71568,1,0,17,0,30,,71569,1,0,17,0,70,,71570,1,0,17,0,30,,71571,1,0,17,0,70,,71572,1,0,17,0,100,,71573,1,0,17,0
721501,'1392',700,,71574,1,0,17,0,30,,71575,1,0,17,0,70,,71576,1,0,17,0,30,,71577,1,0,17,0,70,,71578,1,0,17,0,30,,71579,1,0,17,0,70,,71580,1,0,17,0,30,,71581,1,0,17,0,70,,71582,1,0,17,0,30,,71583,1,0,17,0,70,,71584,1,0,17,0,30,,71585,1,0,17,0,70,,71586,1,0,17,0,30,,71587,1,0,17,0,70,,71588,1,0,17,0,30,,71589,1,0,17,0,70,,71590,1,0,17,0,30,,71591,1,0,17,0,70,,71592,1,0,17,0,30,,71593,1,0,17,0,70,,71594,1,0,17,0,30,,71595,1,0,17,0,70,,71596,1,0,17,0,30,,71597,1,0,17,0,70,,71598,1,0,17,0,100,,71599,1,0,17,0,100,,71600,1,0,17,0,100,,71601,1,0,17,0
721501,'1393',700,,71602,1,0,17,0,30,,71603,1,0,17,0,70,,71604,1,0,17,0,30,,71605,1,0,17,0,70,,71606,1,0,17,0,30,,71607,1,0,17,0,70,,71608,1,0,17,0,30,,71609,1,0,17,0,70,,71610,1,0,17,0,30,,71611,1,0,17,0,70,,71612,1,0,17,0,30,,71613,1,0,17,0,70,,71614,1,0,17,0,30,,71615,1,0,17,0,70,,71616,1,0,17,0,30,,71617,1,0,17,0,70,,71618,1,0,17,0,30,,71619,1,0,17,0,70,,71620,1,0,17,0,30,,71621,1,0,17,0,70,,71622,1,0,17,0,30,,71623,1,0,17,0,70,,71624,1,0,17,0,30,,71625,1,0,17,0,70,,71626,1,0,17,0,100,,71627,1,0,17,0,100,,71628,1,0,17,0,100,,71629,1,0,17,0
721501,'1394',700,,71630,1,0,17,0,30,,71631,1,0,17,0,70,,71632,1,0,17,0,30,,71633,1,0,17,0,70,,71634,1,0,17,0,30,,71635,1,0,17,0,70,,71636,1,0,17,0,30,,71637,1,0,17,0,70,,71638,1,0,17,0,30,,71639,1,0,17,0,70,,71640,1,0,17,0,30,,71641,1,0,17,0,70,,71642,1,0,17,0,30,,71643,1,0,17,0,70,,71644,1,0,17,0,30,,71645,1,0,17,0,70,,71646,1,0,17,0,30,,71647,1,0,17,0,70,,71648,1,0,17,0,30,,71649,1,0,17,0,70,,71650,1,0,17,0,30,,71651,1,0,17,0,70,,71652,1,0,17,0,30,,71653,1,0,17,0,70,,71654,1,0,17,0,100,,71655,1,0,17,0,100,,71656,1,0,17,0,100,,71657,1,0,17,0
721501,'1395',700,,71658,1,0,17,0,30,,71659,1,0,17,0,70,,71660,1,0,17,0,30,,71661,1,0,17,0,70,,71662,1,0,17,0,30,,71663,1,0,17,0,70,,71664,1,0,17,0,30,,71665,1,0,17,0,70,,71666,1,0,17,0,30,,71667,1,0,17,0,70,,71668,1,0,17,0,30,,71669,1,0,17,0,70,,71670,1,0,17,0,30,,71671,1,0,17,0,70,,71672,1,0,17,0,30,,71673,1,0,17,0,70,,71674,1,0,17,0,30,,71675,1,0,17,0,70,,71676,1,0,17,0,30,,71677,1,0,17,0,70,,71678,1,0,17,0,30,,71679,1,0,17,0,70,,71680,1,0,17,0,30,,71681,1,0,17,0,70,,71682,1,0,17,0,100,,71683,1,0,17,0,100,,71684,1,0,17,0,100,,71685,1,0,17,0
721501,'1396',700,,71686,1,0,17,0,30,,71687,1,0,17,0,70,,71688,1,0,17,0,30,,71689,1,0,17,0,70,,71690,1,0,17,0,30,,71691,1,0,17,0,70,,71692,1,0,17,0,30,,71693,1,0,17,0,70,,71694,1,0,17,0,30,,71695,1,0,17,0,70,,71696,1,0,17,0,30,,71697,1,0,17,0,70,,71698,1,0,17,0,30,,71699,1,0,17,0,70,,71700,1,0,17,0,30,,71701,1,0,17,0,70,,71702,1,0,17,0,30,,71703,1,0,17,0,70,,71704,1,0,17,0,30,,71705,1,0,17,0,70,,71706,1,0,17,0,30,,71707,1,0,17,0,70,,71708,1,0,17,0,30,,71709,1,0,17,0,70,,71710,1,0,17,0,100,,71711,1,0,17,0,100,,71712,1,0,17,0,100,,71713,1,0,17,0
721502,'1390',955,,71724,53,4,,0,100,,71723,53,4,,0,100,,71722,53,4,,0,100,,71721,53,4,,0,100,,71720,53,4,,0,100,,71719,53,4,,0,100,,71718,53,4,,0,100,,71717,53,4,,0,100,,71716,53,4,,0,100,,71715,53,4,,0,100,,71714,53,4,,0
721502,'1391',755,,71725,53,4,,0,100,,71726,53,4,,0,100,,71727,53,4,,0,100,,71728,53,4,,0,100,,71729,53,4,,0,100,,71730,53,4,,0,100,,71731,53,4,,0,70,,71732,53,4,,0,30,,71733,53,4,,0,70,,71734,53,4,,0,30,,71735,53,4,,0,70,,71736,53,4,,0,30,,71737,53,4,,0,70,,71738,53,4,,0,30,,71739,53,4,,0,70,,71740,53,4,,0,30,,71741,53,4,,0,70,,71742,53,4,,0,30,,71743,53,4,,0
721502,'1392',755,,71745,53,4,,0,70,,71746,53,4,,0,30,,71747,53,4,,0,70,,71748,53,4,,0,30,,71749,53,4,,0,70,,71750,53,4,,0,30,,71751,53,4,,0,70,,71752,53,4,,0,30,,71753,53,4,,0,70,,71754,53,4,,0,30,,71755,53,4,,0,70,,71756,53,4,,0,30,,71757,53,4,,0,70,,71758,53,4,,0,30,,71759,53,4,,0,70,,71760,53,4,,0,30,,71761,53,4,,0,70,,71762,53,4,,0,30,,71763,53,4,,0,70,,71764,53,4,,0,30,,71765,53,4,,0,70,,71766,53,4,,0,30,,71767,53,4,,0,70,,71768,53,4,,0,30,,71769,53,4,,0,100,,71770,53,4,,0,100,,71771,53,4,,0,100,,71772,53,4,,0
721502,'1393',755,,71774,53,4,,0,70,,71775,53,4,,0,30,,71776,53,4,,0,70,,71777,53,4,,0,30,,71778,53,4,,0,70,,71779,53,4,,0,30,,71780,53,4,,0,70,,71781,53,4,,0,30,,71782,53,4,,0,70,,71783,53,4,,0,30,,71784,53,4,,0,70,,71785,53,4,,0,30,,71786,53,4,,0,70,,71787,53,4,,0,30,,71788,53,4,,0,70,,71789,53,4,,0,30,,71790,53,4,,0,70,,71791,53,4,,0,30,,71792,53,4,,0,70,,71793,53,4,,0,30,,71794,53,4,,0,70,,71795,53,4,,0,30,,71796,53,4,,0,70,,71797,53,4,,0,30,,71798,53,4,,0,100,,71799,53,4,,0,100,,71800,53,4,,0,100,,71801,53,4,,0
721502,'1394',755,,71803,53,4,,0,70,,71804,53,4,,0,30,,71805,53,4,,0,70,,71806,53,4,,0,30,,71807,53,4,,0,70,,71808,53,4,,0,30,,71809,53,4,,0,70,,71810,53,4,,0,30,,71811,53,4,,0,70,,71812,53,4,,0,30,,71813,53,4,,0,70,,71814,53,4,,0,30,,71815,53,4,,0,70,,71816,53,4,,0,30,,71817,53,4,,0,70,,71818,53,4,,0,30,,71819,53,4,,0,70,,71820,53,4,,0,30,,71821,53,4,,0,70,,71822,53,4,,0,30,,71823,53,4,,0,70,,71824,53,4,,0,30,,71825,53,4,,0,70,,71826,53,4,,0,30,,71827,53,4,,0,100,,71828,53,4,,0,100,,71829,53,4,,0,100,,71830,53,4,,0
721502,'1395',755,,71832,53,4,,0,70,,71833,53,4,,0,30,,71834,53,4,,0,70,,71835,53,4,,0,30,,71836,53,4,,0,70,,71837,53,4,,0,30,,71838,53,4,,0,70,,71839,53,4,,0,30,,71840,53,4,,0,70,,71841,53,4,,0,30,,71842,53,4,,0,70,,71843,53,4,,0,30,,71844,53,4,,0,70,,71845,53,4,,0,30,,71846,53,4,,0,70,,71847,53,4,,0,30,,71848,53,4,,0,70,,71849,53,4,,0,30,,71850,53,4,,0,70,,71851,53,4,,0,30,,71852,53,4,,0,70,,71853,53,4,,0,30,,71854,53,4,,0,70,,71855,53,4,,0,30,,71856,53,4,,0,100,,71857,53,4,,0,100,,71858,53,4,,0,100,,71859,53,4,,0
721502,'1396',755,,71861,53,4,,0,70,,71862,53,4,,0,30,,71863,53,4,,0,70,,71864,53,4,,0,30,,71865,53,4,,0,70,,71866,53,4,,0,30,,71867,53,4,,0,70,,71868,53,4,,0,30,,71869,53,4,,0,70,,71870,53,4,,0,30,,71871,53,4,,0,70,,71872,53,4,,0,30,,71873,53,4,,0,70,,71874,53,4,,0,30,,71875,53,4,,0,70,,71876,53,4,,0,30,,71877,53,4,,0,70,,71878,53,4,,0,30,,71879,53,4,,0,70,,71880,53,4,,0,30,,71881,53,4,,0,70,,71882,53,4,,0,30,,71883,53,4,,0,70,,71884,53,4,,0,30,,71885,53,4,,0,100,,71886,53,4,,0,100,,71887,53,4,,0,100,,71888,53,4,,0
