722501,'1392',550,,71889,41,0,17,0,160,,71890,41,0,17,0,100,,71891,41,0,17,0,100,,71892,41,0,17,0,100,,71893,41,0,17,0,100,,71894,41,0,17,0,100,,71895,41,0,17,0,100,,71896,41,0,17,0,100,,71897,41,0,17,0,100,,71898,41,0,17,0,100,,71899,41,0,17,0,100,,71900,41,0,17,0,100,,71901,41,0,17,0,100,,71902,41,0,17,0,100,,71903,41,0,17,0,100,,71904,41,0,17,0,100,,71905,41,0,17,0,100,,71906,41,0,17,0
722501,'1393',550,,71907,41,0,17,0,160,,71908,41,0,17,0,100,,71909,41,0,17,0,100,,71910,41,0,17,0,100,,71911,41,0,17,0,100,,71912,41,0,17,0,100,,71913,41,0,17,0,100,,71914,41,0,17,0,100,,71915,41,0,17,0,100,,71916,41,0,17,0,100,,71917,41,0,17,0,100,,71918,41,0,17,0,100,,71919,41,0,17,0,100,,71920,41,0,17,0,100,,71921,41,0,17,0,100,,71922,41,0,17,0,100,,71923,41,0,17,0,100,,71924,41,0,17,0
722501,'1394',550,,71925,41,0,17,0,160,,71926,41,0,17,0,100,,71927,41,0,17,0,100,,71928,41,0,17,0,100,,71929,41,0,17,0,100,,71930,41,0,17,0,100,,71931,41,0,17,0,100,,71932,41,0,17,0,100,,71933,41,0,17,0,100,,71934,41,0,17,0,100,,71935,41,0,17,0,100,,71936,41,0,17,0,100,,71937,41,0,17,0,100,,71938,41,0,17,0,100,,71939,41,0,17,0,100,,71940,41,0,17,0,100,,71941,41,0,17,0,100,,71942,41,0,17,0
722501,'1395',550,,71943,41,0,17,0,160,,71944,41,0,17,0,100,,71945,41,0,17,0,100,,71946,41,0,17,0,100,,71947,41,0,17,0,100,,71948,41,0,17,0,100,,71949,41,0,17,0,100,,71950,41,0,17,0,100,,71951,41,0,17,0,100,,71952,41,0,17,0,100,,71953,41,0,17,0,100,,71954,41,0,17,0,100,,71955,41,0,17,0,100,,71956,41,0,17,0,100,,71957,41,0,17,0,100,,71958,41,0,17,0,100,,71959,41,0,17,0,100,,71960,41,0,17,0
722501,'1396',550,,71961,41,0,17,0,160,,71962,41,0,17,0,100,,71963,41,0,17,0,100,,71964,41,0,17,0,100,,71965,41,0,17,0,100,,71966,41,0,17,0,100,,71967,41,0,17,0,100,,71968,41,0,17,0,100,,71969,41,0,17,0,100,,71970,41,0,17,0,100,,71971,41,0,17,0,100,,71972,41,0,17,0,100,,71973,41,0,17,0,100,,71974,41,0,17,0,100,,71975,41,0,17,0,100,,71976,41,0,17,0,100,,71977,41,0,17,0,100,,71978,41,0,17,0
722502,'1392',546,,71979,15,0,16,0,100,,71980,15,0,16,0,100,,71981,15,0,16,0,100,,71982,15,0,16,0,100,,71983,15,0,16,0,100,,71984,15,0,16,0,100,,71985,15,0,16,0,100,,71986,15,0,16,0,100,,71987,15,0,16,0,100,,71988,15,0,16,0,100,,71989,15,0,16,0,100,,71990,15,0,16,0,100,,71991,15,0,16,0,100,,71992,15,0,16,0,100,,71993,15,0,16,0,100,,71994,15,0,16,0,100,,71995,15,0,16,0,100,,71996,15,0,16,0
722502,'1393',546,,71997,15,0,16,0,100,,71998,15,0,16,0,100,,71999,15,0,16,0,100,,72000,15,0,16,0,100,,72001,15,0,16,0,100,,72002,15,0,16,0,100,,72003,15,0,16,0,100,,72004,15,0,16,0,100,,72005,15,0,16,0,100,,72006,15,0,16,0,100,,72007,15,0,16,0,100,,72008,15,0,16,0,100,,72009,15,0,16,0,100,,72010,15,0,16,0,100,,72011,15,0,16,0,100,,72012,15,0,16,0,100,,72013,15,0,16,0,100,,72014,15,0,16,0
722502,'1394',546,,72015,15,0,16,0,100,,72016,15,0,16,0,100,,72017,15,0,16,0,100,,72018,15,0,16,0,100,,72019,15,0,16,0,100,,72020,15,0,16,0,100,,72021,15,0,16,0,100,,72022,15,0,16,0,100,,72023,15,0,16,0,100,,72024,15,0,16,0,100,,72025,15,0,16,0,100,,72026,15,0,16,0,100,,72027,15,0,16,0,100,,72028,15,0,16,0,100,,72029,15,0,16,0,100,,72030,15,0,16,0,100,,72031,15,0,16,0,100,,72032,15,0,16,0
722502,'1395',546,,72033,15,0,16,0,100,,72034,15,0,16,0,100,,72035,15,0,16,0,100,,72036,15,0,16,0,100,,72037,15,0,16,0,100,,72038,15,0,16,0,100,,72039,15,0,16,0,100,,72040,15,0,16,0,100,,72041,15,0,16,0,100,,72042,15,0,16,0,100,,72043,15,0,16,0,100,,72044,15,0,16,0,100,,72045,15,0,16,0,100,,72046,15,0,16,0,100,,72047,15,0,16,0,100,,72048,15,0,16,0,100,,72049,15,0,16,0,100,,72050,15,0,16,0
722502,'1396',546,,72051,15,0,16,0,100,,72052,15,0,16,0,100,,72053,15,0,16,0,100,,72054,15,0,16,0,100,,72055,15,0,16,0,100,,72056,15,0,16,0,100,,72057,15,0,16,0,100,,72058,15,0,16,0,100,,72059,15,0,16,0,100,,72060,15,0,16,0,100,,72061,15,0,16,0,100,,72062,15,0,16,0,100,,72063,15,0,16,0,100,,72064,15,0,16,0,100,,72065,15,0,16,0,100,,72066,15,0,16,0,100,,72067,15,0,16,0,100,,72068,15,0,16,0
