1700,'1383',630,,58253,46,,,0,100,,58252,46,,,0,100,,58251,46,,,0,100,,58250,46,,,0,112,,58254,46,,,0,80,,58255,46,,,0,80,,58256,46,,,0,40,,58257,46,,,0,80,,58258,46,,,0,80,,58259,46,,,0,40,,58260,46,,,0,80,,58261,46,,,0,80,,58262,46,,,0,40,,58263,46,,,0,80,,58264,46,,,0,80,,58265,46,,,0,40,,58266,46,,,0,80,,58267,46,,,0,80,,58268,46,,,0
1700,'1384',550,,58269,46,,,0,74,,58270,46,,,0,30,,58271,46,,,0,70,,58272,46,,,0,30,,58273,46,,,0,70,,58274,46,,,0,30,,58275,46,,,0,70,,58276,46,,,0,30,,58277,46,,,0,70,,58278,46,,,0,78,,58287,46,,,0,20,,58288,46,,,0,20,,58289,46,,,0,60,,58290,46,,,0,20,,58291,46,,,0,20,,58292,46,,,0,60,,58293,46,,,0,20,,58294,46,,,0,20,,58295,46,,,0,60,,58296,46,,,0,20,,58297,46,,,0,20,,58298,46,,,0,60,,58299,46,,,0,20,,58300,46,,,0,20,,58301,46,,,0,60,,58302,46,,,0,20,,58303,46,,,0,20,,58304,46,,,0,60,,58305,46,,,0,20,,58306,46,,,0,20,,58307,46,,,0,60,,58308,46,,,0,20,,58309,46,,,0,20,,58310,46,,,0,15,,58311,46,,,0,70,,58312,46,,,0,30,,58313,46,,,0,70,,58314,46,,,0,30,,58315,46,,,0,67,,58279,46,,,0,30,,58280,46,,,0,70,,58281,46,,,0,30,,58282,46,,,0,70,,58283,46,,,0,30,,58284,46,,,0,70,,58285,46,,,0,30,,58286,46,,,0
1700,'1385',552,,58316,46,,,0,67,,58317,7,,,0,18,,58335,46,,,0,15,,58334,46,,,0,55,,58333,46,,,0,15,,58332,46,,,0,15,,58331,46,,,0,10,,58330,46,,,0,10,,58329,46,,,0,50,,58328,46,,,0,10,,58327,46,,,0,10,,58326,46,,,0,10,,58325,46,,,0,10,,58324,46,,,0,10,,58323,46,,,0,50,,58318,46,,,0,10,,58319,46,,,0,10,,58320,46,,,0,10,,58321,46,,,0,10,,58322,46,,,0,10,,58336,46,,,0,50,,58361,46,,,0,10,,58362,46,,,0,10,,58363,46,,,0,10,,58364,46,,,0,10,,58365,46,,,0,10,,58366,46,,,0,50,,58367,46,,,0,10,,58368,46,,,0,10,,58369,46,,,0,10,,58370,46,,,0,10,,58371,46,,,0,10,,58372,46,,,0,50,,58373,46,,,0,10,,58374,46,,,0,10,,58375,46,,,0,10,,58376,46,,,0,10,,58379,46,,,0,10,,58380,46,,,0,50,,58381,46,,,0,10,,58382,46,,,0,10,,58383,46,,,0,10,,58384,46,,,0,10,,58385,46,,,0,10,,58386,46,,,0,50,,58337,46,,,0,10,,58338,46,,,0,10,,58339,46,,,0,10,,58340,46,,,0,10,,58341,46,,,0,10,,58342,46,,,0,50,,58343,46,,,0,10,,58344,46,,,0,10,,58345,46,,,0,10,,58346,46,,,0,10,,58347,46,,,0,10,,58348,46,,,0,50,,58349,46,,,0,10,,58350,46,,,0,10,,58351,46,,,0,10,,58352,46,,,0,10,,58353,46,,,0,10,,58354,46,,,0,50,,58355,46,,,0,10,,58356,46,,,0,10,,58357,46,,,0,10,,58358,46,,,0,10,,58359,46,,,0,10,,58360,46,,,0,50,,58387,46,,,0,10,,58388,46,,,0,10,,58389,46,,,0,10,,58390,46,,,0,15,,58391,46,,,0,55,,58392,46,,,0,15,,58393,46,,,0,30,,58394,46,,,0,70,,58395,46,,,0,30,,58396,46,,,0,70,,58397,46,,,0,30,,58398,46,,,0,70,,58399,46,,,0,30,,58400,46,,,0,70,,58401,46,,,0,30,,58402,46,,,0,70,,58377,46,,,0,30,,58378,46,,,0
1700,'1386',552,,58403,46,,,0,67,,58404,7,,,0,18,,58422,46,,,0,15,,58421,46,,,0,55,,58420,46,,,0,15,,58419,46,,,0,15,,58418,46,,,0,10,,58417,46,,,0,10,,58416,46,,,0,50,,58415,46,,,0,10,,58414,46,,,0,10,,58413,46,,,0,10,,58412,46,,,0,10,,58411,46,,,0,10,,58410,46,,,0,50,,58405,46,,,0,10,,58406,46,,,0,10,,58407,46,,,0,10,,58408,46,,,0,10,,58409,46,,,0,10,,58423,46,,,0,50,,58448,46,,,0,10,,58449,46,,,0,10,,58450,46,,,0,10,,58451,46,,,0,10,,58452,46,,,0,10,,58453,46,,,0,50,,58454,46,,,0,10,,58455,46,,,0,10,,58456,46,,,0,10,,58457,46,,,0,10,,58458,46,,,0,10,,58459,46,,,0,50,,58460,46,,,0,10,,58461,46,,,0,10,,58462,46,,,0,10,,58463,46,,,0,10,,58466,46,,,0,10,,58467,46,,,0,50,,58468,46,,,0,10,,58469,46,,,0,10,,58470,46,,,0,10,,58471,46,,,0,10,,58472,46,,,0,10,,58473,46,,,0,50,,58424,46,,,0,10,,58425,46,,,0,10,,58426,46,,,0,10,,58427,46,,,0,10,,58428,46,,,0,10,,58429,46,,,0,50,,58430,46,,,0,10,,58431,46,,,0,10,,58432,46,,,0,10,,58433,46,,,0,10,,58434,46,,,0,10,,58435,46,,,0,50,,58436,46,,,0,10,,58437,46,,,0,10,,58438,46,,,0,10,,58439,46,,,0,10,,58440,46,,,0,10,,58441,46,,,0,50,,58442,46,,,0,10,,58443,46,,,0,10,,58444,46,,,0,10,,58445,46,,,0,10,,58446,46,,,0,10,,58447,46,,,0,50,,58474,46,,,0,10,,58475,46,,,0,10,,58476,46,,,0,10,,58477,46,,,0,15,,58478,46,,,0,55,,58479,46,,,0,15,,58480,46,,,0,30,,58481,46,,,0,70,,58482,46,,,0,30,,58483,46,,,0,70,,58484,46,,,0,30,,58485,46,,,0,70,,58486,46,,,0,30,,58487,46,,,0,70,,58488,46,,,0,30,,58489,46,,,0,70,,58464,46,,,0,30,,58465,46,,,0
1700,'1387',552,,58490,46,,,0,67,,58491,7,,,0,18,,58509,46,,,0,15,,58508,46,,,0,55,,58507,46,,,0,15,,58506,46,,,0,15,,58505,46,,,0,10,,58504,46,,,0,10,,58503,46,,,0,50,,58502,46,,,0,10,,58501,46,,,0,10,,58500,46,,,0,10,,58499,46,,,0,10,,58498,46,,,0,10,,58497,46,,,0,50,,58492,46,,,0,10,,58493,46,,,0,10,,58494,46,,,0,10,,58495,46,,,0,10,,58496,46,,,0,10,,58510,46,,,0,50,,58535,46,,,0,10,,58536,46,,,0,10,,58537,46,,,0,10,,58538,46,,,0,10,,58539,46,,,0,10,,58540,46,,,0,50,,58541,46,,,0,10,,58542,46,,,0,10,,58543,46,,,0,10,,58544,46,,,0,10,,58545,46,,,0,10,,58546,46,,,0,50,,58547,46,,,0,10,,58548,46,,,0,10,,58549,46,,,0,10,,58550,46,,,0,10,,58553,46,,,0,10,,58554,46,,,0,50,,58555,46,,,0,10,,58556,46,,,0,10,,58557,46,,,0,10,,58558,46,,,0,10,,58559,46,,,0,10,,58560,46,,,0,50,,58511,46,,,0,10,,58512,46,,,0,10,,58513,46,,,0,10,,58514,46,,,0,10,,58515,46,,,0,10,,58516,46,,,0,50,,58517,46,,,0,10,,58518,46,,,0,10,,58519,46,,,0,10,,58520,46,,,0,10,,58521,46,,,0,10,,58522,46,,,0,50,,58523,46,,,0,10,,58524,46,,,0,10,,58525,46,,,0,10,,58526,46,,,0,10,,58527,46,,,0,10,,58528,46,,,0,50,,58529,46,,,0,10,,58530,46,,,0,10,,58531,46,,,0,10,,58532,46,,,0,10,,58533,46,,,0,10,,58534,46,,,0,50,,58561,46,,,0,10,,58562,46,,,0,10,,58563,46,,,0,10,,58564,46,,,0,15,,58565,46,,,0,55,,58566,46,,,0,15,,58567,46,,,0,30,,58568,46,,,0,70,,58569,46,,,0,30,,58570,46,,,0,70,,58571,46,,,0,30,,58572,46,,,0,70,,58573,46,,,0,30,,58574,46,,,0,70,,58575,46,,,0,30,,58576,46,,,0,70,,58551,46,,,0,30,,58552,46,,,0
1700,'1388',552,,58577,46,,,0,67,,58578,7,,,0,18,,58596,46,,,0,15,,58595,46,,,0,55,,58594,46,,,0,15,,58593,46,,,0,15,,58592,46,,,0,10,,58591,46,,,0,10,,58590,46,,,0,50,,58589,46,,,0,10,,58588,46,,,0,10,,58587,46,,,0,10,,58586,46,,,0,10,,58585,46,,,0,10,,58584,46,,,0,50,,58579,46,,,0,10,,58580,46,,,0,10,,58581,46,,,0,10,,58582,46,,,0,10,,58583,46,,,0,10,,58597,46,,,0,50,,58622,46,,,0,10,,58623,46,,,0,10,,58624,46,,,0,10,,58625,46,,,0,10,,58626,46,,,0,10,,58627,46,,,0,50,,58628,46,,,0,10,,58629,46,,,0,10,,58630,46,,,0,10,,58631,46,,,0,10,,58632,46,,,0,10,,58633,46,,,0,50,,58634,46,,,0,10,,58635,46,,,0,10,,58636,46,,,0,10,,58637,46,,,0,10,,58640,46,,,0,10,,58641,46,,,0,50,,58642,46,,,0,10,,58643,46,,,0,10,,58644,46,,,0,10,,58645,46,,,0,10,,58646,46,,,0,10,,58647,46,,,0,50,,58598,46,,,0,10,,58599,46,,,0,10,,58600,46,,,0,10,,58601,46,,,0,10,,58602,46,,,0,10,,58603,46,,,0,50,,58604,46,,,0,10,,58605,46,,,0,10,,58606,46,,,0,10,,58607,46,,,0,10,,58608,46,,,0,10,,58609,46,,,0,50,,58610,46,,,0,10,,58611,46,,,0,10,,58612,46,,,0,10,,58613,46,,,0,10,,58614,46,,,0,10,,58615,46,,,0,50,,58616,46,,,0,10,,58617,46,,,0,10,,58618,46,,,0,10,,58619,46,,,0,10,,58620,46,,,0,10,,58621,46,,,0,50,,58648,46,,,0,10,,58649,46,,,0,10,,58650,46,,,0,10,,58651,46,,,0,15,,58652,46,,,0,55,,58653,46,,,0,15,,58654,46,,,0,30,,58655,46,,,0,70,,58656,46,,,0,30,,58657,46,,,0,70,,58658,46,,,0,30,,58659,46,,,0,70,,58660,46,,,0,30,,58661,46,,,0,70,,58662,46,,,0,30,,58663,46,,,0,70,,58638,46,,,0,30,,58639,46,,,0
1700,'1389',552,,58664,46,,,0,67,,58665,7,,,0,18,,58683,46,,,0,15,,58682,46,,,0,55,,58681,46,,,0,15,,58680,46,,,0,15,,58679,46,,,0,10,,58678,46,,,0,10,,58677,46,,,0,50,,58676,46,,,0,10,,58675,46,,,0,10,,58674,46,,,0,10,,58673,46,,,0,10,,58672,46,,,0,10,,58671,46,,,0,50,,58666,46,,,0,10,,58667,46,,,0,10,,58668,46,,,0,10,,58669,46,,,0,10,,58670,46,,,0,10,,58684,46,,,0,50,,58709,46,,,0,10,,58710,46,,,0,10,,58711,46,,,0,10,,58712,46,,,0,10,,58713,46,,,0,10,,58714,46,,,0,50,,58715,46,,,0,10,,58716,46,,,0,10,,58717,46,,,0,10,,58718,46,,,0,10,,58719,46,,,0,10,,58720,46,,,0,50,,58721,46,,,0,10,,58722,46,,,0,10,,58723,46,,,0,10,,58724,46,,,0,10,,58727,46,,,0,10,,58728,46,,,0,50,,58729,46,,,0,10,,58730,46,,,0,10,,58731,46,,,0,10,,58732,46,,,0,10,,58733,46,,,0,10,,58734,46,,,0,50,,58685,46,,,0,10,,58686,46,,,0,10,,58687,46,,,0,10,,58688,46,,,0,10,,58689,46,,,0,10,,58690,46,,,0,50,,58691,46,,,0,10,,58692,46,,,0,10,,58693,46,,,0,10,,58694,46,,,0,10,,58695,46,,,0,10,,58696,46,,,0,50,,58697,46,,,0,10,,58698,46,,,0,10,,58699,46,,,0,10,,58700,46,,,0,10,,58701,46,,,0,10,,58702,46,,,0,50,,58703,46,,,0,10,,58704,46,,,0,10,,58705,46,,,0,10,,58706,46,,,0,10,,58707,46,,,0,10,,58708,46,,,0,50,,58735,46,,,0,10,,58736,46,,,0,10,,58737,46,,,0,10,,58738,46,,,0,15,,58739,46,,,0,55,,58740,46,,,0,15,,58741,46,,,0,30,,58742,46,,,0,70,,58743,46,,,0,30,,58744,46,,,0,70,,58745,46,,,0,30,,58746,46,,,0,70,,58747,46,,,0,30,,58748,46,,,0,70,,58749,46,,,0,30,,58750,46,,,0,70,,58725,46,,,0,30,,58726,46,,,0
721403,'1383',955,,64105,31,0,15,0,150,,64104,31,0,15,0,110,,64103,31,0,15,0,110,,64102,31,0,15,0,110,,64101,31,0,15,0,110,,64100,31,0,15,0,110,,64107,31,0,15,0,150,,64106,31,0,15,0
721403,'1384',855,,64108,31,0,15,0,150,,64109,31,0,15,0,110,,64110,31,0,15,0,110,,64111,31,0,15,0,116,,64112,31,0,15,0,115,,64113,31,0,15,0,85,,64114,31,0,15,0,85,,64115,31,0,15,0,85,,64116,31,0,15,0,45,,64117,31,0,15,0,85,,64118,31,0,15,0,85,,64119,31,0,15,0,85,,64120,31,0,15,0
721403,'1385',726,,64121,31,0,15,0,100,,64122,31,0,15,0,85,,64123,31,0,15,0,45,,64124,31,0,15,0,85,,64125,31,0,15,0,85,,64126,31,0,15,0,85,,64127,31,0,15,0,45,,64128,31,0,15,0,85,,64129,31,0,15,0,85,,64130,31,0,15,0,85,,64131,31,0,15,0,45,,64132,31,0,15,0,85,,64133,31,0,15,0,85,,64134,31,0,15,0,85,,64135,31,0,15,0,45,,64136,31,0,15,0,85,,64137,31,0,15,0,85,,64138,31,0,15,0,85,,64139,31,0,15,0,45,,64140,31,0,15,0
721403,'1386',726,,64141,31,0,15,0,100,,64142,31,0,15,0,85,,64143,31,0,15,0,45,,64144,31,0,15,0,85,,64145,31,0,15,0,85,,64146,31,0,15,0,85,,64147,31,0,15,0,45,,64148,31,0,15,0,85,,64149,31,0,15,0,85,,64150,31,0,15,0,85,,64151,31,0,15,0,45,,64152,31,0,15,0,85,,64153,31,0,15,0,85,,64154,31,0,15,0,85,,64155,31,0,15,0,45,,64156,31,0,15,0,85,,64157,31,0,15,0,85,,64158,31,0,15,0,85,,64159,31,0,15,0,45,,64160,31,0,15,0
721403,'1387',726,,64161,31,0,15,0,100,,64162,31,0,15,0,85,,64163,31,0,15,0,45,,64164,31,0,15,0,85,,64165,31,0,15,0,85,,64166,31,0,15,0,85,,64167,31,0,15,0,45,,64168,31,0,15,0,85,,64169,31,0,15,0,85,,64170,31,0,15,0,85,,64171,31,0,15,0,45,,64172,31,0,15,0,85,,64173,31,0,15,0,85,,64174,31,0,15,0,85,,64175,31,0,15,0,45,,64176,31,0,15,0,85,,64177,31,0,15,0,85,,64178,31,0,15,0,85,,64179,31,0,15,0,45,,64180,31,0,15,0
721403,'1388',726,,64181,31,0,15,0,100,,64182,31,0,15,0,85,,64183,31,0,15,0,45,,64184,31,0,15,0,85,,64185,31,0,15,0,85,,64186,31,0,15,0,85,,64187,31,0,15,0,45,,64188,31,0,15,0,85,,64189,31,0,15,0,85,,64190,31,0,15,0,85,,64191,31,0,15,0,45,,64192,31,0,15,0,85,,64193,31,0,15,0,85,,64194,31,0,15,0,85,,64195,31,0,15,0,45,,64196,31,0,15,0,85,,64197,31,0,15,0,85,,64198,31,0,15,0,85,,64199,31,0,15,0,45,,64200,31,0,15,0
721403,'1389',726,,64201,31,0,15,0,100,,64202,31,0,15,0,85,,64203,31,0,15,0,45,,64204,31,0,15,0,85,,64205,31,0,15,0,85,,64206,31,0,15,0,85,,64207,31,0,15,0,45,,64208,31,0,15,0,85,,64209,31,0,15,0,85,,64210,31,0,15,0,85,,64211,31,0,15,0,45,,64212,31,0,15,0,85,,64213,31,0,15,0,85,,64214,31,0,15,0,85,,64215,31,0,15,0,45,,64216,31,0,15,0,85,,64217,31,0,15,0,85,,64218,31,0,15,0,85,,64219,31,0,15,0,45,,64220,31,0,15,0
