721404,'1390',930,,71430,43,0,14,0,110,,71429,43,0,14,0,110,,71428,43,0,14,0,150,,71427,43,0,14,0,110,,71426,43,0,14,0,110,,71425,43,0,14,0,110,,71424,43,0,14,0,110,,71423,43,0,14,0
721404,'1391',829,,71431,43,0,14,0,110,,71432,43,0,14,0,110,,71433,43,0,14,0,110,,71434,43,0,14,0,150,,71435,43,0,14,0,113,,71436,43,0,14,0,85,,71437,43,0,14,0,45,,71438,43,0,14,0,85,,71439,43,0,14,0,85,,71440,43,0,14,0,85,,71441,43,0,14,0,45,,71442,43,0,14,0,85,,71443,43,0,14,0
721404,'1392',654,,71444,43,0,14,0,97,,71445,43,0,14,0,85,,71446,43,0,14,0,85,,71447,43,0,14,0,85,,71448,43,0,14,0,45,,71449,43,0,14,0,85,,71450,43,0,14,0,85,,71451,43,0,14,0,85,,71452,43,0,14,0,45,,71453,43,0,14,0,85,,71454,43,0,14,0,85,,71455,43,0,14,0,85,,71456,43,0,14,0,45,,71457,43,0,14,0,85,,71458,43,0,14,0,85,,71459,43,0,14,0,85,,71460,43,0,14,0,45,,71461,43,0,14,0,85,,71462,43,0,14,0,85,,71463,43,0,14,0
721404,'1393',654,,71464,43,0,14,0,97,,71465,43,0,14,0,85,,71466,43,0,14,0,85,,71467,43,0,14,0,85,,71468,43,0,14,0,45,,71469,43,0,14,0,85,,71470,43,0,14,0,85,,71471,43,0,14,0,85,,71472,43,0,14,0,45,,71473,43,0,14,0,85,,71474,43,0,14,0,85,,71475,43,0,14,0,85,,71476,43,0,14,0,45,,71477,43,0,14,0,85,,71478,43,0,14,0,85,,71479,43,0,14,0,85,,71480,43,0,14,0,45,,71481,43,0,14,0,85,,71482,43,0,14,0,85,,71483,43,0,14,0
721404,'1394',654,,71484,43,0,14,0,97,,71485,43,0,14,0,85,,71486,43,0,14,0,85,,71487,43,0,14,0,85,,71488,43,0,14,0,45,,71489,43,0,14,0,85,,71490,43,0,14,0,85,,71491,43,0,14,0,85,,71492,43,0,14,0,45,,71493,43,0,14,0,85,,71494,43,0,14,0,85,,71495,43,0,14,0,85,,71496,43,0,14,0,45,,71497,43,0,14,0,85,,71498,43,0,14,0,85,,71499,43,0,14,0,85,,71500,43,0,14,0,45,,71501,43,0,14,0,85,,71502,43,0,14,0,85,,71503,43,0,14,0
721404,'1395',654,,71504,43,0,14,0,97,,71505,43,0,14,0,85,,71506,43,0,14,0,85,,71507,43,0,14,0,85,,71508,43,0,14,0,45,,71509,43,0,14,0,85,,71510,43,0,14,0,85,,71511,43,0,14,0,85,,71512,43,0,14,0,45,,71513,43,0,14,0,85,,71514,43,0,14,0,85,,71515,43,0,14,0,85,,71516,43,0,14,0,45,,71517,43,0,14,0,85,,71518,43,0,14,0,85,,71519,43,0,14,0,85,,71520,43,0,14,0,45,,71521,43,0,14,0,85,,71522,43,0,14,0,85,,71523,43,0,14,0
721404,'1396',654,,71524,43,0,14,0,97,,71525,43,0,14,0,85,,71526,43,0,14,0,85,,71527,43,0,14,0,85,,71528,43,0,14,0,45,,71529,43,0,14,0,85,,71530,43,0,14,0,85,,71531,43,0,14,0,85,,71532,43,0,14,0,45,,71533,43,0,14,0,85,,71534,43,0,14,0,85,,71535,43,0,14,0,85,,71536,43,0,14,0,45,,71537,43,0,14,0,85,,71538,43,0,14,0,85,,71539,43,0,14,0,85,,71540,43,0,14,0,45,,71541,43,0,14,0,85,,71542,43,0,14,0,85,,71543,43,0,14,0
722600,'1392',721,,72072,7,,,0,84,,72069,7,,,0,649,,72070,8,,,0,84,,72071,8,,,0
722600,'1393',721,,72076,7,,,0,84,,72073,7,,,0,649,,72074,8,,,0,84,,72075,8,,,0
722600,'1394',721,,72080,7,,,0,84,,72077,7,,,0,649,,72078,8,,,0,84,,72079,8,,,0
722600,'1395',721,,72084,7,,,0,84,,72081,7,,,0,649,,72082,8,,,0,84,,72083,8,,,0
722600,'1396',721,,72088,7,,,0,84,,72085,7,,,0,649,,72086,8,,,0,84,,72087,8,,,0
