1701,'1390',758,,65970,76,,,0,100,,65969,76,,,0,100,,65968,76,,,0,156,,65967,76,,,0,40,,65966,76,,,0,79,,65965,76,,,0,80,,65964,76,,,0,40,,65963,76,,,0,80,,65962,76,,,0,80,,65961,76,,,0,40,,65960,76,,,0,80,,65959,76,,,0,80,,65958,76,,,0,40,,65957,76,,,0,80,,65956,76,,,0,80,,65955,76,,,0,40,,65954,76,,,0,80,,65953,76,,,0
1701,'1391',641,,65996,76,,,0,70,,65997,76,,,0,30,,65998,76,,,0,70,,65999,76,,,0,30,,66000,76,,,0,70,,66001,76,,,0,30,,66002,76,,,0,72,,65971,76,,,0,30,,65972,76,,,0,70,,65973,76,,,0,20,,65974,76,,,0,20,,65975,76,,,0,60,,65976,76,,,0,20,,65977,76,,,0,20,,65978,76,,,0,60,,65979,76,,,0,20,,65980,76,,,0,20,,65981,76,,,0,60,,65982,76,,,0,20,,65983,76,,,0,20,,65984,76,,,0,60,,65985,76,,,0,20,,65986,76,,,0,20,,65987,76,,,0,60,,65988,76,,,0,20,,65989,76,,,0,20,,65990,76,,,0,60,,65991,76,,,0,20,,65992,76,,,0,20,,65993,76,,,0,58,,66003,76,,,0,22,,65994,76,,,0,20,,65995,76,,,0,58,,66004,76,,,0,30,,66005,76,,,0,70,,66006,76,,,0,30,,66007,76,,,0,70,,66008,76,,,0,30,,66009,76,,,0,70,,66010,76,,,0,30,,66011,76,,,0,70,,66012,76,,,0,30,,66013,76,,,0,70,,66014,76,,,0,30,,66015,76,,,0,70,,66016,76,,,0,30,,66017,76,,,0
1701,'1392',640,,66018,76,,,0,70,,66019,76,,,0,15,,66020,76,,,0,15,,66021,76,,,0,15,,66022,76,,,0,55,,66023,76,,,0,10,,66024,76,,,0,10,,66025,76,,,0,10,,66026,76,,,0,10,,66027,76,,,0,50,,66028,76,,,0,10,,66029,76,,,0,10,,66030,76,,,0,10,,66031,76,,,0,10,,66032,76,,,0,10,,66033,76,,,0,50,,66034,76,,,0,10,,66035,76,,,0,10,,66036,76,,,0,10,,66037,76,,,0,10,,66038,76,,,0,10,,66039,76,,,0,50,,66040,76,,,0,10,,66041,76,,,0,10,,66042,76,,,0,10,,66043,76,,,0,10,,66044,76,,,0,10,,66045,76,,,0,50,,66046,76,,,0,10,,66047,76,,,0,10,,66048,76,,,0,10,,66049,76,,,0,10,,66050,76,,,0,10,,66051,76,,,0,50,,66052,76,,,0,10,,66053,76,,,0,10,,66054,76,,,0,10,,66055,76,,,0,10,,66056,76,,,0,10,,66057,76,,,0,50,,66058,76,,,0,10,,66059,76,,,0,10,,66060,76,,,0,10,,66061,76,,,0,10,,66062,76,,,0,10,,66063,76,,,0,50,,66064,76,,,0,10,,66065,76,,,0,10,,66066,76,,,0,10,,66067,76,,,0,10,,66068,76,,,0,10,,66069,76,,,0,50,,66070,76,,,0,10,,66071,76,,,0,10,,66072,76,,,0,10,,66073,76,,,0,10,,66074,76,,,0,10,,66075,76,,,0,50,,66076,76,,,0,10,,66077,76,,,0,10,,66078,76,,,0,10,,66079,76,,,0,10,,66080,76,,,0,10,,66081,76,,,0,50,,66082,76,,,0,10,,66083,76,,,0,10,,66084,76,,,0,10,,66085,76,,,0,10,,66086,76,,,0,10,,66087,76,,,0,50,,66088,76,,,0,10,,66089,76,,,0,15,,66090,76,,,0,15,,66091,76,,,0,15,,66092,76,,,0,55,,66093,76,,,0,30,,66094,76,,,0,70,,66095,76,,,0,30,,66096,76,,,0,70,,66097,76,,,0,30,,66098,76,,,0,70,,66099,76,,,0,30,,66100,76,,,0,70,,66101,76,,,0,30,,66102,76,,,0,70,,66103,76,,,0,30,,66104,76,,,0
1701,'1393',640,,66105,76,,,0,70,,66106,76,,,0,15,,66107,76,,,0,15,,66108,76,,,0,15,,66109,76,,,0,55,,66110,76,,,0,10,,66111,76,,,0,10,,66112,76,,,0,10,,66113,76,,,0,10,,66114,76,,,0,50,,66115,76,,,0,10,,66116,76,,,0,10,,66117,76,,,0,10,,66118,76,,,0,10,,66119,76,,,0,10,,66120,76,,,0,50,,66121,76,,,0,10,,66122,76,,,0,10,,66123,76,,,0,10,,66124,76,,,0,10,,66125,76,,,0,10,,66126,76,,,0,50,,66127,76,,,0,10,,66128,76,,,0,10,,66129,76,,,0,10,,66130,76,,,0,10,,66131,76,,,0,10,,66132,76,,,0,50,,66133,76,,,0,10,,66134,76,,,0,10,,66135,76,,,0,10,,66136,76,,,0,10,,66137,76,,,0,10,,66138,76,,,0,50,,66139,76,,,0,10,,66140,76,,,0,10,,66141,76,,,0,10,,66142,76,,,0,10,,66143,76,,,0,10,,66144,76,,,0,50,,66145,76,,,0,10,,66146,76,,,0,10,,66147,76,,,0,10,,66148,76,,,0,10,,66149,76,,,0,10,,66150,76,,,0,50,,66151,76,,,0,10,,66152,76,,,0,10,,66153,76,,,0,10,,66154,76,,,0,10,,66155,76,,,0,10,,66156,76,,,0,50,,66157,76,,,0,10,,66158,76,,,0,10,,66159,76,,,0,10,,66160,76,,,0,10,,66161,76,,,0,10,,66162,76,,,0,50,,66163,76,,,0,10,,66164,76,,,0,10,,66165,76,,,0,10,,66166,76,,,0,10,,66167,76,,,0,10,,66168,76,,,0,50,,66169,76,,,0,10,,66170,76,,,0,10,,66171,76,,,0,10,,66172,76,,,0,10,,66173,76,,,0,10,,66174,76,,,0,50,,66175,76,,,0,10,,66176,76,,,0,15,,66177,76,,,0,15,,66178,76,,,0,15,,66179,76,,,0,55,,66180,76,,,0,30,,66181,76,,,0,70,,66182,76,,,0,30,,66183,76,,,0,70,,66184,76,,,0,30,,66185,76,,,0,70,,66186,76,,,0,30,,66187,76,,,0,70,,66188,76,,,0,30,,66189,76,,,0,70,,66190,76,,,0,30,,66191,76,,,0
1701,'1394',640,,66192,76,,,0,70,,66193,76,,,0,15,,66194,76,,,0,15,,66195,76,,,0,15,,66196,76,,,0,55,,66197,76,,,0,10,,66198,76,,,0,10,,66199,76,,,0,10,,66200,76,,,0,10,,66201,76,,,0,50,,66202,76,,,0,10,,66203,76,,,0,10,,66204,76,,,0,10,,66205,76,,,0,10,,66206,76,,,0,10,,66207,76,,,0,50,,66208,76,,,0,10,,66209,76,,,0,10,,66210,76,,,0,10,,66211,76,,,0,10,,66212,76,,,0,10,,66213,76,,,0,50,,66214,76,,,0,10,,66215,76,,,0,10,,66216,76,,,0,10,,66217,76,,,0,10,,66218,76,,,0,10,,66219,76,,,0,50,,66220,76,,,0,10,,66221,76,,,0,10,,66222,76,,,0,10,,66223,76,,,0,10,,66224,76,,,0,10,,66225,76,,,0,50,,66226,76,,,0,10,,66227,76,,,0,10,,66228,76,,,0,10,,66229,76,,,0,10,,66230,76,,,0,10,,66231,76,,,0,50,,66232,76,,,0,10,,66233,76,,,0,10,,66234,76,,,0,10,,66235,76,,,0,10,,66236,76,,,0,10,,66237,76,,,0,50,,66238,76,,,0,10,,66239,76,,,0,10,,66240,76,,,0,10,,66241,76,,,0,10,,66242,76,,,0,10,,66243,76,,,0,50,,66244,76,,,0,10,,66245,76,,,0,10,,66246,76,,,0,10,,66247,76,,,0,10,,66248,76,,,0,10,,66249,76,,,0,50,,66250,76,,,0,10,,66251,76,,,0,10,,66252,76,,,0,10,,66253,76,,,0,10,,66254,76,,,0,10,,66255,76,,,0,50,,66256,76,,,0,10,,66257,76,,,0,10,,66258,76,,,0,10,,66259,76,,,0,10,,66260,76,,,0,10,,66261,76,,,0,50,,66262,76,,,0,10,,66263,76,,,0,15,,66264,76,,,0,15,,66265,76,,,0,15,,66266,76,,,0,55,,66267,76,,,0,30,,66268,76,,,0,70,,66269,76,,,0,30,,66270,76,,,0,70,,66271,76,,,0,30,,66272,76,,,0,70,,66273,76,,,0,30,,66274,76,,,0,70,,66275,76,,,0,30,,66276,76,,,0,70,,66277,76,,,0,30,,66278,76,,,0
1701,'1395',640,,66279,76,,,0,70,,66280,76,,,0,15,,66281,76,,,0,15,,66282,76,,,0,15,,66283,76,,,0,55,,66284,76,,,0,10,,66285,76,,,0,10,,66286,76,,,0,10,,66287,76,,,0,10,,66288,76,,,0,50,,66289,76,,,0,10,,66290,76,,,0,10,,66291,76,,,0,10,,66292,76,,,0,10,,66293,76,,,0,10,,66294,76,,,0,50,,66295,76,,,0,10,,66296,76,,,0,10,,66297,76,,,0,10,,66298,76,,,0,10,,66299,76,,,0,10,,66300,76,,,0,50,,66301,76,,,0,10,,66302,76,,,0,10,,66303,76,,,0,10,,66304,76,,,0,10,,66305,76,,,0,10,,66306,76,,,0,50,,66307,76,,,0,10,,66308,76,,,0,10,,66309,76,,,0,10,,66310,76,,,0,10,,66311,76,,,0,10,,66312,76,,,0,50,,66313,76,,,0,10,,66314,76,,,0,10,,66315,76,,,0,10,,66316,76,,,0,10,,66317,76,,,0,10,,66318,76,,,0,50,,66319,76,,,0,10,,66320,76,,,0,10,,66321,76,,,0,10,,66322,76,,,0,10,,66323,76,,,0,10,,66324,76,,,0,50,,66325,76,,,0,10,,66326,76,,,0,10,,66327,76,,,0,10,,66328,76,,,0,10,,66329,76,,,0,10,,66330,76,,,0,50,,66331,76,,,0,10,,66332,76,,,0,10,,66333,76,,,0,10,,66334,76,,,0,10,,66335,76,,,0,10,,66336,76,,,0,50,,66337,76,,,0,10,,66338,76,,,0,10,,66339,76,,,0,10,,66340,76,,,0,10,,66341,76,,,0,10,,66342,76,,,0,50,,66343,76,,,0,10,,66344,76,,,0,10,,66345,76,,,0,10,,66346,76,,,0,10,,66347,76,,,0,10,,66348,76,,,0,50,,66349,76,,,0,10,,66350,76,,,0,15,,66351,76,,,0,15,,66352,76,,,0,15,,66353,76,,,0,55,,66354,76,,,0,30,,66355,76,,,0,70,,66356,76,,,0,30,,66357,76,,,0,70,,66358,76,,,0,30,,66359,76,,,0,70,,66360,76,,,0,30,,66361,76,,,0,70,,66362,76,,,0,30,,66363,76,,,0,70,,66364,76,,,0,30,,66365,76,,,0
1701,'1396',640,,66366,76,,,0,70,,66367,76,,,0,15,,66368,76,,,0,15,,66369,76,,,0,15,,66370,76,,,0,55,,66371,76,,,0,10,,66372,76,,,0,10,,66373,76,,,0,10,,66374,76,,,0,10,,66375,76,,,0,50,,66376,76,,,0,10,,66377,76,,,0,10,,66378,76,,,0,10,,66379,76,,,0,10,,66380,76,,,0,10,,66381,76,,,0,50,,66382,76,,,0,10,,66383,76,,,0,10,,66384,76,,,0,10,,66385,76,,,0,10,,66386,76,,,0,10,,66387,76,,,0,50,,66388,76,,,0,10,,66389,76,,,0,10,,66390,76,,,0,10,,66391,76,,,0,10,,66392,76,,,0,10,,66393,76,,,0,50,,66394,76,,,0,10,,66395,76,,,0,10,,66396,76,,,0,10,,66397,76,,,0,10,,66398,76,,,0,10,,66399,76,,,0,50,,66400,76,,,0,10,,66401,76,,,0,10,,66402,76,,,0,10,,66403,76,,,0,10,,66404,76,,,0,10,,66405,76,,,0,50,,66406,76,,,0,10,,66407,76,,,0,10,,66408,76,,,0,10,,66409,76,,,0,10,,66410,76,,,0,10,,66411,76,,,0,50,,66412,76,,,0,10,,66413,76,,,0,10,,66414,76,,,0,10,,66415,76,,,0,10,,66416,76,,,0,10,,66417,76,,,0,50,,66418,76,,,0,10,,66419,76,,,0,10,,66420,76,,,0,10,,66421,76,,,0,10,,66422,76,,,0,10,,66423,76,,,0,50,,66424,76,,,0,10,,66425,76,,,0,10,,66426,76,,,0,10,,66427,76,,,0,10,,66428,76,,,0,10,,66429,76,,,0,50,,66430,76,,,0,10,,66431,76,,,0,10,,66432,76,,,0,10,,66433,76,,,0,10,,66434,76,,,0,10,,66435,76,,,0,50,,66436,76,,,0,10,,66437,76,,,0,15,,66438,76,,,0,15,,66439,76,,,0,15,,66440,76,,,0,55,,66441,76,,,0,30,,66442,76,,,0,70,,66443,76,,,0,30,,66444,76,,,0,70,,66445,76,,,0,30,,66446,76,,,0,70,,66447,76,,,0,30,,66448,76,,,0,70,,66449,76,,,0,30,,66450,76,,,0,70,,66451,76,,,0,30,,66452,76,,,0
722502,'1392',536,,71979,7,0,16,0,100,,71980,7,0,16,0,100,,71981,7,0,16,0,100,,71982,7,0,16,0,100,,71983,7,0,16,0,100,,71984,7,0,16,0,100,,71985,7,0,16,0,100,,71986,7,0,16,0,100,,71987,7,0,16,0,100,,71988,7,0,16,0,100,,71989,7,0,16,0,100,,71990,7,0,16,0,100,,71991,7,0,16,0,100,,71992,7,0,16,0,100,,71993,7,0,16,0,100,,71994,7,0,16,0,100,,71995,7,0,16,0,100,,71996,7,0,16,0
722502,'1393',536,,71997,7,0,16,0,100,,71998,7,0,16,0,100,,71999,7,0,16,0,100,,72000,7,0,16,0,100,,72001,7,0,16,0,100,,72002,7,0,16,0,100,,72003,7,0,16,0,100,,72004,7,0,16,0,100,,72005,7,0,16,0,100,,72006,7,0,16,0,100,,72007,7,0,16,0,100,,72008,7,0,16,0,100,,72009,7,0,16,0,100,,72010,7,0,16,0,100,,72011,7,0,16,0,100,,72012,7,0,16,0,100,,72013,7,0,16,0,100,,72014,7,0,16,0
722502,'1394',536,,72015,7,0,16,0,100,,72016,7,0,16,0,100,,72017,7,0,16,0,100,,72018,7,0,16,0,100,,72019,7,0,16,0,100,,72020,7,0,16,0,100,,72021,7,0,16,0,100,,72022,7,0,16,0,100,,72023,7,0,16,0,100,,72024,7,0,16,0,100,,72025,7,0,16,0,100,,72026,7,0,16,0,100,,72027,7,0,16,0,100,,72028,7,0,16,0,100,,72029,7,0,16,0,100,,72030,7,0,16,0,100,,72031,7,0,16,0,100,,72032,7,0,16,0
722502,'1395',536,,72033,7,0,16,0,100,,72034,7,0,16,0,100,,72035,7,0,16,0,100,,72036,7,0,16,0,100,,72037,7,0,16,0,100,,72038,7,0,16,0,100,,72039,7,0,16,0,100,,72040,7,0,16,0,100,,72041,7,0,16,0,100,,72042,7,0,16,0,100,,72043,7,0,16,0,100,,72044,7,0,16,0,100,,72045,7,0,16,0,100,,72046,7,0,16,0,100,,72047,7,0,16,0,100,,72048,7,0,16,0,100,,72049,7,0,16,0,100,,72050,7,0,16,0
722502,'1396',536,,72051,7,0,16,0,100,,72052,7,0,16,0,100,,72053,7,0,16,0,100,,72054,7,0,16,0,100,,72055,7,0,16,0,100,,72056,7,0,16,0,100,,72057,7,0,16,0,100,,72058,7,0,16,0,100,,72059,7,0,16,0,100,,72060,7,0,16,0,100,,72061,7,0,16,0,100,,72062,7,0,16,0,100,,72063,7,0,16,0,100,,72064,7,0,16,0,100,,72065,7,0,16,0,100,,72066,7,0,16,0,100,,72067,7,0,16,0,100,,72068,7,0,16,0
