721403,'1383',936,,64105,2,0,15,0,110,,64104,2,0,15,0,110,,64103,2,0,15,0,150,,64102,2,0,15,0,110,,64101,2,0,15,0,110,,64100,2,0,15,0,110,,64107,2,0,15,0,110,,64106,2,0,15,0
721403,'1384',836,,64108,2,0,15,0,110,,64109,2,0,15,0,110,,64110,2,0,15,0,150,,64111,2,0,15,0,111,,64112,2,0,15,0,115,,64113,2,0,15,0,85,,64114,2,0,15,0,85,,64115,2,0,15,0,45,,64116,2,0,15,0,85,,64117,2,0,15,0,85,,64118,2,0,15,0,85,,64119,2,0,15,0,45,,64120,2,0,15,0
721403,'1385',702,,64121,2,0,15,0,100,,64122,2,0,15,0,45,,64123,2,0,15,0,85,,64124,2,0,15,0,85,,64125,2,0,15,0,85,,64126,2,0,15,0,45,,64127,2,0,15,0,85,,64128,2,0,15,0,85,,64129,2,0,15,0,85,,64130,2,0,15,0,45,,64131,2,0,15,0,85,,64132,2,0,15,0,85,,64133,2,0,15,0,85,,64134,2,0,15,0,45,,64135,2,0,15,0,85,,64136,2,0,15,0,85,,64137,2,0,15,0,85,,64138,2,0,15,0,45,,64139,2,0,15,0,85,,64140,2,0,15,0
721403,'1386',702,,64141,2,0,15,0,100,,64142,2,0,15,0,45,,64143,2,0,15,0,85,,64144,2,0,15,0,85,,64145,2,0,15,0,85,,64146,2,0,15,0,45,,64147,2,0,15,0,85,,64148,2,0,15,0,85,,64149,2,0,15,0,85,,64150,2,0,15,0,45,,64151,2,0,15,0,85,,64152,2,0,15,0,85,,64153,2,0,15,0,85,,64154,2,0,15,0,45,,64155,2,0,15,0,85,,64156,2,0,15,0,85,,64157,2,0,15,0,85,,64158,2,0,15,0,45,,64159,2,0,15,0,85,,64160,2,0,15,0
721403,'1387',702,,64161,2,0,15,0,100,,64162,2,0,15,0,45,,64163,2,0,15,0,85,,64164,2,0,15,0,85,,64165,2,0,15,0,85,,64166,2,0,15,0,45,,64167,2,0,15,0,85,,64168,2,0,15,0,85,,64169,2,0,15,0,85,,64170,2,0,15,0,45,,64171,2,0,15,0,85,,64172,2,0,15,0,85,,64173,2,0,15,0,85,,64174,2,0,15,0,45,,64175,2,0,15,0,85,,64176,2,0,15,0,85,,64177,2,0,15,0,85,,64178,2,0,15,0,45,,64179,2,0,15,0,85,,64180,2,0,15,0
721403,'1388',702,,64181,2,0,15,0,100,,64182,2,0,15,0,45,,64183,2,0,15,0,85,,64184,2,0,15,0,85,,64185,2,0,15,0,85,,64186,2,0,15,0,45,,64187,2,0,15,0,85,,64188,2,0,15,0,85,,64189,2,0,15,0,85,,64190,2,0,15,0,45,,64191,2,0,15,0,85,,64192,2,0,15,0,85,,64193,2,0,15,0,85,,64194,2,0,15,0,45,,64195,2,0,15,0,85,,64196,2,0,15,0,85,,64197,2,0,15,0,85,,64198,2,0,15,0,45,,64199,2,0,15,0,85,,64200,2,0,15,0
721403,'1389',702,,64201,2,0,15,0,100,,64202,2,0,15,0,45,,64203,2,0,15,0,85,,64204,2,0,15,0,85,,64205,2,0,15,0,85,,64206,2,0,15,0,45,,64207,2,0,15,0,85,,64208,2,0,15,0,85,,64209,2,0,15,0,85,,64210,2,0,15,0,45,,64211,2,0,15,0,85,,64212,2,0,15,0,85,,64213,2,0,15,0,85,,64214,2,0,15,0,45,,64215,2,0,15,0,85,,64216,2,0,15,0,85,,64217,2,0,15,0,85,,64218,2,0,15,0,45,,64219,2,0,15,0,85,,64220,2,0,15,0
721501,'1383',950,,64352,42,0,17,0,100,,64351,42,0,17,0,100,,64350,42,0,17,0,100,,64349,42,0,17,0,100,,64348,42,0,17,0,100,,64347,42,0,17,0,100,,64346,42,0,17,0,100,,64345,42,0,17,0,100,,64344,42,0,17,0,100,,64343,42,0,17,0,100,,64342,42,0,17,0
721501,'1384',750,,64353,42,0,17,0,100,,64354,42,0,17,0,100,,64355,42,0,17,0,100,,64356,42,0,17,0,100,,64357,42,0,17,0,100,,64358,42,0,17,0,70,,64359,42,0,17,0,30,,64360,42,0,17,0,70,,64361,42,0,17,0,30,,64362,42,0,17,0,70,,64363,42,0,17,0,30,,64364,42,0,17,0,70,,64365,42,0,17,0,30,,64366,42,0,17,0,70,,64367,42,0,17,0,30,,64368,42,0,17,0,70,,64369,42,0,17,0,30,,64370,42,0,17,0,100,,64371,42,0,17,0
721501,'1385',750,,64372,42,0,17,0,70,,64373,42,0,17,0,30,,64374,42,0,17,0,70,,64375,42,0,17,0,30,,64376,42,0,17,0,70,,64377,42,0,17,0,30,,64378,42,0,17,0,70,,64379,42,0,17,0,30,,64380,42,0,17,0,70,,64381,42,0,17,0,30,,64382,42,0,17,0,70,,64383,42,0,17,0,30,,64384,42,0,17,0,70,,64385,42,0,17,0,30,,64386,42,0,17,0,70,,64387,42,0,17,0,30,,64388,42,0,17,0,70,,64389,42,0,17,0,30,,64390,42,0,17,0,70,,64391,42,0,17,0,30,,64392,42,0,17,0,70,,64393,42,0,17,0,30,,64394,42,0,17,0,70,,64395,42,0,17,0,30,,64396,42,0,17,0,100,,64397,42,0,17,0,100,,64398,42,0,17,0,100,,64399,42,0,17,0
721501,'1386',750,,64400,42,0,17,0,70,,64401,42,0,17,0,30,,64402,42,0,17,0,70,,64403,42,0,17,0,30,,64404,42,0,17,0,70,,64405,42,0,17,0,30,,64406,42,0,17,0,70,,64407,42,0,17,0,30,,64408,42,0,17,0,70,,64409,42,0,17,0,30,,64410,42,0,17,0,70,,64411,42,0,17,0,30,,64412,42,0,17,0,70,,64413,42,0,17,0,30,,64414,42,0,17,0,70,,64415,42,0,17,0,30,,64416,42,0,17,0,70,,64417,42,0,17,0,30,,64418,42,0,17,0,70,,64419,42,0,17,0,30,,64420,42,0,17,0,70,,64421,42,0,17,0,30,,64422,42,0,17,0,70,,64423,42,0,17,0,30,,64424,42,0,17,0,100,,64425,42,0,17,0,100,,64426,42,0,17,0,100,,64427,42,0,17,0
721501,'1387',750,,64428,42,0,17,0,70,,64429,42,0,17,0,30,,64430,42,0,17,0,70,,64431,42,0,17,0,30,,64432,42,0,17,0,70,,64433,42,0,17,0,30,,64434,42,0,17,0,70,,64435,42,0,17,0,30,,64436,42,0,17,0,70,,64437,42,0,17,0,30,,64438,42,0,17,0,70,,64439,42,0,17,0,30,,64440,42,0,17,0,70,,64441,42,0,17,0,30,,64442,42,0,17,0,70,,64443,42,0,17,0,30,,64444,42,0,17,0,70,,64445,42,0,17,0,30,,64446,42,0,17,0,70,,64447,42,0,17,0,30,,64448,42,0,17,0,70,,64449,42,0,17,0,30,,64450,42,0,17,0,70,,64451,42,0,17,0,30,,64452,42,0,17,0,100,,64453,42,0,17,0,100,,64454,42,0,17,0,100,,64455,42,0,17,0
721501,'1388',750,,64456,42,0,17,0,70,,64457,42,0,17,0,30,,64458,42,0,17,0,70,,64459,42,0,17,0,30,,64460,42,0,17,0,70,,64461,42,0,17,0,30,,64462,42,0,17,0,70,,64463,42,0,17,0,30,,64464,42,0,17,0,70,,64465,42,0,17,0,30,,64466,42,0,17,0,70,,64467,42,0,17,0,30,,64468,42,0,17,0,70,,64469,42,0,17,0,30,,64470,42,0,17,0,70,,64471,42,0,17,0,30,,64472,42,0,17,0,70,,64473,42,0,17,0,30,,64474,42,0,17,0,70,,64475,42,0,17,0,30,,64476,42,0,17,0,70,,64477,42,0,17,0,30,,64478,42,0,17,0,70,,64479,42,0,17,0,30,,64480,42,0,17,0,100,,64481,42,0,17,0,100,,64482,42,0,17,0,100,,64483,42,0,17,0
721501,'1389',750,,64484,42,0,17,0,70,,64485,42,0,17,0,30,,64486,42,0,17,0,70,,64487,42,0,17,0,30,,64488,42,0,17,0,70,,64489,42,0,17,0,30,,64490,42,0,17,0,70,,64491,42,0,17,0,30,,64492,42,0,17,0,70,,64493,42,0,17,0,30,,64494,42,0,17,0,70,,64495,42,0,17,0,30,,64496,42,0,17,0,70,,64497,42,0,17,0,30,,64498,42,0,17,0,70,,64499,42,0,17,0,30,,64500,42,0,17,0,70,,64501,42,0,17,0,30,,64502,42,0,17,0,70,,64503,42,0,17,0,30,,64504,42,0,17,0,70,,64505,42,0,17,0,30,,64506,42,0,17,0,70,,64507,42,0,17,0,30,,64508,42,0,17,0,100,,64509,42,0,17,0,100,,64510,42,0,17,0,100,,64511,42,0,17,0
