1701,'1362',751,,37162,69,,,0,100,,37161,69,,,0,100,,37160,69,,,0,154,,37159,69,,,0,40,,37158,69,,,0,80,,37157,69,,,0,80,,37156,69,,,0,40,,37155,69,,,0,80,,37154,69,,,0,80,,37153,69,,,0,40,,37152,69,,,0,80,,37151,69,,,0,80,,37150,69,,,0,40,,37149,69,,,0,80,,37148,69,,,0,80,,37147,69,,,0,40,,37146,69,,,0,80,,37145,69,,,0
1701,'1363',633,,37188,69,,,0,70,,37189,69,,,0,30,,37190,69,,,0,70,,37191,69,,,0,30,,37192,69,,,0,70,,37193,69,,,0,30,,37194,69,,,0,72,,37163,69,,,0,30,,37164,69,,,0,70,,37165,69,,,0,20,,37166,69,,,0,20,,37167,69,,,0,60,,37168,69,,,0,20,,37169,69,,,0,20,,37170,69,,,0,60,,37171,69,,,0,20,,37172,69,,,0,20,,37173,69,,,0,60,,37174,69,,,0,20,,37175,69,,,0,20,,37176,69,,,0,60,,37177,69,,,0,20,,37178,69,,,0,20,,37179,69,,,0,60,,37180,69,,,0,20,,37181,69,,,0,20,,37182,69,,,0,60,,37183,69,,,0,20,,37184,69,,,0,20,,37185,69,,,0,58,,37195,69,,,0,22,,37186,69,,,0,20,,37187,69,,,0,58,,37196,69,,,0,30,,37197,69,,,0,70,,37198,69,,,0,30,,37199,69,,,0,70,,37200,69,,,0,30,,37201,69,,,0,70,,37202,69,,,0,30,,37203,69,,,0,70,,37204,69,,,0,30,,37205,69,,,0,70,,37206,69,,,0,30,,37207,69,,,0,70,,37208,69,,,0,30,,37209,69,,,0
1701,'1364',628,,37210,69,,,0,30,,37211,69,,,0,55,,37212,69,,,0,15,,37213,69,,,0,15,,37214,69,,,0,15,,37215,69,,,0,50,,37216,69,,,0,10,,37217,69,,,0,10,,37218,69,,,0,10,,37219,69,,,0,10,,37220,69,,,0,10,,37221,69,,,0,50,,37222,69,,,0,10,,37223,69,,,0,10,,37224,69,,,0,10,,37225,69,,,0,10,,37226,69,,,0,10,,37227,69,,,0,50,,37228,69,,,0,10,,37229,69,,,0,10,,37230,69,,,0,10,,37231,69,,,0,10,,37232,69,,,0,10,,37233,69,,,0,50,,37234,69,,,0,10,,37235,69,,,0,10,,37236,69,,,0,10,,37237,69,,,0,10,,37238,69,,,0,10,,37239,69,,,0,50,,37240,69,,,0,10,,37241,69,,,0,10,,37242,69,,,0,10,,37243,69,,,0,10,,37244,69,,,0,10,,37245,69,,,0,50,,37246,69,,,0,10,,37247,69,,,0,10,,37248,69,,,0,10,,37249,69,,,0,10,,37250,69,,,0,10,,37251,69,,,0,50,,37252,69,,,0,10,,37253,69,,,0,10,,37254,69,,,0,10,,37255,69,,,0,10,,37256,69,,,0,10,,37257,69,,,0,50,,37258,69,,,0,10,,37259,69,,,0,10,,37260,69,,,0,10,,37261,69,,,0,10,,37262,69,,,0,10,,37263,69,,,0,50,,37264,69,,,0,10,,37265,69,,,0,10,,37266,69,,,0,10,,37267,69,,,0,10,,37268,69,,,0,10,,37269,69,,,0,50,,37270,69,,,0,10,,37271,69,,,0,10,,37272,69,,,0,10,,37273,69,,,0,10,,37274,69,,,0,10,,37275,69,,,0,50,,37276,69,,,0,10,,37277,69,,,0,10,,37278,69,,,0,10,,37279,69,,,0,10,,37280,69,,,0,10,,37281,69,,,0,55,,37282,69,,,0,15,,37283,69,,,0,15,,37284,69,,,0,15,,37285,69,,,0,70,,37286,69,,,0,30,,37287,69,,,0,70,,37288,69,,,0,30,,37289,69,,,0,70,,37290,69,,,0,30,,37291,69,,,0,70,,37292,69,,,0,30,,37293,69,,,0,70,,37294,69,,,0,30,,37295,69,,,0,70,,37296,69,,,0
1701,'1365',628,,37297,69,,,0,30,,37298,69,,,0,55,,37299,69,,,0,15,,37300,69,,,0,15,,37301,69,,,0,15,,37302,69,,,0,50,,37303,69,,,0,10,,37304,69,,,0,10,,37305,69,,,0,10,,37306,69,,,0,10,,37307,69,,,0,10,,37308,69,,,0,50,,37309,69,,,0,10,,37310,69,,,0,10,,37311,69,,,0,10,,37312,69,,,0,10,,37313,69,,,0,10,,37314,69,,,0,50,,37315,69,,,0,10,,37316,69,,,0,10,,37317,69,,,0,10,,37318,69,,,0,10,,37319,69,,,0,10,,37320,69,,,0,50,,37321,69,,,0,10,,37322,69,,,0,10,,37323,69,,,0,10,,37324,69,,,0,10,,37325,69,,,0,10,,37326,69,,,0,50,,37327,69,,,0,10,,37328,69,,,0,10,,37329,69,,,0,10,,37330,69,,,0,10,,37331,69,,,0,10,,37332,69,,,0,50,,37333,69,,,0,10,,37334,69,,,0,10,,37335,69,,,0,10,,37336,69,,,0,10,,37337,69,,,0,10,,37338,69,,,0,50,,37339,69,,,0,10,,37340,69,,,0,10,,37341,69,,,0,10,,37342,69,,,0,10,,37343,69,,,0,10,,37344,69,,,0,50,,37345,69,,,0,10,,37346,69,,,0,10,,37347,69,,,0,10,,37348,69,,,0,10,,37349,69,,,0,10,,37350,69,,,0,50,,37351,69,,,0,10,,37352,69,,,0,10,,37353,69,,,0,10,,37354,69,,,0,10,,37355,69,,,0,10,,37356,69,,,0,50,,37357,69,,,0,10,,37358,69,,,0,10,,37359,69,,,0,10,,37360,69,,,0,10,,37361,69,,,0,10,,37362,69,,,0,50,,37363,69,,,0,10,,37364,69,,,0,10,,37365,69,,,0,10,,37366,69,,,0,10,,37367,69,,,0,10,,37368,69,,,0,55,,37369,69,,,0,15,,37370,69,,,0,15,,37371,69,,,0,15,,37372,69,,,0,70,,37373,69,,,0,30,,37374,69,,,0,70,,37375,69,,,0,30,,37376,69,,,0,70,,37377,69,,,0,30,,37378,69,,,0,70,,37379,69,,,0,30,,37380,69,,,0,70,,37381,69,,,0,30,,37382,69,,,0,70,,37383,69,,,0
1701,'1366',628,,37384,69,,,0,30,,37385,69,,,0,55,,37386,69,,,0,15,,37387,69,,,0,15,,37388,69,,,0,15,,37389,69,,,0,50,,37390,69,,,0,10,,37391,69,,,0,10,,37392,69,,,0,10,,37393,69,,,0,10,,37394,69,,,0,10,,37395,69,,,0,50,,37396,69,,,0,10,,37397,69,,,0,10,,37398,69,,,0,10,,37399,69,,,0,10,,37400,69,,,0,10,,37401,69,,,0,50,,37402,69,,,0,10,,37403,69,,,0,10,,37404,69,,,0,10,,37405,69,,,0,10,,37406,69,,,0,10,,37407,69,,,0,50,,37408,69,,,0,10,,37409,69,,,0,10,,37410,69,,,0,10,,37411,69,,,0,10,,37412,69,,,0,10,,37413,69,,,0,50,,37414,69,,,0,10,,37415,69,,,0,10,,37416,69,,,0,10,,37417,69,,,0,10,,37418,69,,,0,10,,37419,69,,,0,50,,37420,69,,,0,10,,37421,69,,,0,10,,37422,69,,,0,10,,37423,69,,,0,10,,37424,69,,,0,10,,37425,69,,,0,50,,37426,69,,,0,10,,37427,69,,,0,10,,37428,69,,,0,10,,37429,69,,,0,10,,37430,69,,,0,10,,37431,69,,,0,50,,37432,69,,,0,10,,37433,69,,,0,10,,37434,69,,,0,10,,37435,69,,,0,10,,37436,69,,,0,10,,37437,69,,,0,50,,37438,69,,,0,10,,37439,69,,,0,10,,37440,69,,,0,10,,37441,69,,,0,10,,37442,69,,,0,10,,37443,69,,,0,50,,37444,69,,,0,10,,37445,69,,,0,10,,37446,69,,,0,10,,37447,69,,,0,10,,37448,69,,,0,10,,37449,69,,,0,50,,37450,69,,,0,10,,37451,69,,,0,10,,37452,69,,,0,10,,37453,69,,,0,10,,37454,69,,,0,10,,37455,69,,,0,55,,37456,69,,,0,15,,37457,69,,,0,15,,37458,69,,,0,15,,37459,69,,,0,70,,37460,69,,,0,30,,37461,69,,,0,70,,37462,69,,,0,30,,37463,69,,,0,70,,37464,69,,,0,30,,37465,69,,,0,70,,37466,69,,,0,30,,37467,69,,,0,70,,37468,69,,,0,30,,37469,69,,,0,70,,37470,69,,,0
1701,'1367',628,,37471,69,,,0,30,,37472,69,,,0,55,,37473,69,,,0,15,,37474,69,,,0,15,,37475,69,,,0,15,,37476,69,,,0,50,,37477,69,,,0,10,,37478,69,,,0,10,,37479,69,,,0,10,,37480,69,,,0,10,,37481,69,,,0,10,,37482,69,,,0,50,,37483,69,,,0,10,,37484,69,,,0,10,,37485,69,,,0,10,,37486,69,,,0,10,,37487,69,,,0,10,,37488,69,,,0,50,,37489,69,,,0,10,,37490,69,,,0,10,,37491,69,,,0,10,,37492,69,,,0,10,,37493,69,,,0,10,,37494,69,,,0,50,,37495,69,,,0,10,,37496,69,,,0,10,,37497,69,,,0,10,,37498,69,,,0,10,,37499,69,,,0,10,,37500,69,,,0,50,,37501,69,,,0,10,,37502,69,,,0,10,,37503,69,,,0,10,,37504,69,,,0,10,,37505,69,,,0,10,,37506,69,,,0,50,,37507,69,,,0,10,,37508,69,,,0,10,,37509,69,,,0,10,,37510,69,,,0,10,,37511,69,,,0,10,,37512,69,,,0,50,,37513,69,,,0,10,,37514,69,,,0,10,,37515,69,,,0,10,,37516,69,,,0,10,,37517,69,,,0,10,,37518,69,,,0,50,,37519,69,,,0,10,,37520,69,,,0,10,,37521,69,,,0,10,,37522,69,,,0,10,,37523,69,,,0,10,,37524,69,,,0,50,,37525,69,,,0,10,,37526,69,,,0,10,,37527,69,,,0,10,,37528,69,,,0,10,,37529,69,,,0,10,,37530,69,,,0,50,,37531,69,,,0,10,,37532,69,,,0,10,,37533,69,,,0,10,,37534,69,,,0,10,,37535,69,,,0,10,,37536,69,,,0,50,,37537,69,,,0,10,,37538,69,,,0,10,,37539,69,,,0,10,,37540,69,,,0,10,,37541,69,,,0,10,,37542,69,,,0,55,,37543,69,,,0,15,,37544,69,,,0,15,,37545,69,,,0,15,,37546,69,,,0,70,,37547,69,,,0,30,,37548,69,,,0,70,,37549,69,,,0,30,,37550,69,,,0,70,,37551,69,,,0,30,,37552,69,,,0,70,,37553,69,,,0,30,,37554,69,,,0,70,,37555,69,,,0,30,,37556,69,,,0,70,,37557,69,,,0
1701,'1368',628,,37558,69,,,0,30,,37559,69,,,0,55,,37560,69,,,0,15,,37561,69,,,0,15,,37562,69,,,0,15,,37563,69,,,0,50,,37564,69,,,0,10,,37565,69,,,0,10,,37566,69,,,0,10,,37567,69,,,0,10,,37568,69,,,0,10,,37569,69,,,0,50,,37570,69,,,0,10,,37571,69,,,0,10,,37572,69,,,0,10,,37573,69,,,0,10,,37574,69,,,0,10,,37575,69,,,0,50,,37576,69,,,0,10,,37577,69,,,0,10,,37578,69,,,0,10,,37579,69,,,0,10,,37580,69,,,0,10,,37581,69,,,0,50,,37582,69,,,0,10,,37583,69,,,0,10,,37584,69,,,0,10,,37585,69,,,0,10,,37586,69,,,0,10,,37587,69,,,0,50,,37588,69,,,0,10,,37589,69,,,0,10,,37590,69,,,0,10,,37591,69,,,0,10,,37592,69,,,0,10,,37593,69,,,0,50,,37594,69,,,0,10,,37595,69,,,0,10,,37596,69,,,0,10,,37597,69,,,0,10,,37598,69,,,0,10,,37599,69,,,0,50,,37600,69,,,0,10,,37601,69,,,0,10,,37602,69,,,0,10,,37603,69,,,0,10,,37604,69,,,0,10,,37605,69,,,0,50,,37606,69,,,0,10,,37607,69,,,0,10,,37608,69,,,0,10,,37609,69,,,0,10,,37610,69,,,0,10,,37611,69,,,0,50,,37612,69,,,0,10,,37613,69,,,0,10,,37614,69,,,0,10,,37615,69,,,0,10,,37616,69,,,0,10,,37617,69,,,0,50,,37618,69,,,0,10,,37619,69,,,0,10,,37620,69,,,0,10,,37621,69,,,0,10,,37622,69,,,0,10,,37623,69,,,0,50,,37624,69,,,0,10,,37625,69,,,0,10,,37626,69,,,0,10,,37627,69,,,0,10,,37628,69,,,0,10,,37629,69,,,0,55,,37630,69,,,0,15,,37631,69,,,0,15,,37632,69,,,0,15,,37633,69,,,0,70,,37634,69,,,0,30,,37635,69,,,0,70,,37636,69,,,0,30,,37637,69,,,0,70,,37638,69,,,0,30,,37639,69,,,0,70,,37640,69,,,0,30,,37641,69,,,0,70,,37642,69,,,0,30,,37643,69,,,0,70,,37644,69,,,0
2001,'1362',952,,39205,65,,,0,85,,39207,65,,,0,85,,39206,65,,,0,85,,39204,65,,,0,45,,39203,65,,,0,85,,39202,65,,,0,85,,39201,65,,,0,85,,39200,65,,,0,45,,39199,65,,,0,85,,39198,65,,,0,86,,39197,65,,,0,84,,39196,65,,,0,45,,39195,65,,,0,85,,39194,65,,,0,85,,39193,65,,,0
2001,'1363',652,,39225,65,,,0,85,,39226,65,,,0,85,,39227,65,,,0,85,,39228,65,,,0,40,,39208,65,,,0,70,,39209,65,,,0,30,,39210,65,,,0,70,,39211,65,,,0,40,,39212,65,,,0,70,,39213,65,,,0,30,,39214,65,,,0,70,,39215,65,,,0,80,,39216,65,,,0,30,,39217,65,,,0,70,,39218,65,,,0,30,,39219,65,,,0,80,,39220,65,,,0,30,,39221,65,,,0,70,,39222,65,,,0,30,,39223,65,,,0,80,,39224,65,,,0,75,,39229,65,,,0,45,,39230,65,,,0,85,,39231,65,,,0,85,,39232,65,,,0,85,,39233,65,,,0,45,,39234,65,,,0,85,,39235,65,,,0,85,,39236,65,,,0,85,,39237,65,,,0
2001,'1364',632,,39238,65,,,0,20,,39239,65,,,0,60,,39240,65,,,0,20,,39241,65,,,0,20,,39242,65,,,0,60,,39243,65,,,0,20,,39244,65,,,0,20,,39245,65,,,0,60,,39246,65,,,0,20,,39247,65,,,0,20,,39248,65,,,0,60,,39249,65,,,0,20,,39250,65,,,0,20,,39251,65,,,0,60,,39252,65,,,0,20,,39253,65,,,0,20,,39254,65,,,0,60,,39255,65,,,0,20,,39256,65,,,0,20,,39257,65,,,0,60,,39258,65,,,0,20,,39259,65,,,0,20,,39260,65,,,0,60,,39261,65,,,0,20,,39262,65,,,0,20,,39263,65,,,0,60,,39264,65,,,0,20,,39265,65,,,0,20,,39266,65,,,0,60,,39267,65,,,0,20,,39268,65,,,0,20,,39269,65,,,0,60,,39270,65,,,0,20,,39271,65,,,0,20,,39272,65,,,0,60,,39273,65,,,0,20,,39274,65,,,0,20,,39275,65,,,0,85,,39276,65,,,0,85,,39277,65,,,0,85,,39278,65,,,0,45,,39279,65,,,0,85,,39280,65,,,0,85,,39281,65,,,0,85,,39282,65,,,0,45,,39283,65,,,0,85,,39284,65,,,0
2001,'1365',632,,39285,65,,,0,20,,39286,65,,,0,60,,39287,65,,,0,20,,39288,65,,,0,20,,39289,65,,,0,60,,39290,65,,,0,20,,39291,65,,,0,20,,39292,65,,,0,60,,39293,65,,,0,20,,39294,65,,,0,20,,39295,65,,,0,60,,39296,65,,,0,20,,39297,65,,,0,20,,39298,65,,,0,60,,39299,65,,,0,20,,39300,65,,,0,20,,39301,65,,,0,60,,39302,65,,,0,20,,39303,65,,,0,20,,39304,65,,,0,60,,39305,65,,,0,20,,39306,65,,,0,20,,39307,65,,,0,60,,39308,65,,,0,20,,39309,65,,,0,20,,39310,65,,,0,60,,39311,65,,,0,20,,39312,65,,,0,20,,39313,65,,,0,60,,39314,65,,,0,20,,39315,65,,,0,20,,39316,65,,,0,60,,39317,65,,,0,20,,39318,65,,,0,20,,39319,65,,,0,60,,39320,65,,,0,20,,39321,65,,,0,20,,39322,65,,,0,85,,39323,65,,,0,85,,39324,65,,,0,85,,39325,65,,,0,45,,39326,65,,,0,85,,39327,65,,,0,85,,39328,65,,,0,85,,39329,65,,,0,45,,39330,65,,,0,85,,39331,65,,,0
2001,'1366',632,,39332,65,,,0,20,,39333,65,,,0,60,,39334,65,,,0,20,,39335,65,,,0,20,,39336,65,,,0,60,,39337,65,,,0,20,,39338,65,,,0,20,,39339,65,,,0,60,,39340,65,,,0,20,,39341,65,,,0,20,,39342,65,,,0,60,,39343,65,,,0,20,,39344,65,,,0,20,,39345,65,,,0,60,,39346,65,,,0,20,,39347,65,,,0,20,,39348,65,,,0,60,,39349,65,,,0,20,,39350,65,,,0,20,,39351,65,,,0,60,,39352,65,,,0,20,,39353,65,,,0,20,,39354,65,,,0,60,,39355,65,,,0,20,,39356,65,,,0,20,,39357,65,,,0,60,,39358,65,,,0,20,,39359,65,,,0,20,,39360,65,,,0,60,,39361,65,,,0,20,,39362,65,,,0,20,,39363,65,,,0,60,,39364,65,,,0,20,,39365,65,,,0,20,,39366,65,,,0,60,,39367,65,,,0,20,,39368,65,,,0,20,,39369,65,,,0,85,,39370,65,,,0,85,,39371,65,,,0,85,,39372,65,,,0,45,,39373,65,,,0,85,,39374,65,,,0,85,,39375,65,,,0,85,,39376,65,,,0,45,,39377,65,,,0,85,,39378,65,,,0
2001,'1367',632,,39379,65,,,0,20,,39380,65,,,0,60,,39381,65,,,0,20,,39382,65,,,0,20,,39383,65,,,0,60,,39384,65,,,0,20,,39385,65,,,0,20,,39386,65,,,0,60,,39387,65,,,0,20,,39388,65,,,0,20,,39389,65,,,0,60,,39390,65,,,0,20,,39391,65,,,0,20,,39392,65,,,0,60,,39393,65,,,0,20,,39394,65,,,0,20,,39395,65,,,0,60,,39396,65,,,0,20,,39397,65,,,0,20,,39398,65,,,0,60,,39399,65,,,0,20,,39400,65,,,0,20,,39401,65,,,0,60,,39402,65,,,0,20,,39403,65,,,0,20,,39404,65,,,0,60,,39405,65,,,0,20,,39406,65,,,0,20,,39407,65,,,0,60,,39408,65,,,0,20,,39409,65,,,0,20,,39410,65,,,0,60,,39411,65,,,0,20,,39412,65,,,0,20,,39413,65,,,0,60,,39414,65,,,0,20,,39415,65,,,0,20,,39416,65,,,0,85,,39417,65,,,0,85,,39418,65,,,0,85,,39419,65,,,0,45,,39420,65,,,0,85,,39421,65,,,0,85,,39422,65,,,0,85,,39423,65,,,0,45,,39424,65,,,0,85,,39425,65,,,0
2001,'1368',632,,39426,65,,,0,20,,39427,65,,,0,60,,39428,65,,,0,20,,39429,65,,,0,20,,39430,65,,,0,60,,39431,65,,,0,20,,39432,65,,,0,20,,39433,65,,,0,60,,39434,65,,,0,20,,39435,65,,,0,20,,39436,65,,,0,60,,39437,65,,,0,20,,39438,65,,,0,20,,39439,65,,,0,60,,39440,65,,,0,20,,39441,65,,,0,20,,39442,65,,,0,60,,39443,65,,,0,20,,39444,65,,,0,20,,39445,65,,,0,60,,39446,65,,,0,20,,39447,65,,,0,20,,39448,65,,,0,60,,39449,65,,,0,20,,39450,65,,,0,20,,39451,65,,,0,60,,39452,65,,,0,20,,39453,65,,,0,20,,39454,65,,,0,60,,39455,65,,,0,20,,39456,65,,,0,20,,39457,65,,,0,60,,39458,65,,,0,20,,39459,65,,,0,20,,39460,65,,,0,60,,39461,65,,,0,20,,39462,65,,,0,20,,39463,65,,,0,85,,39464,65,,,0,85,,39465,65,,,0,85,,39466,65,,,0,45,,39467,65,,,0,85,,39468,65,,,0,85,,39469,65,,,0,85,,39470,65,,,0,45,,39471,65,,,0,85,,39472,65,,,0
552200,'1364',630,,40278,1,0,9,0,70,,40279,1,0,9,0,30,,40280,1,0,9,0,70,,40281,1,0,9,0,30,,40282,1,0,9,0,70,,40283,1,0,9,0,30,,40284,1,0,9,0,70,,40285,1,0,9,0,30,,40286,1,0,9,0,70,,40287,1,0,9,0,30,,40288,1,0,9,0,70,,40289,1,0,9,0,30,,40290,1,0,9,0,70,,40291,1,0,9,0,30,,40292,1,0,9,0,70,,40293,1,0,9,0,30,,40294,1,0,9,0,70,,40295,1,0,9,0,30,,40296,1,0,9,0,70,,40297,1,0,9,0,30,,40298,1,0,9,0,70,,40299,1,0,9,0,30,,40300,1,0,9,0
552200,'1365',630,,40301,1,0,9,0,70,,40302,1,0,9,0,30,,40303,1,0,9,0,70,,40304,1,0,9,0,30,,40305,1,0,9,0,70,,40306,1,0,9,0,30,,40307,1,0,9,0,70,,40308,1,0,9,0,30,,40309,1,0,9,0,70,,40310,1,0,9,0,30,,40311,1,0,9,0,70,,40312,1,0,9,0,30,,40313,1,0,9,0,70,,40314,1,0,9,0,30,,40315,1,0,9,0,70,,40316,1,0,9,0,30,,40317,1,0,9,0,70,,40318,1,0,9,0,30,,40319,1,0,9,0,70,,40320,1,0,9,0,30,,40321,1,0,9,0,70,,40322,1,0,9,0,30,,40323,1,0,9,0
552200,'1366',630,,40324,1,0,9,0,70,,40325,1,0,9,0,30,,40326,1,0,9,0,70,,40327,1,0,9,0,30,,40328,1,0,9,0,70,,40329,1,0,9,0,30,,40330,1,0,9,0,70,,40331,1,0,9,0,30,,40332,1,0,9,0,70,,40333,1,0,9,0,30,,40334,1,0,9,0,70,,40335,1,0,9,0,30,,40336,1,0,9,0,70,,40337,1,0,9,0,30,,40338,1,0,9,0,70,,40339,1,0,9,0,30,,40340,1,0,9,0,70,,40341,1,0,9,0,30,,40342,1,0,9,0,70,,40343,1,0,9,0,30,,40344,1,0,9,0,70,,40345,1,0,9,0,30,,40346,1,0,9,0
552200,'1367',630,,40347,1,0,9,0,70,,40348,1,0,9,0,30,,40349,1,0,9,0,70,,40350,1,0,9,0,30,,40351,1,0,9,0,70,,40352,1,0,9,0,30,,40353,1,0,9,0,70,,40354,1,0,9,0,30,,40355,1,0,9,0,70,,40356,1,0,9,0,30,,40357,1,0,9,0,70,,40358,1,0,9,0,30,,40359,1,0,9,0,70,,40360,1,0,9,0,30,,40361,1,0,9,0,70,,40362,1,0,9,0,30,,40363,1,0,9,0,70,,40364,1,0,9,0,30,,40365,1,0,9,0,70,,40366,1,0,9,0,30,,40367,1,0,9,0,70,,40368,1,0,9,0,30,,40369,1,0,9,0
552200,'1368',630,,40370,1,0,9,0,70,,40371,1,0,9,0,30,,40372,1,0,9,0,70,,40373,1,0,9,0,30,,40374,1,0,9,0,70,,40375,1,0,9,0,30,,40376,1,0,9,0,70,,40377,1,0,9,0,30,,40378,1,0,9,0,70,,40379,1,0,9,0,30,,40380,1,0,9,0,70,,40381,1,0,9,0,30,,40382,1,0,9,0,70,,40383,1,0,9,0,30,,40384,1,0,9,0,70,,40385,1,0,9,0,30,,40386,1,0,9,0,70,,40387,1,0,9,0,30,,40388,1,0,9,0,70,,40389,1,0,9,0,30,,40390,1,0,9,0,70,,40391,1,0,9,0,30,,40392,1,0,9,0
552201,'1364',727,,40393,23,4,,0,30,,40394,23,4,,0,70,,40395,23,4,,0,30,,40396,23,4,,0,70,,40397,23,4,,0,30,,40398,23,4,,0,70,,40399,23,4,,0,30,,40400,23,4,,0,70,,40401,23,4,,0,30,,40402,23,4,,0,70,,40403,23,4,,0,30,,40404,23,4,,0,70,,40405,23,4,,0,30,,40406,23,4,,0,70,,40407,23,4,,0,30,,40408,23,4,,0,70,,40409,23,4,,0,30,,40410,23,4,,0,70,,40411,23,4,,0,30,,40412,23,4,,0,70,,40413,23,4,,0,30,,40414,23,4,,0,70,,40415,23,4,,0
552201,'1365',727,,40416,23,4,,0,30,,40417,23,4,,0,70,,40418,23,4,,0,30,,40419,23,4,,0,70,,40420,23,4,,0,30,,40421,23,4,,0,70,,40422,23,4,,0,30,,40423,23,4,,0,70,,40424,23,4,,0,30,,40425,23,4,,0,70,,40426,23,4,,0,30,,40427,23,4,,0,70,,40428,23,4,,0,30,,40429,23,4,,0,70,,40430,23,4,,0,30,,40431,23,4,,0,70,,40432,23,4,,0,30,,40433,23,4,,0,70,,40434,23,4,,0,30,,40435,23,4,,0,70,,40436,23,4,,0,30,,40437,23,4,,0,70,,40438,23,4,,0
552201,'1366',727,,40439,23,4,,0,30,,40440,23,4,,0,70,,40441,23,4,,0,30,,40442,23,4,,0,70,,40443,23,4,,0,30,,40444,23,4,,0,70,,40445,23,4,,0,30,,40446,23,4,,0,70,,40447,23,4,,0,30,,40448,23,4,,0,70,,40449,23,4,,0,30,,40450,23,4,,0,70,,40451,23,4,,0,30,,40452,23,4,,0,70,,40453,23,4,,0,30,,40454,23,4,,0,70,,40455,23,4,,0,30,,40456,23,4,,0,70,,40457,23,4,,0,30,,40458,23,4,,0,70,,40459,23,4,,0,30,,40460,23,4,,0,70,,40461,23,4,,0
552201,'1367',727,,40462,23,4,,0,30,,40463,23,4,,0,70,,40464,23,4,,0,30,,40465,23,4,,0,70,,40466,23,4,,0,30,,40467,23,4,,0,70,,40468,23,4,,0,30,,40469,23,4,,0,70,,40470,23,4,,0,30,,40471,23,4,,0,70,,40472,23,4,,0,30,,40473,23,4,,0,70,,40474,23,4,,0,30,,40475,23,4,,0,70,,40476,23,4,,0,30,,40477,23,4,,0,70,,40478,23,4,,0,30,,40479,23,4,,0,70,,40480,23,4,,0,30,,40481,23,4,,0,70,,40482,23,4,,0,30,,40483,23,4,,0,70,,40484,23,4,,0
552201,'1368',727,,40485,23,4,,0,30,,40486,23,4,,0,70,,40487,23,4,,0,30,,40488,23,4,,0,70,,40489,23,4,,0,30,,40490,23,4,,0,70,,40491,23,4,,0,30,,40492,23,4,,0,70,,40493,23,4,,0,30,,40494,23,4,,0,70,,40495,23,4,,0,30,,40496,23,4,,0,70,,40497,23,4,,0,30,,40498,23,4,,0,70,,40499,23,4,,0,30,,40500,23,4,,0,70,,40501,23,4,,0,30,,40502,23,4,,0,70,,40503,23,4,,0,30,,40504,23,4,,0,70,,40505,23,4,,0,30,,40506,23,4,,0,70,,40507,23,4,,0
