1801,'1390',748,,66890,82,,,0,100,,66889,82,,,0,100,,66888,82,,,0,105,,66887,82,,,0,80,,66886,82,,,0,80,,66885,82,,,0,40,,66884,82,,,0,80,,66883,82,,,0,80,,66882,82,,,0,40,,66881,82,,,0,80,,66880,82,,,0,80,,66879,82,,,0,40,,66878,82,,,0,80,,66877,82,,,0,80,,66876,82,,,0,40,,66875,82,,,0,80,,66874,82,,,0,80,,66873,82,,,0
1801,'1391',624,,66891,82,,,0,30,,66892,82,,,0,70,,66893,82,,,0,30,,66894,82,,,0,70,,66895,82,,,0,30,,66896,82,,,0,70,,66897,82,,,0,30,,66898,82,,,0,70,,66899,82,,,0,30,,66900,82,,,0,60,,66901,82,,,0,20,,66902,82,,,0,20,,66903,82,,,0,60,,66904,82,,,0,20,,66905,82,,,0,20,,66906,82,,,0,60,,66907,82,,,0,20,,66908,82,,,0,20,,66909,82,,,0,60,,66910,82,,,0,20,,66911,82,,,0,20,,66912,82,,,0,60,,66913,82,,,0,20,,66914,82,,,0,20,,66915,82,,,0,60,,66916,82,,,0,20,,66917,82,,,0,20,,66918,82,,,0,60,,66919,82,,,0,20,,66920,82,,,0,20,,66921,82,,,0,60,,66922,82,,,0,20,,66923,82,,,0,20,,66924,82,,,0,75,,66925,82,,,0,25,,66926,82,,,0,70,,66927,82,,,0,30,,66928,82,,,0,70,,66929,82,,,0,30,,66930,82,,,0,70,,66931,82,,,0,30,,66932,82,,,0,70,,66933,82,,,0,30,,66934,82,,,0,70,,66935,82,,,0,30,,66936,82,,,0,70,,66937,82,,,0
1801,'1392',622,,66976,82,,,0,30,,66977,82,,,0,55,,66942,82,,,0,20,,66941,82,,,0,15,,66940,82,,,0,15,,66939,82,,,0,50,,66938,82,,,0,10,,66943,82,,,0,10,,66944,82,,,0,10,,66945,82,,,0,10,,66946,82,,,0,10,,66947,82,,,0,55,,66948,82,,,0,15,,66949,82,,,0,15,,66950,82,,,0,10,,66978,82,,,0,55,,66979,82,,,0,15,,66980,82,,,0,15,,66981,82,,,0,15,,66982,82,,,0,55,,66983,82,,,0,15,,66984,82,,,0,15,,66985,82,,,0,15,,66986,82,,,0,55,,66987,82,,,0,15,,66988,82,,,0,15,,66989,82,,,0,15,,66990,82,,,0,50,,67009,66,,,0,5,,66991,82,,,0,15,,66992,82,,,0,15,,66993,82,,,0,15,,66994,82,,,0,62,,66951,82,,,0,15,,66952,82,,,0,15,,66953,82,,,0,15,,66954,82,,,0,50,,66955,82,,,0,10,,66956,82,,,0,10,,66957,82,,,0,10,,66958,82,,,0,10,,66959,82,,,0,10,,66960,82,,,0,50,,66961,82,,,0,10,,66962,82,,,0,10,,66963,82,,,0,10,,66964,82,,,0,10,,66965,82,,,0,10,,66966,82,,,0,50,,66967,82,,,0,10,,66968,82,,,0,10,,66969,82,,,0,10,,66970,82,,,0,10,,66971,82,,,0,10,,66972,82,,,0,55,,66973,82,,,0,15,,66974,82,,,0,15,,66975,82,,,0,9,,66995,82,,,0,70,,66996,82,,,0,30,,66997,82,,,0,70,,66998,82,,,0,30,,66999,82,,,0,70,,67000,82,,,0,30,,67001,82,,,0,70,,67002,82,,,0,30,,67003,82,,,0,70,,67004,82,,,0,30,,67005,82,,,0,70,,67006,82,,,0,30,,67007,82,,,0,70,,67008,82,,,0
1801,'1393',622,,67048,82,,,0,30,,67049,82,,,0,55,,67013,82,,,0,20,,67012,82,,,0,15,,67011,82,,,0,15,,67010,82,,,0,50,,67014,82,,,0,10,,67015,82,,,0,10,,67016,82,,,0,10,,67017,82,,,0,10,,67018,82,,,0,10,,67019,82,,,0,55,,67020,82,,,0,15,,67021,82,,,0,15,,67022,82,,,0,10,,67050,82,,,0,55,,67051,82,,,0,15,,67052,82,,,0,15,,67053,82,,,0,15,,67054,82,,,0,55,,67055,82,,,0,15,,67056,82,,,0,15,,67057,82,,,0,15,,67058,82,,,0,55,,67059,82,,,0,15,,67060,82,,,0,15,,67061,82,,,0,15,,67062,82,,,0,50,,67081,66,,,0,5,,67063,82,,,0,15,,67064,82,,,0,15,,67065,82,,,0,15,,67066,82,,,0,62,,67023,82,,,0,15,,67024,82,,,0,15,,67025,82,,,0,15,,67026,82,,,0,50,,67027,82,,,0,10,,67028,82,,,0,10,,67029,82,,,0,10,,67030,82,,,0,10,,67031,82,,,0,10,,67032,82,,,0,50,,67033,82,,,0,10,,67034,82,,,0,10,,67035,82,,,0,10,,67036,82,,,0,10,,67037,82,,,0,10,,67038,82,,,0,50,,67039,82,,,0,10,,67040,82,,,0,10,,67041,82,,,0,10,,67042,82,,,0,10,,67043,82,,,0,10,,67044,82,,,0,55,,67045,82,,,0,15,,67046,82,,,0,15,,67047,82,,,0,9,,67067,82,,,0,70,,67068,82,,,0,30,,67069,82,,,0,70,,67070,82,,,0,30,,67071,82,,,0,70,,67072,82,,,0,30,,67073,82,,,0,70,,67074,82,,,0,30,,67075,82,,,0,70,,67076,82,,,0,30,,67077,82,,,0,70,,67078,82,,,0,30,,67079,82,,,0,70,,67080,82,,,0
1801,'1394',622,,67120,82,,,0,30,,67121,82,,,0,55,,67085,82,,,0,20,,67084,82,,,0,15,,67083,82,,,0,15,,67082,82,,,0,50,,67086,82,,,0,10,,67087,82,,,0,10,,67088,82,,,0,10,,67089,82,,,0,10,,67090,82,,,0,10,,67091,82,,,0,55,,67092,82,,,0,15,,67093,82,,,0,15,,67094,82,,,0,10,,67122,82,,,0,55,,67123,82,,,0,15,,67124,82,,,0,15,,67125,82,,,0,15,,67126,82,,,0,55,,67127,82,,,0,15,,67128,82,,,0,15,,67129,82,,,0,15,,67130,82,,,0,55,,67131,82,,,0,15,,67132,82,,,0,15,,67133,82,,,0,15,,67134,82,,,0,50,,67153,66,,,0,5,,67135,82,,,0,15,,67136,82,,,0,15,,67137,82,,,0,15,,67138,82,,,0,62,,67095,82,,,0,15,,67096,82,,,0,15,,67097,82,,,0,15,,67098,82,,,0,50,,67099,82,,,0,10,,67100,82,,,0,10,,67101,82,,,0,10,,67102,82,,,0,10,,67103,82,,,0,10,,67104,82,,,0,50,,67105,82,,,0,10,,67106,82,,,0,10,,67107,82,,,0,10,,67108,82,,,0,10,,67109,82,,,0,10,,67110,82,,,0,50,,67111,82,,,0,10,,67112,82,,,0,10,,67113,82,,,0,10,,67114,82,,,0,10,,67115,82,,,0,10,,67116,82,,,0,55,,67117,82,,,0,15,,67118,82,,,0,15,,67119,82,,,0,9,,67139,82,,,0,70,,67140,82,,,0,30,,67141,82,,,0,70,,67142,82,,,0,30,,67143,82,,,0,70,,67144,82,,,0,30,,67145,82,,,0,70,,67146,82,,,0,30,,67147,82,,,0,70,,67148,82,,,0,30,,67149,82,,,0,70,,67150,82,,,0,30,,67151,82,,,0,70,,67152,82,,,0
1801,'1395',622,,67192,82,,,0,30,,67193,82,,,0,55,,67157,82,,,0,20,,67156,82,,,0,15,,67155,82,,,0,15,,67154,82,,,0,50,,67158,82,,,0,10,,67159,82,,,0,10,,67160,82,,,0,10,,67161,82,,,0,10,,67162,82,,,0,10,,67163,82,,,0,55,,67164,82,,,0,15,,67165,82,,,0,15,,67166,82,,,0,10,,67194,82,,,0,55,,67195,82,,,0,15,,67196,82,,,0,15,,67197,82,,,0,15,,67198,82,,,0,55,,67199,82,,,0,15,,67200,82,,,0,15,,67201,82,,,0,15,,67202,82,,,0,55,,67203,82,,,0,15,,67204,82,,,0,15,,67205,82,,,0,15,,67206,82,,,0,50,,67225,66,,,0,5,,67207,82,,,0,15,,67208,82,,,0,15,,67209,82,,,0,15,,67210,82,,,0,62,,67167,82,,,0,15,,67168,82,,,0,15,,67169,82,,,0,15,,67170,82,,,0,50,,67171,82,,,0,10,,67172,82,,,0,10,,67173,82,,,0,10,,67174,82,,,0,10,,67175,82,,,0,10,,67176,82,,,0,50,,67177,82,,,0,10,,67178,82,,,0,10,,67179,82,,,0,10,,67180,82,,,0,10,,67181,82,,,0,10,,67182,82,,,0,50,,67183,82,,,0,10,,67184,82,,,0,10,,67185,82,,,0,10,,67186,82,,,0,10,,67187,82,,,0,10,,67188,82,,,0,55,,67189,82,,,0,15,,67190,82,,,0,15,,67191,82,,,0,9,,67211,82,,,0,70,,67212,82,,,0,30,,67213,82,,,0,70,,67214,82,,,0,30,,67215,82,,,0,70,,67216,82,,,0,30,,67217,82,,,0,70,,67218,82,,,0,30,,67219,82,,,0,70,,67220,82,,,0,30,,67221,82,,,0,70,,67222,82,,,0,30,,67223,82,,,0,70,,67224,82,,,0
1801,'1396',622,,67264,82,,,0,30,,67265,82,,,0,55,,67229,82,,,0,20,,67228,82,,,0,15,,67227,82,,,0,15,,67226,82,,,0,50,,67230,82,,,0,10,,67231,82,,,0,10,,67232,82,,,0,10,,67233,82,,,0,10,,67234,82,,,0,10,,67235,82,,,0,55,,67236,82,,,0,15,,67237,82,,,0,15,,67238,82,,,0,10,,67266,82,,,0,55,,67267,82,,,0,15,,67268,82,,,0,15,,67269,82,,,0,15,,67270,82,,,0,55,,67271,82,,,0,15,,67272,82,,,0,15,,67273,82,,,0,15,,67274,82,,,0,55,,67275,82,,,0,15,,67276,82,,,0,15,,67277,82,,,0,15,,67278,82,,,0,50,,67297,66,,,0,5,,67279,82,,,0,15,,67280,82,,,0,15,,67281,82,,,0,15,,67282,82,,,0,62,,67239,82,,,0,15,,67240,82,,,0,15,,67241,82,,,0,15,,67242,82,,,0,50,,67243,82,,,0,10,,67244,82,,,0,10,,67245,82,,,0,10,,67246,82,,,0,10,,67247,82,,,0,10,,67248,82,,,0,50,,67249,82,,,0,10,,67250,82,,,0,10,,67251,82,,,0,10,,67252,82,,,0,10,,67253,82,,,0,10,,67254,82,,,0,50,,67255,82,,,0,10,,67256,82,,,0,10,,67257,82,,,0,10,,67258,82,,,0,10,,67259,82,,,0,10,,67260,82,,,0,55,,67261,82,,,0,15,,67262,82,,,0,15,,67263,82,,,0,9,,67283,82,,,0,70,,67284,82,,,0,30,,67285,82,,,0,70,,67286,82,,,0,30,,67287,82,,,0,70,,67288,82,,,0,30,,67289,82,,,0,70,,67290,82,,,0,30,,67291,82,,,0,70,,67292,82,,,0,30,,67293,82,,,0,70,,67294,82,,,0,30,,67295,82,,,0,70,,67296,82,,,0
2800,'1391',756,,68281,35,,,0,150,,68282,35,,,0,110,,68283,35,,,0,110,,68284,35,,,0,110,,68285,35,,,0,110,,68286,35,,,0,110,,68287,35,,,0,150,,68288,35,,,0,110,,68289,35,,,0,110,,68290,35,,,0,110,,68291,35,,,0
2800,'1392',656,,68297,36,,,0,75,,68298,36,,,0,75,,68299,36,,,0,35,,68300,36,,,0,75,,68301,36,,,0,35,,68302,36,,,0,75,,68303,36,,,0,75,,68304,36,,,0,35,,68305,36,,,0,75,,68306,36,,,0,35,,68307,36,,,0,75,,68308,36,,,0,35,,68309,36,,,0,75,,68310,36,,,0,75,,68311,36,,,0,35,,68312,36,,,0,75,,68313,36,,,0,35,,68314,36,,,0,75,,68292,35,,,0,75,,68293,35,,,0,35,,68294,35,,,0,75,,68295,35,,,0,35,,68296,35,,,0
2800,'1393',656,,68320,36,,,0,75,,68321,36,,,0,75,,68322,36,,,0,35,,68323,36,,,0,75,,68324,36,,,0,35,,68325,36,,,0,75,,68326,36,,,0,75,,68327,36,,,0,35,,68328,36,,,0,75,,68329,36,,,0,35,,68330,36,,,0,75,,68331,36,,,0,35,,68332,36,,,0,75,,68333,36,,,0,75,,68334,36,,,0,35,,68335,36,,,0,75,,68336,36,,,0,35,,68337,36,,,0,75,,68315,35,,,0,75,,68316,35,,,0,35,,68317,35,,,0,75,,68318,35,,,0,35,,68319,35,,,0
2800,'1394',656,,68343,36,,,0,75,,68344,36,,,0,75,,68345,36,,,0,35,,68346,36,,,0,75,,68347,36,,,0,35,,68348,36,,,0,75,,68349,36,,,0,75,,68350,36,,,0,35,,68351,36,,,0,75,,68352,36,,,0,35,,68353,36,,,0,75,,68354,36,,,0,35,,68355,36,,,0,75,,68356,36,,,0,75,,68357,36,,,0,35,,68358,36,,,0,75,,68359,36,,,0,35,,68360,36,,,0,75,,68338,35,,,0,75,,68339,35,,,0,35,,68340,35,,,0,75,,68341,35,,,0,35,,68342,35,,,0
2800,'1395',656,,68366,36,,,0,75,,68367,36,,,0,75,,68368,36,,,0,35,,68369,36,,,0,75,,68370,36,,,0,35,,68371,36,,,0,75,,68372,36,,,0,75,,68373,36,,,0,35,,68374,36,,,0,75,,68375,36,,,0,35,,68376,36,,,0,75,,68377,36,,,0,35,,68378,36,,,0,75,,68379,36,,,0,75,,68380,36,,,0,35,,68381,36,,,0,75,,68382,36,,,0,35,,68383,36,,,0,75,,68361,35,,,0,75,,68362,35,,,0,35,,68363,35,,,0,75,,68364,35,,,0,35,,68365,35,,,0
2800,'1396',656,,68389,36,,,0,75,,68390,36,,,0,75,,68391,36,,,0,35,,68392,36,,,0,75,,68393,36,,,0,35,,68394,36,,,0,75,,68395,36,,,0,75,,68396,36,,,0,35,,68397,36,,,0,75,,68398,36,,,0,35,,68399,36,,,0,75,,68400,36,,,0,35,,68401,36,,,0,75,,68402,36,,,0,75,,68403,36,,,0,35,,68404,36,,,0,75,,68405,36,,,0,35,,68406,36,,,0,75,,68384,35,,,0,75,,68385,35,,,0,35,,68386,35,,,0,75,,68387,35,,,0,35,,68388,35,,,0
