2000,'1390',916,,67729,1,,,0
2000,'1391',616,,67730,1,,,0
2000,'1392',541,,67761,1,,,0
2000,'1393',541,,67809,1,,,0
2000,'1394',541,,67857,1,,,0
2000,'1395',541,,67905,1,,,0
2000,'1396',541,,67953,1,,,0
2001,'1390',1001,,68015,69,,,0,45,,68014,69,,,0,85,,68013,69,,,0,85,,68012,69,,,0,85,,68011,69,,,0,45,,68010,69,,,0,85,,68009,69,,,0,85,,68008,69,,,0,85,,68007,69,,,0,45,,68006,69,,,0,85,,68005,69,,,0,85,,68004,69,,,0,85,,68003,69,,,0,45,,68002,69,,,0,85,,68001,69,,,0
2001,'1391',701,,68033,69,,,0,45,,68034,69,,,0,85,,68035,69,,,0,85,,68036,69,,,0,38,,68016,69,,,0,70,,68017,69,,,0,30,,68018,69,,,0,70,,68019,69,,,0,80,,68020,69,,,0,30,,68021,69,,,0,70,,68022,69,,,0,30,,68023,69,,,0,80,,68024,69,,,0,30,,68025,69,,,0,70,,68026,69,,,0,30,,68027,69,,,0,80,,68028,69,,,0,30,,68029,69,,,0,70,,68030,69,,,0,30,,68031,69,,,0,80,,68032,69,,,0,77,,68037,69,,,0,45,,68038,69,,,0,85,,68039,69,,,0,85,,68040,69,,,0,85,,68041,69,,,0,45,,68042,69,,,0,85,,68043,69,,,0,85,,68044,69,,,0,85,,68045,69,,,0
2001,'1392',641,,68046,69,,,0,60,,68047,69,,,0,20,,68048,69,,,0,20,,68049,69,,,0,60,,68050,69,,,0,20,,68051,69,,,0,20,,68052,69,,,0,60,,68053,69,,,0,20,,68054,69,,,0,20,,68055,69,,,0,60,,68056,69,,,0,20,,68057,69,,,0,20,,68058,69,,,0,60,,68059,69,,,0,20,,68060,69,,,0,20,,68061,69,,,0,60,,68062,69,,,0,20,,68063,69,,,0,20,,68064,69,,,0,60,,68065,69,,,0,20,,68066,69,,,0,20,,68067,69,,,0,60,,68068,69,,,0,20,,68069,69,,,0,20,,68070,69,,,0,60,,68071,69,,,0,20,,68072,69,,,0,20,,68073,69,,,0,60,,68074,69,,,0,20,,68075,69,,,0,20,,68076,69,,,0,60,,68077,69,,,0,20,,68078,69,,,0,20,,68079,69,,,0,60,,68080,69,,,0,20,,68081,69,,,0,20,,68082,69,,,0,60,,68083,69,,,0,45,,68084,69,,,0,85,,68085,69,,,0,85,,68086,69,,,0,85,,68087,69,,,0,45,,68088,69,,,0,85,,68089,69,,,0,85,,68090,69,,,0,85,,68091,69,,,0,45,,68092,69,,,0
2001,'1393',641,,68093,69,,,0,60,,68094,69,,,0,20,,68095,69,,,0,20,,68096,69,,,0,60,,68097,69,,,0,20,,68098,69,,,0,20,,68099,69,,,0,60,,68100,69,,,0,20,,68101,69,,,0,20,,68102,69,,,0,60,,68103,69,,,0,20,,68104,69,,,0,20,,68105,69,,,0,60,,68106,69,,,0,20,,68107,69,,,0,20,,68108,69,,,0,60,,68109,69,,,0,20,,68110,69,,,0,20,,68111,69,,,0,60,,68112,69,,,0,20,,68113,69,,,0,20,,68114,69,,,0,60,,68115,69,,,0,20,,68116,69,,,0,20,,68117,69,,,0,60,,68118,69,,,0,20,,68119,69,,,0,20,,68120,69,,,0,60,,68121,69,,,0,20,,68122,69,,,0,20,,68123,69,,,0,60,,68124,69,,,0,20,,68125,69,,,0,20,,68126,69,,,0,60,,68127,69,,,0,20,,68128,69,,,0,20,,68129,69,,,0,60,,68130,69,,,0,45,,68131,69,,,0,85,,68132,69,,,0,85,,68133,69,,,0,85,,68134,69,,,0,45,,68135,69,,,0,85,,68136,69,,,0,85,,68137,69,,,0,85,,68138,69,,,0,45,,68139,69,,,0
2001,'1394',641,,68140,69,,,0,60,,68141,69,,,0,20,,68142,69,,,0,20,,68143,69,,,0,60,,68144,69,,,0,20,,68145,69,,,0,20,,68146,69,,,0,60,,68147,69,,,0,20,,68148,69,,,0,20,,68149,69,,,0,60,,68150,69,,,0,20,,68151,69,,,0,20,,68152,69,,,0,60,,68153,69,,,0,20,,68154,69,,,0,20,,68155,69,,,0,60,,68156,69,,,0,20,,68157,69,,,0,20,,68158,69,,,0,60,,68159,69,,,0,20,,68160,69,,,0,20,,68161,69,,,0,60,,68162,69,,,0,20,,68163,69,,,0,20,,68164,69,,,0,60,,68165,69,,,0,20,,68166,69,,,0,20,,68167,69,,,0,60,,68168,69,,,0,20,,68169,69,,,0,20,,68170,69,,,0,60,,68171,69,,,0,20,,68172,69,,,0,20,,68173,69,,,0,60,,68174,69,,,0,20,,68175,69,,,0,20,,68176,69,,,0,60,,68177,69,,,0,45,,68178,69,,,0,85,,68179,69,,,0,85,,68180,69,,,0,85,,68181,69,,,0,45,,68182,69,,,0,85,,68183,69,,,0,85,,68184,69,,,0,85,,68185,69,,,0,45,,68186,69,,,0
2001,'1395',641,,68187,69,,,0,60,,68188,69,,,0,20,,68189,69,,,0,20,,68190,69,,,0,60,,68191,69,,,0,20,,68192,69,,,0,20,,68193,69,,,0,60,,68194,69,,,0,20,,68195,69,,,0,20,,68196,69,,,0,60,,68197,69,,,0,20,,68198,69,,,0,20,,68199,69,,,0,60,,68200,69,,,0,20,,68201,69,,,0,20,,68202,69,,,0,60,,68203,69,,,0,20,,68204,69,,,0,20,,68205,69,,,0,60,,68206,69,,,0,20,,68207,69,,,0,20,,68208,69,,,0,60,,68209,69,,,0,20,,68210,69,,,0,20,,68211,69,,,0,60,,68212,69,,,0,20,,68213,69,,,0,20,,68214,69,,,0,60,,68215,69,,,0,20,,68216,69,,,0,20,,68217,69,,,0,60,,68218,69,,,0,20,,68219,69,,,0,20,,68220,69,,,0,60,,68221,69,,,0,20,,68222,69,,,0,20,,68223,69,,,0,60,,68224,69,,,0,45,,68225,69,,,0,85,,68226,69,,,0,85,,68227,69,,,0,85,,68228,69,,,0,45,,68229,69,,,0,85,,68230,69,,,0,85,,68231,69,,,0,85,,68232,69,,,0,45,,68233,69,,,0
2001,'1396',641,,68234,69,,,0,60,,68235,69,,,0,20,,68236,69,,,0,20,,68237,69,,,0,60,,68238,69,,,0,20,,68239,69,,,0,20,,68240,69,,,0,60,,68241,69,,,0,20,,68242,69,,,0,20,,68243,69,,,0,60,,68244,69,,,0,20,,68245,69,,,0,20,,68246,69,,,0,60,,68247,69,,,0,20,,68248,69,,,0,20,,68249,69,,,0,60,,68250,69,,,0,20,,68251,69,,,0,20,,68252,69,,,0,60,,68253,69,,,0,20,,68254,69,,,0,20,,68255,69,,,0,60,,68256,69,,,0,20,,68257,69,,,0,20,,68258,69,,,0,60,,68259,69,,,0,20,,68260,69,,,0,20,,68261,69,,,0,60,,68262,69,,,0,20,,68263,69,,,0,20,,68264,69,,,0,60,,68265,69,,,0,20,,68266,69,,,0,20,,68267,69,,,0,60,,68268,69,,,0,20,,68269,69,,,0,20,,68270,69,,,0,60,,68271,69,,,0,45,,68272,69,,,0,85,,68273,69,,,0,85,,68274,69,,,0,85,,68275,69,,,0,45,,68276,69,,,0,85,,68277,69,,,0,85,,68278,69,,,0,85,,68279,69,,,0,45,,68280,69,,,0
2801,'1391',809,,68407,4,,,0,110,,68408,4,,,0,110,,68409,4,,,0,110,,68410,4,,,0,110,,68411,4,,,0,110,,68412,4,,,0,150,,68413,4,,,0,110,,68414,4,,,0,110,,68415,4,,,0,110,,68416,4,,,0
2801,'1392',634,,68417,4,,,0,75,,68418,4,,,0,35,,68419,4,,,0,75,,68420,4,,,0,35,,68421,4,,,0,75,,68422,4,,,0,75,,68423,4,,,0,35,,68424,4,,,0,75,,68425,4,,,0,35,,68426,4,,,0,75,,68427,4,,,0,35,,68428,4,,,0,75,,68429,4,,,0,75,,68430,4,,,0,35,,68431,4,,,0,75,,68432,4,,,0,35,,68433,4,,,0,75,,68434,4,,,0,75,,68435,4,,,0,35,,68436,4,,,0,75,,68437,4,,,0,35,,68438,4,,,0,75,,68439,4,,,0
2801,'1393',634,,68440,4,,,0,75,,68441,4,,,0,35,,68442,4,,,0,75,,68443,4,,,0,35,,68444,4,,,0,75,,68445,4,,,0,75,,68446,4,,,0,35,,68447,4,,,0,75,,68448,4,,,0,35,,68449,4,,,0,75,,68450,4,,,0,35,,68451,4,,,0,75,,68452,4,,,0,75,,68453,4,,,0,35,,68454,4,,,0,75,,68455,4,,,0,35,,68456,4,,,0,75,,68457,4,,,0,75,,68458,4,,,0,35,,68459,4,,,0,75,,68460,4,,,0,35,,68461,4,,,0,75,,68462,4,,,0
2801,'1394',634,,68463,4,,,0,75,,68464,4,,,0,35,,68465,4,,,0,75,,68466,4,,,0,35,,68467,4,,,0,75,,68468,4,,,0,75,,68469,4,,,0,35,,68470,4,,,0,75,,68471,4,,,0,35,,68472,4,,,0,75,,68473,4,,,0,35,,68474,4,,,0,75,,68475,4,,,0,75,,68476,4,,,0,35,,68477,4,,,0,75,,68478,4,,,0,35,,68479,4,,,0,75,,68480,4,,,0,75,,68481,4,,,0,35,,68482,4,,,0,75,,68483,4,,,0,35,,68484,4,,,0,75,,68485,4,,,0
2801,'1395',634,,68486,4,,,0,75,,68487,4,,,0,35,,68488,4,,,0,75,,68489,4,,,0,35,,68490,4,,,0,75,,68491,4,,,0,75,,68492,4,,,0,35,,68493,4,,,0,75,,68494,4,,,0,35,,68495,4,,,0,75,,68496,4,,,0,35,,68497,4,,,0,75,,68498,4,,,0,75,,68499,4,,,0,35,,68500,4,,,0,75,,68501,4,,,0,35,,68502,4,,,0,75,,68503,4,,,0,75,,68504,4,,,0,35,,68505,4,,,0,75,,68506,4,,,0,35,,68507,4,,,0,75,,68508,4,,,0
2801,'1396',634,,68509,4,,,0,75,,68510,4,,,0,35,,68511,4,,,0,75,,68512,4,,,0,35,,68513,4,,,0,75,,68514,4,,,0,75,,68515,4,,,0,35,,68516,4,,,0,75,,68517,4,,,0,35,,68518,4,,,0,75,,68519,4,,,0,35,,68520,4,,,0,75,,68521,4,,,0,75,,68522,4,,,0,35,,68523,4,,,0,75,,68524,4,,,0,35,,68525,4,,,0,75,,68526,4,,,0,75,,68527,4,,,0,35,,68528,4,,,0,75,,68529,4,,,0,35,,68530,4,,,0,75,,68531,4,,,0
