70101,'1391',716,,68532,30,0,17,0,130,,68533,30,0,17,0,170,,68534,30,0,17,0,130,,68535,30,0,17,0,170,,68536,30,0,17,0,130,,68537,30,0,17,0,170,,68538,30,0,17,0,130,,68539,30,0,17,0
70101,'1392',716,,68540,30,0,17,0,85,,68541,30,0,17,0,45,,68542,30,0,17,0,85,,68543,30,0,17,0,85,,68544,30,0,17,0,130,,68545,30,0,17,0,170,,68546,30,0,17,0,85,,68547,30,0,17,0,45,,68548,30,0,17,0,85,,68549,30,0,17,0,85,,68550,30,0,17,0,85,,68551,30,0,17,0,45,,68552,30,0,17,0,85,,68553,30,0,17,0
70101,'1393',716,,68554,30,0,17,0,85,,68555,30,0,17,0,45,,68556,30,0,17,0,85,,68557,30,0,17,0,85,,68558,30,0,17,0,130,,68559,30,0,17,0,170,,68560,30,0,17,0,85,,68561,30,0,17,0,45,,68562,30,0,17,0,85,,68563,30,0,17,0,85,,68564,30,0,17,0,85,,68565,30,0,17,0,45,,68566,30,0,17,0,85,,68567,30,0,17,0
70101,'1394',716,,68568,30,0,17,0,85,,68569,30,0,17,0,45,,68570,30,0,17,0,85,,68571,30,0,17,0,85,,68572,30,0,17,0,130,,68573,30,0,17,0,170,,68574,30,0,17,0,85,,68575,30,0,17,0,45,,68576,30,0,17,0,85,,68577,30,0,17,0,85,,68578,30,0,17,0,85,,68579,30,0,17,0,45,,68580,30,0,17,0,85,,68581,30,0,17,0
70101,'1395',716,,68582,30,0,17,0,85,,68583,30,0,17,0,45,,68584,30,0,17,0,85,,68585,30,0,17,0,85,,68586,30,0,17,0,130,,68587,30,0,17,0,170,,68588,30,0,17,0,85,,68589,30,0,17,0,45,,68590,30,0,17,0,85,,68591,30,0,17,0,85,,68592,30,0,17,0,85,,68593,30,0,17,0,45,,68594,30,0,17,0,85,,68595,30,0,17,0
70101,'1396',716,,68596,30,0,17,0,85,,68597,30,0,17,0,45,,68598,30,0,17,0,85,,68599,30,0,17,0,85,,68600,30,0,17,0,130,,68601,30,0,17,0,170,,68602,30,0,17,0,85,,68603,30,0,17,0,45,,68604,30,0,17,0,85,,68605,30,0,17,0,85,,68606,30,0,17,0,85,,68607,30,0,17,0,45,,68608,30,0,17,0,85,,68609,30,0,17,0
70102,'1391',814,,68610,31,0,16,0,130,,68611,31,0,16,0,170,,68612,31,0,16,0,130,,68613,31,0,16,0,170,,68614,31,0,16,0,130,,68615,31,0,16,0,170,,68616,31,0,16,0,130,,68617,31,0,16,0
70102,'1392',729,,68618,31,0,16,0,85,,68619,31,0,16,0,45,,68620,31,0,16,0,85,,68621,31,0,16,0,85,,68622,31,0,16,0,85,,68623,31,0,16,0,130,,68624,31,0,16,0,170,,68625,31,0,16,0,45,,68626,31,0,16,0,85,,68627,31,0,16,0,85,,68628,31,0,16,0,85,,68629,31,0,16,0,45,,68630,31,0,16,0,85,,68631,31,0,16,0
70102,'1393',729,,68632,31,0,16,0,85,,68633,31,0,16,0,45,,68634,31,0,16,0,85,,68635,31,0,16,0,85,,68636,31,0,16,0,85,,68637,31,0,16,0,130,,68638,31,0,16,0,170,,68639,31,0,16,0,45,,68640,31,0,16,0,85,,68641,31,0,16,0,85,,68642,31,0,16,0,85,,68643,31,0,16,0,45,,68644,31,0,16,0,85,,68645,31,0,16,0
70102,'1394',729,,68646,31,0,16,0,85,,68647,31,0,16,0,45,,68648,31,0,16,0,85,,68649,31,0,16,0,85,,68650,31,0,16,0,85,,68651,31,0,16,0,130,,68652,31,0,16,0,170,,68653,31,0,16,0,45,,68654,31,0,16,0,85,,68655,31,0,16,0,85,,68656,31,0,16,0,85,,68657,31,0,16,0,45,,68658,31,0,16,0,85,,68659,31,0,16,0
70102,'1395',729,,68660,31,0,16,0,85,,68661,31,0,16,0,45,,68662,31,0,16,0,85,,68663,31,0,16,0,85,,68664,31,0,16,0,85,,68665,31,0,16,0,130,,68666,31,0,16,0,170,,68667,31,0,16,0,45,,68668,31,0,16,0,85,,68669,31,0,16,0,85,,68670,31,0,16,0,85,,68671,31,0,16,0,45,,68672,31,0,16,0,85,,68673,31,0,16,0
70102,'1396',729,,68674,31,0,16,0,85,,68675,31,0,16,0,45,,68676,31,0,16,0,85,,68677,31,0,16,0,85,,68678,31,0,16,0,85,,68679,31,0,16,0,130,,68680,31,0,16,0,170,,68681,31,0,16,0,45,,68682,31,0,16,0,85,,68683,31,0,16,0,85,,68684,31,0,16,0,85,,68685,31,0,16,0,45,,68686,31,0,16,0,85,,68687,31,0,16,0
