721203,'1390',1027,,70358,59,4,,0,85,,70357,59,4,,0,45,,70356,59,4,,0,85,,70355,59,4,,0,85,,70354,59,4,,0,85,,70353,59,4,,0,45,,70352,59,4,,0,85,,70351,59,4,,0,85,,70350,59,4,,0,85,,70349,59,4,,0,45,,70348,59,4,,0,85,,70347,59,4,,0,85,,70346,59,4,,0,85,,70345,59,4,,0
721203,'1391',727,,70359,59,4,,0,85,,70360,59,4,,0,45,,70361,59,4,,0,85,,70362,59,4,,0,85,,70363,59,4,,0,85,,70364,59,4,,0,30,,70365,59,4,,0,70,,70366,59,4,,0,30,,70367,59,4,,0,70,,70368,59,4,,0,30,,70369,59,4,,0,70,,70370,59,4,,0,30,,70371,59,4,,0,70,,70372,59,4,,0,30,,70373,59,4,,0,70,,70374,59,4,,0,30,,70375,59,4,,0,70,,70376,59,4,,0,30,,70377,59,4,,0,70,,70378,59,4,,0,30,,70379,59,4,,0,70,,70380,59,4,,0,45,,70381,59,4,,0,85,,70382,59,4,,0,85,,70383,59,4,,0,85,,70384,59,4,,0,45,,70385,59,4,,0,85,,70386,59,4,,0
721203,'1392',657,,70387,59,4,,0,70,,70388,59,4,,0,30,,70389,59,4,,0,70,,70390,59,4,,0,15,,70391,59,4,,0,15,,70392,59,4,,0,55,,70393,59,4,,0,15,,70394,59,4,,0,30,,70395,59,4,,0,70,,70396,59,4,,0,30,,70397,59,4,,0,70,,70398,59,4,,0,30,,70399,59,4,,0,70,,70400,59,4,,0,30,,70401,59,4,,0,70,,70402,59,4,,0,30,,70403,59,4,,0,70,,70404,59,4,,0,30,,70405,59,4,,0,70,,70406,59,4,,0,15,,70407,59,4,,0,15,,70408,59,4,,0,55,,70409,59,4,,0,15,,70410,59,4,,0,30,,70411,59,4,,0,70,,70412,59,4,,0,30,,70413,59,4,,0,70,,70414,59,4,,0,30,,70415,59,4,,0,70,,70416,59,4,,0,85,,70417,59,4,,0,45,,70418,59,4,,0,85,,70419,59,4,,0,85,,70420,59,4,,0,85,,70421,59,4,,0,45,,70422,59,4,,0
721203,'1393',657,,70423,59,4,,0,70,,70424,59,4,,0,30,,70425,59,4,,0,70,,70426,59,4,,0,15,,70427,59,4,,0,15,,70428,59,4,,0,55,,70429,59,4,,0,15,,70430,59,4,,0,30,,70431,59,4,,0,70,,70432,59,4,,0,30,,70433,59,4,,0,70,,70434,59,4,,0,30,,70435,59,4,,0,70,,70436,59,4,,0,30,,70437,59,4,,0,70,,70438,59,4,,0,30,,70439,59,4,,0,70,,70440,59,4,,0,30,,70441,59,4,,0,70,,70442,59,4,,0,15,,70443,59,4,,0,15,,70444,59,4,,0,55,,70445,59,4,,0,15,,70446,59,4,,0,30,,70447,59,4,,0,70,,70448,59,4,,0,30,,70449,59,4,,0,70,,70450,59,4,,0,30,,70451,59,4,,0,70,,70452,59,4,,0,85,,70453,59,4,,0,45,,70454,59,4,,0,85,,70455,59,4,,0,85,,70456,59,4,,0,85,,70457,59,4,,0,45,,70458,59,4,,0
721203,'1394',657,,70459,59,4,,0,70,,70460,59,4,,0,30,,70461,59,4,,0,70,,70462,59,4,,0,15,,70463,59,4,,0,15,,70464,59,4,,0,55,,70465,59,4,,0,15,,70466,59,4,,0,30,,70467,59,4,,0,70,,70468,59,4,,0,30,,70469,59,4,,0,70,,70470,59,4,,0,30,,70471,59,4,,0,70,,70472,59,4,,0,30,,70473,59,4,,0,70,,70474,59,4,,0,30,,70475,59,4,,0,70,,70476,59,4,,0,30,,70477,59,4,,0,70,,70478,59,4,,0,15,,70479,59,4,,0,15,,70480,59,4,,0,55,,70481,59,4,,0,15,,70482,59,4,,0,30,,70483,59,4,,0,70,,70484,59,4,,0,30,,70485,59,4,,0,70,,70486,59,4,,0,30,,70487,59,4,,0,70,,70488,59,4,,0,85,,70489,59,4,,0,45,,70490,59,4,,0,85,,70491,59,4,,0,85,,70492,59,4,,0,85,,70493,59,4,,0,45,,70494,59,4,,0
721203,'1395',657,,70495,59,4,,0,70,,70496,59,4,,0,30,,70497,59,4,,0,70,,70498,59,4,,0,15,,70499,59,4,,0,15,,70500,59,4,,0,55,,70501,59,4,,0,15,,70502,59,4,,0,30,,70503,59,4,,0,70,,70504,59,4,,0,30,,70505,59,4,,0,70,,70506,59,4,,0,30,,70507,59,4,,0,70,,70508,59,4,,0,30,,70509,59,4,,0,70,,70510,59,4,,0,30,,70511,59,4,,0,70,,70512,59,4,,0,30,,70513,59,4,,0,70,,70514,59,4,,0,15,,70515,59,4,,0,15,,70516,59,4,,0,55,,70517,59,4,,0,15,,70518,59,4,,0,30,,70519,59,4,,0,70,,70520,59,4,,0,30,,70521,59,4,,0,70,,70522,59,4,,0,30,,70523,59,4,,0,70,,70524,59,4,,0,85,,70525,59,4,,0,45,,70526,59,4,,0,85,,70527,59,4,,0,85,,70528,59,4,,0,85,,70529,59,4,,0,45,,70530,59,4,,0
721203,'1396',657,,70531,59,4,,0,70,,70532,59,4,,0,30,,70533,59,4,,0,70,,70534,59,4,,0,15,,70535,59,4,,0,15,,70536,59,4,,0,55,,70537,59,4,,0,15,,70538,59,4,,0,30,,70539,59,4,,0,70,,70540,59,4,,0,30,,70541,59,4,,0,70,,70542,59,4,,0,30,,70543,59,4,,0,70,,70544,59,4,,0,30,,70545,59,4,,0,70,,70546,59,4,,0,30,,70547,59,4,,0,70,,70548,59,4,,0,30,,70549,59,4,,0,70,,70550,59,4,,0,15,,70551,59,4,,0,15,,70552,59,4,,0,55,,70553,59,4,,0,15,,70554,59,4,,0,30,,70555,59,4,,0,70,,70556,59,4,,0,30,,70557,59,4,,0,70,,70558,59,4,,0,30,,70559,59,4,,0,70,,70560,59,4,,0,85,,70561,59,4,,0,45,,70562,59,4,,0,85,,70563,59,4,,0,85,,70564,59,4,,0,85,,70565,59,4,,0,45,,70566,59,4,,0
721204,'1390',900,,70580,1,0,14,0,45,,70579,1,0,14,0,85,,70578,1,0,14,0,85,,70577,1,0,14,0,85,,70576,1,0,14,0,45,,70575,1,0,14,0,85,,70574,1,0,14,0,85,,70573,1,0,14,0,85,,70572,1,0,14,0,45,,70571,1,0,14,0,85,,70570,1,0,14,0,85,,70569,1,0,14,0,85,,70568,1,0,14,0,45,,70567,1,0,14,0
721204,'1391',600,,70581,1,0,14,0,45,,70582,1,0,14,0,85,,70583,1,0,14,0,85,,70584,1,0,14,0,85,,70585,1,0,14,0,45,,70586,1,0,14,0,70,,70587,1,0,14,0,30,,70588,1,0,14,0,70,,70589,1,0,14,0,30,,70590,1,0,14,0,70,,70591,1,0,14,0,30,,70592,1,0,14,0,70,,70593,1,0,14,0,30,,70594,1,0,14,0,70,,70595,1,0,14,0,30,,70596,1,0,14,0,70,,70597,1,0,14,0,30,,70598,1,0,14,0,70,,70599,1,0,14,0,30,,70600,1,0,14,0,70,,70601,1,0,14,0,30,,70602,1,0,14,0,85,,70603,1,0,14,0,85,,70604,1,0,14,0,85,,70605,1,0,14,0,45,,70606,1,0,14,0,85,,70607,1,0,14,0,85,,70608,1,0,14,0
721204,'1392',600,,70609,1,0,14,0,30,,70610,1,0,14,0,70,,70611,1,0,14,0,15,,70612,1,0,14,0,15,,70613,1,0,14,0,15,,70614,1,0,14,0,55,,70615,1,0,14,0,30,,70616,1,0,14,0,70,,70617,1,0,14,0,30,,70618,1,0,14,0,70,,70619,1,0,14,0,30,,70620,1,0,14,0,70,,70621,1,0,14,0,30,,70622,1,0,14,0,70,,70623,1,0,14,0,30,,70624,1,0,14,0,70,,70625,1,0,14,0,30,,70626,1,0,14,0,70,,70627,1,0,14,0,15,,70628,1,0,14,0,15,,70629,1,0,14,0,15,,70630,1,0,14,0,55,,70631,1,0,14,0,30,,70632,1,0,14,0,70,,70633,1,0,14,0,30,,70634,1,0,14,0,70,,70635,1,0,14,0,30,,70636,1,0,14,0,70,,70637,1,0,14,0,45,,70638,1,0,14,0,85,,70639,1,0,14,0,85,,70640,1,0,14,0,85,,70641,1,0,14,0,45,,70642,1,0,14,0,85,,70643,1,0,14,0
721204,'1393',600,,70644,1,0,14,0,30,,70645,1,0,14,0,70,,70646,1,0,14,0,15,,70647,1,0,14,0,15,,70648,1,0,14,0,15,,70649,1,0,14,0,55,,70650,1,0,14,0,30,,70651,1,0,14,0,70,,70652,1,0,14,0,30,,70653,1,0,14,0,70,,70654,1,0,14,0,30,,70655,1,0,14,0,70,,70656,1,0,14,0,30,,70657,1,0,14,0,70,,70658,1,0,14,0,30,,70659,1,0,14,0,70,,70660,1,0,14,0,30,,70661,1,0,14,0,70,,70662,1,0,14,0,15,,70663,1,0,14,0,15,,70664,1,0,14,0,15,,70665,1,0,14,0,55,,70666,1,0,14,0,30,,70667,1,0,14,0,70,,70668,1,0,14,0,30,,70669,1,0,14,0,70,,70670,1,0,14,0,30,,70671,1,0,14,0,70,,70672,1,0,14,0,45,,70673,1,0,14,0,85,,70674,1,0,14,0,85,,70675,1,0,14,0,85,,70676,1,0,14,0,45,,70677,1,0,14,0,85,,70678,1,0,14,0
721204,'1394',600,,70679,1,0,14,0,30,,70680,1,0,14,0,70,,70681,1,0,14,0,15,,70682,1,0,14,0,15,,70683,1,0,14,0,15,,70684,1,0,14,0,55,,70685,1,0,14,0,30,,70686,1,0,14,0,70,,70687,1,0,14,0,30,,70688,1,0,14,0,70,,70689,1,0,14,0,30,,70690,1,0,14,0,70,,70691,1,0,14,0,30,,70692,1,0,14,0,70,,70693,1,0,14,0,30,,70694,1,0,14,0,70,,70695,1,0,14,0,30,,70696,1,0,14,0,70,,70697,1,0,14,0,15,,70698,1,0,14,0,15,,70699,1,0,14,0,15,,70700,1,0,14,0,55,,70701,1,0,14,0,30,,70702,1,0,14,0,70,,70703,1,0,14,0,30,,70704,1,0,14,0,70,,70705,1,0,14,0,30,,70706,1,0,14,0,70,,70707,1,0,14,0,45,,70708,1,0,14,0,85,,70709,1,0,14,0,85,,70710,1,0,14,0,85,,70711,1,0,14,0,45,,70712,1,0,14,0,85,,70713,1,0,14,0
721204,'1395',600,,70714,1,0,14,0,30,,70715,1,0,14,0,70,,70716,1,0,14,0,15,,70717,1,0,14,0,15,,70718,1,0,14,0,15,,70719,1,0,14,0,55,,70720,1,0,14,0,30,,70721,1,0,14,0,70,,70722,1,0,14,0,30,,70723,1,0,14,0,70,,70724,1,0,14,0,30,,70725,1,0,14,0,70,,70726,1,0,14,0,30,,70727,1,0,14,0,70,,70728,1,0,14,0,30,,70729,1,0,14,0,70,,70730,1,0,14,0,30,,70731,1,0,14,0,70,,70732,1,0,14,0,15,,70733,1,0,14,0,15,,70734,1,0,14,0,15,,70735,1,0,14,0,55,,70736,1,0,14,0,30,,70737,1,0,14,0,70,,70738,1,0,14,0,30,,70739,1,0,14,0,70,,70740,1,0,14,0,30,,70741,1,0,14,0,70,,70742,1,0,14,0,45,,70743,1,0,14,0,85,,70744,1,0,14,0,85,,70745,1,0,14,0,85,,70746,1,0,14,0,45,,70747,1,0,14,0,85,,70748,1,0,14,0
721204,'1396',600,,70749,1,0,14,0,30,,70750,1,0,14,0,70,,70751,1,0,14,0,15,,70752,1,0,14,0,15,,70753,1,0,14,0,15,,70754,1,0,14,0,55,,70755,1,0,14,0,30,,70756,1,0,14,0,70,,70757,1,0,14,0,30,,70758,1,0,14,0,70,,70759,1,0,14,0,30,,70760,1,0,14,0,70,,70761,1,0,14,0,30,,70762,1,0,14,0,70,,70763,1,0,14,0,30,,70764,1,0,14,0,70,,70765,1,0,14,0,30,,70766,1,0,14,0,70,,70767,1,0,14,0,15,,70768,1,0,14,0,15,,70769,1,0,14,0,15,,70770,1,0,14,0,55,,70771,1,0,14,0,30,,70772,1,0,14,0,70,,70773,1,0,14,0,30,,70774,1,0,14,0,70,,70775,1,0,14,0,30,,70776,1,0,14,0,70,,70777,1,0,14,0,45,,70778,1,0,14,0,85,,70779,1,0,14,0,85,,70780,1,0,14,0,85,,70781,1,0,14,0,45,,70782,1,0,14,0,85,,70783,1,0,14,0
