1800,'1390',742,,66470,62,,,0,100,,66469,62,,,0,100,,66468,62,,,0,80,,66467,62,,,0,80,,66466,62,,,0,45,,66465,62,,,0,80,,66464,62,,,0,80,,66463,62,,,0,40,,66462,62,,,0,80,,66461,62,,,0,80,,66460,62,,,0,40,,66459,62,,,0,80,,66458,62,,,0,80,,66457,62,,,0,40,,66456,62,,,0,80,,66455,62,,,0,80,,66454,62,,,0,40,,66453,62,,,0
1800,'1391',601,,66471,62,,,0,45,,66472,62,,,0,70,,66473,62,,,0,30,,66474,62,,,0,70,,66475,62,,,0,30,,66476,62,,,0,70,,66477,62,,,0,30,,66478,62,,,0,70,,66479,62,,,0,30,,66480,62,,,0,60,,66481,62,,,0,20,,66482,62,,,0,20,,66483,62,,,0,60,,66484,62,,,0,20,,66485,62,,,0,20,,66486,62,,,0,60,,66487,62,,,0,20,,66488,62,,,0,20,,66489,62,,,0,60,,66490,62,,,0,20,,66491,62,,,0,20,,66492,62,,,0,60,,66493,62,,,0,20,,66494,62,,,0,20,,66495,62,,,0,60,,66496,62,,,0,20,,66497,62,,,0,20,,66498,62,,,0,60,,66499,62,,,0,20,,66500,62,,,0,20,,66501,62,,,0,60,,66502,62,,,0,20,,66503,62,,,0,20,,66504,62,,,0,70,,66505,62,,,0,30,,66506,62,,,0,70,,66507,62,,,0,30,,66508,62,,,0,70,,66509,62,,,0,30,,66510,62,,,0,70,,66511,62,,,0,30,,66512,62,,,0,70,,66513,62,,,0,30,,66514,62,,,0,70,,66515,62,,,0,30,,66516,62,,,0,70,,66517,62,,,0
1800,'1392',602,,66554,62,,,0,35,,66555,62,,,0,17,,66518,62,,,0,55,,66519,62,,,0,15,,66520,62,,,0,15,,66521,62,,,0,15,,66522,62,,,0,50,,66523,62,,,0,10,,66524,62,,,0,10,,66525,62,,,0,10,,66526,62,,,0,10,,66527,62,,,0,10,,66528,62,,,0,47,,66556,62,,,0,15,,66557,62,,,0,15,,66558,62,,,0,15,,66559,62,,,0,55,,66560,62,,,0,15,,66561,62,,,0,15,,66562,62,,,0,13,,66563,62,,,0,15,,66564,62,,,0,55,,66565,62,,,0,15,,66566,62,,,0,15,,66567,62,,,0,15,,66568,62,,,0,55,,66569,62,,,0,15,,66570,62,,,0,15,,66571,62,,,0,15,,66572,62,,,0,55,,66573,62,,,0,15,,66574,62,,,0,22,,66529,62,,,0,60,,66530,62,,,0,15,,66531,62,,,0,15,,66532,62,,,0,15,,66533,62,,,0,50,,66534,62,,,0,10,,66535,62,,,0,10,,66536,62,,,0,10,,66537,62,,,0,10,,66538,62,,,0,10,,66539,62,,,0,50,,66540,62,,,0,10,,66541,62,,,0,10,,66542,62,,,0,10,,66543,62,,,0,10,,66544,62,,,0,10,,66545,62,,,0,50,,66546,62,,,0,10,,66547,62,,,0,10,,66548,62,,,0,10,,66549,62,,,0,10,,66550,62,,,0,10,,66551,62,,,0,55,,66552,62,,,0,15,,66553,62,,,0,19,,66575,62,,,0,70,,66576,62,,,0,30,,66577,62,,,0,70,,66578,62,,,0,30,,66579,62,,,0,70,,66580,62,,,0,30,,66581,62,,,0,70,,66582,62,,,0,30,,66583,62,,,0,70,,66584,62,,,0,30,,66585,62,,,0,70,,66586,62,,,0,30,,66587,62,,,0,70,,66588,62,,,0
1800,'1393',602,,66625,62,,,0,35,,66626,62,,,0,17,,66589,62,,,0,55,,66590,62,,,0,15,,66591,62,,,0,15,,66592,62,,,0,15,,66593,62,,,0,50,,66594,62,,,0,10,,66595,62,,,0,10,,66596,62,,,0,10,,66597,62,,,0,10,,66598,62,,,0,10,,66599,62,,,0,47,,66627,62,,,0,15,,66628,62,,,0,15,,66629,62,,,0,15,,66630,62,,,0,55,,66631,62,,,0,15,,66632,62,,,0,15,,66633,62,,,0,13,,66634,62,,,0,15,,66635,62,,,0,55,,66636,62,,,0,15,,66637,62,,,0,15,,66638,62,,,0,15,,66639,62,,,0,55,,66640,62,,,0,15,,66641,62,,,0,15,,66642,62,,,0,15,,66643,62,,,0,55,,66644,62,,,0,15,,66645,62,,,0,22,,66600,62,,,0,60,,66601,62,,,0,15,,66602,62,,,0,15,,66603,62,,,0,15,,66604,62,,,0,50,,66605,62,,,0,10,,66606,62,,,0,10,,66607,62,,,0,10,,66608,62,,,0,10,,66609,62,,,0,10,,66610,62,,,0,50,,66611,62,,,0,10,,66612,62,,,0,10,,66613,62,,,0,10,,66614,62,,,0,10,,66615,62,,,0,10,,66616,62,,,0,50,,66617,62,,,0,10,,66618,62,,,0,10,,66619,62,,,0,10,,66620,62,,,0,10,,66621,62,,,0,10,,66622,62,,,0,55,,66623,62,,,0,15,,66624,62,,,0,19,,66646,62,,,0,70,,66647,62,,,0,30,,66648,62,,,0,70,,66649,62,,,0,30,,66650,62,,,0,70,,66651,62,,,0,30,,66652,62,,,0,70,,66653,62,,,0,30,,66654,62,,,0,70,,66655,62,,,0,30,,66656,62,,,0,70,,66657,62,,,0,30,,66658,62,,,0,70,,66659,62,,,0
1800,'1394',602,,66696,62,,,0,35,,66697,62,,,0,17,,66660,62,,,0,55,,66661,62,,,0,15,,66662,62,,,0,15,,66663,62,,,0,15,,66664,62,,,0,50,,66665,62,,,0,10,,66666,62,,,0,10,,66667,62,,,0,10,,66668,62,,,0,10,,66669,62,,,0,10,,66670,62,,,0,47,,66698,62,,,0,15,,66699,62,,,0,15,,66700,62,,,0,15,,66701,62,,,0,55,,66702,62,,,0,15,,66703,62,,,0,15,,66704,62,,,0,13,,66705,62,,,0,15,,66706,62,,,0,55,,66707,62,,,0,15,,66708,62,,,0,15,,66709,62,,,0,15,,66710,62,,,0,55,,66711,62,,,0,15,,66712,62,,,0,15,,66713,62,,,0,15,,66714,62,,,0,55,,66715,62,,,0,15,,66716,62,,,0,22,,66671,62,,,0,60,,66672,62,,,0,15,,66673,62,,,0,15,,66674,62,,,0,15,,66675,62,,,0,50,,66676,62,,,0,10,,66677,62,,,0,10,,66678,62,,,0,10,,66679,62,,,0,10,,66680,62,,,0,10,,66681,62,,,0,50,,66682,62,,,0,10,,66683,62,,,0,10,,66684,62,,,0,10,,66685,62,,,0,10,,66686,62,,,0,10,,66687,62,,,0,50,,66688,62,,,0,10,,66689,62,,,0,10,,66690,62,,,0,10,,66691,62,,,0,10,,66692,62,,,0,10,,66693,62,,,0,55,,66694,62,,,0,15,,66695,62,,,0,19,,66717,62,,,0,70,,66718,62,,,0,30,,66719,62,,,0,70,,66720,62,,,0,30,,66721,62,,,0,70,,66722,62,,,0,30,,66723,62,,,0,70,,66724,62,,,0,30,,66725,62,,,0,70,,66726,62,,,0,30,,66727,62,,,0,70,,66728,62,,,0,30,,66729,62,,,0,70,,66730,62,,,0
1800,'1395',602,,66767,62,,,0,35,,66768,62,,,0,17,,66731,62,,,0,55,,66732,62,,,0,15,,66733,62,,,0,15,,66734,62,,,0,15,,66735,62,,,0,50,,66736,62,,,0,10,,66737,62,,,0,10,,66738,62,,,0,10,,66739,62,,,0,10,,66740,62,,,0,10,,66741,62,,,0,47,,66769,62,,,0,15,,66770,62,,,0,15,,66771,62,,,0,15,,66772,62,,,0,55,,66773,62,,,0,15,,66774,62,,,0,15,,66775,62,,,0,13,,66776,62,,,0,15,,66777,62,,,0,55,,66778,62,,,0,15,,66779,62,,,0,15,,66780,62,,,0,15,,66781,62,,,0,55,,66782,62,,,0,15,,66783,62,,,0,15,,66784,62,,,0,15,,66785,62,,,0,55,,66786,62,,,0,15,,66787,62,,,0,22,,66742,62,,,0,60,,66743,62,,,0,15,,66744,62,,,0,15,,66745,62,,,0,15,,66746,62,,,0,50,,66747,62,,,0,10,,66748,62,,,0,10,,66749,62,,,0,10,,66750,62,,,0,10,,66751,62,,,0,10,,66752,62,,,0,50,,66753,62,,,0,10,,66754,62,,,0,10,,66755,62,,,0,10,,66756,62,,,0,10,,66757,62,,,0,10,,66758,62,,,0,50,,66759,62,,,0,10,,66760,62,,,0,10,,66761,62,,,0,10,,66762,62,,,0,10,,66763,62,,,0,10,,66764,62,,,0,55,,66765,62,,,0,15,,66766,62,,,0,19,,66788,62,,,0,70,,66789,62,,,0,30,,66790,62,,,0,70,,66791,62,,,0,30,,66792,62,,,0,70,,66793,62,,,0,30,,66794,62,,,0,70,,66795,62,,,0,30,,66796,62,,,0,70,,66797,62,,,0,30,,66798,62,,,0,70,,66799,62,,,0,30,,66800,62,,,0,70,,66801,62,,,0
1800,'1396',602,,66838,62,,,0,35,,66839,62,,,0,17,,66802,62,,,0,55,,66803,62,,,0,15,,66804,62,,,0,15,,66805,62,,,0,15,,66806,62,,,0,50,,66807,62,,,0,10,,66808,62,,,0,10,,66809,62,,,0,10,,66810,62,,,0,10,,66811,62,,,0,10,,66812,62,,,0,47,,66840,62,,,0,15,,66841,62,,,0,15,,66842,62,,,0,15,,66843,62,,,0,55,,66844,62,,,0,15,,66845,62,,,0,15,,66846,62,,,0,13,,66847,62,,,0,15,,66848,62,,,0,55,,66849,62,,,0,15,,66850,62,,,0,15,,66851,62,,,0,15,,66852,62,,,0,55,,66853,62,,,0,15,,66854,62,,,0,15,,66855,62,,,0,15,,66856,62,,,0,55,,66857,62,,,0,15,,66858,62,,,0,22,,66813,62,,,0,60,,66814,62,,,0,15,,66815,62,,,0,15,,66816,62,,,0,15,,66817,62,,,0,50,,66818,62,,,0,10,,66819,62,,,0,10,,66820,62,,,0,10,,66821,62,,,0,10,,66822,62,,,0,10,,66823,62,,,0,50,,66824,62,,,0,10,,66825,62,,,0,10,,66826,62,,,0,10,,66827,62,,,0,10,,66828,62,,,0,10,,66829,62,,,0,50,,66830,62,,,0,10,,66831,62,,,0,10,,66832,62,,,0,10,,66833,62,,,0,10,,66834,62,,,0,10,,66835,62,,,0,55,,66836,62,,,0,15,,66837,62,,,0,19,,66859,62,,,0,70,,66860,62,,,0,30,,66861,62,,,0,70,,66862,62,,,0,30,,66863,62,,,0,70,,66864,62,,,0,30,,66865,62,,,0,70,,66866,62,,,0,30,,66867,62,,,0,70,,66868,62,,,0,30,,66869,62,,,0,70,,66870,62,,,0,30,,66871,62,,,0,70,,66872,62,,,0
1900,'1390',934,,67309,55,,,0,100,,67308,55,,,0,100,,67307,55,,,0,100,,67306,55,,,0,100,,67305,55,,,0,100,,67304,55,,,0,100,,67303,55,,,0,100,,67302,55,,,0,100,,67301,55,,,0,100,,67300,55,,,0,100,,67299,55,,,0,100,,67298,55,,,0
1900,'1391',834,,67310,55,,,0,100,,67311,55,,,0,100,,67312,55,,,0,70,,67313,55,,,0,30,,67314,55,,,0,70,,67315,55,,,0,30,,67316,55,,,0,70,,67317,55,,,0,30,,67318,55,,,0,70,,67319,55,,,0,30,,67320,55,,,0,70,,67321,55,,,0,30,,67322,55,,,0,70,,67323,55,,,0,30,,67324,55,,,0,70,,67325,55,,,0,30,,67326,55,,,0,70,,67327,55,,,0,30,,67328,55,,,0,70,,67329,55,,,0,30,,67330,55,,,0,70,,67331,55,,,0,30,,67332,55,,,0,100,,67333,55,,,0,100,,67334,55,,,0,100,,67335,55,,,0
1900,'1392',634,,67336,55,,,0,70,,67337,55,,,0,30,,67338,55,,,0,70,,67339,55,,,0,30,,67340,55,,,0,70,,67341,55,,,0,30,,67342,55,,,0,70,,67343,55,,,0,30,,67344,55,,,0,70,,67345,55,,,0,30,,67346,55,,,0,70,,67347,55,,,0,30,,67348,55,,,0,70,,67349,55,,,0,30,,67350,55,,,0,70,,67351,55,,,0,30,,67352,55,,,0,70,,67353,55,,,0,30,,67354,55,,,0,70,,67355,55,,,0,30,,67356,55,,,0,70,,67357,55,,,0,30,,67358,55,,,0,70,,67359,55,,,0,30,,67360,55,,,0,70,,67361,55,,,0,30,,67362,55,,,0,70,,67363,55,,,0,30,,67364,55,,,0,70,,67365,55,,,0,30,,67366,55,,,0,70,,67367,55,,,0,100,,67368,55,,,0,100,,67369,55,,,0
1900,'1393',634,,67370,55,,,0,70,,67371,55,,,0,30,,67372,55,,,0,70,,67373,55,,,0,30,,67374,55,,,0,70,,67375,55,,,0,30,,67376,55,,,0,70,,67377,55,,,0,30,,67378,55,,,0,70,,67379,55,,,0,30,,67380,55,,,0,70,,67381,55,,,0,30,,67382,55,,,0,70,,67383,55,,,0,30,,67384,55,,,0,70,,67385,55,,,0,30,,67386,55,,,0,70,,67387,55,,,0,30,,67388,55,,,0,70,,67389,55,,,0,30,,67390,55,,,0,70,,67391,55,,,0,30,,67392,55,,,0,70,,67393,55,,,0,30,,67394,55,,,0,70,,67395,55,,,0,30,,67396,55,,,0,70,,67397,55,,,0,30,,67398,55,,,0,70,,67399,55,,,0,30,,67400,55,,,0,70,,67401,55,,,0,100,,67402,55,,,0,100,,67403,55,,,0
1900,'1394',634,,67404,55,,,0,70,,67405,55,,,0,30,,67406,55,,,0,70,,67407,55,,,0,30,,67408,55,,,0,70,,67409,55,,,0,30,,67410,55,,,0,70,,67411,55,,,0,30,,67412,55,,,0,70,,67413,55,,,0,30,,67414,55,,,0,70,,67415,55,,,0,30,,67416,55,,,0,70,,67417,55,,,0,30,,67418,55,,,0,70,,67419,55,,,0,30,,67420,55,,,0,70,,67421,55,,,0,30,,67422,55,,,0,70,,67423,55,,,0,30,,67424,55,,,0,70,,67425,55,,,0,30,,67426,55,,,0,70,,67427,55,,,0,30,,67428,55,,,0,70,,67429,55,,,0,30,,67430,55,,,0,70,,67431,55,,,0,30,,67432,55,,,0,70,,67433,55,,,0,30,,67434,55,,,0,70,,67435,55,,,0,100,,67436,55,,,0,100,,67437,55,,,0
1900,'1395',634,,67438,55,,,0,70,,67439,55,,,0,30,,67440,55,,,0,70,,67441,55,,,0,30,,67442,55,,,0,70,,67443,55,,,0,30,,67444,55,,,0,70,,67445,55,,,0,30,,67446,55,,,0,70,,67447,55,,,0,30,,67448,55,,,0,70,,67449,55,,,0,30,,67450,55,,,0,70,,67451,55,,,0,30,,67452,55,,,0,70,,67453,55,,,0,30,,67454,55,,,0,70,,67455,55,,,0,30,,67456,55,,,0,70,,67457,55,,,0,30,,67458,55,,,0,70,,67459,55,,,0,30,,67460,55,,,0,70,,67461,55,,,0,30,,67462,55,,,0,70,,67463,55,,,0,30,,67464,55,,,0,70,,67465,55,,,0,30,,67466,55,,,0,70,,67467,55,,,0,30,,67468,55,,,0,70,,67469,55,,,0,100,,67470,55,,,0,100,,67471,55,,,0
1900,'1396',634,,67472,55,,,0,70,,67473,55,,,0,30,,67474,55,,,0,70,,67475,55,,,0,30,,67476,55,,,0,70,,67477,55,,,0,30,,67478,55,,,0,70,,67479,55,,,0,30,,67480,55,,,0,70,,67481,55,,,0,30,,67482,55,,,0,70,,67483,55,,,0,30,,67484,55,,,0,70,,67485,55,,,0,30,,67486,55,,,0,70,,67487,55,,,0,30,,67488,55,,,0,70,,67489,55,,,0,30,,67490,55,,,0,70,,67491,55,,,0,30,,67492,55,,,0,70,,67493,55,,,0,30,,67494,55,,,0,70,,67495,55,,,0,30,,67496,55,,,0,70,,67497,55,,,0,30,,67498,55,,,0,70,,67499,55,,,0,30,,67500,55,,,0,70,,67501,55,,,0,30,,67502,55,,,0,70,,67503,55,,,0,100,,67504,55,,,0,100,,67505,55,,,0
