1700,'1390',659,,65455,88,,,0,100,,65454,88,,,0,100,,65453,88,,,0,100,,65452,88,,,0,154,,65470,88,,,0,40,,65469,88,,,0,80,,65468,88,,,0,80,,65467,88,,,0,40,,65466,88,,,0,80,,65465,88,,,0,80,,65464,88,,,0,40,,65463,88,,,0,80,,65462,88,,,0,80,,65461,88,,,0,40,,65460,88,,,0,80,,65459,88,,,0,80,,65458,88,,,0,40,,65457,88,,,0,80,,65456,88,,,0
1700,'1391',623,,65471,88,,,0,35,,65472,88,,,0,70,,65473,88,,,0,30,,65474,88,,,0,70,,65475,88,,,0,30,,65476,88,,,0,70,,65477,88,,,0,30,,65478,88,,,0,70,,65479,88,,,0,30,,65480,88,,,0,79,,65489,88,,,0,20,,65490,88,,,0,60,,65491,88,,,0,20,,65492,88,,,0,20,,65493,88,,,0,60,,65494,88,,,0,20,,65495,88,,,0,20,,65496,88,,,0,60,,65497,88,,,0,20,,65498,88,,,0,20,,65499,88,,,0,60,,65500,88,,,0,20,,65501,88,,,0,20,,65502,88,,,0,60,,65503,88,,,0,20,,65504,88,,,0,20,,65505,88,,,0,60,,65506,88,,,0,20,,65507,88,,,0,20,,65508,88,,,0,60,,65509,88,,,0,20,,65510,88,,,0,20,,65511,88,,,0,60,,65512,88,,,0,15,,65513,88,,,0,70,,65514,88,,,0,30,,65515,88,,,0,70,,65516,88,,,0,30,,65517,88,,,0,26,,65481,88,,,0,70,,65482,88,,,0,30,,65483,88,,,0,70,,65484,88,,,0,30,,65485,88,,,0,70,,65486,88,,,0,30,,65487,88,,,0,70,,65488,88,,,0
1700,'1392',621,,65518,88,,,0,29,,65519,49,,,0,60,,65520,88,,,0,15,,65521,88,,,0,15,,65522,88,,,0,15,,65523,88,,,0,55,,65524,88,,,0,10,,65525,88,,,0,10,,65526,88,,,0,10,,65527,88,,,0,10,,65528,88,,,0,50,,65529,88,,,0,10,,65530,88,,,0,10,,65531,88,,,0,10,,65532,88,,,0,10,,65533,88,,,0,10,,65534,88,,,0,50,,65535,88,,,0,10,,65536,88,,,0,10,,65537,88,,,0,10,,65538,88,,,0,10,,65539,88,,,0,10,,65540,88,,,0,50,,65541,88,,,0,10,,65542,88,,,0,10,,65543,88,,,0,10,,65544,88,,,0,10,,65545,88,,,0,10,,65546,88,,,0,50,,65547,88,,,0,10,,65548,88,,,0,10,,65549,88,,,0,10,,65550,88,,,0,10,,65551,88,,,0,10,,65552,88,,,0,50,,65553,88,,,0,10,,65554,88,,,0,10,,65555,88,,,0,10,,65556,88,,,0,10,,65557,88,,,0,10,,65558,88,,,0,50,,65559,88,,,0,10,,65560,88,,,0,10,,65561,88,,,0,10,,65562,88,,,0,10,,65563,88,,,0,10,,65564,88,,,0,50,,65565,88,,,0,10,,65566,88,,,0,10,,65567,88,,,0,10,,65568,88,,,0,10,,65569,88,,,0,10,,65570,88,,,0,50,,65571,88,,,0,10,,65572,88,,,0,10,,65573,88,,,0,10,,65574,88,,,0,10,,65575,88,,,0,10,,65576,88,,,0,50,,65577,88,,,0,10,,65578,88,,,0,10,,65579,88,,,0,10,,65580,88,,,0,10,,65581,88,,,0,10,,65582,88,,,0,50,,65583,88,,,0,10,,65584,88,,,0,10,,65585,88,,,0,10,,65586,88,,,0,10,,65587,88,,,0,10,,65588,88,,,0,50,,65589,88,,,0,10,,65590,88,,,0,15,,65591,88,,,0,15,,65592,88,,,0,15,,65593,88,,,0,70,,65594,88,,,0,30,,65595,88,,,0,70,,65596,88,,,0,30,,65597,88,,,0,70,,65598,88,,,0,30,,65599,88,,,0,70,,65600,88,,,0,30,,65601,88,,,0,70,,65602,88,,,0,30,,65603,88,,,0,70,,65604,88,,,0
1700,'1393',621,,65605,88,,,0,29,,65606,49,,,0,60,,65607,88,,,0,15,,65608,88,,,0,15,,65609,88,,,0,15,,65610,88,,,0,55,,65611,88,,,0,10,,65612,88,,,0,10,,65613,88,,,0,10,,65614,88,,,0,10,,65615,88,,,0,50,,65616,88,,,0,10,,65617,88,,,0,10,,65618,88,,,0,10,,65619,88,,,0,10,,65620,88,,,0,10,,65621,88,,,0,50,,65622,88,,,0,10,,65623,88,,,0,10,,65624,88,,,0,10,,65625,88,,,0,10,,65626,88,,,0,10,,65627,88,,,0,50,,65628,88,,,0,10,,65629,88,,,0,10,,65630,88,,,0,10,,65631,88,,,0,10,,65632,88,,,0,10,,65633,88,,,0,50,,65634,88,,,0,10,,65635,88,,,0,10,,65636,88,,,0,10,,65637,88,,,0,10,,65638,88,,,0,10,,65639,88,,,0,50,,65640,88,,,0,10,,65641,88,,,0,10,,65642,88,,,0,10,,65643,88,,,0,10,,65644,88,,,0,10,,65645,88,,,0,50,,65646,88,,,0,10,,65647,88,,,0,10,,65648,88,,,0,10,,65649,88,,,0,10,,65650,88,,,0,10,,65651,88,,,0,50,,65652,88,,,0,10,,65653,88,,,0,10,,65654,88,,,0,10,,65655,88,,,0,10,,65656,88,,,0,10,,65657,88,,,0,50,,65658,88,,,0,10,,65659,88,,,0,10,,65660,88,,,0,10,,65661,88,,,0,10,,65662,88,,,0,10,,65663,88,,,0,50,,65664,88,,,0,10,,65665,88,,,0,10,,65666,88,,,0,10,,65667,88,,,0,10,,65668,88,,,0,10,,65669,88,,,0,50,,65670,88,,,0,10,,65671,88,,,0,10,,65672,88,,,0,10,,65673,88,,,0,10,,65674,88,,,0,10,,65675,88,,,0,50,,65676,88,,,0,10,,65677,88,,,0,15,,65678,88,,,0,15,,65679,88,,,0,15,,65680,88,,,0,70,,65681,88,,,0,30,,65682,88,,,0,70,,65683,88,,,0,30,,65684,88,,,0,70,,65685,88,,,0,30,,65686,88,,,0,70,,65687,88,,,0,30,,65688,88,,,0,70,,65689,88,,,0,30,,65690,88,,,0,70,,65691,88,,,0
1700,'1394',621,,65692,88,,,0,29,,65693,49,,,0,60,,65694,88,,,0,15,,65695,88,,,0,15,,65696,88,,,0,15,,65697,88,,,0,55,,65698,88,,,0,10,,65699,88,,,0,10,,65700,88,,,0,10,,65701,88,,,0,10,,65702,88,,,0,50,,65703,88,,,0,10,,65704,88,,,0,10,,65705,88,,,0,10,,65706,88,,,0,10,,65707,88,,,0,10,,65708,88,,,0,50,,65709,88,,,0,10,,65710,88,,,0,10,,65711,88,,,0,10,,65712,88,,,0,10,,65713,88,,,0,10,,65714,88,,,0,50,,65715,88,,,0,10,,65716,88,,,0,10,,65717,88,,,0,10,,65718,88,,,0,10,,65719,88,,,0,10,,65720,88,,,0,50,,65721,88,,,0,10,,65722,88,,,0,10,,65723,88,,,0,10,,65724,88,,,0,10,,65725,88,,,0,10,,65726,88,,,0,50,,65727,88,,,0,10,,65728,88,,,0,10,,65729,88,,,0,10,,65730,88,,,0,10,,65731,88,,,0,10,,65732,88,,,0,50,,65733,88,,,0,10,,65734,88,,,0,10,,65735,88,,,0,10,,65736,88,,,0,10,,65737,88,,,0,10,,65738,88,,,0,50,,65739,88,,,0,10,,65740,88,,,0,10,,65741,88,,,0,10,,65742,88,,,0,10,,65743,88,,,0,10,,65744,88,,,0,50,,65745,88,,,0,10,,65746,88,,,0,10,,65747,88,,,0,10,,65748,88,,,0,10,,65749,88,,,0,10,,65750,88,,,0,50,,65751,88,,,0,10,,65752,88,,,0,10,,65753,88,,,0,10,,65754,88,,,0,10,,65755,88,,,0,10,,65756,88,,,0,50,,65757,88,,,0,10,,65758,88,,,0,10,,65759,88,,,0,10,,65760,88,,,0,10,,65761,88,,,0,10,,65762,88,,,0,50,,65763,88,,,0,10,,65764,88,,,0,15,,65765,88,,,0,15,,65766,88,,,0,15,,65767,88,,,0,70,,65768,88,,,0,30,,65769,88,,,0,70,,65770,88,,,0,30,,65771,88,,,0,70,,65772,88,,,0,30,,65773,88,,,0,70,,65774,88,,,0,30,,65775,88,,,0,70,,65776,88,,,0,30,,65777,88,,,0,70,,65778,88,,,0
1700,'1395',621,,65779,88,,,0,29,,65780,49,,,0,60,,65781,88,,,0,15,,65782,88,,,0,15,,65783,88,,,0,15,,65784,88,,,0,55,,65785,88,,,0,10,,65786,88,,,0,10,,65787,88,,,0,10,,65788,88,,,0,10,,65789,88,,,0,50,,65790,88,,,0,10,,65791,88,,,0,10,,65792,88,,,0,10,,65793,88,,,0,10,,65794,88,,,0,10,,65795,88,,,0,50,,65796,88,,,0,10,,65797,88,,,0,10,,65798,88,,,0,10,,65799,88,,,0,10,,65800,88,,,0,10,,65801,88,,,0,50,,65802,88,,,0,10,,65803,88,,,0,10,,65804,88,,,0,10,,65805,88,,,0,10,,65806,88,,,0,10,,65807,88,,,0,50,,65808,88,,,0,10,,65809,88,,,0,10,,65810,88,,,0,10,,65811,88,,,0,10,,65812,88,,,0,10,,65813,88,,,0,50,,65814,88,,,0,10,,65815,88,,,0,10,,65816,88,,,0,10,,65817,88,,,0,10,,65818,88,,,0,10,,65819,88,,,0,50,,65820,88,,,0,10,,65821,88,,,0,10,,65822,88,,,0,10,,65823,88,,,0,10,,65824,88,,,0,10,,65825,88,,,0,50,,65826,88,,,0,10,,65827,88,,,0,10,,65828,88,,,0,10,,65829,88,,,0,10,,65830,88,,,0,10,,65831,88,,,0,50,,65832,88,,,0,10,,65833,88,,,0,10,,65834,88,,,0,10,,65835,88,,,0,10,,65836,88,,,0,10,,65837,88,,,0,50,,65838,88,,,0,10,,65839,88,,,0,10,,65840,88,,,0,10,,65841,88,,,0,10,,65842,88,,,0,10,,65843,88,,,0,50,,65844,88,,,0,10,,65845,88,,,0,10,,65846,88,,,0,10,,65847,88,,,0,10,,65848,88,,,0,10,,65849,88,,,0,50,,65850,88,,,0,10,,65851,88,,,0,15,,65852,88,,,0,15,,65853,88,,,0,15,,65854,88,,,0,70,,65855,88,,,0,30,,65856,88,,,0,70,,65857,88,,,0,30,,65858,88,,,0,70,,65859,88,,,0,30,,65860,88,,,0,70,,65861,88,,,0,30,,65862,88,,,0,70,,65863,88,,,0,30,,65864,88,,,0,70,,65865,88,,,0
1700,'1396',621,,65866,88,,,0,29,,65867,49,,,0,60,,65868,88,,,0,15,,65869,88,,,0,15,,65870,88,,,0,15,,65871,88,,,0,55,,65872,88,,,0,10,,65873,88,,,0,10,,65874,88,,,0,10,,65875,88,,,0,10,,65876,88,,,0,50,,65877,88,,,0,10,,65878,88,,,0,10,,65879,88,,,0,10,,65880,88,,,0,10,,65881,88,,,0,10,,65882,88,,,0,50,,65883,88,,,0,10,,65884,88,,,0,10,,65885,88,,,0,10,,65886,88,,,0,10,,65887,88,,,0,10,,65888,88,,,0,50,,65889,88,,,0,10,,65890,88,,,0,10,,65891,88,,,0,10,,65892,88,,,0,10,,65893,88,,,0,10,,65894,88,,,0,50,,65895,88,,,0,10,,65896,88,,,0,10,,65897,88,,,0,10,,65898,88,,,0,10,,65899,88,,,0,10,,65900,88,,,0,50,,65901,88,,,0,10,,65902,88,,,0,10,,65903,88,,,0,10,,65904,88,,,0,10,,65905,88,,,0,10,,65906,88,,,0,50,,65907,88,,,0,10,,65908,88,,,0,10,,65909,88,,,0,10,,65910,88,,,0,10,,65911,88,,,0,10,,65912,88,,,0,50,,65913,88,,,0,10,,65914,88,,,0,10,,65915,88,,,0,10,,65916,88,,,0,10,,65917,88,,,0,10,,65918,88,,,0,50,,65919,88,,,0,10,,65920,88,,,0,10,,65921,88,,,0,10,,65922,88,,,0,10,,65923,88,,,0,10,,65924,88,,,0,50,,65925,88,,,0,10,,65926,88,,,0,10,,65927,88,,,0,10,,65928,88,,,0,10,,65929,88,,,0,10,,65930,88,,,0,50,,65931,88,,,0,10,,65932,88,,,0,10,,65933,88,,,0,10,,65934,88,,,0,10,,65935,88,,,0,10,,65936,88,,,0,50,,65937,88,,,0,10,,65938,88,,,0,15,,65939,88,,,0,15,,65940,88,,,0,15,,65941,88,,,0,70,,65942,88,,,0,30,,65943,88,,,0,70,,65944,88,,,0,30,,65945,88,,,0,70,,65946,88,,,0,30,,65947,88,,,0,70,,65948,88,,,0,30,,65949,88,,,0,70,,65950,88,,,0,30,,65951,88,,,0,70,,65952,88,,,0
1800,'1390',755,,66470,82,,,0,100,,66469,82,,,0,100,,66468,82,,,0,80,,66467,82,,,0,80,,66466,82,,,0,43,,66465,82,,,0,82,,66464,82,,,0,80,,66463,82,,,0,80,,66462,82,,,0,40,,66461,82,,,0,80,,66460,82,,,0,80,,66459,82,,,0,40,,66458,82,,,0,80,,66457,82,,,0,80,,66456,82,,,0,40,,66455,82,,,0,80,,66454,82,,,0,80,,66453,82,,,0
1800,'1391',614,,66471,82,,,0,45,,66472,82,,,0,70,,66473,82,,,0,30,,66474,82,,,0,70,,66475,82,,,0,30,,66476,82,,,0,70,,66477,82,,,0,30,,66478,82,,,0,70,,66479,82,,,0,30,,66480,82,,,0,60,,66481,82,,,0,20,,66482,82,,,0,20,,66483,82,,,0,60,,66484,82,,,0,20,,66485,82,,,0,20,,66486,82,,,0,60,,66487,82,,,0,20,,66488,82,,,0,20,,66489,82,,,0,60,,66490,82,,,0,20,,66491,82,,,0,20,,66492,82,,,0,60,,66493,82,,,0,20,,66494,82,,,0,20,,66495,82,,,0,60,,66496,82,,,0,20,,66497,82,,,0,20,,66498,82,,,0,60,,66499,82,,,0,20,,66500,82,,,0,20,,66501,82,,,0,60,,66502,82,,,0,20,,66503,82,,,0,20,,66504,82,,,0,70,,66505,82,,,0,30,,66506,82,,,0,70,,66507,82,,,0,30,,66508,82,,,0,70,,66509,82,,,0,30,,66510,82,,,0,70,,66511,82,,,0,30,,66512,82,,,0,70,,66513,82,,,0,30,,66514,82,,,0,70,,66515,82,,,0,30,,66516,82,,,0,70,,66517,82,,,0
1800,'1392',617,,66554,82,,,0,35,,66555,82,,,0,59,,66518,82,,,0,15,,66519,82,,,0,15,,66520,82,,,0,15,,66521,82,,,0,55,,66522,82,,,0,10,,66523,82,,,0,10,,66524,82,,,0,10,,66525,82,,,0,10,,66526,82,,,0,50,,66527,82,,,0,10,,66528,82,,,0,5,,66556,82,,,0,15,,66557,82,,,0,15,,66558,82,,,0,55,,66559,82,,,0,15,,66560,82,,,0,15,,66561,82,,,0,15,,66562,82,,,0,13,,66563,82,,,0,55,,66564,82,,,0,15,,66565,82,,,0,15,,66566,82,,,0,15,,66567,82,,,0,55,,66568,82,,,0,15,,66569,82,,,0,15,,66570,82,,,0,15,,66571,82,,,0,55,,66572,82,,,0,15,,66573,82,,,0,15,,66574,82,,,0,64,,66529,82,,,0,20,,66530,82,,,0,15,,66531,82,,,0,15,,66532,82,,,0,55,,66533,82,,,0,10,,66534,82,,,0,10,,66535,82,,,0,10,,66536,82,,,0,10,,66537,82,,,0,50,,66538,82,,,0,10,,66539,82,,,0,10,,66540,82,,,0,10,,66541,82,,,0,10,,66542,82,,,0,10,,66543,82,,,0,50,,66544,82,,,0,10,,66545,82,,,0,10,,66546,82,,,0,10,,66547,82,,,0,10,,66548,82,,,0,10,,66549,82,,,0,50,,66550,82,,,0,10,,66551,82,,,0,15,,66552,82,,,0,15,,66553,82,,,0,57,,66575,82,,,0,30,,66576,82,,,0,70,,66577,82,,,0,30,,66578,82,,,0,70,,66579,82,,,0,30,,66580,82,,,0,70,,66581,82,,,0,30,,66582,82,,,0,70,,66583,82,,,0,30,,66584,82,,,0,70,,66585,82,,,0,30,,66586,82,,,0,70,,66587,82,,,0,30,,66588,82,,,0
1800,'1393',617,,66625,82,,,0,35,,66626,82,,,0,59,,66589,82,,,0,15,,66590,82,,,0,15,,66591,82,,,0,15,,66592,82,,,0,55,,66593,82,,,0,10,,66594,82,,,0,10,,66595,82,,,0,10,,66596,82,,,0,10,,66597,82,,,0,50,,66598,82,,,0,10,,66599,82,,,0,5,,66627,82,,,0,15,,66628,82,,,0,15,,66629,82,,,0,55,,66630,82,,,0,15,,66631,82,,,0,15,,66632,82,,,0,15,,66633,82,,,0,13,,66634,82,,,0,55,,66635,82,,,0,15,,66636,82,,,0,15,,66637,82,,,0,15,,66638,82,,,0,55,,66639,82,,,0,15,,66640,82,,,0,15,,66641,82,,,0,15,,66642,82,,,0,55,,66643,82,,,0,15,,66644,82,,,0,15,,66645,82,,,0,64,,66600,82,,,0,20,,66601,82,,,0,15,,66602,82,,,0,15,,66603,82,,,0,55,,66604,82,,,0,10,,66605,82,,,0,10,,66606,82,,,0,10,,66607,82,,,0,10,,66608,82,,,0,50,,66609,82,,,0,10,,66610,82,,,0,10,,66611,82,,,0,10,,66612,82,,,0,10,,66613,82,,,0,10,,66614,82,,,0,50,,66615,82,,,0,10,,66616,82,,,0,10,,66617,82,,,0,10,,66618,82,,,0,10,,66619,82,,,0,10,,66620,82,,,0,50,,66621,82,,,0,10,,66622,82,,,0,15,,66623,82,,,0,15,,66624,82,,,0,57,,66646,82,,,0,30,,66647,82,,,0,70,,66648,82,,,0,30,,66649,82,,,0,70,,66650,82,,,0,30,,66651,82,,,0,70,,66652,82,,,0,30,,66653,82,,,0,70,,66654,82,,,0,30,,66655,82,,,0,70,,66656,82,,,0,30,,66657,82,,,0,70,,66658,82,,,0,30,,66659,82,,,0
1800,'1394',617,,66696,82,,,0,35,,66697,82,,,0,59,,66660,82,,,0,15,,66661,82,,,0,15,,66662,82,,,0,15,,66663,82,,,0,55,,66664,82,,,0,10,,66665,82,,,0,10,,66666,82,,,0,10,,66667,82,,,0,10,,66668,82,,,0,50,,66669,82,,,0,10,,66670,82,,,0,5,,66698,82,,,0,15,,66699,82,,,0,15,,66700,82,,,0,55,,66701,82,,,0,15,,66702,82,,,0,15,,66703,82,,,0,15,,66704,82,,,0,13,,66705,82,,,0,55,,66706,82,,,0,15,,66707,82,,,0,15,,66708,82,,,0,15,,66709,82,,,0,55,,66710,82,,,0,15,,66711,82,,,0,15,,66712,82,,,0,15,,66713,82,,,0,55,,66714,82,,,0,15,,66715,82,,,0,15,,66716,82,,,0,64,,66671,82,,,0,20,,66672,82,,,0,15,,66673,82,,,0,15,,66674,82,,,0,55,,66675,82,,,0,10,,66676,82,,,0,10,,66677,82,,,0,10,,66678,82,,,0,10,,66679,82,,,0,50,,66680,82,,,0,10,,66681,82,,,0,10,,66682,82,,,0,10,,66683,82,,,0,10,,66684,82,,,0,10,,66685,82,,,0,50,,66686,82,,,0,10,,66687,82,,,0,10,,66688,82,,,0,10,,66689,82,,,0,10,,66690,82,,,0,10,,66691,82,,,0,50,,66692,82,,,0,10,,66693,82,,,0,15,,66694,82,,,0,15,,66695,82,,,0,57,,66717,82,,,0,30,,66718,82,,,0,70,,66719,82,,,0,30,,66720,82,,,0,70,,66721,82,,,0,30,,66722,82,,,0,70,,66723,82,,,0,30,,66724,82,,,0,70,,66725,82,,,0,30,,66726,82,,,0,70,,66727,82,,,0,30,,66728,82,,,0,70,,66729,82,,,0,30,,66730,82,,,0
1800,'1395',617,,66767,82,,,0,35,,66768,82,,,0,59,,66731,82,,,0,15,,66732,82,,,0,15,,66733,82,,,0,15,,66734,82,,,0,55,,66735,82,,,0,10,,66736,82,,,0,10,,66737,82,,,0,10,,66738,82,,,0,10,,66739,82,,,0,50,,66740,82,,,0,10,,66741,82,,,0,5,,66769,82,,,0,15,,66770,82,,,0,15,,66771,82,,,0,55,,66772,82,,,0,15,,66773,82,,,0,15,,66774,82,,,0,15,,66775,82,,,0,13,,66776,82,,,0,55,,66777,82,,,0,15,,66778,82,,,0,15,,66779,82,,,0,15,,66780,82,,,0,55,,66781,82,,,0,15,,66782,82,,,0,15,,66783,82,,,0,15,,66784,82,,,0,55,,66785,82,,,0,15,,66786,82,,,0,15,,66787,82,,,0,64,,66742,82,,,0,20,,66743,82,,,0,15,,66744,82,,,0,15,,66745,82,,,0,55,,66746,82,,,0,10,,66747,82,,,0,10,,66748,82,,,0,10,,66749,82,,,0,10,,66750,82,,,0,50,,66751,82,,,0,10,,66752,82,,,0,10,,66753,82,,,0,10,,66754,82,,,0,10,,66755,82,,,0,10,,66756,82,,,0,50,,66757,82,,,0,10,,66758,82,,,0,10,,66759,82,,,0,10,,66760,82,,,0,10,,66761,82,,,0,10,,66762,82,,,0,50,,66763,82,,,0,10,,66764,82,,,0,15,,66765,82,,,0,15,,66766,82,,,0,57,,66788,82,,,0,30,,66789,82,,,0,70,,66790,82,,,0,30,,66791,82,,,0,70,,66792,82,,,0,30,,66793,82,,,0,70,,66794,82,,,0,30,,66795,82,,,0,70,,66796,82,,,0,30,,66797,82,,,0,70,,66798,82,,,0,30,,66799,82,,,0,70,,66800,82,,,0,30,,66801,82,,,0
1800,'1396',617,,66838,82,,,0,35,,66839,82,,,0,59,,66802,82,,,0,15,,66803,82,,,0,15,,66804,82,,,0,15,,66805,82,,,0,55,,66806,82,,,0,10,,66807,82,,,0,10,,66808,82,,,0,10,,66809,82,,,0,10,,66810,82,,,0,50,,66811,82,,,0,10,,66812,82,,,0,5,,66840,82,,,0,15,,66841,82,,,0,15,,66842,82,,,0,55,,66843,82,,,0,15,,66844,82,,,0,15,,66845,82,,,0,15,,66846,82,,,0,13,,66847,82,,,0,55,,66848,82,,,0,15,,66849,82,,,0,15,,66850,82,,,0,15,,66851,82,,,0,55,,66852,82,,,0,15,,66853,82,,,0,15,,66854,82,,,0,15,,66855,82,,,0,55,,66856,82,,,0,15,,66857,82,,,0,15,,66858,82,,,0,64,,66813,82,,,0,20,,66814,82,,,0,15,,66815,82,,,0,15,,66816,82,,,0,55,,66817,82,,,0,10,,66818,82,,,0,10,,66819,82,,,0,10,,66820,82,,,0,10,,66821,82,,,0,50,,66822,82,,,0,10,,66823,82,,,0,10,,66824,82,,,0,10,,66825,82,,,0,10,,66826,82,,,0,10,,66827,82,,,0,50,,66828,82,,,0,10,,66829,82,,,0,10,,66830,82,,,0,10,,66831,82,,,0,10,,66832,82,,,0,10,,66833,82,,,0,50,,66834,82,,,0,10,,66835,82,,,0,15,,66836,82,,,0,15,,66837,82,,,0,57,,66859,82,,,0,30,,66860,82,,,0,70,,66861,82,,,0,30,,66862,82,,,0,70,,66863,82,,,0,30,,66864,82,,,0,70,,66865,82,,,0,30,,66866,82,,,0,70,,66867,82,,,0,30,,66868,82,,,0,70,,66869,82,,,0,30,,66870,82,,,0,70,,66871,82,,,0,30,,66872,82,,,0
1900,'1390',954,,67309,91,,,0,100,,67308,91,,,0,100,,67307,91,,,0,100,,67306,91,,,0,100,,67305,91,,,0,100,,67304,91,,,0,100,,67303,91,,,0,100,,67302,91,,,0,100,,67301,91,,,0,100,,67300,91,,,0,100,,67299,91,,,0,100,,67298,91,,,0
1900,'1391',854,,67310,91,,,0,100,,67311,91,,,0,100,,67312,91,,,0,70,,67313,91,,,0,30,,67314,91,,,0,70,,67315,91,,,0,30,,67316,91,,,0,70,,67317,91,,,0,30,,67318,91,,,0,70,,67319,91,,,0,30,,67320,91,,,0,70,,67321,91,,,0,30,,67322,91,,,0,70,,67323,91,,,0,30,,67324,91,,,0,70,,67325,91,,,0,30,,67326,91,,,0,70,,67327,91,,,0,30,,67328,91,,,0,70,,67329,91,,,0,30,,67330,91,,,0,70,,67331,91,,,0,30,,67332,91,,,0,100,,67333,91,,,0,100,,67334,91,,,0,100,,67335,91,,,0
1900,'1392',654,,67336,91,,,0,70,,67337,91,,,0,30,,67338,91,,,0,70,,67339,91,,,0,30,,67340,91,,,0,70,,67341,91,,,0,30,,67342,91,,,0,70,,67343,91,,,0,30,,67344,91,,,0,70,,67345,91,,,0,30,,67346,91,,,0,70,,67347,91,,,0,30,,67348,91,,,0,70,,67349,91,,,0,30,,67350,91,,,0,70,,67351,91,,,0,30,,67352,91,,,0,70,,67353,91,,,0,30,,67354,91,,,0,70,,67355,91,,,0,30,,67356,91,,,0,70,,67357,91,,,0,30,,67358,91,,,0,70,,67359,91,,,0,30,,67360,91,,,0,70,,67361,91,,,0,30,,67362,91,,,0,70,,67363,91,,,0,30,,67364,91,,,0,70,,67365,91,,,0,30,,67366,91,,,0,70,,67367,91,,,0,100,,67368,91,,,0,100,,67369,91,,,0
1900,'1393',654,,67370,91,,,0,70,,67371,91,,,0,30,,67372,91,,,0,70,,67373,91,,,0,30,,67374,91,,,0,70,,67375,91,,,0,30,,67376,91,,,0,70,,67377,91,,,0,30,,67378,91,,,0,70,,67379,91,,,0,30,,67380,91,,,0,70,,67381,91,,,0,30,,67382,91,,,0,70,,67383,91,,,0,30,,67384,91,,,0,70,,67385,91,,,0,30,,67386,91,,,0,70,,67387,91,,,0,30,,67388,91,,,0,70,,67389,91,,,0,30,,67390,91,,,0,70,,67391,91,,,0,30,,67392,91,,,0,70,,67393,91,,,0,30,,67394,91,,,0,70,,67395,91,,,0,30,,67396,91,,,0,70,,67397,91,,,0,30,,67398,91,,,0,70,,67399,91,,,0,30,,67400,91,,,0,70,,67401,91,,,0,100,,67402,91,,,0,100,,67403,91,,,0
1900,'1394',654,,67404,91,,,0,70,,67405,91,,,0,30,,67406,91,,,0,70,,67407,91,,,0,30,,67408,91,,,0,70,,67409,91,,,0,30,,67410,91,,,0,70,,67411,91,,,0,30,,67412,91,,,0,70,,67413,91,,,0,30,,67414,91,,,0,70,,67415,91,,,0,30,,67416,91,,,0,70,,67417,91,,,0,30,,67418,91,,,0,70,,67419,91,,,0,30,,67420,91,,,0,70,,67421,91,,,0,30,,67422,91,,,0,70,,67423,91,,,0,30,,67424,91,,,0,70,,67425,91,,,0,30,,67426,91,,,0,70,,67427,91,,,0,30,,67428,91,,,0,70,,67429,91,,,0,30,,67430,91,,,0,70,,67431,91,,,0,30,,67432,91,,,0,70,,67433,91,,,0,30,,67434,91,,,0,70,,67435,91,,,0,100,,67436,91,,,0,100,,67437,91,,,0
1900,'1395',654,,67438,91,,,0,70,,67439,91,,,0,30,,67440,91,,,0,70,,67441,91,,,0,30,,67442,91,,,0,70,,67443,91,,,0,30,,67444,91,,,0,70,,67445,91,,,0,30,,67446,91,,,0,70,,67447,91,,,0,30,,67448,91,,,0,70,,67449,91,,,0,30,,67450,91,,,0,70,,67451,91,,,0,30,,67452,91,,,0,70,,67453,91,,,0,30,,67454,91,,,0,70,,67455,91,,,0,30,,67456,91,,,0,70,,67457,91,,,0,30,,67458,91,,,0,70,,67459,91,,,0,30,,67460,91,,,0,70,,67461,91,,,0,30,,67462,91,,,0,70,,67463,91,,,0,30,,67464,91,,,0,70,,67465,91,,,0,30,,67466,91,,,0,70,,67467,91,,,0,30,,67468,91,,,0,70,,67469,91,,,0,100,,67470,91,,,0,100,,67471,91,,,0
1900,'1396',654,,67472,91,,,0,70,,67473,91,,,0,30,,67474,91,,,0,70,,67475,91,,,0,30,,67476,91,,,0,70,,67477,91,,,0,30,,67478,91,,,0,70,,67479,91,,,0,30,,67480,91,,,0,70,,67481,91,,,0,30,,67482,91,,,0,70,,67483,91,,,0,30,,67484,91,,,0,70,,67485,91,,,0,30,,67486,91,,,0,70,,67487,91,,,0,30,,67488,91,,,0,70,,67489,91,,,0,30,,67490,91,,,0,70,,67491,91,,,0,30,,67492,91,,,0,70,,67493,91,,,0,30,,67494,91,,,0,70,,67495,91,,,0,30,,67496,91,,,0,70,,67497,91,,,0,30,,67498,91,,,0,70,,67499,91,,,0,30,,67500,91,,,0,70,,67501,91,,,0,30,,67502,91,,,0,70,,67503,91,,,0,100,,67504,91,,,0,100,,67505,91,,,0
