1800,'1390',750,,66470,71,,,0,100,,66469,71,,,0,100,,66468,71,,,0,80,,66467,71,,,0,80,,66466,71,,,0,45,,66465,71,,,0,80,,66464,71,,,0,80,,66463,71,,,0,40,,66462,71,,,0,80,,66461,71,,,0,80,,66460,71,,,0,40,,66459,71,,,0,80,,66458,71,,,0,80,,66457,71,,,0,40,,66456,71,,,0,80,,66455,71,,,0,80,,66454,71,,,0,40,,66453,71,,,0
1800,'1391',609,,66471,71,,,0,45,,66472,71,,,0,70,,66473,71,,,0,30,,66474,71,,,0,70,,66475,71,,,0,30,,66476,71,,,0,70,,66477,71,,,0,30,,66478,71,,,0,70,,66479,71,,,0,30,,66480,71,,,0,60,,66481,71,,,0,20,,66482,71,,,0,20,,66483,71,,,0,60,,66484,71,,,0,20,,66485,71,,,0,20,,66486,71,,,0,60,,66487,71,,,0,20,,66488,71,,,0,20,,66489,71,,,0,60,,66490,71,,,0,20,,66491,71,,,0,20,,66492,71,,,0,60,,66493,71,,,0,20,,66494,71,,,0,20,,66495,71,,,0,60,,66496,71,,,0,20,,66497,71,,,0,20,,66498,71,,,0,60,,66499,71,,,0,20,,66500,71,,,0,20,,66501,71,,,0,60,,66502,71,,,0,20,,66503,71,,,0,20,,66504,71,,,0,70,,66505,71,,,0,30,,66506,71,,,0,70,,66507,71,,,0,30,,66508,71,,,0,70,,66509,71,,,0,30,,66510,71,,,0,70,,66511,71,,,0,30,,66512,71,,,0,70,,66513,71,,,0,30,,66514,71,,,0,70,,66515,71,,,0,30,,66516,71,,,0,70,,66517,71,,,0
1800,'1392',610,,66554,71,,,0,35,,66555,71,,,0,58,,66518,71,,,0,15,,66519,71,,,0,15,,66520,71,,,0,15,,66521,71,,,0,55,,66522,71,,,0,10,,66523,71,,,0,10,,66524,71,,,0,10,,66525,71,,,0,10,,66526,71,,,0,10,,66527,71,,,0,50,,66528,71,,,0,6,,66556,71,,,0,15,,66557,71,,,0,15,,66558,71,,,0,15,,66559,71,,,0,55,,66560,71,,,0,15,,66561,71,,,0,15,,66562,71,,,0,13,,66563,71,,,0,55,,66564,71,,,0,15,,66565,71,,,0,15,,66566,71,,,0,15,,66567,71,,,0,55,,66568,71,,,0,15,,66569,71,,,0,15,,66570,71,,,0,15,,66571,71,,,0,55,,66572,71,,,0,15,,66573,71,,,0,15,,66574,71,,,0,63,,66529,71,,,0,20,,66530,71,,,0,15,,66531,71,,,0,15,,66532,71,,,0,55,,66533,71,,,0,10,,66534,71,,,0,10,,66535,71,,,0,10,,66536,71,,,0,10,,66537,71,,,0,10,,66538,71,,,0,50,,66539,71,,,0,10,,66540,71,,,0,10,,66541,71,,,0,10,,66542,71,,,0,10,,66543,71,,,0,10,,66544,71,,,0,50,,66545,71,,,0,10,,66546,71,,,0,10,,66547,71,,,0,10,,66548,71,,,0,10,,66549,71,,,0,10,,66550,71,,,0,50,,66551,71,,,0,15,,66552,71,,,0,15,,66553,71,,,0,18,,66575,71,,,0,70,,66576,71,,,0,30,,66577,71,,,0,70,,66578,71,,,0,30,,66579,71,,,0,70,,66580,71,,,0,30,,66581,71,,,0,70,,66582,71,,,0,30,,66583,71,,,0,70,,66584,71,,,0,30,,66585,71,,,0,70,,66586,71,,,0,30,,66587,71,,,0,70,,66588,71,,,0
1800,'1393',610,,66625,71,,,0,35,,66626,71,,,0,58,,66589,71,,,0,15,,66590,71,,,0,15,,66591,71,,,0,15,,66592,71,,,0,55,,66593,71,,,0,10,,66594,71,,,0,10,,66595,71,,,0,10,,66596,71,,,0,10,,66597,71,,,0,10,,66598,71,,,0,50,,66599,71,,,0,6,,66627,71,,,0,15,,66628,71,,,0,15,,66629,71,,,0,15,,66630,71,,,0,55,,66631,71,,,0,15,,66632,71,,,0,15,,66633,71,,,0,13,,66634,71,,,0,55,,66635,71,,,0,15,,66636,71,,,0,15,,66637,71,,,0,15,,66638,71,,,0,55,,66639,71,,,0,15,,66640,71,,,0,15,,66641,71,,,0,15,,66642,71,,,0,55,,66643,71,,,0,15,,66644,71,,,0,15,,66645,71,,,0,63,,66600,71,,,0,20,,66601,71,,,0,15,,66602,71,,,0,15,,66603,71,,,0,55,,66604,71,,,0,10,,66605,71,,,0,10,,66606,71,,,0,10,,66607,71,,,0,10,,66608,71,,,0,10,,66609,71,,,0,50,,66610,71,,,0,10,,66611,71,,,0,10,,66612,71,,,0,10,,66613,71,,,0,10,,66614,71,,,0,10,,66615,71,,,0,50,,66616,71,,,0,10,,66617,71,,,0,10,,66618,71,,,0,10,,66619,71,,,0,10,,66620,71,,,0,10,,66621,71,,,0,50,,66622,71,,,0,15,,66623,71,,,0,15,,66624,71,,,0,18,,66646,71,,,0,70,,66647,71,,,0,30,,66648,71,,,0,70,,66649,71,,,0,30,,66650,71,,,0,70,,66651,71,,,0,30,,66652,71,,,0,70,,66653,71,,,0,30,,66654,71,,,0,70,,66655,71,,,0,30,,66656,71,,,0,70,,66657,71,,,0,30,,66658,71,,,0,70,,66659,71,,,0
1800,'1394',610,,66696,71,,,0,35,,66697,71,,,0,58,,66660,71,,,0,15,,66661,71,,,0,15,,66662,71,,,0,15,,66663,71,,,0,55,,66664,71,,,0,10,,66665,71,,,0,10,,66666,71,,,0,10,,66667,71,,,0,10,,66668,71,,,0,10,,66669,71,,,0,50,,66670,71,,,0,6,,66698,71,,,0,15,,66699,71,,,0,15,,66700,71,,,0,15,,66701,71,,,0,55,,66702,71,,,0,15,,66703,71,,,0,15,,66704,71,,,0,13,,66705,71,,,0,55,,66706,71,,,0,15,,66707,71,,,0,15,,66708,71,,,0,15,,66709,71,,,0,55,,66710,71,,,0,15,,66711,71,,,0,15,,66712,71,,,0,15,,66713,71,,,0,55,,66714,71,,,0,15,,66715,71,,,0,15,,66716,71,,,0,63,,66671,71,,,0,20,,66672,71,,,0,15,,66673,71,,,0,15,,66674,71,,,0,55,,66675,71,,,0,10,,66676,71,,,0,10,,66677,71,,,0,10,,66678,71,,,0,10,,66679,71,,,0,10,,66680,71,,,0,50,,66681,71,,,0,10,,66682,71,,,0,10,,66683,71,,,0,10,,66684,71,,,0,10,,66685,71,,,0,10,,66686,71,,,0,50,,66687,71,,,0,10,,66688,71,,,0,10,,66689,71,,,0,10,,66690,71,,,0,10,,66691,71,,,0,10,,66692,71,,,0,50,,66693,71,,,0,15,,66694,71,,,0,15,,66695,71,,,0,18,,66717,71,,,0,70,,66718,71,,,0,30,,66719,71,,,0,70,,66720,71,,,0,30,,66721,71,,,0,70,,66722,71,,,0,30,,66723,71,,,0,70,,66724,71,,,0,30,,66725,71,,,0,70,,66726,71,,,0,30,,66727,71,,,0,70,,66728,71,,,0,30,,66729,71,,,0,70,,66730,71,,,0
1800,'1395',610,,66767,71,,,0,35,,66768,71,,,0,58,,66731,71,,,0,15,,66732,71,,,0,15,,66733,71,,,0,15,,66734,71,,,0,55,,66735,71,,,0,10,,66736,71,,,0,10,,66737,71,,,0,10,,66738,71,,,0,10,,66739,71,,,0,10,,66740,71,,,0,50,,66741,71,,,0,6,,66769,71,,,0,15,,66770,71,,,0,15,,66771,71,,,0,15,,66772,71,,,0,55,,66773,71,,,0,15,,66774,71,,,0,15,,66775,71,,,0,13,,66776,71,,,0,55,,66777,71,,,0,15,,66778,71,,,0,15,,66779,71,,,0,15,,66780,71,,,0,55,,66781,71,,,0,15,,66782,71,,,0,15,,66783,71,,,0,15,,66784,71,,,0,55,,66785,71,,,0,15,,66786,71,,,0,15,,66787,71,,,0,63,,66742,71,,,0,20,,66743,71,,,0,15,,66744,71,,,0,15,,66745,71,,,0,55,,66746,71,,,0,10,,66747,71,,,0,10,,66748,71,,,0,10,,66749,71,,,0,10,,66750,71,,,0,10,,66751,71,,,0,50,,66752,71,,,0,10,,66753,71,,,0,10,,66754,71,,,0,10,,66755,71,,,0,10,,66756,71,,,0,10,,66757,71,,,0,50,,66758,71,,,0,10,,66759,71,,,0,10,,66760,71,,,0,10,,66761,71,,,0,10,,66762,71,,,0,10,,66763,71,,,0,50,,66764,71,,,0,15,,66765,71,,,0,15,,66766,71,,,0,18,,66788,71,,,0,70,,66789,71,,,0,30,,66790,71,,,0,70,,66791,71,,,0,30,,66792,71,,,0,70,,66793,71,,,0,30,,66794,71,,,0,70,,66795,71,,,0,30,,66796,71,,,0,70,,66797,71,,,0,30,,66798,71,,,0,70,,66799,71,,,0,30,,66800,71,,,0,70,,66801,71,,,0
1800,'1396',610,,66838,71,,,0,35,,66839,71,,,0,58,,66802,71,,,0,15,,66803,71,,,0,15,,66804,71,,,0,15,,66805,71,,,0,55,,66806,71,,,0,10,,66807,71,,,0,10,,66808,71,,,0,10,,66809,71,,,0,10,,66810,71,,,0,10,,66811,71,,,0,50,,66812,71,,,0,6,,66840,71,,,0,15,,66841,71,,,0,15,,66842,71,,,0,15,,66843,71,,,0,55,,66844,71,,,0,15,,66845,71,,,0,15,,66846,71,,,0,13,,66847,71,,,0,55,,66848,71,,,0,15,,66849,71,,,0,15,,66850,71,,,0,15,,66851,71,,,0,55,,66852,71,,,0,15,,66853,71,,,0,15,,66854,71,,,0,15,,66855,71,,,0,55,,66856,71,,,0,15,,66857,71,,,0,15,,66858,71,,,0,63,,66813,71,,,0,20,,66814,71,,,0,15,,66815,71,,,0,15,,66816,71,,,0,55,,66817,71,,,0,10,,66818,71,,,0,10,,66819,71,,,0,10,,66820,71,,,0,10,,66821,71,,,0,10,,66822,71,,,0,50,,66823,71,,,0,10,,66824,71,,,0,10,,66825,71,,,0,10,,66826,71,,,0,10,,66827,71,,,0,10,,66828,71,,,0,50,,66829,71,,,0,10,,66830,71,,,0,10,,66831,71,,,0,10,,66832,71,,,0,10,,66833,71,,,0,10,,66834,71,,,0,50,,66835,71,,,0,15,,66836,71,,,0,15,,66837,71,,,0,18,,66859,71,,,0,70,,66860,71,,,0,30,,66861,71,,,0,70,,66862,71,,,0,30,,66863,71,,,0,70,,66864,71,,,0,30,,66865,71,,,0,70,,66866,71,,,0,30,,66867,71,,,0,70,,66868,71,,,0,30,,66869,71,,,0,70,,66870,71,,,0,30,,66871,71,,,0,70,,66872,71,,,0
1900,'1390',949,,67309,82,,,0,100,,67308,82,,,0,100,,67307,82,,,0,100,,67306,82,,,0,100,,67305,82,,,0,100,,67304,82,,,0,100,,67303,82,,,0,100,,67302,82,,,0,100,,67301,82,,,0,100,,67300,82,,,0,100,,67299,82,,,0,100,,67298,82,,,0
1900,'1391',849,,67310,82,,,0,100,,67311,82,,,0,100,,67312,82,,,0,70,,67313,82,,,0,30,,67314,82,,,0,70,,67315,82,,,0,30,,67316,82,,,0,70,,67317,82,,,0,30,,67318,82,,,0,70,,67319,82,,,0,30,,67320,82,,,0,70,,67321,82,,,0,30,,67322,82,,,0,70,,67323,82,,,0,30,,67324,82,,,0,70,,67325,82,,,0,30,,67326,82,,,0,70,,67327,82,,,0,30,,67328,82,,,0,70,,67329,82,,,0,30,,67330,82,,,0,70,,67331,82,,,0,30,,67332,82,,,0,100,,67333,82,,,0,100,,67334,82,,,0,100,,67335,82,,,0
1900,'1392',649,,67336,82,,,0,70,,67337,82,,,0,30,,67338,82,,,0,70,,67339,82,,,0,30,,67340,82,,,0,70,,67341,82,,,0,30,,67342,82,,,0,70,,67343,82,,,0,30,,67344,82,,,0,70,,67345,82,,,0,30,,67346,82,,,0,70,,67347,82,,,0,30,,67348,82,,,0,70,,67349,82,,,0,30,,67350,82,,,0,70,,67351,82,,,0,30,,67352,82,,,0,70,,67353,82,,,0,30,,67354,82,,,0,70,,67355,82,,,0,30,,67356,82,,,0,70,,67357,82,,,0,30,,67358,82,,,0,70,,67359,82,,,0,30,,67360,82,,,0,70,,67361,82,,,0,30,,67362,82,,,0,70,,67363,82,,,0,30,,67364,82,,,0,70,,67365,82,,,0,30,,67366,82,,,0,70,,67367,82,,,0,100,,67368,82,,,0,100,,67369,82,,,0
1900,'1393',649,,67370,82,,,0,70,,67371,82,,,0,30,,67372,82,,,0,70,,67373,82,,,0,30,,67374,82,,,0,70,,67375,82,,,0,30,,67376,82,,,0,70,,67377,82,,,0,30,,67378,82,,,0,70,,67379,82,,,0,30,,67380,82,,,0,70,,67381,82,,,0,30,,67382,82,,,0,70,,67383,82,,,0,30,,67384,82,,,0,70,,67385,82,,,0,30,,67386,82,,,0,70,,67387,82,,,0,30,,67388,82,,,0,70,,67389,82,,,0,30,,67390,82,,,0,70,,67391,82,,,0,30,,67392,82,,,0,70,,67393,82,,,0,30,,67394,82,,,0,70,,67395,82,,,0,30,,67396,82,,,0,70,,67397,82,,,0,30,,67398,82,,,0,70,,67399,82,,,0,30,,67400,82,,,0,70,,67401,82,,,0,100,,67402,82,,,0,100,,67403,82,,,0
1900,'1394',649,,67404,82,,,0,70,,67405,82,,,0,30,,67406,82,,,0,70,,67407,82,,,0,30,,67408,82,,,0,70,,67409,82,,,0,30,,67410,82,,,0,70,,67411,82,,,0,30,,67412,82,,,0,70,,67413,82,,,0,30,,67414,82,,,0,70,,67415,82,,,0,30,,67416,82,,,0,70,,67417,82,,,0,30,,67418,82,,,0,70,,67419,82,,,0,30,,67420,82,,,0,70,,67421,82,,,0,30,,67422,82,,,0,70,,67423,82,,,0,30,,67424,82,,,0,70,,67425,82,,,0,30,,67426,82,,,0,70,,67427,82,,,0,30,,67428,82,,,0,70,,67429,82,,,0,30,,67430,82,,,0,70,,67431,82,,,0,30,,67432,82,,,0,70,,67433,82,,,0,30,,67434,82,,,0,70,,67435,82,,,0,100,,67436,82,,,0,100,,67437,82,,,0
1900,'1395',649,,67438,82,,,0,70,,67439,82,,,0,30,,67440,82,,,0,70,,67441,82,,,0,30,,67442,82,,,0,70,,67443,82,,,0,30,,67444,82,,,0,70,,67445,82,,,0,30,,67446,82,,,0,70,,67447,82,,,0,30,,67448,82,,,0,70,,67449,82,,,0,30,,67450,82,,,0,70,,67451,82,,,0,30,,67452,82,,,0,70,,67453,82,,,0,30,,67454,82,,,0,70,,67455,82,,,0,30,,67456,82,,,0,70,,67457,82,,,0,30,,67458,82,,,0,70,,67459,82,,,0,30,,67460,82,,,0,70,,67461,82,,,0,30,,67462,82,,,0,70,,67463,82,,,0,30,,67464,82,,,0,70,,67465,82,,,0,30,,67466,82,,,0,70,,67467,82,,,0,30,,67468,82,,,0,70,,67469,82,,,0,100,,67470,82,,,0,100,,67471,82,,,0
1900,'1396',649,,67472,82,,,0,70,,67473,82,,,0,30,,67474,82,,,0,70,,67475,82,,,0,30,,67476,82,,,0,70,,67477,82,,,0,30,,67478,82,,,0,70,,67479,82,,,0,30,,67480,82,,,0,70,,67481,82,,,0,30,,67482,82,,,0,70,,67483,82,,,0,30,,67484,82,,,0,70,,67485,82,,,0,30,,67486,82,,,0,70,,67487,82,,,0,30,,67488,82,,,0,70,,67489,82,,,0,30,,67490,82,,,0,70,,67491,82,,,0,30,,67492,82,,,0,70,,67493,82,,,0,30,,67494,82,,,0,70,,67495,82,,,0,30,,67496,82,,,0,70,,67497,82,,,0,30,,67498,82,,,0,70,,67499,82,,,0,30,,67500,82,,,0,70,,67501,82,,,0,30,,67502,82,,,0,70,,67503,82,,,0,100,,67504,82,,,0,100,,67505,82,,,0
