1601,'1390',1014,,65186,5,,,0,30,,65185,5,,,0,85,,65184,5,,,0,30,,65183,5,,,0,70,,65182,5,,,0,30,,65181,5,,,0,70,,65180,5,,,0,30,,65179,5,,,0,70,,65178,5,,,0,30,,65177,5,,,0,70,,65176,5,,,0,30,,65175,5,,,0,70,,65174,5,,,0,30,,65173,5,,,0,70,,65172,5,,,0,15,,65187,5,,,0,15,,65171,5,,,0,70,,65170,5,,,0,30,,65169,5,,,0,70,,65168,5,,,0
1601,'1391',656,,65188,5,,,0,70,,65189,5,,,0,30,,65190,5,,,0,70,,65191,5,,,0,30,,65192,5,,,0,70,,65193,5,,,0,30,,65194,5,,,0,70,,65195,5,,,0,20,,65196,5,,,0,60,,65197,5,,,0,20,,65198,5,,,0,20,,65199,5,,,0,60,,65200,5,,,0,20,,65201,5,,,0,20,,65202,5,,,0,60,,65203,5,,,0,20,,65204,5,,,0,20,,65205,5,,,0,60,,65206,5,,,0,20,,65207,5,,,0,20,,65208,5,,,0,60,,65209,5,,,0,20,,65210,5,,,0,20,,65211,5,,,0,60,,65212,5,,,0,20,,65213,5,,,0,20,,65214,5,,,0,60,,65215,5,,,0,20,,65216,5,,,0,20,,65217,5,,,0,60,,65218,5,,,0,22,,65219,5,,,0,30,,65220,5,,,0,70,,65221,5,,,0,30,,65222,5,,,0,70,,65223,5,,,0,30,,65224,5,,,0,70,,65225,5,,,0,100,,65226,5,,,0
1601,'1392',606,,65227,5,,,0,37,,65228,5,,,0,70,,65229,5,,,0,20,,65230,5,,,0,20,,65231,5,,,0,60,,65232,5,,,0,20,,65233,5,,,0,20,,65234,5,,,0,60,,65235,5,,,0,20,,65236,5,,,0,20,,65237,5,,,0,60,,65238,5,,,0,20,,65239,5,,,0,20,,65240,5,,,0,60,,65241,5,,,0,20,,65242,5,,,0,20,,65243,5,,,0,60,,65244,5,,,0,20,,65245,5,,,0,20,,65246,5,,,0,60,,65247,5,,,0,20,,65248,5,,,0,20,,65249,5,,,0,60,,65250,5,,,0,20,,65251,5,,,0,20,,65252,5,,,0,60,,65253,5,,,0,20,,65254,5,,,0,20,,65255,5,,,0,60,,65256,5,,,0,20,,65257,5,,,0,20,,65258,5,,,0,60,,65259,5,,,0,20,,65260,5,,,0,20,,65261,5,,,0,60,,65262,5,,,0,15,,65263,5,,,0,30,,65264,5,,,0,70,,65265,5,,,0,30,,65266,5,,,0,70,,65267,5,,,0,30,,65268,5,,,0,70,,65269,5,,,0,100,,65270,5,,,0,100,,65271,5,,,0
1601,'1393',606,,65272,5,,,0,37,,65273,5,,,0,70,,65274,5,,,0,20,,65275,5,,,0,20,,65276,5,,,0,60,,65277,5,,,0,20,,65278,5,,,0,20,,65279,5,,,0,60,,65280,5,,,0,20,,65281,5,,,0,20,,65282,5,,,0,60,,65283,5,,,0,20,,65284,5,,,0,20,,65285,5,,,0,60,,65286,5,,,0,20,,65287,5,,,0,20,,65288,5,,,0,60,,65289,5,,,0,20,,65290,5,,,0,20,,65291,5,,,0,60,,65292,5,,,0,20,,65293,5,,,0,20,,65294,5,,,0,60,,65295,5,,,0,20,,65296,5,,,0,20,,65297,5,,,0,60,,65298,5,,,0,20,,65299,5,,,0,20,,65300,5,,,0,60,,65301,5,,,0,20,,65302,5,,,0,20,,65303,5,,,0,60,,65304,5,,,0,20,,65305,5,,,0,20,,65306,5,,,0,60,,65307,5,,,0,15,,65308,5,,,0,30,,65309,5,,,0,70,,65310,5,,,0,30,,65311,5,,,0,70,,65312,5,,,0,30,,65313,5,,,0,70,,65314,5,,,0,100,,65315,5,,,0,100,,65316,5,,,0
1601,'1394',606,,65317,5,,,0,37,,65318,5,,,0,70,,65319,5,,,0,20,,65320,5,,,0,20,,65321,5,,,0,60,,65322,5,,,0,20,,65323,5,,,0,20,,65324,5,,,0,60,,65325,5,,,0,20,,65326,5,,,0,20,,65327,5,,,0,60,,65328,5,,,0,20,,65329,5,,,0,20,,65330,5,,,0,60,,65331,5,,,0,20,,65332,5,,,0,20,,65333,5,,,0,60,,65334,5,,,0,20,,65335,5,,,0,20,,65336,5,,,0,60,,65337,5,,,0,20,,65338,5,,,0,20,,65339,5,,,0,60,,65340,5,,,0,20,,65341,5,,,0,20,,65342,5,,,0,60,,65343,5,,,0,20,,65344,5,,,0,20,,65345,5,,,0,60,,65346,5,,,0,20,,65347,5,,,0,20,,65348,5,,,0,60,,65349,5,,,0,20,,65350,5,,,0,20,,65351,5,,,0,60,,65352,5,,,0,15,,65353,5,,,0,30,,65354,5,,,0,70,,65355,5,,,0,30,,65356,5,,,0,70,,65357,5,,,0,30,,65358,5,,,0,70,,65359,5,,,0,100,,65360,5,,,0,100,,65361,5,,,0
1601,'1395',606,,65362,5,,,0,37,,65363,5,,,0,70,,65364,5,,,0,20,,65365,5,,,0,20,,65366,5,,,0,60,,65367,5,,,0,20,,65368,5,,,0,20,,65369,5,,,0,60,,65370,5,,,0,20,,65371,5,,,0,20,,65372,5,,,0,60,,65373,5,,,0,20,,65374,5,,,0,20,,65375,5,,,0,60,,65376,5,,,0,20,,65377,5,,,0,20,,65378,5,,,0,60,,65379,5,,,0,20,,65380,5,,,0,20,,65381,5,,,0,60,,65382,5,,,0,20,,65383,5,,,0,20,,65384,5,,,0,60,,65385,5,,,0,20,,65386,5,,,0,20,,65387,5,,,0,60,,65388,5,,,0,20,,65389,5,,,0,20,,65390,5,,,0,60,,65391,5,,,0,20,,65392,5,,,0,20,,65393,5,,,0,60,,65394,5,,,0,20,,65395,5,,,0,20,,65396,5,,,0,60,,65397,5,,,0,15,,65398,5,,,0,30,,65399,5,,,0,70,,65400,5,,,0,30,,65401,5,,,0,70,,65402,5,,,0,30,,65403,5,,,0,70,,65404,5,,,0,100,,65405,5,,,0,100,,65406,5,,,0
1601,'1396',606,,65407,5,,,0,37,,65408,5,,,0,70,,65409,5,,,0,20,,65410,5,,,0,20,,65411,5,,,0,60,,65412,5,,,0,20,,65413,5,,,0,20,,65414,5,,,0,60,,65415,5,,,0,20,,65416,5,,,0,20,,65417,5,,,0,60,,65418,5,,,0,20,,65419,5,,,0,20,,65420,5,,,0,60,,65421,5,,,0,20,,65422,5,,,0,20,,65423,5,,,0,60,,65424,5,,,0,20,,65425,5,,,0,20,,65426,5,,,0,60,,65427,5,,,0,20,,65428,5,,,0,20,,65429,5,,,0,60,,65430,5,,,0,20,,65431,5,,,0,20,,65432,5,,,0,60,,65433,5,,,0,20,,65434,5,,,0,20,,65435,5,,,0,60,,65436,5,,,0,20,,65437,5,,,0,20,,65438,5,,,0,60,,65439,5,,,0,20,,65440,5,,,0,20,,65441,5,,,0,60,,65442,5,,,0,15,,65443,5,,,0,30,,65444,5,,,0,70,,65445,5,,,0,30,,65446,5,,,0,70,,65447,5,,,0,30,,65448,5,,,0,70,,65449,5,,,0,100,,65450,5,,,0,100,,65451,5,,,0
1701,'1390',720,,65970,31,,,0,100,,65969,31,,,0,100,,65968,31,,,0,104,,65967,31,,,0,80,,65966,31,,,0,40,,65965,31,,,0,80,,65964,31,,,0,80,,65963,31,,,0,40,,65962,31,,,0,80,,65961,31,,,0,80,,65960,31,,,0,40,,65959,31,,,0,80,,65958,31,,,0,80,,65957,31,,,0,40,,65956,31,,,0,80,,65955,31,,,0,80,,65954,31,,,0,40,,65953,31,,,0
1701,'1391',554,,65996,31,,,0,70,,65997,31,,,0,30,,65998,31,,,0,70,,65999,31,,,0,30,,66000,31,,,0,70,,66001,31,,,0,30,,66002,31,,,0,70,,65971,31,,,0,30,,65972,31,,,0,70,,65973,31,,,0,20,,65974,31,,,0,60,,65975,31,,,0,20,,65976,31,,,0,20,,65977,31,,,0,60,,65978,31,,,0,20,,65979,31,,,0,20,,65980,31,,,0,60,,65981,31,,,0,20,,65982,31,,,0,20,,65983,31,,,0,60,,65984,31,,,0,20,,65985,31,,,0,20,,65986,31,,,0,60,,65987,31,,,0,20,,65988,31,,,0,20,,65989,31,,,0,60,,65990,31,,,0,20,,65991,31,,,0,20,,65992,31,,,0,60,,65993,31,,,0,20,,66003,31,,,0,20,,65994,31,,,0,60,,65995,31,,,0,20,,66004,31,,,0,30,,66005,31,,,0,70,,66006,31,,,0,30,,66007,31,,,0,70,,66008,31,,,0,30,,66009,31,,,0,70,,66010,31,,,0,30,,66011,31,,,0,70,,66012,31,,,0,30,,66013,31,,,0,70,,66014,31,,,0,30,,66015,31,,,0,70,,66016,31,,,0,30,,66017,31,,,0
1701,'1392',553,,66018,31,,,0,70,,66019,31,,,0,15,,66020,31,,,0,15,,66021,31,,,0,55,,66022,31,,,0,15,,66023,31,,,0,10,,66024,31,,,0,10,,66025,31,,,0,10,,66026,31,,,0,50,,66027,31,,,0,10,,66028,31,,,0,10,,66029,31,,,0,10,,66030,31,,,0,10,,66031,31,,,0,10,,66032,31,,,0,50,,66033,31,,,0,10,,66034,31,,,0,10,,66035,31,,,0,10,,66036,31,,,0,10,,66037,31,,,0,10,,66038,31,,,0,50,,66039,31,,,0,10,,66040,31,,,0,10,,66041,31,,,0,10,,66042,31,,,0,10,,66043,31,,,0,10,,66044,31,,,0,50,,66045,31,,,0,10,,66046,31,,,0,10,,66047,31,,,0,10,,66048,31,,,0,10,,66049,31,,,0,10,,66050,31,,,0,50,,66051,31,,,0,10,,66052,31,,,0,10,,66053,31,,,0,10,,66054,31,,,0,10,,66055,31,,,0,10,,66056,31,,,0,50,,66057,31,,,0,10,,66058,31,,,0,10,,66059,31,,,0,10,,66060,31,,,0,10,,66061,31,,,0,10,,66062,31,,,0,50,,66063,31,,,0,10,,66064,31,,,0,10,,66065,31,,,0,10,,66066,31,,,0,10,,66067,31,,,0,10,,66068,31,,,0,50,,66069,31,,,0,10,,66070,31,,,0,10,,66071,31,,,0,10,,66072,31,,,0,10,,66073,31,,,0,10,,66074,31,,,0,50,,66075,31,,,0,10,,66076,31,,,0,10,,66077,31,,,0,10,,66078,31,,,0,10,,66079,31,,,0,10,,66080,31,,,0,50,,66081,31,,,0,10,,66082,31,,,0,10,,66083,31,,,0,10,,66084,31,,,0,10,,66085,31,,,0,10,,66086,31,,,0,50,,66087,31,,,0,10,,66088,31,,,0,10,,66089,31,,,0,15,,66090,31,,,0,15,,66091,31,,,0,55,,66092,31,,,0,15,,66093,31,,,0,30,,66094,31,,,0,70,,66095,31,,,0,30,,66096,31,,,0,70,,66097,31,,,0,30,,66098,31,,,0,70,,66099,31,,,0,30,,66100,31,,,0,70,,66101,31,,,0,30,,66102,31,,,0,70,,66103,31,,,0,30,,66104,31,,,0
1701,'1393',553,,66105,31,,,0,70,,66106,31,,,0,15,,66107,31,,,0,15,,66108,31,,,0,55,,66109,31,,,0,15,,66110,31,,,0,10,,66111,31,,,0,10,,66112,31,,,0,10,,66113,31,,,0,50,,66114,31,,,0,10,,66115,31,,,0,10,,66116,31,,,0,10,,66117,31,,,0,10,,66118,31,,,0,10,,66119,31,,,0,50,,66120,31,,,0,10,,66121,31,,,0,10,,66122,31,,,0,10,,66123,31,,,0,10,,66124,31,,,0,10,,66125,31,,,0,50,,66126,31,,,0,10,,66127,31,,,0,10,,66128,31,,,0,10,,66129,31,,,0,10,,66130,31,,,0,10,,66131,31,,,0,50,,66132,31,,,0,10,,66133,31,,,0,10,,66134,31,,,0,10,,66135,31,,,0,10,,66136,31,,,0,10,,66137,31,,,0,50,,66138,31,,,0,10,,66139,31,,,0,10,,66140,31,,,0,10,,66141,31,,,0,10,,66142,31,,,0,10,,66143,31,,,0,50,,66144,31,,,0,10,,66145,31,,,0,10,,66146,31,,,0,10,,66147,31,,,0,10,,66148,31,,,0,10,,66149,31,,,0,50,,66150,31,,,0,10,,66151,31,,,0,10,,66152,31,,,0,10,,66153,31,,,0,10,,66154,31,,,0,10,,66155,31,,,0,50,,66156,31,,,0,10,,66157,31,,,0,10,,66158,31,,,0,10,,66159,31,,,0,10,,66160,31,,,0,10,,66161,31,,,0,50,,66162,31,,,0,10,,66163,31,,,0,10,,66164,31,,,0,10,,66165,31,,,0,10,,66166,31,,,0,10,,66167,31,,,0,50,,66168,31,,,0,10,,66169,31,,,0,10,,66170,31,,,0,10,,66171,31,,,0,10,,66172,31,,,0,10,,66173,31,,,0,50,,66174,31,,,0,10,,66175,31,,,0,10,,66176,31,,,0,15,,66177,31,,,0,15,,66178,31,,,0,55,,66179,31,,,0,15,,66180,31,,,0,30,,66181,31,,,0,70,,66182,31,,,0,30,,66183,31,,,0,70,,66184,31,,,0,30,,66185,31,,,0,70,,66186,31,,,0,30,,66187,31,,,0,70,,66188,31,,,0,30,,66189,31,,,0,70,,66190,31,,,0,30,,66191,31,,,0
1701,'1394',553,,66192,31,,,0,70,,66193,31,,,0,15,,66194,31,,,0,15,,66195,31,,,0,55,,66196,31,,,0,15,,66197,31,,,0,10,,66198,31,,,0,10,,66199,31,,,0,10,,66200,31,,,0,50,,66201,31,,,0,10,,66202,31,,,0,10,,66203,31,,,0,10,,66204,31,,,0,10,,66205,31,,,0,10,,66206,31,,,0,50,,66207,31,,,0,10,,66208,31,,,0,10,,66209,31,,,0,10,,66210,31,,,0,10,,66211,31,,,0,10,,66212,31,,,0,50,,66213,31,,,0,10,,66214,31,,,0,10,,66215,31,,,0,10,,66216,31,,,0,10,,66217,31,,,0,10,,66218,31,,,0,50,,66219,31,,,0,10,,66220,31,,,0,10,,66221,31,,,0,10,,66222,31,,,0,10,,66223,31,,,0,10,,66224,31,,,0,50,,66225,31,,,0,10,,66226,31,,,0,10,,66227,31,,,0,10,,66228,31,,,0,10,,66229,31,,,0,10,,66230,31,,,0,50,,66231,31,,,0,10,,66232,31,,,0,10,,66233,31,,,0,10,,66234,31,,,0,10,,66235,31,,,0,10,,66236,31,,,0,50,,66237,31,,,0,10,,66238,31,,,0,10,,66239,31,,,0,10,,66240,31,,,0,10,,66241,31,,,0,10,,66242,31,,,0,50,,66243,31,,,0,10,,66244,31,,,0,10,,66245,31,,,0,10,,66246,31,,,0,10,,66247,31,,,0,10,,66248,31,,,0,50,,66249,31,,,0,10,,66250,31,,,0,10,,66251,31,,,0,10,,66252,31,,,0,10,,66253,31,,,0,10,,66254,31,,,0,50,,66255,31,,,0,10,,66256,31,,,0,10,,66257,31,,,0,10,,66258,31,,,0,10,,66259,31,,,0,10,,66260,31,,,0,50,,66261,31,,,0,10,,66262,31,,,0,10,,66263,31,,,0,15,,66264,31,,,0,15,,66265,31,,,0,55,,66266,31,,,0,15,,66267,31,,,0,30,,66268,31,,,0,70,,66269,31,,,0,30,,66270,31,,,0,70,,66271,31,,,0,30,,66272,31,,,0,70,,66273,31,,,0,30,,66274,31,,,0,70,,66275,31,,,0,30,,66276,31,,,0,70,,66277,31,,,0,30,,66278,31,,,0
1701,'1395',553,,66279,31,,,0,70,,66280,31,,,0,15,,66281,31,,,0,15,,66282,31,,,0,55,,66283,31,,,0,15,,66284,31,,,0,10,,66285,31,,,0,10,,66286,31,,,0,10,,66287,31,,,0,50,,66288,31,,,0,10,,66289,31,,,0,10,,66290,31,,,0,10,,66291,31,,,0,10,,66292,31,,,0,10,,66293,31,,,0,50,,66294,31,,,0,10,,66295,31,,,0,10,,66296,31,,,0,10,,66297,31,,,0,10,,66298,31,,,0,10,,66299,31,,,0,50,,66300,31,,,0,10,,66301,31,,,0,10,,66302,31,,,0,10,,66303,31,,,0,10,,66304,31,,,0,10,,66305,31,,,0,50,,66306,31,,,0,10,,66307,31,,,0,10,,66308,31,,,0,10,,66309,31,,,0,10,,66310,31,,,0,10,,66311,31,,,0,50,,66312,31,,,0,10,,66313,31,,,0,10,,66314,31,,,0,10,,66315,31,,,0,10,,66316,31,,,0,10,,66317,31,,,0,50,,66318,31,,,0,10,,66319,31,,,0,10,,66320,31,,,0,10,,66321,31,,,0,10,,66322,31,,,0,10,,66323,31,,,0,50,,66324,31,,,0,10,,66325,31,,,0,10,,66326,31,,,0,10,,66327,31,,,0,10,,66328,31,,,0,10,,66329,31,,,0,50,,66330,31,,,0,10,,66331,31,,,0,10,,66332,31,,,0,10,,66333,31,,,0,10,,66334,31,,,0,10,,66335,31,,,0,50,,66336,31,,,0,10,,66337,31,,,0,10,,66338,31,,,0,10,,66339,31,,,0,10,,66340,31,,,0,10,,66341,31,,,0,50,,66342,31,,,0,10,,66343,31,,,0,10,,66344,31,,,0,10,,66345,31,,,0,10,,66346,31,,,0,10,,66347,31,,,0,50,,66348,31,,,0,10,,66349,31,,,0,10,,66350,31,,,0,15,,66351,31,,,0,15,,66352,31,,,0,55,,66353,31,,,0,15,,66354,31,,,0,30,,66355,31,,,0,70,,66356,31,,,0,30,,66357,31,,,0,70,,66358,31,,,0,30,,66359,31,,,0,70,,66360,31,,,0,30,,66361,31,,,0,70,,66362,31,,,0,30,,66363,31,,,0,70,,66364,31,,,0,30,,66365,31,,,0
1701,'1396',553,,66366,31,,,0,70,,66367,31,,,0,15,,66368,31,,,0,15,,66369,31,,,0,55,,66370,31,,,0,15,,66371,31,,,0,10,,66372,31,,,0,10,,66373,31,,,0,10,,66374,31,,,0,50,,66375,31,,,0,10,,66376,31,,,0,10,,66377,31,,,0,10,,66378,31,,,0,10,,66379,31,,,0,10,,66380,31,,,0,50,,66381,31,,,0,10,,66382,31,,,0,10,,66383,31,,,0,10,,66384,31,,,0,10,,66385,31,,,0,10,,66386,31,,,0,50,,66387,31,,,0,10,,66388,31,,,0,10,,66389,31,,,0,10,,66390,31,,,0,10,,66391,31,,,0,10,,66392,31,,,0,50,,66393,31,,,0,10,,66394,31,,,0,10,,66395,31,,,0,10,,66396,31,,,0,10,,66397,31,,,0,10,,66398,31,,,0,50,,66399,31,,,0,10,,66400,31,,,0,10,,66401,31,,,0,10,,66402,31,,,0,10,,66403,31,,,0,10,,66404,31,,,0,50,,66405,31,,,0,10,,66406,31,,,0,10,,66407,31,,,0,10,,66408,31,,,0,10,,66409,31,,,0,10,,66410,31,,,0,50,,66411,31,,,0,10,,66412,31,,,0,10,,66413,31,,,0,10,,66414,31,,,0,10,,66415,31,,,0,10,,66416,31,,,0,50,,66417,31,,,0,10,,66418,31,,,0,10,,66419,31,,,0,10,,66420,31,,,0,10,,66421,31,,,0,10,,66422,31,,,0,50,,66423,31,,,0,10,,66424,31,,,0,10,,66425,31,,,0,10,,66426,31,,,0,10,,66427,31,,,0,10,,66428,31,,,0,50,,66429,31,,,0,10,,66430,31,,,0,10,,66431,31,,,0,10,,66432,31,,,0,10,,66433,31,,,0,10,,66434,31,,,0,50,,66435,31,,,0,10,,66436,31,,,0,10,,66437,31,,,0,15,,66438,31,,,0,15,,66439,31,,,0,55,,66440,31,,,0,15,,66441,31,,,0,30,,66442,31,,,0,70,,66443,31,,,0,30,,66444,31,,,0,70,,66445,31,,,0,30,,66446,31,,,0,70,,66447,31,,,0,30,,66448,31,,,0,70,,66449,31,,,0,30,,66450,31,,,0,70,,66451,31,,,0,30,,66452,31,,,0
1901,'1390',924,,67517,29,,,0,100,,67516,29,,,0,100,,67515,29,,,0,100,,67514,29,,,0,100,,67513,29,,,0,100,,67512,29,,,0,100,,67511,29,,,0,100,,67510,29,,,0,100,,67509,29,,,0,100,,67508,29,,,0,100,,67507,29,,,0,100,,67506,29,,,0
1901,'1391',824,,67518,29,,,0,100,,67519,29,,,0,100,,67520,29,,,0,30,,67521,29,,,0,70,,67522,29,,,0,30,,67523,29,,,0,70,,67524,29,,,0,30,,67525,29,,,0,70,,67526,29,,,0,30,,67527,29,,,0,70,,67528,29,,,0,30,,67529,29,,,0,70,,67530,29,,,0,30,,67531,29,,,0,70,,67532,29,,,0,30,,67533,29,,,0,70,,67534,29,,,0,30,,67535,29,,,0,70,,67536,29,,,0,30,,67537,29,,,0,70,,67538,29,,,0,30,,67539,29,,,0,70,,67540,29,,,0,100,,67541,29,,,0,100,,67542,29,,,0,100,,67543,29,,,0
1901,'1392',624,,67544,29,,,0,30,,67545,29,,,0,70,,67546,29,,,0,30,,67547,29,,,0,70,,67548,29,,,0,30,,67549,29,,,0,70,,67550,29,,,0,30,,67551,29,,,0,70,,67552,29,,,0,30,,67553,29,,,0,70,,67554,29,,,0,30,,67555,29,,,0,70,,67556,29,,,0,30,,67557,29,,,0,70,,67558,29,,,0,30,,67559,29,,,0,70,,67560,29,,,0,30,,67561,29,,,0,70,,67562,29,,,0,30,,67563,29,,,0,70,,67564,29,,,0,30,,67565,29,,,0,70,,67566,29,,,0,30,,67567,29,,,0,70,,67568,29,,,0,30,,67569,29,,,0,70,,67570,29,,,0,30,,67571,29,,,0,70,,67572,29,,,0,30,,67573,29,,,0,70,,67574,29,,,0,30,,67575,29,,,0,100,,67576,29,,,0,100,,67577,29,,,0
1901,'1393',624,,67578,29,,,0,30,,67579,29,,,0,70,,67580,29,,,0,30,,67581,29,,,0,70,,67582,29,,,0,30,,67583,29,,,0,70,,67584,29,,,0,30,,67585,29,,,0,70,,67586,29,,,0,30,,67587,29,,,0,70,,67588,29,,,0,30,,67589,29,,,0,70,,67590,29,,,0,30,,67591,29,,,0,70,,67592,29,,,0,30,,67593,29,,,0,70,,67594,29,,,0,30,,67595,29,,,0,70,,67596,29,,,0,30,,67597,29,,,0,70,,67598,29,,,0,30,,67599,29,,,0,70,,67600,29,,,0,30,,67601,29,,,0,70,,67602,29,,,0,30,,67603,29,,,0,70,,67604,29,,,0,30,,67605,29,,,0,70,,67606,29,,,0,30,,67607,29,,,0,70,,67608,29,,,0,30,,67609,29,,,0,100,,67610,29,,,0,100,,67611,29,,,0
1901,'1394',624,,67612,29,,,0,30,,67613,29,,,0,70,,67614,29,,,0,30,,67615,29,,,0,70,,67616,29,,,0,30,,67617,29,,,0,70,,67618,29,,,0,30,,67619,29,,,0,70,,67620,29,,,0,30,,67621,29,,,0,70,,67622,29,,,0,30,,67623,29,,,0,70,,67624,29,,,0,30,,67625,29,,,0,70,,67626,29,,,0,30,,67627,29,,,0,70,,67628,29,,,0,30,,67629,29,,,0,70,,67630,29,,,0,30,,67631,29,,,0,70,,67632,29,,,0,30,,67633,29,,,0,70,,67634,29,,,0,30,,67635,29,,,0,70,,67636,29,,,0,30,,67637,29,,,0,70,,67638,29,,,0,30,,67639,29,,,0,70,,67640,29,,,0,30,,67641,29,,,0,70,,67642,29,,,0,30,,67643,29,,,0,100,,67644,29,,,0,100,,67645,29,,,0
1901,'1395',624,,67646,29,,,0,30,,67647,29,,,0,70,,67648,29,,,0,30,,67649,29,,,0,70,,67650,29,,,0,30,,67651,29,,,0,70,,67652,29,,,0,30,,67653,29,,,0,70,,67654,29,,,0,30,,67655,29,,,0,70,,67656,29,,,0,30,,67657,29,,,0,70,,67658,29,,,0,30,,67659,29,,,0,70,,67660,29,,,0,30,,67661,29,,,0,70,,67662,29,,,0,30,,67663,29,,,0,70,,67664,29,,,0,30,,67665,29,,,0,70,,67666,29,,,0,30,,67667,29,,,0,70,,67668,29,,,0,30,,67669,29,,,0,70,,67670,29,,,0,30,,67671,29,,,0,70,,67672,29,,,0,30,,67673,29,,,0,70,,67674,29,,,0,30,,67675,29,,,0,70,,67676,29,,,0,30,,67677,29,,,0,100,,67678,29,,,0,100,,67679,29,,,0
1901,'1396',624,,67680,29,,,0,30,,67681,29,,,0,70,,67682,29,,,0,30,,67683,29,,,0,70,,67684,29,,,0,30,,67685,29,,,0,70,,67686,29,,,0,30,,67687,29,,,0,70,,67688,29,,,0,30,,67689,29,,,0,70,,67690,29,,,0,30,,67691,29,,,0,70,,67692,29,,,0,30,,67693,29,,,0,70,,67694,29,,,0,30,,67695,29,,,0,70,,67696,29,,,0,30,,67697,29,,,0,70,,67698,29,,,0,30,,67699,29,,,0,70,,67700,29,,,0,30,,67701,29,,,0,70,,67702,29,,,0,30,,67703,29,,,0,70,,67704,29,,,0,30,,67705,29,,,0,70,,67706,29,,,0,30,,67707,29,,,0,70,,67708,29,,,0,30,,67709,29,,,0,70,,67710,29,,,0,30,,67711,29,,,0,100,,67712,29,,,0,100,,67713,29,,,0
2001,'1390',907,,68015,5,,,0,45,,68014,5,,,0,85,,68013,5,,,0,85,,68012,5,,,0,85,,68011,5,,,0,45,,68010,5,,,0,85,,68009,5,,,0,85,,68008,5,,,0,85,,68007,5,,,0,45,,68006,5,,,0,85,,68005,5,,,0,85,,68004,5,,,0,85,,68003,5,,,0,45,,68002,5,,,0,85,,68001,5,,,0
2001,'1391',607,,68033,5,,,0,45,,68034,5,,,0,85,,68035,5,,,0,85,,68036,5,,,0,84,,68016,5,,,0,30,,68017,5,,,0,70,,68018,5,,,0,30,,68019,5,,,0,80,,68020,5,,,0,30,,68021,5,,,0,70,,68022,5,,,0,30,,68023,5,,,0,80,,68024,5,,,0,30,,68025,5,,,0,70,,68026,5,,,0,30,,68027,5,,,0,80,,68028,5,,,0,70,,68029,5,,,0,30,,68030,5,,,0,70,,68031,5,,,0,40,,68032,5,,,0,71,,68037,5,,,0,85,,68038,5,,,0,45,,68039,5,,,0,85,,68040,5,,,0,85,,68041,5,,,0,85,,68042,5,,,0,45,,68043,5,,,0,85,,68044,5,,,0,85,,68045,5,,,0
2001,'1392',547,,68046,5,,,0,60,,68047,5,,,0,20,,68048,5,,,0,20,,68049,5,,,0,60,,68050,5,,,0,20,,68051,5,,,0,20,,68052,5,,,0,60,,68053,5,,,0,20,,68054,5,,,0,20,,68055,5,,,0,60,,68056,5,,,0,20,,68057,5,,,0,20,,68058,5,,,0,60,,68059,5,,,0,20,,68060,5,,,0,20,,68061,5,,,0,60,,68062,5,,,0,20,,68063,5,,,0,20,,68064,5,,,0,60,,68065,5,,,0,20,,68066,5,,,0,20,,68067,5,,,0,60,,68068,5,,,0,20,,68069,5,,,0,20,,68070,5,,,0,60,,68071,5,,,0,20,,68072,5,,,0,20,,68073,5,,,0,60,,68074,5,,,0,20,,68075,5,,,0,20,,68076,5,,,0,60,,68077,5,,,0,20,,68078,5,,,0,20,,68079,5,,,0,60,,68080,5,,,0,20,,68081,5,,,0,20,,68082,5,,,0,60,,68083,5,,,0,45,,68084,5,,,0,85,,68085,5,,,0,85,,68086,5,,,0,85,,68087,5,,,0,45,,68088,5,,,0,85,,68089,5,,,0,85,,68090,5,,,0,85,,68091,5,,,0,45,,68092,5,,,0
2001,'1393',547,,68093,5,,,0,60,,68094,5,,,0,20,,68095,5,,,0,20,,68096,5,,,0,60,,68097,5,,,0,20,,68098,5,,,0,20,,68099,5,,,0,60,,68100,5,,,0,20,,68101,5,,,0,20,,68102,5,,,0,60,,68103,5,,,0,20,,68104,5,,,0,20,,68105,5,,,0,60,,68106,5,,,0,20,,68107,5,,,0,20,,68108,5,,,0,60,,68109,5,,,0,20,,68110,5,,,0,20,,68111,5,,,0,60,,68112,5,,,0,20,,68113,5,,,0,20,,68114,5,,,0,60,,68115,5,,,0,20,,68116,5,,,0,20,,68117,5,,,0,60,,68118,5,,,0,20,,68119,5,,,0,20,,68120,5,,,0,60,,68121,5,,,0,20,,68122,5,,,0,20,,68123,5,,,0,60,,68124,5,,,0,20,,68125,5,,,0,20,,68126,5,,,0,60,,68127,5,,,0,20,,68128,5,,,0,20,,68129,5,,,0,60,,68130,5,,,0,45,,68131,5,,,0,85,,68132,5,,,0,85,,68133,5,,,0,85,,68134,5,,,0,45,,68135,5,,,0,85,,68136,5,,,0,85,,68137,5,,,0,85,,68138,5,,,0,45,,68139,5,,,0
2001,'1394',547,,68140,5,,,0,60,,68141,5,,,0,20,,68142,5,,,0,20,,68143,5,,,0,60,,68144,5,,,0,20,,68145,5,,,0,20,,68146,5,,,0,60,,68147,5,,,0,20,,68148,5,,,0,20,,68149,5,,,0,60,,68150,5,,,0,20,,68151,5,,,0,20,,68152,5,,,0,60,,68153,5,,,0,20,,68154,5,,,0,20,,68155,5,,,0,60,,68156,5,,,0,20,,68157,5,,,0,20,,68158,5,,,0,60,,68159,5,,,0,20,,68160,5,,,0,20,,68161,5,,,0,60,,68162,5,,,0,20,,68163,5,,,0,20,,68164,5,,,0,60,,68165,5,,,0,20,,68166,5,,,0,20,,68167,5,,,0,60,,68168,5,,,0,20,,68169,5,,,0,20,,68170,5,,,0,60,,68171,5,,,0,20,,68172,5,,,0,20,,68173,5,,,0,60,,68174,5,,,0,20,,68175,5,,,0,20,,68176,5,,,0,60,,68177,5,,,0,45,,68178,5,,,0,85,,68179,5,,,0,85,,68180,5,,,0,85,,68181,5,,,0,45,,68182,5,,,0,85,,68183,5,,,0,85,,68184,5,,,0,85,,68185,5,,,0,45,,68186,5,,,0
2001,'1395',547,,68187,5,,,0,60,,68188,5,,,0,20,,68189,5,,,0,20,,68190,5,,,0,60,,68191,5,,,0,20,,68192,5,,,0,20,,68193,5,,,0,60,,68194,5,,,0,20,,68195,5,,,0,20,,68196,5,,,0,60,,68197,5,,,0,20,,68198,5,,,0,20,,68199,5,,,0,60,,68200,5,,,0,20,,68201,5,,,0,20,,68202,5,,,0,60,,68203,5,,,0,20,,68204,5,,,0,20,,68205,5,,,0,60,,68206,5,,,0,20,,68207,5,,,0,20,,68208,5,,,0,60,,68209,5,,,0,20,,68210,5,,,0,20,,68211,5,,,0,60,,68212,5,,,0,20,,68213,5,,,0,20,,68214,5,,,0,60,,68215,5,,,0,20,,68216,5,,,0,20,,68217,5,,,0,60,,68218,5,,,0,20,,68219,5,,,0,20,,68220,5,,,0,60,,68221,5,,,0,20,,68222,5,,,0,20,,68223,5,,,0,60,,68224,5,,,0,45,,68225,5,,,0,85,,68226,5,,,0,85,,68227,5,,,0,85,,68228,5,,,0,45,,68229,5,,,0,85,,68230,5,,,0,85,,68231,5,,,0,85,,68232,5,,,0,45,,68233,5,,,0
2001,'1396',547,,68234,5,,,0,60,,68235,5,,,0,20,,68236,5,,,0,20,,68237,5,,,0,60,,68238,5,,,0,20,,68239,5,,,0,20,,68240,5,,,0,60,,68241,5,,,0,20,,68242,5,,,0,20,,68243,5,,,0,60,,68244,5,,,0,20,,68245,5,,,0,20,,68246,5,,,0,60,,68247,5,,,0,20,,68248,5,,,0,20,,68249,5,,,0,60,,68250,5,,,0,20,,68251,5,,,0,20,,68252,5,,,0,60,,68253,5,,,0,20,,68254,5,,,0,20,,68255,5,,,0,60,,68256,5,,,0,20,,68257,5,,,0,20,,68258,5,,,0,60,,68259,5,,,0,20,,68260,5,,,0,20,,68261,5,,,0,60,,68262,5,,,0,20,,68263,5,,,0,20,,68264,5,,,0,60,,68265,5,,,0,20,,68266,5,,,0,20,,68267,5,,,0,60,,68268,5,,,0,20,,68269,5,,,0,20,,68270,5,,,0,60,,68271,5,,,0,45,,68272,5,,,0,85,,68273,5,,,0,85,,68274,5,,,0,85,,68275,5,,,0,45,,68276,5,,,0,85,,68277,5,,,0,85,,68278,5,,,0,85,,68279,5,,,0,45,,68280,5,,,0
