1701,'1390',740,,65970,59,,,0,100,,65969,59,,,0,100,,65968,59,,,0,109,,65967,59,,,0,80,,65966,59,,,0,80,,65965,59,,,0,40,,65964,59,,,0,80,,65963,59,,,0,80,,65962,59,,,0,40,,65961,59,,,0,80,,65960,59,,,0,80,,65959,59,,,0,40,,65958,59,,,0,80,,65957,59,,,0,80,,65956,59,,,0,40,,65955,59,,,0,80,,65954,59,,,0,80,,65953,59,,,0
1701,'1391',619,,65996,59,,,0,30,,65997,59,,,0,70,,65998,59,,,0,30,,65999,59,,,0,70,,66000,59,,,0,30,,66001,59,,,0,70,,66002,59,,,0,30,,65971,59,,,0,70,,65972,59,,,0,30,,65973,59,,,0,60,,65974,59,,,0,20,,65975,59,,,0,20,,65976,59,,,0,60,,65977,59,,,0,20,,65978,59,,,0,20,,65979,59,,,0,60,,65980,59,,,0,20,,65981,59,,,0,20,,65982,59,,,0,60,,65983,59,,,0,20,,65984,59,,,0,20,,65985,59,,,0,60,,65986,59,,,0,20,,65987,59,,,0,20,,65988,59,,,0,60,,65989,59,,,0,20,,65990,59,,,0,20,,65991,59,,,0,60,,65992,59,,,0,20,,65993,59,,,0,20,,66003,59,,,0,60,,65994,59,,,0,20,,65995,59,,,0,20,,66004,59,,,0,70,,66005,59,,,0,30,,66006,59,,,0,70,,66007,59,,,0,30,,66008,59,,,0,70,,66009,59,,,0,30,,66010,59,,,0,70,,66011,59,,,0,30,,66012,59,,,0,70,,66013,59,,,0,30,,66014,59,,,0,70,,66015,59,,,0,30,,66016,59,,,0,70,,66017,59,,,0
1701,'1392',617,,66018,59,,,0,30,,66019,59,,,0,55,,66020,59,,,0,15,,66021,59,,,0,15,,66022,59,,,0,15,,66023,59,,,0,10,,66024,59,,,0,50,,66025,59,,,0,10,,66026,59,,,0,10,,66027,59,,,0,10,,66028,59,,,0,10,,66029,59,,,0,10,,66030,59,,,0,50,,66031,59,,,0,10,,66032,59,,,0,10,,66033,59,,,0,10,,66034,59,,,0,10,,66035,59,,,0,10,,66036,59,,,0,50,,66037,59,,,0,10,,66038,59,,,0,10,,66039,59,,,0,10,,66040,59,,,0,10,,66041,59,,,0,10,,66042,59,,,0,50,,66043,59,,,0,10,,66044,59,,,0,10,,66045,59,,,0,10,,66046,59,,,0,10,,66047,59,,,0,10,,66048,59,,,0,50,,66049,59,,,0,10,,66050,59,,,0,10,,66051,59,,,0,10,,66052,59,,,0,10,,66053,59,,,0,10,,66054,59,,,0,50,,66055,59,,,0,10,,66056,59,,,0,10,,66057,59,,,0,10,,66058,59,,,0,10,,66059,59,,,0,10,,66060,59,,,0,50,,66061,59,,,0,10,,66062,59,,,0,10,,66063,59,,,0,10,,66064,59,,,0,10,,66065,59,,,0,10,,66066,59,,,0,50,,66067,59,,,0,10,,66068,59,,,0,10,,66069,59,,,0,10,,66070,59,,,0,10,,66071,59,,,0,10,,66072,59,,,0,50,,66073,59,,,0,10,,66074,59,,,0,10,,66075,59,,,0,10,,66076,59,,,0,10,,66077,59,,,0,10,,66078,59,,,0,50,,66079,59,,,0,10,,66080,59,,,0,10,,66081,59,,,0,10,,66082,59,,,0,10,,66083,59,,,0,10,,66084,59,,,0,50,,66085,59,,,0,10,,66086,59,,,0,10,,66087,59,,,0,10,,66088,59,,,0,10,,66089,59,,,0,55,,66090,59,,,0,15,,66091,59,,,0,15,,66092,59,,,0,15,,66093,59,,,0,70,,66094,59,,,0,30,,66095,59,,,0,70,,66096,59,,,0,30,,66097,59,,,0,70,,66098,59,,,0,30,,66099,59,,,0,70,,66100,59,,,0,30,,66101,59,,,0,70,,66102,59,,,0,30,,66103,59,,,0,70,,66104,59,,,0
1701,'1393',617,,66105,59,,,0,30,,66106,59,,,0,55,,66107,59,,,0,15,,66108,59,,,0,15,,66109,59,,,0,15,,66110,59,,,0,10,,66111,59,,,0,50,,66112,59,,,0,10,,66113,59,,,0,10,,66114,59,,,0,10,,66115,59,,,0,10,,66116,59,,,0,10,,66117,59,,,0,50,,66118,59,,,0,10,,66119,59,,,0,10,,66120,59,,,0,10,,66121,59,,,0,10,,66122,59,,,0,10,,66123,59,,,0,50,,66124,59,,,0,10,,66125,59,,,0,10,,66126,59,,,0,10,,66127,59,,,0,10,,66128,59,,,0,10,,66129,59,,,0,50,,66130,59,,,0,10,,66131,59,,,0,10,,66132,59,,,0,10,,66133,59,,,0,10,,66134,59,,,0,10,,66135,59,,,0,50,,66136,59,,,0,10,,66137,59,,,0,10,,66138,59,,,0,10,,66139,59,,,0,10,,66140,59,,,0,10,,66141,59,,,0,50,,66142,59,,,0,10,,66143,59,,,0,10,,66144,59,,,0,10,,66145,59,,,0,10,,66146,59,,,0,10,,66147,59,,,0,50,,66148,59,,,0,10,,66149,59,,,0,10,,66150,59,,,0,10,,66151,59,,,0,10,,66152,59,,,0,10,,66153,59,,,0,50,,66154,59,,,0,10,,66155,59,,,0,10,,66156,59,,,0,10,,66157,59,,,0,10,,66158,59,,,0,10,,66159,59,,,0,50,,66160,59,,,0,10,,66161,59,,,0,10,,66162,59,,,0,10,,66163,59,,,0,10,,66164,59,,,0,10,,66165,59,,,0,50,,66166,59,,,0,10,,66167,59,,,0,10,,66168,59,,,0,10,,66169,59,,,0,10,,66170,59,,,0,10,,66171,59,,,0,50,,66172,59,,,0,10,,66173,59,,,0,10,,66174,59,,,0,10,,66175,59,,,0,10,,66176,59,,,0,55,,66177,59,,,0,15,,66178,59,,,0,15,,66179,59,,,0,15,,66180,59,,,0,70,,66181,59,,,0,30,,66182,59,,,0,70,,66183,59,,,0,30,,66184,59,,,0,70,,66185,59,,,0,30,,66186,59,,,0,70,,66187,59,,,0,30,,66188,59,,,0,70,,66189,59,,,0,30,,66190,59,,,0,70,,66191,59,,,0
1701,'1394',617,,66192,59,,,0,30,,66193,59,,,0,55,,66194,59,,,0,15,,66195,59,,,0,15,,66196,59,,,0,15,,66197,59,,,0,10,,66198,59,,,0,50,,66199,59,,,0,10,,66200,59,,,0,10,,66201,59,,,0,10,,66202,59,,,0,10,,66203,59,,,0,10,,66204,59,,,0,50,,66205,59,,,0,10,,66206,59,,,0,10,,66207,59,,,0,10,,66208,59,,,0,10,,66209,59,,,0,10,,66210,59,,,0,50,,66211,59,,,0,10,,66212,59,,,0,10,,66213,59,,,0,10,,66214,59,,,0,10,,66215,59,,,0,10,,66216,59,,,0,50,,66217,59,,,0,10,,66218,59,,,0,10,,66219,59,,,0,10,,66220,59,,,0,10,,66221,59,,,0,10,,66222,59,,,0,50,,66223,59,,,0,10,,66224,59,,,0,10,,66225,59,,,0,10,,66226,59,,,0,10,,66227,59,,,0,10,,66228,59,,,0,50,,66229,59,,,0,10,,66230,59,,,0,10,,66231,59,,,0,10,,66232,59,,,0,10,,66233,59,,,0,10,,66234,59,,,0,50,,66235,59,,,0,10,,66236,59,,,0,10,,66237,59,,,0,10,,66238,59,,,0,10,,66239,59,,,0,10,,66240,59,,,0,50,,66241,59,,,0,10,,66242,59,,,0,10,,66243,59,,,0,10,,66244,59,,,0,10,,66245,59,,,0,10,,66246,59,,,0,50,,66247,59,,,0,10,,66248,59,,,0,10,,66249,59,,,0,10,,66250,59,,,0,10,,66251,59,,,0,10,,66252,59,,,0,50,,66253,59,,,0,10,,66254,59,,,0,10,,66255,59,,,0,10,,66256,59,,,0,10,,66257,59,,,0,10,,66258,59,,,0,50,,66259,59,,,0,10,,66260,59,,,0,10,,66261,59,,,0,10,,66262,59,,,0,10,,66263,59,,,0,55,,66264,59,,,0,15,,66265,59,,,0,15,,66266,59,,,0,15,,66267,59,,,0,70,,66268,59,,,0,30,,66269,59,,,0,70,,66270,59,,,0,30,,66271,59,,,0,70,,66272,59,,,0,30,,66273,59,,,0,70,,66274,59,,,0,30,,66275,59,,,0,70,,66276,59,,,0,30,,66277,59,,,0,70,,66278,59,,,0
1701,'1395',617,,66279,59,,,0,30,,66280,59,,,0,55,,66281,59,,,0,15,,66282,59,,,0,15,,66283,59,,,0,15,,66284,59,,,0,10,,66285,59,,,0,50,,66286,59,,,0,10,,66287,59,,,0,10,,66288,59,,,0,10,,66289,59,,,0,10,,66290,59,,,0,10,,66291,59,,,0,50,,66292,59,,,0,10,,66293,59,,,0,10,,66294,59,,,0,10,,66295,59,,,0,10,,66296,59,,,0,10,,66297,59,,,0,50,,66298,59,,,0,10,,66299,59,,,0,10,,66300,59,,,0,10,,66301,59,,,0,10,,66302,59,,,0,10,,66303,59,,,0,50,,66304,59,,,0,10,,66305,59,,,0,10,,66306,59,,,0,10,,66307,59,,,0,10,,66308,59,,,0,10,,66309,59,,,0,50,,66310,59,,,0,10,,66311,59,,,0,10,,66312,59,,,0,10,,66313,59,,,0,10,,66314,59,,,0,10,,66315,59,,,0,50,,66316,59,,,0,10,,66317,59,,,0,10,,66318,59,,,0,10,,66319,59,,,0,10,,66320,59,,,0,10,,66321,59,,,0,50,,66322,59,,,0,10,,66323,59,,,0,10,,66324,59,,,0,10,,66325,59,,,0,10,,66326,59,,,0,10,,66327,59,,,0,50,,66328,59,,,0,10,,66329,59,,,0,10,,66330,59,,,0,10,,66331,59,,,0,10,,66332,59,,,0,10,,66333,59,,,0,50,,66334,59,,,0,10,,66335,59,,,0,10,,66336,59,,,0,10,,66337,59,,,0,10,,66338,59,,,0,10,,66339,59,,,0,50,,66340,59,,,0,10,,66341,59,,,0,10,,66342,59,,,0,10,,66343,59,,,0,10,,66344,59,,,0,10,,66345,59,,,0,50,,66346,59,,,0,10,,66347,59,,,0,10,,66348,59,,,0,10,,66349,59,,,0,10,,66350,59,,,0,55,,66351,59,,,0,15,,66352,59,,,0,15,,66353,59,,,0,15,,66354,59,,,0,70,,66355,59,,,0,30,,66356,59,,,0,70,,66357,59,,,0,30,,66358,59,,,0,70,,66359,59,,,0,30,,66360,59,,,0,70,,66361,59,,,0,30,,66362,59,,,0,70,,66363,59,,,0,30,,66364,59,,,0,70,,66365,59,,,0
1701,'1396',617,,66366,59,,,0,30,,66367,59,,,0,55,,66368,59,,,0,15,,66369,59,,,0,15,,66370,59,,,0,15,,66371,59,,,0,10,,66372,59,,,0,50,,66373,59,,,0,10,,66374,59,,,0,10,,66375,59,,,0,10,,66376,59,,,0,10,,66377,59,,,0,10,,66378,59,,,0,50,,66379,59,,,0,10,,66380,59,,,0,10,,66381,59,,,0,10,,66382,59,,,0,10,,66383,59,,,0,10,,66384,59,,,0,50,,66385,59,,,0,10,,66386,59,,,0,10,,66387,59,,,0,10,,66388,59,,,0,10,,66389,59,,,0,10,,66390,59,,,0,50,,66391,59,,,0,10,,66392,59,,,0,10,,66393,59,,,0,10,,66394,59,,,0,10,,66395,59,,,0,10,,66396,59,,,0,50,,66397,59,,,0,10,,66398,59,,,0,10,,66399,59,,,0,10,,66400,59,,,0,10,,66401,59,,,0,10,,66402,59,,,0,50,,66403,59,,,0,10,,66404,59,,,0,10,,66405,59,,,0,10,,66406,59,,,0,10,,66407,59,,,0,10,,66408,59,,,0,50,,66409,59,,,0,10,,66410,59,,,0,10,,66411,59,,,0,10,,66412,59,,,0,10,,66413,59,,,0,10,,66414,59,,,0,50,,66415,59,,,0,10,,66416,59,,,0,10,,66417,59,,,0,10,,66418,59,,,0,10,,66419,59,,,0,10,,66420,59,,,0,50,,66421,59,,,0,10,,66422,59,,,0,10,,66423,59,,,0,10,,66424,59,,,0,10,,66425,59,,,0,10,,66426,59,,,0,50,,66427,59,,,0,10,,66428,59,,,0,10,,66429,59,,,0,10,,66430,59,,,0,10,,66431,59,,,0,10,,66432,59,,,0,50,,66433,59,,,0,10,,66434,59,,,0,10,,66435,59,,,0,10,,66436,59,,,0,10,,66437,59,,,0,55,,66438,59,,,0,15,,66439,59,,,0,15,,66440,59,,,0,15,,66441,59,,,0,70,,66442,59,,,0,30,,66443,59,,,0,70,,66444,59,,,0,30,,66445,59,,,0,70,,66446,59,,,0,30,,66447,59,,,0,70,,66448,59,,,0,30,,66449,59,,,0,70,,66450,59,,,0,30,,66451,59,,,0,70,,66452,59,,,0
552201,'1392',718,,69201,20,0,9,0,30,,69202,20,0,9,0,70,,69203,20,0,9,0,30,,69204,20,0,9,0,70,,69205,20,0,9,0,30,,69206,20,0,9,0,70,,69207,20,0,9,0,30,,69208,20,0,9,0,70,,69209,20,0,9,0,30,,69210,20,0,9,0,70,,69211,20,0,9,0,30,,69212,20,0,9,0,70,,69213,20,0,9,0,30,,69214,20,0,9,0,70,,69215,20,0,9,0,30,,69216,20,0,9,0,70,,69217,20,0,9,0,30,,69218,20,0,9,0,70,,69219,20,0,9,0,30,,69220,20,0,9,0,70,,69221,20,0,9,0,30,,69222,20,0,9,0,70,,69223,20,0,9,0
552201,'1393',718,,69224,20,0,9,0,30,,69225,20,0,9,0,70,,69226,20,0,9,0,30,,69227,20,0,9,0,70,,69228,20,0,9,0,30,,69229,20,0,9,0,70,,69230,20,0,9,0,30,,69231,20,0,9,0,70,,69232,20,0,9,0,30,,69233,20,0,9,0,70,,69234,20,0,9,0,30,,69235,20,0,9,0,70,,69236,20,0,9,0,30,,69237,20,0,9,0,70,,69238,20,0,9,0,30,,69239,20,0,9,0,70,,69240,20,0,9,0,30,,69241,20,0,9,0,70,,69242,20,0,9,0,30,,69243,20,0,9,0,70,,69244,20,0,9,0,30,,69245,20,0,9,0,70,,69246,20,0,9,0
552201,'1394',718,,69247,20,0,9,0,30,,69248,20,0,9,0,70,,69249,20,0,9,0,30,,69250,20,0,9,0,70,,69251,20,0,9,0,30,,69252,20,0,9,0,70,,69253,20,0,9,0,30,,69254,20,0,9,0,70,,69255,20,0,9,0,30,,69256,20,0,9,0,70,,69257,20,0,9,0,30,,69258,20,0,9,0,70,,69259,20,0,9,0,30,,69260,20,0,9,0,70,,69261,20,0,9,0,30,,69262,20,0,9,0,70,,69263,20,0,9,0,30,,69264,20,0,9,0,70,,69265,20,0,9,0,30,,69266,20,0,9,0,70,,69267,20,0,9,0,30,,69268,20,0,9,0,70,,69269,20,0,9,0
552201,'1395',718,,69270,20,0,9,0,30,,69271,20,0,9,0,70,,69272,20,0,9,0,30,,69273,20,0,9,0,70,,69274,20,0,9,0,30,,69275,20,0,9,0,70,,69276,20,0,9,0,30,,69277,20,0,9,0,70,,69278,20,0,9,0,30,,69279,20,0,9,0,70,,69280,20,0,9,0,30,,69281,20,0,9,0,70,,69282,20,0,9,0,30,,69283,20,0,9,0,70,,69284,20,0,9,0,30,,69285,20,0,9,0,70,,69286,20,0,9,0,30,,69287,20,0,9,0,70,,69288,20,0,9,0,30,,69289,20,0,9,0,70,,69290,20,0,9,0,30,,69291,20,0,9,0,70,,69292,20,0,9,0
552201,'1396',718,,69293,20,0,9,0,30,,69294,20,0,9,0,70,,69295,20,0,9,0,30,,69296,20,0,9,0,70,,69297,20,0,9,0,30,,69298,20,0,9,0,70,,69299,20,0,9,0,30,,69300,20,0,9,0,70,,69301,20,0,9,0,30,,69302,20,0,9,0,70,,69303,20,0,9,0,30,,69304,20,0,9,0,70,,69305,20,0,9,0,30,,69306,20,0,9,0,70,,69307,20,0,9,0,30,,69308,20,0,9,0,70,,69309,20,0,9,0,30,,69310,20,0,9,0,70,,69311,20,0,9,0,30,,69312,20,0,9,0,70,,69313,20,0,9,0,30,,69314,20,0,9,0,70,,69315,20,0,9,0
