552200,'1385',653,,61884,12,0,9,0,70,,61885,12,0,9,0,30,,61886,12,0,9,0,70,,61887,12,0,9,0,30,,61888,12,0,9,0,70,,61889,12,0,9,0,30,,61890,12,0,9,0,70,,61891,12,0,9,0,30,,61892,12,0,9,0,70,,61893,12,0,9,0,30,,61894,12,0,9,0,70,,61895,12,0,9,0,30,,61896,12,0,9,0,70,,61897,12,0,9,0,30,,61898,12,0,9,0,70,,61899,12,0,9,0,30,,61900,12,0,9,0,70,,61901,12,0,9,0,30,,61902,12,0,9,0,70,,61903,12,0,9,0,30,,61904,12,0,9,0,70,,61905,12,0,9,0,30,,61906,12,0,9,0
552200,'1386',653,,61907,12,0,9,0,70,,61908,12,0,9,0,30,,61909,12,0,9,0,70,,61910,12,0,9,0,30,,61911,12,0,9,0,70,,61912,12,0,9,0,30,,61913,12,0,9,0,70,,61914,12,0,9,0,30,,61915,12,0,9,0,70,,61916,12,0,9,0,30,,61917,12,0,9,0,70,,61918,12,0,9,0,30,,61919,12,0,9,0,70,,61920,12,0,9,0,30,,61921,12,0,9,0,70,,61922,12,0,9,0,30,,61923,12,0,9,0,70,,61924,12,0,9,0,30,,61925,12,0,9,0,70,,61926,12,0,9,0,30,,61927,12,0,9,0,70,,61928,12,0,9,0,30,,61929,12,0,9,0
552200,'1387',653,,61930,12,0,9,0,70,,61931,12,0,9,0,30,,61932,12,0,9,0,70,,61933,12,0,9,0,30,,61934,12,0,9,0,70,,61935,12,0,9,0,30,,61936,12,0,9,0,70,,61937,12,0,9,0,30,,61938,12,0,9,0,70,,61939,12,0,9,0,30,,61940,12,0,9,0,70,,61941,12,0,9,0,30,,61942,12,0,9,0,70,,61943,12,0,9,0,30,,61944,12,0,9,0,70,,61945,12,0,9,0,30,,61946,12,0,9,0,70,,61947,12,0,9,0,30,,61948,12,0,9,0,70,,61949,12,0,9,0,30,,61950,12,0,9,0,70,,61951,12,0,9,0,30,,61952,12,0,9,0
552200,'1388',653,,61953,12,0,9,0,70,,61954,12,0,9,0,30,,61955,12,0,9,0,70,,61956,12,0,9,0,30,,61957,12,0,9,0,70,,61958,12,0,9,0,30,,61959,12,0,9,0,70,,61960,12,0,9,0,30,,61961,12,0,9,0,70,,61962,12,0,9,0,30,,61963,12,0,9,0,70,,61964,12,0,9,0,30,,61965,12,0,9,0,70,,61966,12,0,9,0,30,,61967,12,0,9,0,70,,61968,12,0,9,0,30,,61969,12,0,9,0,70,,61970,12,0,9,0,30,,61971,12,0,9,0,70,,61972,12,0,9,0,30,,61973,12,0,9,0,70,,61974,12,0,9,0,30,,61975,12,0,9,0
552200,'1389',653,,61976,12,0,9,0,70,,61977,12,0,9,0,30,,61978,12,0,9,0,70,,61979,12,0,9,0,30,,61980,12,0,9,0,70,,61981,12,0,9,0,30,,61982,12,0,9,0,70,,61983,12,0,9,0,30,,61984,12,0,9,0,70,,61985,12,0,9,0,30,,61986,12,0,9,0,70,,61987,12,0,9,0,30,,61988,12,0,9,0,70,,61989,12,0,9,0,30,,61990,12,0,9,0,70,,61991,12,0,9,0,30,,61992,12,0,9,0,70,,61993,12,0,9,0,30,,61994,12,0,9,0,70,,61995,12,0,9,0,30,,61996,12,0,9,0,70,,61997,12,0,9,0,30,,61998,12,0,9,0
721203,'1383',1018,,63156,47,0,15,0,85,,63155,47,0,15,0,45,,63154,47,0,15,0,85,,63153,47,0,15,0,85,,63152,47,0,15,0,85,,63151,47,0,15,0,45,,63150,47,0,15,0,85,,63149,47,0,15,0,85,,63148,47,0,15,0,85,,63147,47,0,15,0,45,,63146,47,0,15,0,85,,63145,47,0,15,0,85,,63144,47,0,15,0,85,,63143,47,0,15,0
721203,'1384',718,,63157,47,0,15,0,85,,63158,47,0,15,0,45,,63159,47,0,15,0,85,,63160,47,0,15,0,85,,63161,47,0,15,0,85,,63162,47,0,15,0,30,,63163,47,0,15,0,70,,63164,47,0,15,0,30,,63165,47,0,15,0,70,,63166,47,0,15,0,30,,63167,47,0,15,0,70,,63168,47,0,15,0,30,,63169,47,0,15,0,70,,63170,47,0,15,0,30,,63171,47,0,15,0,70,,63172,47,0,15,0,30,,63173,47,0,15,0,70,,63174,47,0,15,0,30,,63175,47,0,15,0,70,,63176,47,0,15,0,30,,63177,47,0,15,0,70,,63178,47,0,15,0,45,,63179,47,0,15,0,85,,63180,47,0,15,0,85,,63181,47,0,15,0,85,,63182,47,0,15,0,45,,63183,47,0,15,0,85,,63184,47,0,15,0
721203,'1385',648,,63185,47,0,15,0,70,,63186,47,0,15,0,30,,63187,47,0,15,0,70,,63188,47,0,15,0,15,,63189,47,0,15,0,15,,63190,47,0,15,0,55,,63191,47,0,15,0,15,,63192,47,0,15,0,30,,63193,47,0,15,0,70,,63194,47,0,15,0,30,,63195,47,0,15,0,70,,63196,47,0,15,0,30,,63197,47,0,15,0,70,,63198,47,0,15,0,30,,63199,47,0,15,0,70,,63200,47,0,15,0,30,,63201,47,0,15,0,70,,63202,47,0,15,0,30,,63203,47,0,15,0,70,,63204,47,0,15,0,15,,63205,47,0,15,0,15,,63206,47,0,15,0,55,,63207,47,0,15,0,15,,63208,47,0,15,0,30,,63209,47,0,15,0,70,,63210,47,0,15,0,30,,63211,47,0,15,0,70,,63212,47,0,15,0,30,,63213,47,0,15,0,70,,63214,47,0,15,0,85,,63215,47,0,15,0,45,,63216,47,0,15,0,85,,63217,47,0,15,0,85,,63218,47,0,15,0,85,,63219,47,0,15,0,45,,63220,47,0,15,0
721203,'1386',648,,63221,47,0,15,0,70,,63222,47,0,15,0,30,,63223,47,0,15,0,70,,63224,47,0,15,0,15,,63225,47,0,15,0,15,,63226,47,0,15,0,55,,63227,47,0,15,0,15,,63228,47,0,15,0,30,,63229,47,0,15,0,70,,63230,47,0,15,0,30,,63231,47,0,15,0,70,,63232,47,0,15,0,30,,63233,47,0,15,0,70,,63234,47,0,15,0,30,,63235,47,0,15,0,70,,63236,47,0,15,0,30,,63237,47,0,15,0,70,,63238,47,0,15,0,30,,63239,47,0,15,0,70,,63240,47,0,15,0,15,,63241,47,0,15,0,15,,63242,47,0,15,0,55,,63243,47,0,15,0,15,,63244,47,0,15,0,30,,63245,47,0,15,0,70,,63246,47,0,15,0,30,,63247,47,0,15,0,70,,63248,47,0,15,0,30,,63249,47,0,15,0,70,,63250,47,0,15,0,85,,63251,47,0,15,0,45,,63252,47,0,15,0,85,,63253,47,0,15,0,85,,63254,47,0,15,0,85,,63255,47,0,15,0,45,,63256,47,0,15,0
721203,'1387',648,,63257,47,0,15,0,70,,63258,47,0,15,0,30,,63259,47,0,15,0,70,,63260,47,0,15,0,15,,63261,47,0,15,0,15,,63262,47,0,15,0,55,,63263,47,0,15,0,15,,63264,47,0,15,0,30,,63265,47,0,15,0,70,,63266,47,0,15,0,30,,63267,47,0,15,0,70,,63268,47,0,15,0,30,,63269,47,0,15,0,70,,63270,47,0,15,0,30,,63271,47,0,15,0,70,,63272,47,0,15,0,30,,63273,47,0,15,0,70,,63274,47,0,15,0,30,,63275,47,0,15,0,70,,63276,47,0,15,0,15,,63277,47,0,15,0,15,,63278,47,0,15,0,55,,63279,47,0,15,0,15,,63280,47,0,15,0,30,,63281,47,0,15,0,70,,63282,47,0,15,0,30,,63283,47,0,15,0,70,,63284,47,0,15,0,30,,63285,47,0,15,0,70,,63286,47,0,15,0,85,,63287,47,0,15,0,45,,63288,47,0,15,0,85,,63289,47,0,15,0,85,,63290,47,0,15,0,85,,63291,47,0,15,0,45,,63292,47,0,15,0
721203,'1388',648,,63293,47,0,15,0,70,,63294,47,0,15,0,30,,63295,47,0,15,0,70,,63296,47,0,15,0,15,,63297,47,0,15,0,15,,63298,47,0,15,0,55,,63299,47,0,15,0,15,,63300,47,0,15,0,30,,63301,47,0,15,0,70,,63302,47,0,15,0,30,,63303,47,0,15,0,70,,63304,47,0,15,0,30,,63305,47,0,15,0,70,,63306,47,0,15,0,30,,63307,47,0,15,0,70,,63308,47,0,15,0,30,,63309,47,0,15,0,70,,63310,47,0,15,0,30,,63311,47,0,15,0,70,,63312,47,0,15,0,15,,63313,47,0,15,0,15,,63314,47,0,15,0,55,,63315,47,0,15,0,15,,63316,47,0,15,0,30,,63317,47,0,15,0,70,,63318,47,0,15,0,30,,63319,47,0,15,0,70,,63320,47,0,15,0,30,,63321,47,0,15,0,70,,63322,47,0,15,0,85,,63323,47,0,15,0,45,,63324,47,0,15,0,85,,63325,47,0,15,0,85,,63326,47,0,15,0,85,,63327,47,0,15,0,45,,63328,47,0,15,0
721203,'1389',648,,63329,47,0,15,0,70,,63330,47,0,15,0,30,,63331,47,0,15,0,70,,63332,47,0,15,0,15,,63333,47,0,15,0,15,,63334,47,0,15,0,55,,63335,47,0,15,0,15,,63336,47,0,15,0,30,,63337,47,0,15,0,70,,63338,47,0,15,0,30,,63339,47,0,15,0,70,,63340,47,0,15,0,30,,63341,47,0,15,0,70,,63342,47,0,15,0,30,,63343,47,0,15,0,70,,63344,47,0,15,0,30,,63345,47,0,15,0,70,,63346,47,0,15,0,30,,63347,47,0,15,0,70,,63348,47,0,15,0,15,,63349,47,0,15,0,15,,63350,47,0,15,0,55,,63351,47,0,15,0,15,,63352,47,0,15,0,30,,63353,47,0,15,0,70,,63354,47,0,15,0,30,,63355,47,0,15,0,70,,63356,47,0,15,0,30,,63357,47,0,15,0,70,,63358,47,0,15,0,85,,63359,47,0,15,0,45,,63360,47,0,15,0,85,,63361,47,0,15,0,85,,63362,47,0,15,0,85,,63363,47,0,15,0,45,,63364,47,0,15,0
