1701,'1383',750,,58766,69,,,0,100,,58768,69,,,0,100,,58767,69,,,0,153,,58765,69,,,0,40,,58764,69,,,0,80,,58763,69,,,0,80,,58762,69,,,0,40,,58761,69,,,0,80,,58760,69,,,0,80,,58759,69,,,0,40,,58758,69,,,0,80,,58757,69,,,0,80,,58756,69,,,0,40,,58755,69,,,0,80,,58754,69,,,0,80,,58753,69,,,0,40,,58752,69,,,0,80,,58751,69,,,0
1701,'1384',631,,58794,69,,,0,70,,58795,69,,,0,30,,58796,69,,,0,70,,58797,69,,,0,30,,58798,69,,,0,70,,58799,69,,,0,30,,58800,69,,,0,72,,58769,69,,,0,30,,58770,69,,,0,70,,58771,69,,,0,20,,58772,69,,,0,20,,58773,69,,,0,60,,58774,69,,,0,20,,58775,69,,,0,20,,58776,69,,,0,60,,58777,69,,,0,20,,58778,69,,,0,20,,58779,69,,,0,60,,58780,69,,,0,20,,58781,69,,,0,20,,58782,69,,,0,60,,58783,69,,,0,20,,58784,69,,,0,20,,58785,69,,,0,60,,58786,69,,,0,20,,58787,69,,,0,20,,58788,69,,,0,60,,58789,69,,,0,20,,58790,69,,,0,20,,58791,69,,,0,58,,58801,69,,,0,22,,58792,69,,,0,20,,58793,69,,,0,58,,58802,69,,,0,30,,58803,69,,,0,70,,58804,69,,,0,30,,58805,69,,,0,70,,58806,69,,,0,30,,58807,69,,,0,70,,58808,69,,,0,30,,58809,69,,,0,70,,58810,69,,,0,30,,58811,69,,,0,70,,58812,69,,,0,30,,58813,69,,,0,70,,58814,69,,,0,30,,58815,69,,,0
1701,'1385',626,,58816,69,,,0,30,,58817,69,,,0,55,,58818,69,,,0,15,,58819,69,,,0,15,,58820,69,,,0,15,,58821,69,,,0,50,,58822,69,,,0,10,,58823,69,,,0,10,,58824,69,,,0,10,,58825,69,,,0,10,,58826,69,,,0,10,,58827,69,,,0,50,,58828,69,,,0,10,,58829,69,,,0,10,,58830,69,,,0,10,,58831,69,,,0,10,,58832,69,,,0,10,,58833,69,,,0,50,,58834,69,,,0,10,,58835,69,,,0,10,,58875,69,,,0,10,,58836,69,,,0,10,,58861,69,,,0,10,,58862,69,,,0,50,,58863,69,,,0,10,,58864,69,,,0,10,,58865,69,,,0,10,,58866,69,,,0,10,,58867,69,,,0,10,,58868,69,,,0,50,,58869,69,,,0,10,,58870,69,,,0,10,,58871,69,,,0,10,,58872,69,,,0,10,,58873,69,,,0,10,,58874,69,,,0,50,,58876,69,,,0,10,,58877,69,,,0,10,,58879,69,,,0,10,,58880,69,,,0,10,,58881,69,,,0,10,,58882,69,,,0,50,,58883,69,,,0,10,,58884,69,,,0,10,,58885,69,,,0,10,,58837,69,,,0,10,,58838,69,,,0,10,,58839,69,,,0,50,,58840,69,,,0,10,,58841,69,,,0,10,,58842,69,,,0,10,,58843,69,,,0,10,,58844,69,,,0,10,,58845,69,,,0,50,,58846,69,,,0,10,,58847,69,,,0,10,,58848,69,,,0,10,,58849,69,,,0,10,,58850,69,,,0,10,,58851,69,,,0,50,,58852,69,,,0,10,,58853,69,,,0,10,,58854,69,,,0,10,,58855,69,,,0,10,,58856,69,,,0,10,,58857,69,,,0,50,,58858,69,,,0,10,,58859,69,,,0,10,,58860,69,,,0,10,,58886,69,,,0,10,,58887,69,,,0,10,,58888,69,,,0,55,,58889,69,,,0,15,,58890,69,,,0,15,,58891,69,,,0,15,,58892,69,,,0,70,,58893,69,,,0,30,,58894,69,,,0,70,,58895,69,,,0,30,,58896,69,,,0,70,,58897,69,,,0,30,,58898,69,,,0,70,,58899,69,,,0,30,,58900,69,,,0,70,,58901,69,,,0,30,,58902,69,,,0,70,,58878,69,,,0
1701,'1386',626,,58903,69,,,0,30,,58904,69,,,0,55,,58905,69,,,0,15,,58906,69,,,0,15,,58907,69,,,0,15,,58908,69,,,0,50,,58909,69,,,0,10,,58910,69,,,0,10,,58911,69,,,0,10,,58912,69,,,0,10,,58913,69,,,0,10,,58914,69,,,0,50,,58915,69,,,0,10,,58916,69,,,0,10,,58917,69,,,0,10,,58918,69,,,0,10,,58919,69,,,0,10,,58920,69,,,0,50,,58921,69,,,0,10,,58922,69,,,0,10,,58962,69,,,0,10,,58923,69,,,0,10,,58948,69,,,0,10,,58949,69,,,0,50,,58950,69,,,0,10,,58951,69,,,0,10,,58952,69,,,0,10,,58953,69,,,0,10,,58954,69,,,0,10,,58955,69,,,0,50,,58956,69,,,0,10,,58957,69,,,0,10,,58958,69,,,0,10,,58959,69,,,0,10,,58960,69,,,0,10,,58961,69,,,0,50,,58963,69,,,0,10,,58964,69,,,0,10,,58966,69,,,0,10,,58967,69,,,0,10,,58968,69,,,0,10,,58969,69,,,0,50,,58970,69,,,0,10,,58971,69,,,0,10,,58972,69,,,0,10,,58924,69,,,0,10,,58925,69,,,0,10,,58926,69,,,0,50,,58927,69,,,0,10,,58928,69,,,0,10,,58929,69,,,0,10,,58930,69,,,0,10,,58931,69,,,0,10,,58932,69,,,0,50,,58933,69,,,0,10,,58934,69,,,0,10,,58935,69,,,0,10,,58936,69,,,0,10,,58937,69,,,0,10,,58938,69,,,0,50,,58939,69,,,0,10,,58940,69,,,0,10,,58941,69,,,0,10,,58942,69,,,0,10,,58943,69,,,0,10,,58944,69,,,0,50,,58945,69,,,0,10,,58946,69,,,0,10,,58947,69,,,0,10,,58973,69,,,0,10,,58974,69,,,0,10,,58975,69,,,0,55,,58976,69,,,0,15,,58977,69,,,0,15,,58978,69,,,0,15,,58979,69,,,0,70,,58980,69,,,0,30,,58981,69,,,0,70,,58982,69,,,0,30,,58983,69,,,0,70,,58984,69,,,0,30,,58985,69,,,0,70,,58986,69,,,0,30,,58987,69,,,0,70,,58988,69,,,0,30,,58989,69,,,0,70,,58965,69,,,0
1701,'1387',626,,58990,69,,,0,30,,58991,69,,,0,55,,58992,69,,,0,15,,58993,69,,,0,15,,58994,69,,,0,15,,58995,69,,,0,50,,58996,69,,,0,10,,58997,69,,,0,10,,58998,69,,,0,10,,58999,69,,,0,10,,59000,69,,,0,10,,59001,69,,,0,50,,59002,69,,,0,10,,59003,69,,,0,10,,59004,69,,,0,10,,59005,69,,,0,10,,59006,69,,,0,10,,59007,69,,,0,50,,59008,69,,,0,10,,59009,69,,,0,10,,59049,69,,,0,10,,59010,69,,,0,10,,59035,69,,,0,10,,59036,69,,,0,50,,59037,69,,,0,10,,59038,69,,,0,10,,59039,69,,,0,10,,59040,69,,,0,10,,59041,69,,,0,10,,59042,69,,,0,50,,59043,69,,,0,10,,59044,69,,,0,10,,59045,69,,,0,10,,59046,69,,,0,10,,59047,69,,,0,10,,59048,69,,,0,50,,59050,69,,,0,10,,59051,69,,,0,10,,59053,69,,,0,10,,59054,69,,,0,10,,59055,69,,,0,10,,59056,69,,,0,50,,59057,69,,,0,10,,59058,69,,,0,10,,59059,69,,,0,10,,59011,69,,,0,10,,59012,69,,,0,10,,59013,69,,,0,50,,59014,69,,,0,10,,59015,69,,,0,10,,59016,69,,,0,10,,59017,69,,,0,10,,59018,69,,,0,10,,59019,69,,,0,50,,59020,69,,,0,10,,59021,69,,,0,10,,59022,69,,,0,10,,59023,69,,,0,10,,59024,69,,,0,10,,59025,69,,,0,50,,59026,69,,,0,10,,59027,69,,,0,10,,59028,69,,,0,10,,59029,69,,,0,10,,59030,69,,,0,10,,59031,69,,,0,50,,59032,69,,,0,10,,59033,69,,,0,10,,59034,69,,,0,10,,59060,69,,,0,10,,59061,69,,,0,10,,59062,69,,,0,55,,59063,69,,,0,15,,59064,69,,,0,15,,59065,69,,,0,15,,59066,69,,,0,70,,59067,69,,,0,30,,59068,69,,,0,70,,59069,69,,,0,30,,59070,69,,,0,70,,59071,69,,,0,30,,59072,69,,,0,70,,59073,69,,,0,30,,59074,69,,,0,70,,59075,69,,,0,30,,59076,69,,,0,70,,59052,69,,,0
1701,'1388',626,,59077,69,,,0,30,,59078,69,,,0,55,,59079,69,,,0,15,,59080,69,,,0,15,,59081,69,,,0,15,,59082,69,,,0,50,,59083,69,,,0,10,,59084,69,,,0,10,,59085,69,,,0,10,,59086,69,,,0,10,,59087,69,,,0,10,,59088,69,,,0,50,,59089,69,,,0,10,,59090,69,,,0,10,,59091,69,,,0,10,,59092,69,,,0,10,,59093,69,,,0,10,,59094,69,,,0,50,,59095,69,,,0,10,,59096,69,,,0,10,,59136,69,,,0,10,,59097,69,,,0,10,,59122,69,,,0,10,,59123,69,,,0,50,,59124,69,,,0,10,,59125,69,,,0,10,,59126,69,,,0,10,,59127,69,,,0,10,,59128,69,,,0,10,,59129,69,,,0,50,,59130,69,,,0,10,,59131,69,,,0,10,,59132,69,,,0,10,,59133,69,,,0,10,,59134,69,,,0,10,,59135,69,,,0,50,,59137,69,,,0,10,,59138,69,,,0,10,,59140,69,,,0,10,,59141,69,,,0,10,,59142,69,,,0,10,,59143,69,,,0,50,,59144,69,,,0,10,,59145,69,,,0,10,,59146,69,,,0,10,,59098,69,,,0,10,,59099,69,,,0,10,,59100,69,,,0,50,,59101,69,,,0,10,,59102,69,,,0,10,,59103,69,,,0,10,,59104,69,,,0,10,,59105,69,,,0,10,,59106,69,,,0,50,,59107,69,,,0,10,,59108,69,,,0,10,,59109,69,,,0,10,,59110,69,,,0,10,,59111,69,,,0,10,,59112,69,,,0,50,,59113,69,,,0,10,,59114,69,,,0,10,,59115,69,,,0,10,,59116,69,,,0,10,,59117,69,,,0,10,,59118,69,,,0,50,,59119,69,,,0,10,,59120,69,,,0,10,,59121,69,,,0,10,,59147,69,,,0,10,,59148,69,,,0,10,,59149,69,,,0,55,,59150,69,,,0,15,,59151,69,,,0,15,,59152,69,,,0,15,,59153,69,,,0,70,,59154,69,,,0,30,,59155,69,,,0,70,,59156,69,,,0,30,,59157,69,,,0,70,,59158,69,,,0,30,,59159,69,,,0,70,,59160,69,,,0,30,,59161,69,,,0,70,,59162,69,,,0,30,,59163,69,,,0,70,,59139,69,,,0
1701,'1389',626,,59164,69,,,0,30,,59165,69,,,0,55,,59166,69,,,0,15,,59167,69,,,0,15,,59168,69,,,0,15,,59169,69,,,0,50,,59170,69,,,0,10,,59171,69,,,0,10,,59172,69,,,0,10,,59173,69,,,0,10,,59174,69,,,0,10,,59175,69,,,0,50,,59176,69,,,0,10,,59177,69,,,0,10,,59178,69,,,0,10,,59179,69,,,0,10,,59180,69,,,0,10,,59181,69,,,0,50,,59182,69,,,0,10,,59183,69,,,0,10,,59223,69,,,0,10,,59184,69,,,0,10,,59209,69,,,0,10,,59210,69,,,0,50,,59211,69,,,0,10,,59212,69,,,0,10,,59213,69,,,0,10,,59214,69,,,0,10,,59215,69,,,0,10,,59216,69,,,0,50,,59217,69,,,0,10,,59218,69,,,0,10,,59219,69,,,0,10,,59220,69,,,0,10,,59221,69,,,0,10,,59222,69,,,0,50,,59224,69,,,0,10,,59225,69,,,0,10,,59227,69,,,0,10,,59228,69,,,0,10,,59229,69,,,0,10,,59230,69,,,0,50,,59231,69,,,0,10,,59232,69,,,0,10,,59233,69,,,0,10,,59185,69,,,0,10,,59186,69,,,0,10,,59187,69,,,0,50,,59188,69,,,0,10,,59189,69,,,0,10,,59190,69,,,0,10,,59191,69,,,0,10,,59192,69,,,0,10,,59193,69,,,0,50,,59194,69,,,0,10,,59195,69,,,0,10,,59196,69,,,0,10,,59197,69,,,0,10,,59198,69,,,0,10,,59199,69,,,0,50,,59200,69,,,0,10,,59201,69,,,0,10,,59202,69,,,0,10,,59203,69,,,0,10,,59204,69,,,0,10,,59205,69,,,0,50,,59206,69,,,0,10,,59207,69,,,0,10,,59208,69,,,0,10,,59234,69,,,0,10,,59235,69,,,0,10,,59236,69,,,0,55,,59237,69,,,0,15,,59238,69,,,0,15,,59239,69,,,0,15,,59240,69,,,0,70,,59241,69,,,0,30,,59242,69,,,0,70,,59243,69,,,0,30,,59244,69,,,0,70,,59245,69,,,0,30,,59246,69,,,0,70,,59247,69,,,0,30,,59248,69,,,0,70,,59249,69,,,0,30,,59250,69,,,0,70,,59226,69,,,0
2001,'1383',951,,60813,65,,,0,85,,60812,65,,,0,85,,60811,65,,,0,85,,60810,65,,,0,45,,60809,65,,,0,85,,60808,65,,,0,85,,60807,65,,,0,85,,60806,65,,,0,45,,60805,65,,,0,85,,60804,65,,,0,85,,60803,65,,,0,85,,60802,65,,,0,45,,60801,65,,,0,85,,60800,65,,,0,85,,60799,65,,,0
2001,'1384',651,,60831,65,,,0,85,,60832,65,,,0,85,,60833,65,,,0,85,,60834,65,,,0,40,,60814,65,,,0,70,,60815,65,,,0,30,,60816,65,,,0,70,,60817,65,,,0,40,,60818,65,,,0,70,,60819,65,,,0,30,,60820,65,,,0,70,,60821,65,,,0,80,,60822,65,,,0,30,,60823,65,,,0,70,,60824,65,,,0,30,,60825,65,,,0,80,,60826,65,,,0,30,,60827,65,,,0,70,,60828,65,,,0,30,,60829,65,,,0,80,,60830,65,,,0,75,,60835,65,,,0,45,,60836,65,,,0,85,,60837,65,,,0,85,,60838,65,,,0,85,,60839,65,,,0,45,,60840,65,,,0,85,,60841,65,,,0,85,,60842,65,,,0,85,,60843,65,,,0
2001,'1385',631,,60844,65,,,0,20,,60845,65,,,0,60,,60846,65,,,0,20,,60847,65,,,0,20,,60848,65,,,0,60,,60849,65,,,0,20,,60850,65,,,0,20,,60851,65,,,0,60,,60852,65,,,0,20,,60853,65,,,0,20,,60854,65,,,0,60,,60855,65,,,0,20,,60856,65,,,0,20,,60857,65,,,0,60,,60858,65,,,0,20,,60859,65,,,0,20,,60860,65,,,0,60,,60861,65,,,0,20,,60862,65,,,0,20,,60863,65,,,0,60,,60864,65,,,0,20,,60865,65,,,0,20,,60866,65,,,0,60,,60867,65,,,0,20,,60868,65,,,0,20,,60869,65,,,0,60,,60870,65,,,0,20,,60871,65,,,0,20,,60872,65,,,0,60,,60873,65,,,0,20,,60874,65,,,0,20,,60875,65,,,0,60,,60876,65,,,0,20,,60877,65,,,0,20,,60878,65,,,0,60,,60879,65,,,0,20,,60880,65,,,0,20,,60881,65,,,0,85,,60882,65,,,0,85,,60883,65,,,0,85,,60884,65,,,0,45,,60885,65,,,0,85,,60886,65,,,0,85,,60887,65,,,0,85,,60888,65,,,0,45,,60889,65,,,0,85,,60890,65,,,0
2001,'1386',631,,60891,65,,,0,20,,60892,65,,,0,60,,60893,65,,,0,20,,60894,65,,,0,20,,60895,65,,,0,60,,60896,65,,,0,20,,60897,65,,,0,20,,60898,65,,,0,60,,60899,65,,,0,20,,60900,65,,,0,20,,60901,65,,,0,60,,60902,65,,,0,20,,60903,65,,,0,20,,60904,65,,,0,60,,60905,65,,,0,20,,60906,65,,,0,20,,60907,65,,,0,60,,60908,65,,,0,20,,60909,65,,,0,20,,60910,65,,,0,60,,60911,65,,,0,20,,60912,65,,,0,20,,60913,65,,,0,60,,60914,65,,,0,20,,60915,65,,,0,20,,60916,65,,,0,60,,60917,65,,,0,20,,60918,65,,,0,20,,60919,65,,,0,60,,60920,65,,,0,20,,60921,65,,,0,20,,60922,65,,,0,60,,60923,65,,,0,20,,60924,65,,,0,20,,60925,65,,,0,60,,60926,65,,,0,20,,60927,65,,,0,20,,60928,65,,,0,85,,60929,65,,,0,85,,60930,65,,,0,85,,60931,65,,,0,45,,60932,65,,,0,85,,60933,65,,,0,85,,60934,65,,,0,85,,60935,65,,,0,45,,60936,65,,,0,85,,60937,65,,,0
2001,'1387',631,,60938,65,,,0,20,,60939,65,,,0,60,,60940,65,,,0,20,,60941,65,,,0,20,,60942,65,,,0,60,,60943,65,,,0,20,,60944,65,,,0,20,,60945,65,,,0,60,,60946,65,,,0,20,,60947,65,,,0,20,,60948,65,,,0,60,,60949,65,,,0,20,,60950,65,,,0,20,,60951,65,,,0,60,,60952,65,,,0,20,,60953,65,,,0,20,,60954,65,,,0,60,,60955,65,,,0,20,,60956,65,,,0,20,,60957,65,,,0,60,,60958,65,,,0,20,,60959,65,,,0,20,,60960,65,,,0,60,,60961,65,,,0,20,,60962,65,,,0,20,,60963,65,,,0,60,,60964,65,,,0,20,,60965,65,,,0,20,,60966,65,,,0,60,,60967,65,,,0,20,,60968,65,,,0,20,,60969,65,,,0,60,,60970,65,,,0,20,,60971,65,,,0,20,,60972,65,,,0,60,,60973,65,,,0,20,,60974,65,,,0,20,,60975,65,,,0,85,,60976,65,,,0,85,,60977,65,,,0,85,,60978,65,,,0,45,,60979,65,,,0,85,,60980,65,,,0,85,,60981,65,,,0,85,,60982,65,,,0,45,,60983,65,,,0,85,,60984,65,,,0
2001,'1388',631,,60985,65,,,0,20,,60986,65,,,0,60,,60987,65,,,0,20,,60988,65,,,0,20,,60989,65,,,0,60,,60990,65,,,0,20,,60991,65,,,0,20,,60992,65,,,0,60,,60993,65,,,0,20,,60994,65,,,0,20,,60995,65,,,0,60,,60996,65,,,0,20,,60997,65,,,0,20,,60998,65,,,0,60,,60999,65,,,0,20,,61000,65,,,0,20,,61001,65,,,0,60,,61002,65,,,0,20,,61003,65,,,0,20,,61004,65,,,0,60,,61005,65,,,0,20,,61006,65,,,0,20,,61007,65,,,0,60,,61008,65,,,0,20,,61009,65,,,0,20,,61010,65,,,0,60,,61011,65,,,0,20,,61012,65,,,0,20,,61013,65,,,0,60,,61014,65,,,0,20,,61015,65,,,0,20,,61016,65,,,0,60,,61017,65,,,0,20,,61018,65,,,0,20,,61019,65,,,0,60,,61020,65,,,0,20,,61021,65,,,0,20,,61022,65,,,0,85,,61023,65,,,0,85,,61024,65,,,0,85,,61025,65,,,0,45,,61026,65,,,0,85,,61027,65,,,0,85,,61028,65,,,0,85,,61029,65,,,0,45,,61030,65,,,0,85,,61031,65,,,0
2001,'1389',631,,61032,65,,,0,20,,61033,65,,,0,60,,61034,65,,,0,20,,61035,65,,,0,20,,61036,65,,,0,60,,61037,65,,,0,20,,61038,65,,,0,20,,61039,65,,,0,60,,61040,65,,,0,20,,61041,65,,,0,20,,61042,65,,,0,60,,61043,65,,,0,20,,61044,65,,,0,20,,61045,65,,,0,60,,61046,65,,,0,20,,61047,65,,,0,20,,61048,65,,,0,60,,61049,65,,,0,20,,61050,65,,,0,20,,61051,65,,,0,60,,61052,65,,,0,20,,61053,65,,,0,20,,61054,65,,,0,60,,61055,65,,,0,20,,61056,65,,,0,20,,61057,65,,,0,60,,61058,65,,,0,20,,61059,65,,,0,20,,61060,65,,,0,60,,61061,65,,,0,20,,61062,65,,,0,20,,61063,65,,,0,60,,61064,65,,,0,20,,61065,65,,,0,20,,61066,65,,,0,60,,61067,65,,,0,20,,61068,65,,,0,20,,61069,65,,,0,85,,61070,65,,,0,85,,61071,65,,,0,85,,61072,65,,,0,45,,61073,65,,,0,85,,61074,65,,,0,85,,61075,65,,,0,85,,61076,65,,,0,45,,61077,65,,,0,85,,61078,65,,,0
552201,'1385',726,,62021,23,0,9,0,30,,62020,23,0,9,0,70,,62019,23,0,9,0,30,,62018,23,0,9,0,70,,62017,23,0,9,0,30,,62016,23,0,9,0,70,,62015,23,0,9,0,30,,61999,23,0,9,0,70,,62000,23,0,9,0,30,,62001,23,0,9,0,70,,62002,23,0,9,0,30,,62003,23,0,9,0,70,,62004,23,0,9,0,30,,62005,23,0,9,0,70,,62006,23,0,9,0,30,,62007,23,0,9,0,70,,62008,23,0,9,0,30,,62009,23,0,9,0,70,,62010,23,0,9,0,30,,62011,23,0,9,0,70,,62012,23,0,9,0,30,,62013,23,0,9,0,70,,62014,23,0,9,0
552201,'1386',726,,62044,23,0,9,0,30,,62043,23,0,9,0,70,,62042,23,0,9,0,30,,62041,23,0,9,0,70,,62040,23,0,9,0,30,,62039,23,0,9,0,70,,62038,23,0,9,0,30,,62022,23,0,9,0,70,,62023,23,0,9,0,30,,62024,23,0,9,0,70,,62025,23,0,9,0,30,,62026,23,0,9,0,70,,62027,23,0,9,0,30,,62028,23,0,9,0,70,,62029,23,0,9,0,30,,62030,23,0,9,0,70,,62031,23,0,9,0,30,,62032,23,0,9,0,70,,62033,23,0,9,0,30,,62034,23,0,9,0,70,,62035,23,0,9,0,30,,62036,23,0,9,0,70,,62037,23,0,9,0
552201,'1387',726,,62067,23,0,9,0,30,,62066,23,0,9,0,70,,62065,23,0,9,0,30,,62064,23,0,9,0,70,,62063,23,0,9,0,30,,62062,23,0,9,0,70,,62061,23,0,9,0,30,,62045,23,0,9,0,70,,62046,23,0,9,0,30,,62047,23,0,9,0,70,,62048,23,0,9,0,30,,62049,23,0,9,0,70,,62050,23,0,9,0,30,,62051,23,0,9,0,70,,62052,23,0,9,0,30,,62053,23,0,9,0,70,,62054,23,0,9,0,30,,62055,23,0,9,0,70,,62056,23,0,9,0,30,,62057,23,0,9,0,70,,62058,23,0,9,0,30,,62059,23,0,9,0,70,,62060,23,0,9,0
552201,'1388',726,,62090,23,0,9,0,30,,62089,23,0,9,0,70,,62088,23,0,9,0,30,,62087,23,0,9,0,70,,62086,23,0,9,0,30,,62085,23,0,9,0,70,,62084,23,0,9,0,30,,62068,23,0,9,0,70,,62069,23,0,9,0,30,,62070,23,0,9,0,70,,62071,23,0,9,0,30,,62072,23,0,9,0,70,,62073,23,0,9,0,30,,62074,23,0,9,0,70,,62075,23,0,9,0,30,,62076,23,0,9,0,70,,62077,23,0,9,0,30,,62078,23,0,9,0,70,,62079,23,0,9,0,30,,62080,23,0,9,0,70,,62081,23,0,9,0,30,,62082,23,0,9,0,70,,62083,23,0,9,0
552201,'1389',726,,62113,23,0,9,0,30,,62112,23,0,9,0,70,,62111,23,0,9,0,30,,62110,23,0,9,0,70,,62109,23,0,9,0,30,,62108,23,0,9,0,70,,62107,23,0,9,0,30,,62091,23,0,9,0,70,,62092,23,0,9,0,30,,62093,23,0,9,0,70,,62094,23,0,9,0,30,,62095,23,0,9,0,70,,62096,23,0,9,0,30,,62097,23,0,9,0,70,,62098,23,0,9,0,30,,62099,23,0,9,0,70,,62100,23,0,9,0,30,,62101,23,0,9,0,70,,62102,23,0,9,0,30,,62103,23,0,9,0,70,,62104,23,0,9,0,30,,62105,23,0,9,0,70,,62106,23,0,9,0
