1901,'1383',927,,60309,33,,,0,100,,60310,33,,,0,100,,60311,33,,,0,100,,60312,33,,,0,100,,60313,33,,,0,100,,60315,33,,,0,100,,60314,33,,,0,100,,60308,33,,,0,100,,60307,33,,,0,100,,60306,33,,,0,100,,60305,33,,,0,100,,60304,33,,,0
1901,'1384',827,,60316,33,,,0,100,,60317,33,,,0,100,,60318,33,,,0,30,,60319,33,,,0,70,,60320,33,,,0,30,,60321,33,,,0,70,,60322,33,,,0,30,,60323,33,,,0,70,,60324,33,,,0,30,,60325,33,,,0,70,,60326,33,,,0,30,,60327,33,,,0,70,,60328,33,,,0,30,,60329,33,,,0,70,,60330,33,,,0,30,,60331,33,,,0,70,,60332,33,,,0,30,,60333,33,,,0,70,,60334,33,,,0,30,,60335,33,,,0,70,,60336,33,,,0,30,,60337,33,,,0,70,,60338,33,,,0,100,,60339,33,,,0,100,,60340,33,,,0,100,,60341,33,,,0
1901,'1385',627,,60342,33,,,0,30,,60343,33,,,0,70,,60344,33,,,0,30,,60345,33,,,0,70,,60346,33,,,0,30,,60347,33,,,0,70,,60348,33,,,0,30,,60349,33,,,0,70,,60350,33,,,0,30,,60351,33,,,0,70,,60352,33,,,0,30,,60353,33,,,0,70,,60354,33,,,0,30,,60355,33,,,0,70,,60356,33,,,0,30,,60357,33,,,0,70,,60358,33,,,0,30,,60359,33,,,0,70,,60360,33,,,0,30,,60361,33,,,0,70,,60362,33,,,0,30,,60363,33,,,0,70,,60364,33,,,0,30,,60365,33,,,0,70,,60366,33,,,0,30,,60367,33,,,0,70,,60368,33,,,0,30,,60369,33,,,0,70,,60370,33,,,0,30,,60371,33,,,0,70,,60372,33,,,0,30,,60373,33,,,0,100,,60374,33,,,0,100,,60375,33,,,0
1901,'1386',627,,60376,33,,,0,30,,60377,33,,,0,70,,60378,33,,,0,30,,60379,33,,,0,70,,60380,33,,,0,30,,60381,33,,,0,70,,60382,33,,,0,30,,60383,33,,,0,70,,60384,33,,,0,30,,60385,33,,,0,70,,60386,33,,,0,30,,60387,33,,,0,70,,60388,33,,,0,30,,60389,33,,,0,70,,60390,33,,,0,30,,60391,33,,,0,70,,60392,33,,,0,30,,60393,33,,,0,70,,60394,33,,,0,30,,60395,33,,,0,70,,60396,33,,,0,30,,60397,33,,,0,70,,60398,33,,,0,30,,60399,33,,,0,70,,60400,33,,,0,30,,60401,33,,,0,70,,60402,33,,,0,30,,60403,33,,,0,70,,60404,33,,,0,30,,60405,33,,,0,70,,60406,33,,,0,30,,60407,33,,,0,100,,60408,33,,,0,100,,60409,33,,,0
1901,'1387',627,,60410,33,,,0,30,,60411,33,,,0,70,,60412,33,,,0,30,,60413,33,,,0,70,,60414,33,,,0,30,,60415,33,,,0,70,,60416,33,,,0,30,,60417,33,,,0,70,,60418,33,,,0,30,,60419,33,,,0,70,,60420,33,,,0,30,,60421,33,,,0,70,,60422,33,,,0,30,,60423,33,,,0,70,,60424,33,,,0,30,,60425,33,,,0,70,,60426,33,,,0,30,,60427,33,,,0,70,,60428,33,,,0,30,,60429,33,,,0,70,,60430,33,,,0,30,,60431,33,,,0,70,,60432,33,,,0,30,,60433,33,,,0,70,,60434,33,,,0,30,,60435,33,,,0,70,,60436,33,,,0,30,,60437,33,,,0,70,,60438,33,,,0,30,,60439,33,,,0,70,,60440,33,,,0,30,,60441,33,,,0,100,,60442,33,,,0,100,,60443,33,,,0
1901,'1388',627,,60444,33,,,0,30,,60445,33,,,0,70,,60446,33,,,0,30,,60447,33,,,0,70,,60448,33,,,0,30,,60449,33,,,0,70,,60450,33,,,0,30,,60451,33,,,0,70,,60452,33,,,0,30,,60453,33,,,0,70,,60454,33,,,0,30,,60455,33,,,0,70,,60456,33,,,0,30,,60457,33,,,0,70,,60458,33,,,0,30,,60459,33,,,0,70,,60460,33,,,0,30,,60461,33,,,0,70,,60462,33,,,0,30,,60463,33,,,0,70,,60464,33,,,0,30,,60465,33,,,0,70,,60466,33,,,0,30,,60467,33,,,0,70,,60468,33,,,0,30,,60469,33,,,0,70,,60470,33,,,0,30,,60471,33,,,0,70,,60472,33,,,0,30,,60473,33,,,0,70,,60474,33,,,0,30,,60475,33,,,0,100,,60476,33,,,0,100,,60477,33,,,0
1901,'1389',627,,60478,33,,,0,30,,60479,33,,,0,70,,60480,33,,,0,30,,60481,33,,,0,70,,60482,33,,,0,30,,60483,33,,,0,70,,60484,33,,,0,30,,60485,33,,,0,70,,60486,33,,,0,30,,60487,33,,,0,70,,60488,33,,,0,30,,60489,33,,,0,70,,60490,33,,,0,30,,60491,33,,,0,70,,60492,33,,,0,30,,60493,33,,,0,70,,60494,33,,,0,30,,60495,33,,,0,70,,60496,33,,,0,30,,60497,33,,,0,70,,60498,33,,,0,30,,60499,33,,,0,70,,60500,33,,,0,30,,60501,33,,,0,70,,60502,33,,,0,30,,60503,33,,,0,70,,60504,33,,,0,30,,60505,33,,,0,70,,60506,33,,,0,30,,60507,33,,,0,70,,60508,33,,,0,30,,60509,33,,,0,100,,60510,33,,,0,100,,60511,33,,,0
721404,'1383',907,,64224,8,0,14,0,110,,64223,8,0,14,0,110,,64222,8,0,14,0,110,,64221,8,0,14,0,110,,64228,8,0,14,0,110,,64227,8,0,14,0,150,,64226,8,0,14,0,110,,64225,8,0,14,0
721404,'1384',807,,64229,8,0,14,0,110,,64230,8,0,14,0,110,,64231,8,0,14,0,110,,64232,8,0,14,0,110,,64233,8,0,14,0,106,,64234,8,0,14,0,85,,64235,8,0,14,0,85,,64236,8,0,14,0,85,,64237,8,0,14,0,45,,64238,8,0,14,0,85,,64239,8,0,14,0,85,,64240,8,0,14,0,85,,64241,8,0,14,0
721404,'1385',628,,64242,8,0,14,0,95,,64243,8,0,14,0,85,,64244,8,0,14,0,45,,64245,8,0,14,0,85,,64246,8,0,14,0,85,,64247,8,0,14,0,85,,64248,8,0,14,0,45,,64249,8,0,14,0,85,,64250,8,0,14,0,85,,64251,8,0,14,0,85,,64252,8,0,14,0,45,,64253,8,0,14,0,85,,64254,8,0,14,0,85,,64255,8,0,14,0,85,,64256,8,0,14,0,45,,64257,8,0,14,0,85,,64258,8,0,14,0,85,,64259,8,0,14,0,85,,64260,8,0,14,0,45,,64261,8,0,14,0
721404,'1386',628,,64262,8,0,14,0,95,,64263,8,0,14,0,85,,64264,8,0,14,0,45,,64265,8,0,14,0,85,,64266,8,0,14,0,85,,64267,8,0,14,0,85,,64268,8,0,14,0,45,,64269,8,0,14,0,85,,64270,8,0,14,0,85,,64271,8,0,14,0,85,,64272,8,0,14,0,45,,64273,8,0,14,0,85,,64274,8,0,14,0,85,,64275,8,0,14,0,85,,64276,8,0,14,0,45,,64277,8,0,14,0,85,,64278,8,0,14,0,85,,64279,8,0,14,0,85,,64280,8,0,14,0,45,,64281,8,0,14,0
721404,'1387',628,,64282,8,0,14,0,95,,64283,8,0,14,0,85,,64284,8,0,14,0,45,,64285,8,0,14,0,85,,64286,8,0,14,0,85,,64287,8,0,14,0,85,,64288,8,0,14,0,45,,64289,8,0,14,0,85,,64290,8,0,14,0,85,,64291,8,0,14,0,85,,64292,8,0,14,0,45,,64293,8,0,14,0,85,,64294,8,0,14,0,85,,64295,8,0,14,0,85,,64296,8,0,14,0,45,,64297,8,0,14,0,85,,64298,8,0,14,0,85,,64299,8,0,14,0,85,,64300,8,0,14,0,45,,64301,8,0,14,0
721404,'1388',628,,64302,8,0,14,0,95,,64303,8,0,14,0,85,,64304,8,0,14,0,45,,64305,8,0,14,0,85,,64306,8,0,14,0,85,,64307,8,0,14,0,85,,64308,8,0,14,0,45,,64309,8,0,14,0,85,,64310,8,0,14,0,85,,64311,8,0,14,0,85,,64312,8,0,14,0,45,,64313,8,0,14,0,85,,64314,8,0,14,0,85,,64315,8,0,14,0,85,,64316,8,0,14,0,45,,64317,8,0,14,0,85,,64318,8,0,14,0,85,,64319,8,0,14,0,85,,64320,8,0,14,0,45,,64321,8,0,14,0
721404,'1389',628,,64322,8,0,14,0,95,,64323,8,0,14,0,85,,64324,8,0,14,0,45,,64325,8,0,14,0,85,,64326,8,0,14,0,85,,64327,8,0,14,0,85,,64328,8,0,14,0,45,,64329,8,0,14,0,85,,64330,8,0,14,0,85,,64331,8,0,14,0,85,,64332,8,0,14,0,45,,64333,8,0,14,0,85,,64334,8,0,14,0,85,,64335,8,0,14,0,85,,64336,8,0,14,0,45,,64337,8,0,14,0,85,,64338,8,0,14,0,85,,64339,8,0,14,0,85,,64340,8,0,14,0,45,,64341,8,0,14,0
