722501,'1392',543,,71889,38,0,17,0,160,,71890,38,0,17,0,100,,71891,38,0,17,0,100,,71892,38,0,17,0,100,,71893,38,0,17,0,100,,71894,38,0,17,0,100,,71895,38,0,17,0,100,,71896,38,0,17,0,100,,71897,38,0,17,0,100,,71898,38,0,17,0,100,,71899,38,0,17,0,100,,71900,38,0,17,0,100,,71901,38,0,17,0,100,,71902,38,0,17,0,100,,71903,38,0,17,0,100,,71904,38,0,17,0,100,,71905,38,0,17,0,100,,71906,38,0,17,0
722501,'1393',543,,71907,38,0,17,0,160,,71908,38,0,17,0,100,,71909,38,0,17,0,100,,71910,38,0,17,0,100,,71911,38,0,17,0,100,,71912,38,0,17,0,100,,71913,38,0,17,0,100,,71914,38,0,17,0,100,,71915,38,0,17,0,100,,71916,38,0,17,0,100,,71917,38,0,17,0,100,,71918,38,0,17,0,100,,71919,38,0,17,0,100,,71920,38,0,17,0,100,,71921,38,0,17,0,100,,71922,38,0,17,0,100,,71923,38,0,17,0,100,,71924,38,0,17,0
722501,'1394',543,,71925,38,0,17,0,160,,71926,38,0,17,0,100,,71927,38,0,17,0,100,,71928,38,0,17,0,100,,71929,38,0,17,0,100,,71930,38,0,17,0,100,,71931,38,0,17,0,100,,71932,38,0,17,0,100,,71933,38,0,17,0,100,,71934,38,0,17,0,100,,71935,38,0,17,0,100,,71936,38,0,17,0,100,,71937,38,0,17,0,100,,71938,38,0,17,0,100,,71939,38,0,17,0,100,,71940,38,0,17,0,100,,71941,38,0,17,0,100,,71942,38,0,17,0
722501,'1395',543,,71943,38,0,17,0,160,,71944,38,0,17,0,100,,71945,38,0,17,0,100,,71946,38,0,17,0,100,,71947,38,0,17,0,100,,71948,38,0,17,0,100,,71949,38,0,17,0,100,,71950,38,0,17,0,100,,71951,38,0,17,0,100,,71952,38,0,17,0,100,,71953,38,0,17,0,100,,71954,38,0,17,0,100,,71955,38,0,17,0,100,,71956,38,0,17,0,100,,71957,38,0,17,0,100,,71958,38,0,17,0,100,,71959,38,0,17,0,100,,71960,38,0,17,0
722501,'1396',543,,71961,38,0,17,0,160,,71962,38,0,17,0,100,,71963,38,0,17,0,100,,71964,38,0,17,0,100,,71965,38,0,17,0,100,,71966,38,0,17,0,100,,71967,38,0,17,0,100,,71968,38,0,17,0,100,,71969,38,0,17,0,100,,71970,38,0,17,0,100,,71971,38,0,17,0,100,,71972,38,0,17,0,100,,71973,38,0,17,0,100,,71974,38,0,17,0,100,,71975,38,0,17,0,100,,71976,38,0,17,0,100,,71977,38,0,17,0,100,,71978,38,0,17,0
722502,'1392',554,,71979,20,0,16,0,100,,71980,20,0,16,0,100,,71981,20,0,16,0,100,,71982,20,0,16,0,100,,71983,20,0,16,0,100,,71984,20,0,16,0,100,,71985,20,0,16,0,100,,71986,20,0,16,0,100,,71987,20,0,16,0,100,,71988,20,0,16,0,100,,71989,20,0,16,0,100,,71990,20,0,16,0,100,,71991,20,0,16,0,100,,71992,20,0,16,0,100,,71993,20,0,16,0,100,,71994,20,0,16,0,100,,71995,20,0,16,0,100,,71996,20,0,16,0
722502,'1393',554,,71997,20,0,16,0,100,,71998,20,0,16,0,100,,71999,20,0,16,0,100,,72000,20,0,16,0,100,,72001,20,0,16,0,100,,72002,20,0,16,0,100,,72003,20,0,16,0,100,,72004,20,0,16,0,100,,72005,20,0,16,0,100,,72006,20,0,16,0,100,,72007,20,0,16,0,100,,72008,20,0,16,0,100,,72009,20,0,16,0,100,,72010,20,0,16,0,100,,72011,20,0,16,0,100,,72012,20,0,16,0,100,,72013,20,0,16,0,100,,72014,20,0,16,0
722502,'1394',554,,72015,20,0,16,0,100,,72016,20,0,16,0,100,,72017,20,0,16,0,100,,72018,20,0,16,0,100,,72019,20,0,16,0,100,,72020,20,0,16,0,100,,72021,20,0,16,0,100,,72022,20,0,16,0,100,,72023,20,0,16,0,100,,72024,20,0,16,0,100,,72025,20,0,16,0,100,,72026,20,0,16,0,100,,72027,20,0,16,0,100,,72028,20,0,16,0,100,,72029,20,0,16,0,100,,72030,20,0,16,0,100,,72031,20,0,16,0,100,,72032,20,0,16,0
722502,'1395',554,,72033,20,0,16,0,100,,72034,20,0,16,0,100,,72035,20,0,16,0,100,,72036,20,0,16,0,100,,72037,20,0,16,0,100,,72038,20,0,16,0,100,,72039,20,0,16,0,100,,72040,20,0,16,0,100,,72041,20,0,16,0,100,,72042,20,0,16,0,100,,72043,20,0,16,0,100,,72044,20,0,16,0,100,,72045,20,0,16,0,100,,72046,20,0,16,0,100,,72047,20,0,16,0,100,,72048,20,0,16,0,100,,72049,20,0,16,0,100,,72050,20,0,16,0
722502,'1396',554,,72051,20,0,16,0,100,,72052,20,0,16,0,100,,72053,20,0,16,0,100,,72054,20,0,16,0,100,,72055,20,0,16,0,100,,72056,20,0,16,0,100,,72057,20,0,16,0,100,,72058,20,0,16,0,100,,72059,20,0,16,0,100,,72060,20,0,16,0,100,,72061,20,0,16,0,100,,72062,20,0,16,0,100,,72063,20,0,16,0,100,,72064,20,0,16,0,100,,72065,20,0,16,0,100,,72066,20,0,16,0,100,,72067,20,0,16,0,100,,72068,20,0,16,0
