1600,'1390',1047,,64907,20,,,0,70,,64906,20,,,0,85,,64905,20,,,0,30,,64904,20,,,0,70,,64903,20,,,0,30,,64902,20,,,0,70,,64901,20,,,0,30,,64900,20,,,0,70,,64899,20,,,0,30,,64898,20,,,0,70,,64897,20,,,0,30,,64896,20,,,0,70,,64895,20,,,0,20,,64894,20,,,0,10,,64893,20,,,0,70,,64892,20,,,0,20,,64891,20,,,0,10,,64890,20,,,0,70,,64889,20,,,0,30,,64888,20,,,0,70,,64887,20,,,0
1600,'1391',736,,64908,20,,,0,70,,64909,20,,,0,30,,64910,20,,,0,70,,64911,20,,,0,30,,64912,20,,,0,70,,64913,20,,,0,30,,64914,20,,,0,70,,64915,20,,,0,20,,64916,20,,,0,20,,64917,20,,,0,60,,64918,20,,,0,20,,64919,20,,,0,20,,64920,20,,,0,60,,64921,20,,,0,20,,64922,20,,,0,20,,64923,20,,,0,60,,64924,20,,,0,20,,64925,20,,,0,20,,64926,20,,,0,60,,64927,20,,,0,20,,64928,20,,,0,20,,64929,20,,,0,60,,64930,20,,,0,20,,64931,20,,,0,20,,64932,20,,,0,60,,64933,20,,,0,20,,64934,20,,,0,20,,64935,20,,,0,60,,64936,20,,,0,20,,64937,20,,,0,5,,64938,20,,,0,15,,64939,20,,,0,60,,64940,20,,,0,30,,64941,20,,,0,70,,64942,20,,,0,30,,64943,20,,,0,70,,64944,20,,,0,30,,64945,20,,,0,70,,64946,20,,,0,100,,64947,20,,,0
1600,'1392',644,,64949,20,,,0,74,,64948,20,,,0,31,,64950,20,,,0,60,,64951,20,,,0,20,,64952,20,,,0,20,,64953,20,,,0,60,,64954,20,,,0,20,,64955,20,,,0,20,,64956,20,,,0,60,,64957,20,,,0,20,,64958,20,,,0,20,,64959,20,,,0,60,,64960,20,,,0,20,,64961,20,,,0,20,,64962,20,,,0,60,,64963,20,,,0,20,,64964,20,,,0,20,,64965,20,,,0,60,,64966,20,,,0,20,,64967,20,,,0,20,,64968,20,,,0,60,,64969,20,,,0,20,,64970,20,,,0,20,,64971,20,,,0,60,,64972,20,,,0,20,,64973,20,,,0,20,,64974,20,,,0,60,,64975,20,,,0,20,,64976,20,,,0,20,,64977,20,,,0,60,,64978,20,,,0,20,,64979,20,,,0,20,,64980,20,,,0,60,,64981,20,,,0,20,,64982,20,,,0,20,,64983,20,,,0,55,,64984,20,,,0,30,,64985,20,,,0,70,,64986,20,,,0,30,,64987,20,,,0,70,,64988,20,,,0,30,,64989,20,,,0,70,,64990,20,,,0,100,,64991,20,,,0
1600,'1393',644,,64993,20,,,0,74,,64992,20,,,0,31,,64994,20,,,0,60,,64995,20,,,0,20,,64996,20,,,0,20,,64997,20,,,0,60,,64998,20,,,0,20,,64999,20,,,0,20,,65000,20,,,0,60,,65001,20,,,0,20,,65002,20,,,0,20,,65003,20,,,0,60,,65004,20,,,0,20,,65005,20,,,0,20,,65006,20,,,0,60,,65007,20,,,0,20,,65008,20,,,0,20,,65009,20,,,0,60,,65010,20,,,0,20,,65011,20,,,0,20,,65012,20,,,0,60,,65013,20,,,0,20,,65014,20,,,0,20,,65015,20,,,0,60,,65016,20,,,0,20,,65017,20,,,0,20,,65018,20,,,0,60,,65019,20,,,0,20,,65020,20,,,0,20,,65021,20,,,0,60,,65022,20,,,0,20,,65023,20,,,0,20,,65024,20,,,0,60,,65025,20,,,0,20,,65026,20,,,0,20,,65027,20,,,0,55,,65028,20,,,0,30,,65029,20,,,0,70,,65030,20,,,0,30,,65031,20,,,0,70,,65032,20,,,0,30,,65033,20,,,0,70,,65034,20,,,0,100,,65035,20,,,0
1600,'1394',644,,65037,20,,,0,74,,65036,20,,,0,31,,65038,20,,,0,60,,65039,20,,,0,20,,65040,20,,,0,20,,65041,20,,,0,60,,65042,20,,,0,20,,65043,20,,,0,20,,65044,20,,,0,60,,65045,20,,,0,20,,65046,20,,,0,20,,65047,20,,,0,60,,65048,20,,,0,20,,65049,20,,,0,20,,65050,20,,,0,60,,65051,20,,,0,20,,65052,20,,,0,20,,65053,20,,,0,60,,65054,20,,,0,20,,65055,20,,,0,20,,65056,20,,,0,60,,65057,20,,,0,20,,65058,20,,,0,20,,65059,20,,,0,60,,65060,20,,,0,20,,65061,20,,,0,20,,65062,20,,,0,60,,65063,20,,,0,20,,65064,20,,,0,20,,65065,20,,,0,60,,65066,20,,,0,20,,65067,20,,,0,20,,65068,20,,,0,60,,65069,20,,,0,20,,65070,20,,,0,20,,65071,20,,,0,55,,65072,20,,,0,30,,65073,20,,,0,70,,65074,20,,,0,30,,65075,20,,,0,70,,65076,20,,,0,30,,65077,20,,,0,70,,65078,20,,,0,100,,65079,20,,,0
1600,'1395',644,,65081,20,,,0,74,,65080,20,,,0,31,,65082,20,,,0,60,,65083,20,,,0,20,,65084,20,,,0,20,,65085,20,,,0,60,,65086,20,,,0,20,,65087,20,,,0,20,,65088,20,,,0,60,,65089,20,,,0,20,,65090,20,,,0,20,,65091,20,,,0,60,,65092,20,,,0,20,,65093,20,,,0,20,,65094,20,,,0,60,,65095,20,,,0,20,,65096,20,,,0,20,,65097,20,,,0,60,,65098,20,,,0,20,,65099,20,,,0,20,,65100,20,,,0,60,,65101,20,,,0,20,,65102,20,,,0,20,,65103,20,,,0,60,,65104,20,,,0,20,,65105,20,,,0,20,,65106,20,,,0,60,,65107,20,,,0,20,,65108,20,,,0,20,,65109,20,,,0,60,,65110,20,,,0,20,,65111,20,,,0,20,,65112,20,,,0,60,,65113,20,,,0,20,,65114,20,,,0,20,,65115,20,,,0,55,,65116,20,,,0,30,,65117,20,,,0,70,,65118,20,,,0,30,,65119,20,,,0,70,,65120,20,,,0,30,,65121,20,,,0,70,,65122,20,,,0,100,,65123,20,,,0
1600,'1396',644,,65125,20,,,0,74,,65124,20,,,0,31,,65126,20,,,0,60,,65127,20,,,0,20,,65128,20,,,0,20,,65129,20,,,0,60,,65130,20,,,0,20,,65131,20,,,0,20,,65132,20,,,0,60,,65133,20,,,0,20,,65134,20,,,0,20,,65135,20,,,0,60,,65136,20,,,0,20,,65137,20,,,0,20,,65138,20,,,0,60,,65139,20,,,0,20,,65140,20,,,0,20,,65141,20,,,0,60,,65142,20,,,0,20,,65143,20,,,0,20,,65144,20,,,0,60,,65145,20,,,0,20,,65146,20,,,0,20,,65147,20,,,0,60,,65148,20,,,0,20,,65149,20,,,0,20,,65150,20,,,0,60,,65151,20,,,0,20,,65152,20,,,0,20,,65153,20,,,0,60,,65154,20,,,0,20,,65155,20,,,0,20,,65156,20,,,0,60,,65157,20,,,0,20,,65158,20,,,0,20,,65159,20,,,0,55,,65160,20,,,0,30,,65161,20,,,0,70,,65162,20,,,0,30,,65163,20,,,0,70,,65164,20,,,0,30,,65165,20,,,0,70,,65166,20,,,0,100,,65167,20,,,0
1700,'1390',637,,65455,57,,,0,100,,65454,57,,,0,100,,65453,57,,,0,100,,65452,57,,,0,113,,65470,57,,,0,80,,65469,57,,,0,80,,65468,57,,,0,40,,65467,57,,,0,80,,65466,57,,,0,80,,65465,57,,,0,40,,65464,57,,,0,80,,65463,57,,,0,80,,65462,57,,,0,40,,65461,57,,,0,80,,65460,57,,,0,80,,65459,57,,,0,40,,65458,57,,,0,80,,65457,57,,,0,80,,65456,57,,,0
1700,'1391',558,,65471,57,,,0,74,,65472,57,,,0,70,,65473,57,,,0,30,,65474,57,,,0,70,,65475,57,,,0,30,,65476,57,,,0,70,,65477,57,,,0,30,,65478,57,,,0,70,,65479,57,,,0,30,,65480,57,,,0,78,,65489,57,,,0,20,,65490,57,,,0,20,,65491,57,,,0,60,,65492,57,,,0,20,,65493,57,,,0,20,,65494,57,,,0,60,,65495,57,,,0,20,,65496,57,,,0,20,,65497,57,,,0,60,,65498,57,,,0,20,,65499,57,,,0,20,,65500,57,,,0,60,,65501,57,,,0,20,,65502,57,,,0,20,,65503,57,,,0,60,,65504,57,,,0,20,,65505,57,,,0,20,,65506,57,,,0,60,,65507,57,,,0,20,,65508,57,,,0,20,,65509,57,,,0,60,,65510,57,,,0,20,,65511,57,,,0,20,,65512,57,,,0,55,,65513,57,,,0,30,,65514,57,,,0,70,,65515,57,,,0,30,,65516,57,,,0,70,,65517,57,,,0,27,,65481,57,,,0,70,,65482,57,,,0,30,,65483,57,,,0,70,,65484,57,,,0,30,,65485,57,,,0,70,,65486,57,,,0,30,,65487,57,,,0,70,,65488,57,,,0
1700,'1392',559,,65518,57,,,0,67,,65519,18,,,0,18,,65520,57,,,0,15,,65521,57,,,0,55,,65522,57,,,0,15,,65523,57,,,0,15,,65524,57,,,0,10,,65525,57,,,0,50,,65526,57,,,0,10,,65527,57,,,0,10,,65528,57,,,0,10,,65529,57,,,0,10,,65530,57,,,0,10,,65531,57,,,0,50,,65532,57,,,0,10,,65533,57,,,0,10,,65534,57,,,0,10,,65535,57,,,0,10,,65536,57,,,0,10,,65537,57,,,0,50,,65538,57,,,0,10,,65539,57,,,0,10,,65540,57,,,0,10,,65541,57,,,0,10,,65542,57,,,0,10,,65543,57,,,0,50,,65544,57,,,0,10,,65545,57,,,0,10,,65546,57,,,0,10,,65547,57,,,0,10,,65548,57,,,0,10,,65549,57,,,0,50,,65550,57,,,0,10,,65551,57,,,0,10,,65552,57,,,0,10,,65553,57,,,0,10,,65554,57,,,0,10,,65555,57,,,0,50,,65556,57,,,0,10,,65557,57,,,0,10,,65558,57,,,0,10,,65559,57,,,0,10,,65560,57,,,0,10,,65561,57,,,0,50,,65562,57,,,0,10,,65563,57,,,0,10,,65564,57,,,0,10,,65565,57,,,0,10,,65566,57,,,0,10,,65567,57,,,0,50,,65568,57,,,0,10,,65569,57,,,0,10,,65570,57,,,0,10,,65571,57,,,0,10,,65572,57,,,0,10,,65573,57,,,0,50,,65574,57,,,0,10,,65575,57,,,0,10,,65576,57,,,0,10,,65577,57,,,0,10,,65578,57,,,0,10,,65579,57,,,0,50,,65580,57,,,0,10,,65581,57,,,0,10,,65582,57,,,0,10,,65583,57,,,0,10,,65584,57,,,0,10,,65585,57,,,0,50,,65586,57,,,0,10,,65587,57,,,0,10,,65588,57,,,0,10,,65589,57,,,0,10,,65590,57,,,0,15,,65591,57,,,0,55,,65592,57,,,0,15,,65593,57,,,0,30,,65594,57,,,0,70,,65595,57,,,0,30,,65596,57,,,0,70,,65597,57,,,0,30,,65598,57,,,0,70,,65599,57,,,0,30,,65600,57,,,0,70,,65601,57,,,0,30,,65602,57,,,0,70,,65603,57,,,0,30,,65604,57,,,0
1700,'1393',559,,65605,57,,,0,67,,65606,18,,,0,18,,65607,57,,,0,15,,65608,57,,,0,55,,65609,57,,,0,15,,65610,57,,,0,15,,65611,57,,,0,10,,65612,57,,,0,50,,65613,57,,,0,10,,65614,57,,,0,10,,65615,57,,,0,10,,65616,57,,,0,10,,65617,57,,,0,10,,65618,57,,,0,50,,65619,57,,,0,10,,65620,57,,,0,10,,65621,57,,,0,10,,65622,57,,,0,10,,65623,57,,,0,10,,65624,57,,,0,50,,65625,57,,,0,10,,65626,57,,,0,10,,65627,57,,,0,10,,65628,57,,,0,10,,65629,57,,,0,10,,65630,57,,,0,50,,65631,57,,,0,10,,65632,57,,,0,10,,65633,57,,,0,10,,65634,57,,,0,10,,65635,57,,,0,10,,65636,57,,,0,50,,65637,57,,,0,10,,65638,57,,,0,10,,65639,57,,,0,10,,65640,57,,,0,10,,65641,57,,,0,10,,65642,57,,,0,50,,65643,57,,,0,10,,65644,57,,,0,10,,65645,57,,,0,10,,65646,57,,,0,10,,65647,57,,,0,10,,65648,57,,,0,50,,65649,57,,,0,10,,65650,57,,,0,10,,65651,57,,,0,10,,65652,57,,,0,10,,65653,57,,,0,10,,65654,57,,,0,50,,65655,57,,,0,10,,65656,57,,,0,10,,65657,57,,,0,10,,65658,57,,,0,10,,65659,57,,,0,10,,65660,57,,,0,50,,65661,57,,,0,10,,65662,57,,,0,10,,65663,57,,,0,10,,65664,57,,,0,10,,65665,57,,,0,10,,65666,57,,,0,50,,65667,57,,,0,10,,65668,57,,,0,10,,65669,57,,,0,10,,65670,57,,,0,10,,65671,57,,,0,10,,65672,57,,,0,50,,65673,57,,,0,10,,65674,57,,,0,10,,65675,57,,,0,10,,65676,57,,,0,10,,65677,57,,,0,15,,65678,57,,,0,55,,65679,57,,,0,15,,65680,57,,,0,30,,65681,57,,,0,70,,65682,57,,,0,30,,65683,57,,,0,70,,65684,57,,,0,30,,65685,57,,,0,70,,65686,57,,,0,30,,65687,57,,,0,70,,65688,57,,,0,30,,65689,57,,,0,70,,65690,57,,,0,30,,65691,57,,,0
1700,'1394',559,,65692,57,,,0,67,,65693,18,,,0,18,,65694,57,,,0,15,,65695,57,,,0,55,,65696,57,,,0,15,,65697,57,,,0,15,,65698,57,,,0,10,,65699,57,,,0,50,,65700,57,,,0,10,,65701,57,,,0,10,,65702,57,,,0,10,,65703,57,,,0,10,,65704,57,,,0,10,,65705,57,,,0,50,,65706,57,,,0,10,,65707,57,,,0,10,,65708,57,,,0,10,,65709,57,,,0,10,,65710,57,,,0,10,,65711,57,,,0,50,,65712,57,,,0,10,,65713,57,,,0,10,,65714,57,,,0,10,,65715,57,,,0,10,,65716,57,,,0,10,,65717,57,,,0,50,,65718,57,,,0,10,,65719,57,,,0,10,,65720,57,,,0,10,,65721,57,,,0,10,,65722,57,,,0,10,,65723,57,,,0,50,,65724,57,,,0,10,,65725,57,,,0,10,,65726,57,,,0,10,,65727,57,,,0,10,,65728,57,,,0,10,,65729,57,,,0,50,,65730,57,,,0,10,,65731,57,,,0,10,,65732,57,,,0,10,,65733,57,,,0,10,,65734,57,,,0,10,,65735,57,,,0,50,,65736,57,,,0,10,,65737,57,,,0,10,,65738,57,,,0,10,,65739,57,,,0,10,,65740,57,,,0,10,,65741,57,,,0,50,,65742,57,,,0,10,,65743,57,,,0,10,,65744,57,,,0,10,,65745,57,,,0,10,,65746,57,,,0,10,,65747,57,,,0,50,,65748,57,,,0,10,,65749,57,,,0,10,,65750,57,,,0,10,,65751,57,,,0,10,,65752,57,,,0,10,,65753,57,,,0,50,,65754,57,,,0,10,,65755,57,,,0,10,,65756,57,,,0,10,,65757,57,,,0,10,,65758,57,,,0,10,,65759,57,,,0,50,,65760,57,,,0,10,,65761,57,,,0,10,,65762,57,,,0,10,,65763,57,,,0,10,,65764,57,,,0,15,,65765,57,,,0,55,,65766,57,,,0,15,,65767,57,,,0,30,,65768,57,,,0,70,,65769,57,,,0,30,,65770,57,,,0,70,,65771,57,,,0,30,,65772,57,,,0,70,,65773,57,,,0,30,,65774,57,,,0,70,,65775,57,,,0,30,,65776,57,,,0,70,,65777,57,,,0,30,,65778,57,,,0
1700,'1395',559,,65779,57,,,0,67,,65780,18,,,0,18,,65781,57,,,0,15,,65782,57,,,0,55,,65783,57,,,0,15,,65784,57,,,0,15,,65785,57,,,0,10,,65786,57,,,0,50,,65787,57,,,0,10,,65788,57,,,0,10,,65789,57,,,0,10,,65790,57,,,0,10,,65791,57,,,0,10,,65792,57,,,0,50,,65793,57,,,0,10,,65794,57,,,0,10,,65795,57,,,0,10,,65796,57,,,0,10,,65797,57,,,0,10,,65798,57,,,0,50,,65799,57,,,0,10,,65800,57,,,0,10,,65801,57,,,0,10,,65802,57,,,0,10,,65803,57,,,0,10,,65804,57,,,0,50,,65805,57,,,0,10,,65806,57,,,0,10,,65807,57,,,0,10,,65808,57,,,0,10,,65809,57,,,0,10,,65810,57,,,0,50,,65811,57,,,0,10,,65812,57,,,0,10,,65813,57,,,0,10,,65814,57,,,0,10,,65815,57,,,0,10,,65816,57,,,0,50,,65817,57,,,0,10,,65818,57,,,0,10,,65819,57,,,0,10,,65820,57,,,0,10,,65821,57,,,0,10,,65822,57,,,0,50,,65823,57,,,0,10,,65824,57,,,0,10,,65825,57,,,0,10,,65826,57,,,0,10,,65827,57,,,0,10,,65828,57,,,0,50,,65829,57,,,0,10,,65830,57,,,0,10,,65831,57,,,0,10,,65832,57,,,0,10,,65833,57,,,0,10,,65834,57,,,0,50,,65835,57,,,0,10,,65836,57,,,0,10,,65837,57,,,0,10,,65838,57,,,0,10,,65839,57,,,0,10,,65840,57,,,0,50,,65841,57,,,0,10,,65842,57,,,0,10,,65843,57,,,0,10,,65844,57,,,0,10,,65845,57,,,0,10,,65846,57,,,0,50,,65847,57,,,0,10,,65848,57,,,0,10,,65849,57,,,0,10,,65850,57,,,0,10,,65851,57,,,0,15,,65852,57,,,0,55,,65853,57,,,0,15,,65854,57,,,0,30,,65855,57,,,0,70,,65856,57,,,0,30,,65857,57,,,0,70,,65858,57,,,0,30,,65859,57,,,0,70,,65860,57,,,0,30,,65861,57,,,0,70,,65862,57,,,0,30,,65863,57,,,0,70,,65864,57,,,0,30,,65865,57,,,0
1700,'1396',559,,65866,57,,,0,67,,65867,18,,,0,18,,65868,57,,,0,15,,65869,57,,,0,55,,65870,57,,,0,15,,65871,57,,,0,15,,65872,57,,,0,10,,65873,57,,,0,50,,65874,57,,,0,10,,65875,57,,,0,10,,65876,57,,,0,10,,65877,57,,,0,10,,65878,57,,,0,10,,65879,57,,,0,50,,65880,57,,,0,10,,65881,57,,,0,10,,65882,57,,,0,10,,65883,57,,,0,10,,65884,57,,,0,10,,65885,57,,,0,50,,65886,57,,,0,10,,65887,57,,,0,10,,65888,57,,,0,10,,65889,57,,,0,10,,65890,57,,,0,10,,65891,57,,,0,50,,65892,57,,,0,10,,65893,57,,,0,10,,65894,57,,,0,10,,65895,57,,,0,10,,65896,57,,,0,10,,65897,57,,,0,50,,65898,57,,,0,10,,65899,57,,,0,10,,65900,57,,,0,10,,65901,57,,,0,10,,65902,57,,,0,10,,65903,57,,,0,50,,65904,57,,,0,10,,65905,57,,,0,10,,65906,57,,,0,10,,65907,57,,,0,10,,65908,57,,,0,10,,65909,57,,,0,50,,65910,57,,,0,10,,65911,57,,,0,10,,65912,57,,,0,10,,65913,57,,,0,10,,65914,57,,,0,10,,65915,57,,,0,50,,65916,57,,,0,10,,65917,57,,,0,10,,65918,57,,,0,10,,65919,57,,,0,10,,65920,57,,,0,10,,65921,57,,,0,50,,65922,57,,,0,10,,65923,57,,,0,10,,65924,57,,,0,10,,65925,57,,,0,10,,65926,57,,,0,10,,65927,57,,,0,50,,65928,57,,,0,10,,65929,57,,,0,10,,65930,57,,,0,10,,65931,57,,,0,10,,65932,57,,,0,10,,65933,57,,,0,50,,65934,57,,,0,10,,65935,57,,,0,10,,65936,57,,,0,10,,65937,57,,,0,10,,65938,57,,,0,15,,65939,57,,,0,55,,65940,57,,,0,15,,65941,57,,,0,30,,65942,57,,,0,70,,65943,57,,,0,30,,65944,57,,,0,70,,65945,57,,,0,30,,65946,57,,,0,70,,65947,57,,,0,30,,65948,57,,,0,70,,65949,57,,,0,30,,65950,57,,,0,70,,65951,57,,,0,30,,65952,57,,,0
2000,'1390',1014,,67728,73,,,0,45,,67727,73,,,0,85,,67726,73,,,0,85,,67725,73,,,0,85,,67724,73,,,0,45,,67723,73,,,0,85,,67722,73,,,0,85,,67721,73,,,0,85,,67720,73,,,0,45,,67719,73,,,0,86,,67718,73,,,0,84,,67717,73,,,0,85,,67716,73,,,0,45,,67715,73,,,0,85,,67714,73,,,0
2000,'1391',719,,67731,73,,,0,85,,67732,73,,,0,45,,67733,73,,,0,85,,67734,73,,,0,15,,67735,73,,,0,70,,67736,73,,,0,40,,67737,73,,,0,70,,67738,73,,,0,30,,67739,73,,,0,70,,67740,73,,,0,80,,67741,73,,,0,30,,67742,73,,,0,70,,67743,73,,,0,30,,67744,73,,,0,80,,67745,73,,,0,30,,67746,73,,,0,70,,67747,73,,,0,30,,67748,73,,,0,80,,67749,73,,,0,30,,67750,73,,,0,70,,67751,73,,,0,30,,67752,73,,,0,80,,67753,73,,,0,75,,67754,73,,,0,45,,67755,73,,,0,85,,67756,73,,,0,85,,67757,73,,,0,85,,67758,73,,,0,45,,67759,73,,,0,85,,67760,73,,,0
2000,'1392',646,,67771,75,,,0,60,,67772,75,,,0,20,,67773,75,,,0,20,,67774,75,,,0,60,,67775,75,,,0,20,,67776,75,,,0,20,,67777,75,,,0,60,,67778,75,,,0,20,,67779,75,,,0,20,,67780,75,,,0,60,,67781,75,,,0,20,,67782,75,,,0,20,,67783,75,,,0,60,,67784,75,,,0,20,,67785,75,,,0,20,,67786,75,,,0,60,,67787,75,,,0,20,,67788,75,,,0,20,,67789,75,,,0,60,,67790,75,,,0,20,,67791,75,,,0,20,,67792,75,,,0,60,,67793,75,,,0,20,,67794,75,,,0,20,,67795,75,,,0,60,,67796,75,,,0,20,,67797,75,,,0,20,,67798,75,,,0,60,,67799,75,,,0,20,,67800,75,,,0,20,,67801,75,,,0,60,,67802,75,,,0,20,,67803,75,,,0,20,,67804,75,,,0,60,,67805,75,,,0,20,,67806,75,,,0,20,,67807,75,,,0,60,,67808,75,,,0,18,,67762,73,,,0,35,,67763,73,,,0,85,,67764,73,,,0,85,,67765,73,,,0,85,,67766,73,,,0,45,,67767,73,,,0,85,,67768,73,,,0,85,,67769,73,,,0,85,,67770,73,,,0
2000,'1393',646,,67819,75,,,0,60,,67820,75,,,0,20,,67821,75,,,0,20,,67822,75,,,0,60,,67823,75,,,0,20,,67824,75,,,0,20,,67825,75,,,0,60,,67826,75,,,0,20,,67827,75,,,0,20,,67828,75,,,0,60,,67829,75,,,0,20,,67830,75,,,0,20,,67831,75,,,0,60,,67832,75,,,0,20,,67833,75,,,0,20,,67834,75,,,0,60,,67835,75,,,0,20,,67836,75,,,0,20,,67837,75,,,0,60,,67838,75,,,0,20,,67839,75,,,0,20,,67840,75,,,0,60,,67841,75,,,0,20,,67842,75,,,0,20,,67843,75,,,0,60,,67844,75,,,0,20,,67845,75,,,0,20,,67846,75,,,0,60,,67847,75,,,0,20,,67848,75,,,0,20,,67849,75,,,0,60,,67850,75,,,0,20,,67851,75,,,0,20,,67852,75,,,0,60,,67853,75,,,0,20,,67854,75,,,0,20,,67855,75,,,0,60,,67856,75,,,0,18,,67810,73,,,0,35,,67811,73,,,0,85,,67812,73,,,0,85,,67813,73,,,0,85,,67814,73,,,0,45,,67815,73,,,0,85,,67816,73,,,0,85,,67817,73,,,0,85,,67818,73,,,0
2000,'1394',646,,67867,75,,,0,60,,67868,75,,,0,20,,67869,75,,,0,20,,67870,75,,,0,60,,67871,75,,,0,20,,67872,75,,,0,20,,67873,75,,,0,60,,67874,75,,,0,20,,67875,75,,,0,20,,67876,75,,,0,60,,67877,75,,,0,20,,67878,75,,,0,20,,67879,75,,,0,60,,67880,75,,,0,20,,67881,75,,,0,20,,67882,75,,,0,60,,67883,75,,,0,20,,67884,75,,,0,20,,67885,75,,,0,60,,67886,75,,,0,20,,67887,75,,,0,20,,67888,75,,,0,60,,67889,75,,,0,20,,67890,75,,,0,20,,67891,75,,,0,60,,67892,75,,,0,20,,67893,75,,,0,20,,67894,75,,,0,60,,67895,75,,,0,20,,67896,75,,,0,20,,67897,75,,,0,60,,67898,75,,,0,20,,67899,75,,,0,20,,67900,75,,,0,60,,67901,75,,,0,20,,67902,75,,,0,20,,67903,75,,,0,60,,67904,75,,,0,18,,67858,73,,,0,35,,67859,73,,,0,85,,67860,73,,,0,85,,67861,73,,,0,85,,67862,73,,,0,45,,67863,73,,,0,85,,67864,73,,,0,85,,67865,73,,,0,85,,67866,73,,,0
2000,'1395',646,,67915,75,,,0,60,,67916,75,,,0,20,,67917,75,,,0,20,,67918,75,,,0,60,,67919,75,,,0,20,,67920,75,,,0,20,,67921,75,,,0,60,,67922,75,,,0,20,,67923,75,,,0,20,,67924,75,,,0,60,,67925,75,,,0,20,,67926,75,,,0,20,,67927,75,,,0,60,,67928,75,,,0,20,,67929,75,,,0,20,,67930,75,,,0,60,,67931,75,,,0,20,,67932,75,,,0,20,,67933,75,,,0,60,,67934,75,,,0,20,,67935,75,,,0,20,,67936,75,,,0,60,,67937,75,,,0,20,,67938,75,,,0,20,,67939,75,,,0,60,,67940,75,,,0,20,,67941,75,,,0,20,,67942,75,,,0,60,,67943,75,,,0,20,,67944,75,,,0,20,,67945,75,,,0,60,,67946,75,,,0,20,,67947,75,,,0,20,,67948,75,,,0,60,,67949,75,,,0,20,,67950,75,,,0,20,,67951,75,,,0,60,,67952,75,,,0,18,,67906,73,,,0,35,,67907,73,,,0,85,,67908,73,,,0,85,,67909,73,,,0,85,,67910,73,,,0,45,,67911,73,,,0,85,,67912,73,,,0,85,,67913,73,,,0,85,,67914,73,,,0
2000,'1396',646,,67963,75,,,0,60,,67964,75,,,0,20,,67965,75,,,0,20,,67966,75,,,0,60,,67967,75,,,0,20,,67968,75,,,0,20,,67969,75,,,0,60,,67970,75,,,0,20,,67971,75,,,0,20,,67972,75,,,0,60,,67973,75,,,0,20,,67974,75,,,0,20,,67975,75,,,0,60,,67976,75,,,0,20,,67977,75,,,0,20,,67978,75,,,0,60,,67979,75,,,0,20,,67980,75,,,0,20,,67981,75,,,0,60,,67982,75,,,0,20,,67983,75,,,0,20,,67984,75,,,0,60,,67985,75,,,0,20,,67986,75,,,0,20,,67987,75,,,0,60,,67988,75,,,0,20,,67989,75,,,0,20,,67990,75,,,0,60,,67991,75,,,0,20,,67992,75,,,0,20,,67993,75,,,0,60,,67994,75,,,0,20,,67995,75,,,0,20,,67996,75,,,0,60,,67997,75,,,0,20,,67998,75,,,0,20,,67999,75,,,0,60,,68000,75,,,0,18,,67954,73,,,0,35,,67955,73,,,0,85,,67956,73,,,0,85,,67957,73,,,0,85,,67958,73,,,0,45,,67959,73,,,0,85,,67960,73,,,0,85,,67961,73,,,0,85,,67962,73,,,0
