1700,'1390',607,,65455,14,,,0,100,,65454,14,,,0,100,,65453,14,,,0,100,,65452,14,,,0,101,,65470,14,,,0,40,,65469,14,,,0,80,,65468,14,,,0,80,,65467,14,,,0,40,,65466,14,,,0,80,,65465,14,,,0,80,,65464,14,,,0,40,,65463,14,,,0,80,,65462,14,,,0,80,,65461,14,,,0,40,,65460,14,,,0,80,,65459,14,,,0,80,,65458,14,,,0,40,,65457,14,,,0,80,,65456,14,,,0
1700,'1391',526,,65471,14,,,0,27,,65472,14,,,0,70,,65473,14,,,0,30,,65474,14,,,0,70,,65475,14,,,0,30,,65476,14,,,0,70,,65477,14,,,0,30,,65478,14,,,0,70,,65479,14,,,0,30,,65480,14,,,0,76,,65489,14,,,0,20,,65490,14,,,0,60,,65491,14,,,0,20,,65492,14,,,0,20,,65493,14,,,0,60,,65494,14,,,0,20,,65495,14,,,0,20,,65496,14,,,0,60,,65497,14,,,0,20,,65498,14,,,0,20,,65499,14,,,0,60,,65500,14,,,0,20,,65501,14,,,0,20,,65502,14,,,0,60,,65503,14,,,0,20,,65504,14,,,0,20,,65505,14,,,0,60,,65506,14,,,0,20,,65507,14,,,0,20,,65508,14,,,0,60,,65509,14,,,0,20,,65510,14,,,0,20,,65511,14,,,0,60,,65512,14,,,0,15,,65513,14,,,0,30,,65514,14,,,0,70,,65515,14,,,0,30,,65516,14,,,0,70,,65517,14,,,0,29,,65481,14,,,0,70,,65482,14,,,0,30,,65483,14,,,0,70,,65484,14,,,0,30,,65485,14,,,0,70,,65486,14,,,0,30,,65487,14,,,0,70,,65488,14,,,0
1700,'1392',527,,65518,14,,,0,80,,65520,14,,,0,15,,65521,14,,,0,15,,65522,14,,,0,15,,65523,14,,,0,55,,65524,14,,,0,10,,65525,14,,,0,10,,65526,14,,,0,10,,65527,14,,,0,10,,65528,14,,,0,10,,65529,14,,,0,50,,65530,14,,,0,10,,65531,14,,,0,10,,65532,14,,,0,10,,65533,14,,,0,10,,65534,14,,,0,10,,65535,14,,,0,50,,65536,14,,,0,10,,65537,14,,,0,10,,65538,14,,,0,10,,65539,14,,,0,10,,65540,14,,,0,10,,65541,14,,,0,50,,65542,14,,,0,10,,65543,14,,,0,10,,65544,14,,,0,10,,65545,14,,,0,10,,65546,14,,,0,10,,65547,14,,,0,50,,65548,14,,,0,10,,65549,14,,,0,10,,65550,14,,,0,10,,65551,14,,,0,10,,65552,14,,,0,10,,65553,14,,,0,50,,65554,14,,,0,10,,65555,14,,,0,10,,65556,14,,,0,10,,65557,14,,,0,10,,65558,14,,,0,10,,65559,14,,,0,50,,65560,14,,,0,10,,65561,14,,,0,10,,65562,14,,,0,10,,65563,14,,,0,10,,65564,14,,,0,10,,65565,14,,,0,50,,65566,14,,,0,10,,65567,14,,,0,10,,65568,14,,,0,10,,65569,14,,,0,10,,65570,14,,,0,10,,65571,14,,,0,50,,65572,14,,,0,10,,65573,14,,,0,10,,65574,14,,,0,10,,65575,14,,,0,10,,65576,14,,,0,10,,65577,14,,,0,50,,65578,14,,,0,10,,65579,14,,,0,10,,65580,14,,,0,10,,65581,14,,,0,10,,65582,14,,,0,10,,65583,14,,,0,50,,65584,14,,,0,10,,65585,14,,,0,10,,65586,14,,,0,10,,65587,14,,,0,10,,65588,14,,,0,10,,65589,14,,,0,50,,65590,14,,,0,15,,65591,14,,,0,15,,65592,14,,,0,15,,65593,14,,,0,70,,65594,14,,,0,30,,65595,14,,,0,70,,65596,14,,,0,30,,65597,14,,,0,70,,65598,14,,,0,30,,65599,14,,,0,70,,65600,14,,,0,30,,65601,14,,,0,70,,65602,14,,,0,30,,65603,14,,,0,70,,65604,14,,,0
1700,'1393',527,,65605,14,,,0,80,,65607,14,,,0,15,,65608,14,,,0,15,,65609,14,,,0,15,,65610,14,,,0,55,,65611,14,,,0,10,,65612,14,,,0,10,,65613,14,,,0,10,,65614,14,,,0,10,,65615,14,,,0,10,,65616,14,,,0,50,,65617,14,,,0,10,,65618,14,,,0,10,,65619,14,,,0,10,,65620,14,,,0,10,,65621,14,,,0,10,,65622,14,,,0,50,,65623,14,,,0,10,,65624,14,,,0,10,,65625,14,,,0,10,,65626,14,,,0,10,,65627,14,,,0,10,,65628,14,,,0,50,,65629,14,,,0,10,,65630,14,,,0,10,,65631,14,,,0,10,,65632,14,,,0,10,,65633,14,,,0,10,,65634,14,,,0,50,,65635,14,,,0,10,,65636,14,,,0,10,,65637,14,,,0,10,,65638,14,,,0,10,,65639,14,,,0,10,,65640,14,,,0,50,,65641,14,,,0,10,,65642,14,,,0,10,,65643,14,,,0,10,,65644,14,,,0,10,,65645,14,,,0,10,,65646,14,,,0,50,,65647,14,,,0,10,,65648,14,,,0,10,,65649,14,,,0,10,,65650,14,,,0,10,,65651,14,,,0,10,,65652,14,,,0,50,,65653,14,,,0,10,,65654,14,,,0,10,,65655,14,,,0,10,,65656,14,,,0,10,,65657,14,,,0,10,,65658,14,,,0,50,,65659,14,,,0,10,,65660,14,,,0,10,,65661,14,,,0,10,,65662,14,,,0,10,,65663,14,,,0,10,,65664,14,,,0,50,,65665,14,,,0,10,,65666,14,,,0,10,,65667,14,,,0,10,,65668,14,,,0,10,,65669,14,,,0,10,,65670,14,,,0,50,,65671,14,,,0,10,,65672,14,,,0,10,,65673,14,,,0,10,,65674,14,,,0,10,,65675,14,,,0,10,,65676,14,,,0,50,,65677,14,,,0,15,,65678,14,,,0,15,,65679,14,,,0,15,,65680,14,,,0,70,,65681,14,,,0,30,,65682,14,,,0,70,,65683,14,,,0,30,,65684,14,,,0,70,,65685,14,,,0,30,,65686,14,,,0,70,,65687,14,,,0,30,,65688,14,,,0,70,,65689,14,,,0,30,,65690,14,,,0,70,,65691,14,,,0
1700,'1394',527,,65692,14,,,0,80,,65694,14,,,0,15,,65695,14,,,0,15,,65696,14,,,0,15,,65697,14,,,0,55,,65698,14,,,0,10,,65699,14,,,0,10,,65700,14,,,0,10,,65701,14,,,0,10,,65702,14,,,0,10,,65703,14,,,0,50,,65704,14,,,0,10,,65705,14,,,0,10,,65706,14,,,0,10,,65707,14,,,0,10,,65708,14,,,0,10,,65709,14,,,0,50,,65710,14,,,0,10,,65711,14,,,0,10,,65712,14,,,0,10,,65713,14,,,0,10,,65714,14,,,0,10,,65715,14,,,0,50,,65716,14,,,0,10,,65717,14,,,0,10,,65718,14,,,0,10,,65719,14,,,0,10,,65720,14,,,0,10,,65721,14,,,0,50,,65722,14,,,0,10,,65723,14,,,0,10,,65724,14,,,0,10,,65725,14,,,0,10,,65726,14,,,0,10,,65727,14,,,0,50,,65728,14,,,0,10,,65729,14,,,0,10,,65730,14,,,0,10,,65731,14,,,0,10,,65732,14,,,0,10,,65733,14,,,0,50,,65734,14,,,0,10,,65735,14,,,0,10,,65736,14,,,0,10,,65737,14,,,0,10,,65738,14,,,0,10,,65739,14,,,0,50,,65740,14,,,0,10,,65741,14,,,0,10,,65742,14,,,0,10,,65743,14,,,0,10,,65744,14,,,0,10,,65745,14,,,0,50,,65746,14,,,0,10,,65747,14,,,0,10,,65748,14,,,0,10,,65749,14,,,0,10,,65750,14,,,0,10,,65751,14,,,0,50,,65752,14,,,0,10,,65753,14,,,0,10,,65754,14,,,0,10,,65755,14,,,0,10,,65756,14,,,0,10,,65757,14,,,0,50,,65758,14,,,0,10,,65759,14,,,0,10,,65760,14,,,0,10,,65761,14,,,0,10,,65762,14,,,0,10,,65763,14,,,0,50,,65764,14,,,0,15,,65765,14,,,0,15,,65766,14,,,0,15,,65767,14,,,0,70,,65768,14,,,0,30,,65769,14,,,0,70,,65770,14,,,0,30,,65771,14,,,0,70,,65772,14,,,0,30,,65773,14,,,0,70,,65774,14,,,0,30,,65775,14,,,0,70,,65776,14,,,0,30,,65777,14,,,0,70,,65778,14,,,0
1700,'1395',527,,65779,14,,,0,80,,65781,14,,,0,15,,65782,14,,,0,15,,65783,14,,,0,15,,65784,14,,,0,55,,65785,14,,,0,10,,65786,14,,,0,10,,65787,14,,,0,10,,65788,14,,,0,10,,65789,14,,,0,10,,65790,14,,,0,50,,65791,14,,,0,10,,65792,14,,,0,10,,65793,14,,,0,10,,65794,14,,,0,10,,65795,14,,,0,10,,65796,14,,,0,50,,65797,14,,,0,10,,65798,14,,,0,10,,65799,14,,,0,10,,65800,14,,,0,10,,65801,14,,,0,10,,65802,14,,,0,50,,65803,14,,,0,10,,65804,14,,,0,10,,65805,14,,,0,10,,65806,14,,,0,10,,65807,14,,,0,10,,65808,14,,,0,50,,65809,14,,,0,10,,65810,14,,,0,10,,65811,14,,,0,10,,65812,14,,,0,10,,65813,14,,,0,10,,65814,14,,,0,50,,65815,14,,,0,10,,65816,14,,,0,10,,65817,14,,,0,10,,65818,14,,,0,10,,65819,14,,,0,10,,65820,14,,,0,50,,65821,14,,,0,10,,65822,14,,,0,10,,65823,14,,,0,10,,65824,14,,,0,10,,65825,14,,,0,10,,65826,14,,,0,50,,65827,14,,,0,10,,65828,14,,,0,10,,65829,14,,,0,10,,65830,14,,,0,10,,65831,14,,,0,10,,65832,14,,,0,50,,65833,14,,,0,10,,65834,14,,,0,10,,65835,14,,,0,10,,65836,14,,,0,10,,65837,14,,,0,10,,65838,14,,,0,50,,65839,14,,,0,10,,65840,14,,,0,10,,65841,14,,,0,10,,65842,14,,,0,10,,65843,14,,,0,10,,65844,14,,,0,50,,65845,14,,,0,10,,65846,14,,,0,10,,65847,14,,,0,10,,65848,14,,,0,10,,65849,14,,,0,10,,65850,14,,,0,50,,65851,14,,,0,15,,65852,14,,,0,15,,65853,14,,,0,15,,65854,14,,,0,70,,65855,14,,,0,30,,65856,14,,,0,70,,65857,14,,,0,30,,65858,14,,,0,70,,65859,14,,,0,30,,65860,14,,,0,70,,65861,14,,,0,30,,65862,14,,,0,70,,65863,14,,,0,30,,65864,14,,,0,70,,65865,14,,,0
1700,'1396',527,,65866,14,,,0,80,,65868,14,,,0,15,,65869,14,,,0,15,,65870,14,,,0,15,,65871,14,,,0,55,,65872,14,,,0,10,,65873,14,,,0,10,,65874,14,,,0,10,,65875,14,,,0,10,,65876,14,,,0,10,,65877,14,,,0,50,,65878,14,,,0,10,,65879,14,,,0,10,,65880,14,,,0,10,,65881,14,,,0,10,,65882,14,,,0,10,,65883,14,,,0,50,,65884,14,,,0,10,,65885,14,,,0,10,,65886,14,,,0,10,,65887,14,,,0,10,,65888,14,,,0,10,,65889,14,,,0,50,,65890,14,,,0,10,,65891,14,,,0,10,,65892,14,,,0,10,,65893,14,,,0,10,,65894,14,,,0,10,,65895,14,,,0,50,,65896,14,,,0,10,,65897,14,,,0,10,,65898,14,,,0,10,,65899,14,,,0,10,,65900,14,,,0,10,,65901,14,,,0,50,,65902,14,,,0,10,,65903,14,,,0,10,,65904,14,,,0,10,,65905,14,,,0,10,,65906,14,,,0,10,,65907,14,,,0,50,,65908,14,,,0,10,,65909,14,,,0,10,,65910,14,,,0,10,,65911,14,,,0,10,,65912,14,,,0,10,,65913,14,,,0,50,,65914,14,,,0,10,,65915,14,,,0,10,,65916,14,,,0,10,,65917,14,,,0,10,,65918,14,,,0,10,,65919,14,,,0,50,,65920,14,,,0,10,,65921,14,,,0,10,,65922,14,,,0,10,,65923,14,,,0,10,,65924,14,,,0,10,,65925,14,,,0,50,,65926,14,,,0,10,,65927,14,,,0,10,,65928,14,,,0,10,,65929,14,,,0,10,,65930,14,,,0,10,,65931,14,,,0,50,,65932,14,,,0,10,,65933,14,,,0,10,,65934,14,,,0,10,,65935,14,,,0,10,,65936,14,,,0,10,,65937,14,,,0,50,,65938,14,,,0,15,,65939,14,,,0,15,,65940,14,,,0,15,,65941,14,,,0,70,,65942,14,,,0,30,,65943,14,,,0,70,,65944,14,,,0,30,,65945,14,,,0,70,,65946,14,,,0,30,,65947,14,,,0,70,,65948,14,,,0,30,,65949,14,,,0,70,,65950,14,,,0,30,,65951,14,,,0,70,,65952,14,,,0
722501,'1392',600,,71889,50,0,17,0,120,,71890,50,0,17,0,100,,71891,50,0,17,0,100,,71892,50,0,17,0,100,,71893,50,0,17,0,100,,71894,50,0,17,0,100,,71895,50,0,17,0,100,,71896,50,0,17,0,100,,71897,50,0,17,0,100,,71898,50,0,17,0,100,,71899,50,0,17,0,100,,71900,50,0,17,0,100,,71901,50,0,17,0,100,,71902,50,0,17,0,100,,71903,50,0,17,0,100,,71904,50,0,17,0,100,,71905,50,0,17,0,100,,71906,50,0,17,0
722501,'1393',600,,71907,50,0,17,0,120,,71908,50,0,17,0,100,,71909,50,0,17,0,100,,71910,50,0,17,0,100,,71911,50,0,17,0,100,,71912,50,0,17,0,100,,71913,50,0,17,0,100,,71914,50,0,17,0,100,,71915,50,0,17,0,100,,71916,50,0,17,0,100,,71917,50,0,17,0,100,,71918,50,0,17,0,100,,71919,50,0,17,0,100,,71920,50,0,17,0,100,,71921,50,0,17,0,100,,71922,50,0,17,0,100,,71923,50,0,17,0,100,,71924,50,0,17,0
722501,'1394',600,,71925,50,0,17,0,120,,71926,50,0,17,0,100,,71927,50,0,17,0,100,,71928,50,0,17,0,100,,71929,50,0,17,0,100,,71930,50,0,17,0,100,,71931,50,0,17,0,100,,71932,50,0,17,0,100,,71933,50,0,17,0,100,,71934,50,0,17,0,100,,71935,50,0,17,0,100,,71936,50,0,17,0,100,,71937,50,0,17,0,100,,71938,50,0,17,0,100,,71939,50,0,17,0,100,,71940,50,0,17,0,100,,71941,50,0,17,0,100,,71942,50,0,17,0
722501,'1395',600,,71943,50,0,17,0,120,,71944,50,0,17,0,100,,71945,50,0,17,0,100,,71946,50,0,17,0,100,,71947,50,0,17,0,100,,71948,50,0,17,0,100,,71949,50,0,17,0,100,,71950,50,0,17,0,100,,71951,50,0,17,0,100,,71952,50,0,17,0,100,,71953,50,0,17,0,100,,71954,50,0,17,0,100,,71955,50,0,17,0,100,,71956,50,0,17,0,100,,71957,50,0,17,0,100,,71958,50,0,17,0,100,,71959,50,0,17,0,100,,71960,50,0,17,0
722501,'1396',600,,71961,50,0,17,0,120,,71962,50,0,17,0,100,,71963,50,0,17,0,100,,71964,50,0,17,0,100,,71965,50,0,17,0,100,,71966,50,0,17,0,100,,71967,50,0,17,0,100,,71968,50,0,17,0,100,,71969,50,0,17,0,100,,71970,50,0,17,0,100,,71971,50,0,17,0,100,,71972,50,0,17,0,100,,71973,50,0,17,0,100,,71974,50,0,17,0,100,,71975,50,0,17,0,100,,71976,50,0,17,0,100,,71977,50,0,17,0,100,,71978,50,0,17,0
