1901,'1390',928,,67517,35,,,0,100,,67516,35,,,0,100,,67515,35,,,0,100,,67514,35,,,0,100,,67513,35,,,0,100,,67512,35,,,0,100,,67511,35,,,0,100,,67510,35,,,0,100,,67509,35,,,0,100,,67508,35,,,0,100,,67507,35,,,0,100,,67506,35,,,0
1901,'1391',828,,67518,35,,,0,100,,67519,35,,,0,100,,67520,35,,,0,30,,67521,35,,,0,70,,67522,35,,,0,30,,67523,35,,,0,70,,67524,35,,,0,30,,67525,35,,,0,70,,67526,35,,,0,30,,67527,35,,,0,70,,67528,35,,,0,30,,67529,35,,,0,70,,67530,35,,,0,30,,67531,35,,,0,70,,67532,35,,,0,30,,67533,35,,,0,70,,67534,35,,,0,30,,67535,35,,,0,70,,67536,35,,,0,30,,67537,35,,,0,70,,67538,35,,,0,30,,67539,35,,,0,70,,67540,35,,,0,100,,67541,35,,,0,100,,67542,35,,,0,100,,67543,35,,,0
1901,'1392',628,,67544,35,,,0,30,,67545,35,,,0,70,,67546,35,,,0,30,,67547,35,,,0,70,,67548,35,,,0,30,,67549,35,,,0,70,,67550,35,,,0,30,,67551,35,,,0,70,,67552,35,,,0,30,,67553,35,,,0,70,,67554,35,,,0,30,,67555,35,,,0,70,,67556,35,,,0,30,,67557,35,,,0,70,,67558,35,,,0,30,,67559,35,,,0,70,,67560,35,,,0,30,,67561,35,,,0,70,,67562,35,,,0,30,,67563,35,,,0,70,,67564,35,,,0,30,,67565,35,,,0,70,,67566,35,,,0,30,,67567,35,,,0,70,,67568,35,,,0,30,,67569,35,,,0,70,,67570,35,,,0,30,,67571,35,,,0,70,,67572,35,,,0,30,,67573,35,,,0,70,,67574,35,,,0,30,,67575,35,,,0,100,,67576,35,,,0,100,,67577,35,,,0
1901,'1393',628,,67578,35,,,0,30,,67579,35,,,0,70,,67580,35,,,0,30,,67581,35,,,0,70,,67582,35,,,0,30,,67583,35,,,0,70,,67584,35,,,0,30,,67585,35,,,0,70,,67586,35,,,0,30,,67587,35,,,0,70,,67588,35,,,0,30,,67589,35,,,0,70,,67590,35,,,0,30,,67591,35,,,0,70,,67592,35,,,0,30,,67593,35,,,0,70,,67594,35,,,0,30,,67595,35,,,0,70,,67596,35,,,0,30,,67597,35,,,0,70,,67598,35,,,0,30,,67599,35,,,0,70,,67600,35,,,0,30,,67601,35,,,0,70,,67602,35,,,0,30,,67603,35,,,0,70,,67604,35,,,0,30,,67605,35,,,0,70,,67606,35,,,0,30,,67607,35,,,0,70,,67608,35,,,0,30,,67609,35,,,0,100,,67610,35,,,0,100,,67611,35,,,0
1901,'1394',628,,67612,35,,,0,30,,67613,35,,,0,70,,67614,35,,,0,30,,67615,35,,,0,70,,67616,35,,,0,30,,67617,35,,,0,70,,67618,35,,,0,30,,67619,35,,,0,70,,67620,35,,,0,30,,67621,35,,,0,70,,67622,35,,,0,30,,67623,35,,,0,70,,67624,35,,,0,30,,67625,35,,,0,70,,67626,35,,,0,30,,67627,35,,,0,70,,67628,35,,,0,30,,67629,35,,,0,70,,67630,35,,,0,30,,67631,35,,,0,70,,67632,35,,,0,30,,67633,35,,,0,70,,67634,35,,,0,30,,67635,35,,,0,70,,67636,35,,,0,30,,67637,35,,,0,70,,67638,35,,,0,30,,67639,35,,,0,70,,67640,35,,,0,30,,67641,35,,,0,70,,67642,35,,,0,30,,67643,35,,,0,100,,67644,35,,,0,100,,67645,35,,,0
1901,'1395',628,,67646,35,,,0,30,,67647,35,,,0,70,,67648,35,,,0,30,,67649,35,,,0,70,,67650,35,,,0,30,,67651,35,,,0,70,,67652,35,,,0,30,,67653,35,,,0,70,,67654,35,,,0,30,,67655,35,,,0,70,,67656,35,,,0,30,,67657,35,,,0,70,,67658,35,,,0,30,,67659,35,,,0,70,,67660,35,,,0,30,,67661,35,,,0,70,,67662,35,,,0,30,,67663,35,,,0,70,,67664,35,,,0,30,,67665,35,,,0,70,,67666,35,,,0,30,,67667,35,,,0,70,,67668,35,,,0,30,,67669,35,,,0,70,,67670,35,,,0,30,,67671,35,,,0,70,,67672,35,,,0,30,,67673,35,,,0,70,,67674,35,,,0,30,,67675,35,,,0,70,,67676,35,,,0,30,,67677,35,,,0,100,,67678,35,,,0,100,,67679,35,,,0
1901,'1396',628,,67680,35,,,0,30,,67681,35,,,0,70,,67682,35,,,0,30,,67683,35,,,0,70,,67684,35,,,0,30,,67685,35,,,0,70,,67686,35,,,0,30,,67687,35,,,0,70,,67688,35,,,0,30,,67689,35,,,0,70,,67690,35,,,0,30,,67691,35,,,0,70,,67692,35,,,0,30,,67693,35,,,0,70,,67694,35,,,0,30,,67695,35,,,0,70,,67696,35,,,0,30,,67697,35,,,0,70,,67698,35,,,0,30,,67699,35,,,0,70,,67700,35,,,0,30,,67701,35,,,0,70,,67702,35,,,0,30,,67703,35,,,0,70,,67704,35,,,0,30,,67705,35,,,0,70,,67706,35,,,0,30,,67707,35,,,0,70,,67708,35,,,0,30,,67709,35,,,0,70,,67710,35,,,0,30,,67711,35,,,0,100,,67712,35,,,0,100,,67713,35,,,0
721404,'1390',908,,71430,10,0,14,0,110,,71429,10,0,14,0,110,,71428,10,0,14,0,110,,71427,10,0,14,0,110,,71426,10,0,14,0,110,,71425,10,0,14,0,150,,71424,10,0,14,0,110,,71423,10,0,14,0
721404,'1391',808,,71431,10,0,14,0,110,,71432,10,0,14,0,110,,71433,10,0,14,0,110,,71434,10,0,14,0,110,,71435,10,0,14,0,107,,71436,10,0,14,0,85,,71437,10,0,14,0,85,,71438,10,0,14,0,85,,71439,10,0,14,0,45,,71440,10,0,14,0,85,,71441,10,0,14,0,85,,71442,10,0,14,0,85,,71443,10,0,14,0
721404,'1392',629,,71444,10,0,14,0,95,,71445,10,0,14,0,85,,71446,10,0,14,0,45,,71447,10,0,14,0,85,,71448,10,0,14,0,85,,71449,10,0,14,0,85,,71450,10,0,14,0,45,,71451,10,0,14,0,85,,71452,10,0,14,0,85,,71453,10,0,14,0,85,,71454,10,0,14,0,45,,71455,10,0,14,0,85,,71456,10,0,14,0,85,,71457,10,0,14,0,85,,71458,10,0,14,0,45,,71459,10,0,14,0,85,,71460,10,0,14,0,85,,71461,10,0,14,0,85,,71462,10,0,14,0,45,,71463,10,0,14,0
721404,'1393',629,,71464,10,0,14,0,95,,71465,10,0,14,0,85,,71466,10,0,14,0,45,,71467,10,0,14,0,85,,71468,10,0,14,0,85,,71469,10,0,14,0,85,,71470,10,0,14,0,45,,71471,10,0,14,0,85,,71472,10,0,14,0,85,,71473,10,0,14,0,85,,71474,10,0,14,0,45,,71475,10,0,14,0,85,,71476,10,0,14,0,85,,71477,10,0,14,0,85,,71478,10,0,14,0,45,,71479,10,0,14,0,85,,71480,10,0,14,0,85,,71481,10,0,14,0,85,,71482,10,0,14,0,45,,71483,10,0,14,0
721404,'1394',629,,71484,10,0,14,0,95,,71485,10,0,14,0,85,,71486,10,0,14,0,45,,71487,10,0,14,0,85,,71488,10,0,14,0,85,,71489,10,0,14,0,85,,71490,10,0,14,0,45,,71491,10,0,14,0,85,,71492,10,0,14,0,85,,71493,10,0,14,0,85,,71494,10,0,14,0,45,,71495,10,0,14,0,85,,71496,10,0,14,0,85,,71497,10,0,14,0,85,,71498,10,0,14,0,45,,71499,10,0,14,0,85,,71500,10,0,14,0,85,,71501,10,0,14,0,85,,71502,10,0,14,0,45,,71503,10,0,14,0
721404,'1395',629,,71504,10,0,14,0,95,,71505,10,0,14,0,85,,71506,10,0,14,0,45,,71507,10,0,14,0,85,,71508,10,0,14,0,85,,71509,10,0,14,0,85,,71510,10,0,14,0,45,,71511,10,0,14,0,85,,71512,10,0,14,0,85,,71513,10,0,14,0,85,,71514,10,0,14,0,45,,71515,10,0,14,0,85,,71516,10,0,14,0,85,,71517,10,0,14,0,85,,71518,10,0,14,0,45,,71519,10,0,14,0,85,,71520,10,0,14,0,85,,71521,10,0,14,0,85,,71522,10,0,14,0,45,,71523,10,0,14,0
721404,'1396',629,,71524,10,0,14,0,95,,71525,10,0,14,0,85,,71526,10,0,14,0,45,,71527,10,0,14,0,85,,71528,10,0,14,0,85,,71529,10,0,14,0,85,,71530,10,0,14,0,45,,71531,10,0,14,0,85,,71532,10,0,14,0,85,,71533,10,0,14,0,85,,71534,10,0,14,0,45,,71535,10,0,14,0,85,,71536,10,0,14,0,85,,71537,10,0,14,0,85,,71538,10,0,14,0,45,,71539,10,0,14,0,85,,71540,10,0,14,0,85,,71541,10,0,14,0,85,,71542,10,0,14,0,45,,71543,10,0,14,0
