1701,'1390',704,,65970,4,,,0,100,,65969,4,,,0,100,,65968,4,,,0,102,,65967,4,,,0,40,,65966,4,,,0,80,,65965,4,,,0,80,,65964,4,,,0,40,,65963,4,,,0,80,,65962,4,,,0,80,,65961,4,,,0,40,,65960,4,,,0,80,,65959,4,,,0,80,,65958,4,,,0,40,,65957,4,,,0,80,,65956,4,,,0,80,,65955,4,,,0,40,,65954,4,,,0,80,,65953,4,,,0
1701,'1391',536,,65996,4,,,0,70,,65997,4,,,0,30,,65998,4,,,0,70,,65999,4,,,0,30,,66000,4,,,0,70,,66001,4,,,0,30,,66002,4,,,0,70,,65971,4,,,0,30,,65972,4,,,0,70,,65973,4,,,0,20,,65974,4,,,0,20,,65975,4,,,0,60,,65976,4,,,0,20,,65977,4,,,0,20,,65978,4,,,0,60,,65979,4,,,0,20,,65980,4,,,0,20,,65981,4,,,0,60,,65982,4,,,0,20,,65983,4,,,0,20,,65984,4,,,0,60,,65985,4,,,0,20,,65986,4,,,0,20,,65987,4,,,0,60,,65988,4,,,0,20,,65989,4,,,0,20,,65990,4,,,0,60,,65991,4,,,0,20,,65992,4,,,0,20,,65993,4,,,0,60,,66003,4,,,0,20,,65994,4,,,0,20,,65995,4,,,0,60,,66004,4,,,0,30,,66005,4,,,0,70,,66006,4,,,0,30,,66007,4,,,0,70,,66008,4,,,0,30,,66009,4,,,0,70,,66010,4,,,0,30,,66011,4,,,0,70,,66012,4,,,0,30,,66013,4,,,0,70,,66014,4,,,0,30,,66015,4,,,0,70,,66016,4,,,0,30,,66017,4,,,0
1701,'1392',536,,66018,4,,,0,70,,66019,4,,,0,15,,66020,4,,,0,15,,66021,4,,,0,15,,66022,4,,,0,55,,66023,4,,,0,10,,66024,4,,,0,10,,66025,4,,,0,10,,66026,4,,,0,10,,66027,4,,,0,10,,66028,4,,,0,50,,66029,4,,,0,10,,66030,4,,,0,10,,66031,4,,,0,10,,66032,4,,,0,10,,66033,4,,,0,10,,66034,4,,,0,50,,66035,4,,,0,10,,66036,4,,,0,10,,66037,4,,,0,10,,66038,4,,,0,10,,66039,4,,,0,10,,66040,4,,,0,50,,66041,4,,,0,10,,66042,4,,,0,10,,66043,4,,,0,10,,66044,4,,,0,10,,66045,4,,,0,10,,66046,4,,,0,50,,66047,4,,,0,10,,66048,4,,,0,10,,66049,4,,,0,10,,66050,4,,,0,10,,66051,4,,,0,10,,66052,4,,,0,50,,66053,4,,,0,10,,66054,4,,,0,10,,66055,4,,,0,10,,66056,4,,,0,10,,66057,4,,,0,10,,66058,4,,,0,50,,66059,4,,,0,10,,66060,4,,,0,10,,66061,4,,,0,10,,66062,4,,,0,10,,66063,4,,,0,10,,66064,4,,,0,50,,66065,4,,,0,10,,66066,4,,,0,10,,66067,4,,,0,10,,66068,4,,,0,10,,66069,4,,,0,10,,66070,4,,,0,50,,66071,4,,,0,10,,66072,4,,,0,10,,66073,4,,,0,10,,66074,4,,,0,10,,66075,4,,,0,10,,66076,4,,,0,50,,66077,4,,,0,10,,66078,4,,,0,10,,66079,4,,,0,10,,66080,4,,,0,10,,66081,4,,,0,10,,66082,4,,,0,50,,66083,4,,,0,10,,66084,4,,,0,10,,66085,4,,,0,10,,66086,4,,,0,10,,66087,4,,,0,10,,66088,4,,,0,50,,66089,4,,,0,15,,66090,4,,,0,15,,66091,4,,,0,15,,66092,4,,,0,55,,66093,4,,,0,30,,66094,4,,,0,70,,66095,4,,,0,30,,66096,4,,,0,70,,66097,4,,,0,30,,66098,4,,,0,70,,66099,4,,,0,30,,66100,4,,,0,70,,66101,4,,,0,30,,66102,4,,,0,70,,66103,4,,,0,30,,66104,4,,,0
1701,'1393',536,,66105,4,,,0,70,,66106,4,,,0,15,,66107,4,,,0,15,,66108,4,,,0,15,,66109,4,,,0,55,,66110,4,,,0,10,,66111,4,,,0,10,,66112,4,,,0,10,,66113,4,,,0,10,,66114,4,,,0,10,,66115,4,,,0,50,,66116,4,,,0,10,,66117,4,,,0,10,,66118,4,,,0,10,,66119,4,,,0,10,,66120,4,,,0,10,,66121,4,,,0,50,,66122,4,,,0,10,,66123,4,,,0,10,,66124,4,,,0,10,,66125,4,,,0,10,,66126,4,,,0,10,,66127,4,,,0,50,,66128,4,,,0,10,,66129,4,,,0,10,,66130,4,,,0,10,,66131,4,,,0,10,,66132,4,,,0,10,,66133,4,,,0,50,,66134,4,,,0,10,,66135,4,,,0,10,,66136,4,,,0,10,,66137,4,,,0,10,,66138,4,,,0,10,,66139,4,,,0,50,,66140,4,,,0,10,,66141,4,,,0,10,,66142,4,,,0,10,,66143,4,,,0,10,,66144,4,,,0,10,,66145,4,,,0,50,,66146,4,,,0,10,,66147,4,,,0,10,,66148,4,,,0,10,,66149,4,,,0,10,,66150,4,,,0,10,,66151,4,,,0,50,,66152,4,,,0,10,,66153,4,,,0,10,,66154,4,,,0,10,,66155,4,,,0,10,,66156,4,,,0,10,,66157,4,,,0,50,,66158,4,,,0,10,,66159,4,,,0,10,,66160,4,,,0,10,,66161,4,,,0,10,,66162,4,,,0,10,,66163,4,,,0,50,,66164,4,,,0,10,,66165,4,,,0,10,,66166,4,,,0,10,,66167,4,,,0,10,,66168,4,,,0,10,,66169,4,,,0,50,,66170,4,,,0,10,,66171,4,,,0,10,,66172,4,,,0,10,,66173,4,,,0,10,,66174,4,,,0,10,,66175,4,,,0,50,,66176,4,,,0,15,,66177,4,,,0,15,,66178,4,,,0,15,,66179,4,,,0,55,,66180,4,,,0,30,,66181,4,,,0,70,,66182,4,,,0,30,,66183,4,,,0,70,,66184,4,,,0,30,,66185,4,,,0,70,,66186,4,,,0,30,,66187,4,,,0,70,,66188,4,,,0,30,,66189,4,,,0,70,,66190,4,,,0,30,,66191,4,,,0
1701,'1394',536,,66192,4,,,0,70,,66193,4,,,0,15,,66194,4,,,0,15,,66195,4,,,0,15,,66196,4,,,0,55,,66197,4,,,0,10,,66198,4,,,0,10,,66199,4,,,0,10,,66200,4,,,0,10,,66201,4,,,0,10,,66202,4,,,0,50,,66203,4,,,0,10,,66204,4,,,0,10,,66205,4,,,0,10,,66206,4,,,0,10,,66207,4,,,0,10,,66208,4,,,0,50,,66209,4,,,0,10,,66210,4,,,0,10,,66211,4,,,0,10,,66212,4,,,0,10,,66213,4,,,0,10,,66214,4,,,0,50,,66215,4,,,0,10,,66216,4,,,0,10,,66217,4,,,0,10,,66218,4,,,0,10,,66219,4,,,0,10,,66220,4,,,0,50,,66221,4,,,0,10,,66222,4,,,0,10,,66223,4,,,0,10,,66224,4,,,0,10,,66225,4,,,0,10,,66226,4,,,0,50,,66227,4,,,0,10,,66228,4,,,0,10,,66229,4,,,0,10,,66230,4,,,0,10,,66231,4,,,0,10,,66232,4,,,0,50,,66233,4,,,0,10,,66234,4,,,0,10,,66235,4,,,0,10,,66236,4,,,0,10,,66237,4,,,0,10,,66238,4,,,0,50,,66239,4,,,0,10,,66240,4,,,0,10,,66241,4,,,0,10,,66242,4,,,0,10,,66243,4,,,0,10,,66244,4,,,0,50,,66245,4,,,0,10,,66246,4,,,0,10,,66247,4,,,0,10,,66248,4,,,0,10,,66249,4,,,0,10,,66250,4,,,0,50,,66251,4,,,0,10,,66252,4,,,0,10,,66253,4,,,0,10,,66254,4,,,0,10,,66255,4,,,0,10,,66256,4,,,0,50,,66257,4,,,0,10,,66258,4,,,0,10,,66259,4,,,0,10,,66260,4,,,0,10,,66261,4,,,0,10,,66262,4,,,0,50,,66263,4,,,0,15,,66264,4,,,0,15,,66265,4,,,0,15,,66266,4,,,0,55,,66267,4,,,0,30,,66268,4,,,0,70,,66269,4,,,0,30,,66270,4,,,0,70,,66271,4,,,0,30,,66272,4,,,0,70,,66273,4,,,0,30,,66274,4,,,0,70,,66275,4,,,0,30,,66276,4,,,0,70,,66277,4,,,0,30,,66278,4,,,0
1701,'1395',536,,66279,4,,,0,70,,66280,4,,,0,15,,66281,4,,,0,15,,66282,4,,,0,15,,66283,4,,,0,55,,66284,4,,,0,10,,66285,4,,,0,10,,66286,4,,,0,10,,66287,4,,,0,10,,66288,4,,,0,10,,66289,4,,,0,50,,66290,4,,,0,10,,66291,4,,,0,10,,66292,4,,,0,10,,66293,4,,,0,10,,66294,4,,,0,10,,66295,4,,,0,50,,66296,4,,,0,10,,66297,4,,,0,10,,66298,4,,,0,10,,66299,4,,,0,10,,66300,4,,,0,10,,66301,4,,,0,50,,66302,4,,,0,10,,66303,4,,,0,10,,66304,4,,,0,10,,66305,4,,,0,10,,66306,4,,,0,10,,66307,4,,,0,50,,66308,4,,,0,10,,66309,4,,,0,10,,66310,4,,,0,10,,66311,4,,,0,10,,66312,4,,,0,10,,66313,4,,,0,50,,66314,4,,,0,10,,66315,4,,,0,10,,66316,4,,,0,10,,66317,4,,,0,10,,66318,4,,,0,10,,66319,4,,,0,50,,66320,4,,,0,10,,66321,4,,,0,10,,66322,4,,,0,10,,66323,4,,,0,10,,66324,4,,,0,10,,66325,4,,,0,50,,66326,4,,,0,10,,66327,4,,,0,10,,66328,4,,,0,10,,66329,4,,,0,10,,66330,4,,,0,10,,66331,4,,,0,50,,66332,4,,,0,10,,66333,4,,,0,10,,66334,4,,,0,10,,66335,4,,,0,10,,66336,4,,,0,10,,66337,4,,,0,50,,66338,4,,,0,10,,66339,4,,,0,10,,66340,4,,,0,10,,66341,4,,,0,10,,66342,4,,,0,10,,66343,4,,,0,50,,66344,4,,,0,10,,66345,4,,,0,10,,66346,4,,,0,10,,66347,4,,,0,10,,66348,4,,,0,10,,66349,4,,,0,50,,66350,4,,,0,15,,66351,4,,,0,15,,66352,4,,,0,15,,66353,4,,,0,55,,66354,4,,,0,30,,66355,4,,,0,70,,66356,4,,,0,30,,66357,4,,,0,70,,66358,4,,,0,30,,66359,4,,,0,70,,66360,4,,,0,30,,66361,4,,,0,70,,66362,4,,,0,30,,66363,4,,,0,70,,66364,4,,,0,30,,66365,4,,,0
1701,'1396',536,,66366,4,,,0,70,,66367,4,,,0,15,,66368,4,,,0,15,,66369,4,,,0,15,,66370,4,,,0,55,,66371,4,,,0,10,,66372,4,,,0,10,,66373,4,,,0,10,,66374,4,,,0,10,,66375,4,,,0,10,,66376,4,,,0,50,,66377,4,,,0,10,,66378,4,,,0,10,,66379,4,,,0,10,,66380,4,,,0,10,,66381,4,,,0,10,,66382,4,,,0,50,,66383,4,,,0,10,,66384,4,,,0,10,,66385,4,,,0,10,,66386,4,,,0,10,,66387,4,,,0,10,,66388,4,,,0,50,,66389,4,,,0,10,,66390,4,,,0,10,,66391,4,,,0,10,,66392,4,,,0,10,,66393,4,,,0,10,,66394,4,,,0,50,,66395,4,,,0,10,,66396,4,,,0,10,,66397,4,,,0,10,,66398,4,,,0,10,,66399,4,,,0,10,,66400,4,,,0,50,,66401,4,,,0,10,,66402,4,,,0,10,,66403,4,,,0,10,,66404,4,,,0,10,,66405,4,,,0,10,,66406,4,,,0,50,,66407,4,,,0,10,,66408,4,,,0,10,,66409,4,,,0,10,,66410,4,,,0,10,,66411,4,,,0,10,,66412,4,,,0,50,,66413,4,,,0,10,,66414,4,,,0,10,,66415,4,,,0,10,,66416,4,,,0,10,,66417,4,,,0,10,,66418,4,,,0,50,,66419,4,,,0,10,,66420,4,,,0,10,,66421,4,,,0,10,,66422,4,,,0,10,,66423,4,,,0,10,,66424,4,,,0,50,,66425,4,,,0,10,,66426,4,,,0,10,,66427,4,,,0,10,,66428,4,,,0,10,,66429,4,,,0,10,,66430,4,,,0,50,,66431,4,,,0,10,,66432,4,,,0,10,,66433,4,,,0,10,,66434,4,,,0,10,,66435,4,,,0,10,,66436,4,,,0,50,,66437,4,,,0,15,,66438,4,,,0,15,,66439,4,,,0,15,,66440,4,,,0,55,,66441,4,,,0,30,,66442,4,,,0,70,,66443,4,,,0,30,,66444,4,,,0,70,,66445,4,,,0,30,,66446,4,,,0,70,,66447,4,,,0,30,,66448,4,,,0,70,,66449,4,,,0,30,,66450,4,,,0,70,,66451,4,,,0,30,,66452,4,,,0
1801,'1390',702,,66890,4,,,0,100,,66889,4,,,0,100,,66888,4,,,0,105,,66887,4,,,0,40,,66886,4,,,0,80,,66885,4,,,0,80,,66884,4,,,0,40,,66883,4,,,0,80,,66882,4,,,0,80,,66881,4,,,0,40,,66880,4,,,0,80,,66879,4,,,0,80,,66878,4,,,0,40,,66877,4,,,0,80,,66876,4,,,0,80,,66875,4,,,0,40,,66874,4,,,0,80,,66873,4,,,0
1801,'1391',537,,66891,4,,,0,70,,66892,4,,,0,30,,66893,4,,,0,70,,66894,4,,,0,30,,66895,4,,,0,70,,66896,4,,,0,30,,66897,4,,,0,70,,66898,4,,,0,30,,66899,4,,,0,70,,66900,4,,,0,20,,66901,4,,,0,20,,66902,4,,,0,60,,66903,4,,,0,20,,66904,4,,,0,20,,66905,4,,,0,60,,66906,4,,,0,20,,66907,4,,,0,20,,66908,4,,,0,60,,66909,4,,,0,20,,66910,4,,,0,20,,66911,4,,,0,60,,66912,4,,,0,20,,66913,4,,,0,20,,66914,4,,,0,60,,66915,4,,,0,20,,66916,4,,,0,20,,66917,4,,,0,60,,66918,4,,,0,20,,66919,4,,,0,20,,66920,4,,,0,60,,66921,4,,,0,20,,66922,4,,,0,20,,66923,4,,,0,60,,66924,4,,,0,35,,66925,4,,,0,65,,66926,4,,,0,30,,66927,4,,,0,70,,66928,4,,,0,30,,66929,4,,,0,70,,66930,4,,,0,30,,66931,4,,,0,70,,66932,4,,,0,30,,66933,4,,,0,70,,66934,4,,,0,30,,66935,4,,,0,70,,66936,4,,,0,30,,66937,4,,,0
1801,'1392',535,,66976,4,,,0,70,,66977,4,,,0,15,,66942,4,,,0,15,,66941,4,,,0,15,,66940,4,,,0,55,,66939,4,,,0,10,,66938,4,,,0,10,,66943,4,,,0,10,,66944,4,,,0,10,,66945,4,,,0,10,,66946,4,,,0,50,,66947,4,,,0,15,,66948,4,,,0,15,,66949,4,,,0,15,,66950,4,,,0,55,,66978,4,,,0,15,,66979,4,,,0,15,,66980,4,,,0,15,,66981,4,,,0,55,,66982,4,,,0,15,,66983,4,,,0,15,,66984,4,,,0,15,,66985,4,,,0,55,,66986,4,,,0,15,,66987,4,,,0,15,,66988,4,,,0,15,,66989,4,,,0,55,,66990,4,,,0,15,,66991,4,,,0,15,,66992,4,,,0,15,,66993,4,,,0,55,,66994,4,,,0,17,,66951,4,,,0,15,,66952,4,,,0,15,,66953,4,,,0,55,,66954,4,,,0,10,,66955,4,,,0,10,,66956,4,,,0,10,,66957,4,,,0,10,,66958,4,,,0,10,,66959,4,,,0,50,,66960,4,,,0,10,,66961,4,,,0,10,,66962,4,,,0,10,,66963,4,,,0,10,,66964,4,,,0,10,,66965,4,,,0,50,,66966,4,,,0,10,,66967,4,,,0,10,,66968,4,,,0,10,,66969,4,,,0,10,,66970,4,,,0,10,,66971,4,,,0,50,,66972,4,,,0,15,,66973,4,,,0,15,,66974,4,,,0,15,,66975,4,,,0,54,,66995,4,,,0,30,,66996,4,,,0,70,,66997,4,,,0,30,,66998,4,,,0,70,,66999,4,,,0,30,,67000,4,,,0,70,,67001,4,,,0,30,,67002,4,,,0,70,,67003,4,,,0,30,,67004,4,,,0,70,,67005,4,,,0,30,,67006,4,,,0,70,,67007,4,,,0,30,,67008,4,,,0
1801,'1393',535,,67048,4,,,0,70,,67049,4,,,0,15,,67013,4,,,0,15,,67012,4,,,0,15,,67011,4,,,0,55,,67010,4,,,0,10,,67014,4,,,0,10,,67015,4,,,0,10,,67016,4,,,0,10,,67017,4,,,0,10,,67018,4,,,0,50,,67019,4,,,0,15,,67020,4,,,0,15,,67021,4,,,0,15,,67022,4,,,0,55,,67050,4,,,0,15,,67051,4,,,0,15,,67052,4,,,0,15,,67053,4,,,0,55,,67054,4,,,0,15,,67055,4,,,0,15,,67056,4,,,0,15,,67057,4,,,0,55,,67058,4,,,0,15,,67059,4,,,0,15,,67060,4,,,0,15,,67061,4,,,0,55,,67062,4,,,0,15,,67063,4,,,0,15,,67064,4,,,0,15,,67065,4,,,0,55,,67066,4,,,0,17,,67023,4,,,0,15,,67024,4,,,0,15,,67025,4,,,0,55,,67026,4,,,0,10,,67027,4,,,0,10,,67028,4,,,0,10,,67029,4,,,0,10,,67030,4,,,0,10,,67031,4,,,0,50,,67032,4,,,0,10,,67033,4,,,0,10,,67034,4,,,0,10,,67035,4,,,0,10,,67036,4,,,0,10,,67037,4,,,0,50,,67038,4,,,0,10,,67039,4,,,0,10,,67040,4,,,0,10,,67041,4,,,0,10,,67042,4,,,0,10,,67043,4,,,0,50,,67044,4,,,0,15,,67045,4,,,0,15,,67046,4,,,0,15,,67047,4,,,0,54,,67067,4,,,0,30,,67068,4,,,0,70,,67069,4,,,0,30,,67070,4,,,0,70,,67071,4,,,0,30,,67072,4,,,0,70,,67073,4,,,0,30,,67074,4,,,0,70,,67075,4,,,0,30,,67076,4,,,0,70,,67077,4,,,0,30,,67078,4,,,0,70,,67079,4,,,0,30,,67080,4,,,0
1801,'1394',535,,67120,4,,,0,70,,67121,4,,,0,15,,67085,4,,,0,15,,67084,4,,,0,15,,67083,4,,,0,55,,67082,4,,,0,10,,67086,4,,,0,10,,67087,4,,,0,10,,67088,4,,,0,10,,67089,4,,,0,10,,67090,4,,,0,50,,67091,4,,,0,15,,67092,4,,,0,15,,67093,4,,,0,15,,67094,4,,,0,55,,67122,4,,,0,15,,67123,4,,,0,15,,67124,4,,,0,15,,67125,4,,,0,55,,67126,4,,,0,15,,67127,4,,,0,15,,67128,4,,,0,15,,67129,4,,,0,55,,67130,4,,,0,15,,67131,4,,,0,15,,67132,4,,,0,15,,67133,4,,,0,55,,67134,4,,,0,15,,67135,4,,,0,15,,67136,4,,,0,15,,67137,4,,,0,55,,67138,4,,,0,17,,67095,4,,,0,15,,67096,4,,,0,15,,67097,4,,,0,55,,67098,4,,,0,10,,67099,4,,,0,10,,67100,4,,,0,10,,67101,4,,,0,10,,67102,4,,,0,10,,67103,4,,,0,50,,67104,4,,,0,10,,67105,4,,,0,10,,67106,4,,,0,10,,67107,4,,,0,10,,67108,4,,,0,10,,67109,4,,,0,50,,67110,4,,,0,10,,67111,4,,,0,10,,67112,4,,,0,10,,67113,4,,,0,10,,67114,4,,,0,10,,67115,4,,,0,50,,67116,4,,,0,15,,67117,4,,,0,15,,67118,4,,,0,15,,67119,4,,,0,54,,67139,4,,,0,30,,67140,4,,,0,70,,67141,4,,,0,30,,67142,4,,,0,70,,67143,4,,,0,30,,67144,4,,,0,70,,67145,4,,,0,30,,67146,4,,,0,70,,67147,4,,,0,30,,67148,4,,,0,70,,67149,4,,,0,30,,67150,4,,,0,70,,67151,4,,,0,30,,67152,4,,,0
1801,'1395',535,,67192,4,,,0,70,,67193,4,,,0,15,,67157,4,,,0,15,,67156,4,,,0,15,,67155,4,,,0,55,,67154,4,,,0,10,,67158,4,,,0,10,,67159,4,,,0,10,,67160,4,,,0,10,,67161,4,,,0,10,,67162,4,,,0,50,,67163,4,,,0,15,,67164,4,,,0,15,,67165,4,,,0,15,,67166,4,,,0,55,,67194,4,,,0,15,,67195,4,,,0,15,,67196,4,,,0,15,,67197,4,,,0,55,,67198,4,,,0,15,,67199,4,,,0,15,,67200,4,,,0,15,,67201,4,,,0,55,,67202,4,,,0,15,,67203,4,,,0,15,,67204,4,,,0,15,,67205,4,,,0,55,,67206,4,,,0,15,,67207,4,,,0,15,,67208,4,,,0,15,,67209,4,,,0,55,,67210,4,,,0,17,,67167,4,,,0,15,,67168,4,,,0,15,,67169,4,,,0,55,,67170,4,,,0,10,,67171,4,,,0,10,,67172,4,,,0,10,,67173,4,,,0,10,,67174,4,,,0,10,,67175,4,,,0,50,,67176,4,,,0,10,,67177,4,,,0,10,,67178,4,,,0,10,,67179,4,,,0,10,,67180,4,,,0,10,,67181,4,,,0,50,,67182,4,,,0,10,,67183,4,,,0,10,,67184,4,,,0,10,,67185,4,,,0,10,,67186,4,,,0,10,,67187,4,,,0,50,,67188,4,,,0,15,,67189,4,,,0,15,,67190,4,,,0,15,,67191,4,,,0,54,,67211,4,,,0,30,,67212,4,,,0,70,,67213,4,,,0,30,,67214,4,,,0,70,,67215,4,,,0,30,,67216,4,,,0,70,,67217,4,,,0,30,,67218,4,,,0,70,,67219,4,,,0,30,,67220,4,,,0,70,,67221,4,,,0,30,,67222,4,,,0,70,,67223,4,,,0,30,,67224,4,,,0
1801,'1396',535,,67264,4,,,0,70,,67265,4,,,0,15,,67229,4,,,0,15,,67228,4,,,0,15,,67227,4,,,0,55,,67226,4,,,0,10,,67230,4,,,0,10,,67231,4,,,0,10,,67232,4,,,0,10,,67233,4,,,0,10,,67234,4,,,0,50,,67235,4,,,0,15,,67236,4,,,0,15,,67237,4,,,0,15,,67238,4,,,0,55,,67266,4,,,0,15,,67267,4,,,0,15,,67268,4,,,0,15,,67269,4,,,0,55,,67270,4,,,0,15,,67271,4,,,0,15,,67272,4,,,0,15,,67273,4,,,0,55,,67274,4,,,0,15,,67275,4,,,0,15,,67276,4,,,0,15,,67277,4,,,0,55,,67278,4,,,0,15,,67279,4,,,0,15,,67280,4,,,0,15,,67281,4,,,0,55,,67282,4,,,0,17,,67239,4,,,0,15,,67240,4,,,0,15,,67241,4,,,0,55,,67242,4,,,0,10,,67243,4,,,0,10,,67244,4,,,0,10,,67245,4,,,0,10,,67246,4,,,0,10,,67247,4,,,0,50,,67248,4,,,0,10,,67249,4,,,0,10,,67250,4,,,0,10,,67251,4,,,0,10,,67252,4,,,0,10,,67253,4,,,0,50,,67254,4,,,0,10,,67255,4,,,0,10,,67256,4,,,0,10,,67257,4,,,0,10,,67258,4,,,0,10,,67259,4,,,0,50,,67260,4,,,0,15,,67261,4,,,0,15,,67262,4,,,0,15,,67263,4,,,0,54,,67283,4,,,0,30,,67284,4,,,0,70,,67285,4,,,0,30,,67286,4,,,0,70,,67287,4,,,0,30,,67288,4,,,0,70,,67289,4,,,0,30,,67290,4,,,0,70,,67291,4,,,0,30,,67292,4,,,0,70,,67293,4,,,0,30,,67294,4,,,0,70,,67295,4,,,0,30,,67296,4,,,0
