721203,'1390',948,,70358,4,0,15,0,85,,70357,4,0,15,0,85,,70356,4,0,15,0,85,,70355,4,0,15,0,45,,70354,4,0,15,0,85,,70353,4,0,15,0,85,,70352,4,0,15,0,85,,70351,4,0,15,0,45,,70350,4,0,15,0,85,,70349,4,0,15,0,85,,70348,4,0,15,0,85,,70347,4,0,15,0,45,,70346,4,0,15,0,85,,70345,4,0,15,0
721203,'1391',648,,70359,4,0,15,0,85,,70360,4,0,15,0,85,,70361,4,0,15,0,85,,70362,4,0,15,0,45,,70363,4,0,15,0,85,,70364,4,0,15,0,70,,70365,4,0,15,0,30,,70366,4,0,15,0,70,,70367,4,0,15,0,30,,70368,4,0,15,0,70,,70369,4,0,15,0,30,,70370,4,0,15,0,70,,70371,4,0,15,0,30,,70372,4,0,15,0,70,,70373,4,0,15,0,30,,70374,4,0,15,0,70,,70375,4,0,15,0,30,,70376,4,0,15,0,70,,70377,4,0,15,0,30,,70378,4,0,15,0,70,,70379,4,0,15,0,30,,70380,4,0,15,0,85,,70381,4,0,15,0,85,,70382,4,0,15,0,45,,70383,4,0,15,0,85,,70384,4,0,15,0,85,,70385,4,0,15,0,85,,70386,4,0,15,0
721203,'1392',618,,70387,4,0,15,0,30,,70388,4,0,15,0,70,,70389,4,0,15,0,30,,70390,4,0,15,0,55,,70391,4,0,15,0,15,,70392,4,0,15,0,15,,70393,4,0,15,0,15,,70394,4,0,15,0,70,,70395,4,0,15,0,30,,70396,4,0,15,0,70,,70397,4,0,15,0,30,,70398,4,0,15,0,70,,70399,4,0,15,0,30,,70400,4,0,15,0,70,,70401,4,0,15,0,30,,70402,4,0,15,0,70,,70403,4,0,15,0,30,,70404,4,0,15,0,70,,70405,4,0,15,0,30,,70406,4,0,15,0,55,,70407,4,0,15,0,15,,70408,4,0,15,0,15,,70409,4,0,15,0,15,,70410,4,0,15,0,70,,70411,4,0,15,0,30,,70412,4,0,15,0,70,,70413,4,0,15,0,30,,70414,4,0,15,0,70,,70415,4,0,15,0,30,,70416,4,0,15,0,85,,70417,4,0,15,0,85,,70418,4,0,15,0,85,,70419,4,0,15,0,45,,70420,4,0,15,0,85,,70421,4,0,15,0,85,,70422,4,0,15,0
721203,'1393',618,,70423,4,0,15,0,30,,70424,4,0,15,0,70,,70425,4,0,15,0,30,,70426,4,0,15,0,55,,70427,4,0,15,0,15,,70428,4,0,15,0,15,,70429,4,0,15,0,15,,70430,4,0,15,0,70,,70431,4,0,15,0,30,,70432,4,0,15,0,70,,70433,4,0,15,0,30,,70434,4,0,15,0,70,,70435,4,0,15,0,30,,70436,4,0,15,0,70,,70437,4,0,15,0,30,,70438,4,0,15,0,70,,70439,4,0,15,0,30,,70440,4,0,15,0,70,,70441,4,0,15,0,30,,70442,4,0,15,0,55,,70443,4,0,15,0,15,,70444,4,0,15,0,15,,70445,4,0,15,0,15,,70446,4,0,15,0,70,,70447,4,0,15,0,30,,70448,4,0,15,0,70,,70449,4,0,15,0,30,,70450,4,0,15,0,70,,70451,4,0,15,0,30,,70452,4,0,15,0,85,,70453,4,0,15,0,85,,70454,4,0,15,0,85,,70455,4,0,15,0,45,,70456,4,0,15,0,85,,70457,4,0,15,0,85,,70458,4,0,15,0
721203,'1394',618,,70459,4,0,15,0,30,,70460,4,0,15,0,70,,70461,4,0,15,0,30,,70462,4,0,15,0,55,,70463,4,0,15,0,15,,70464,4,0,15,0,15,,70465,4,0,15,0,15,,70466,4,0,15,0,70,,70467,4,0,15,0,30,,70468,4,0,15,0,70,,70469,4,0,15,0,30,,70470,4,0,15,0,70,,70471,4,0,15,0,30,,70472,4,0,15,0,70,,70473,4,0,15,0,30,,70474,4,0,15,0,70,,70475,4,0,15,0,30,,70476,4,0,15,0,70,,70477,4,0,15,0,30,,70478,4,0,15,0,55,,70479,4,0,15,0,15,,70480,4,0,15,0,15,,70481,4,0,15,0,15,,70482,4,0,15,0,70,,70483,4,0,15,0,30,,70484,4,0,15,0,70,,70485,4,0,15,0,30,,70486,4,0,15,0,70,,70487,4,0,15,0,30,,70488,4,0,15,0,85,,70489,4,0,15,0,85,,70490,4,0,15,0,85,,70491,4,0,15,0,45,,70492,4,0,15,0,85,,70493,4,0,15,0,85,,70494,4,0,15,0
721203,'1395',618,,70495,4,0,15,0,30,,70496,4,0,15,0,70,,70497,4,0,15,0,30,,70498,4,0,15,0,55,,70499,4,0,15,0,15,,70500,4,0,15,0,15,,70501,4,0,15,0,15,,70502,4,0,15,0,70,,70503,4,0,15,0,30,,70504,4,0,15,0,70,,70505,4,0,15,0,30,,70506,4,0,15,0,70,,70507,4,0,15,0,30,,70508,4,0,15,0,70,,70509,4,0,15,0,30,,70510,4,0,15,0,70,,70511,4,0,15,0,30,,70512,4,0,15,0,70,,70513,4,0,15,0,30,,70514,4,0,15,0,55,,70515,4,0,15,0,15,,70516,4,0,15,0,15,,70517,4,0,15,0,15,,70518,4,0,15,0,70,,70519,4,0,15,0,30,,70520,4,0,15,0,70,,70521,4,0,15,0,30,,70522,4,0,15,0,70,,70523,4,0,15,0,30,,70524,4,0,15,0,85,,70525,4,0,15,0,85,,70526,4,0,15,0,85,,70527,4,0,15,0,45,,70528,4,0,15,0,85,,70529,4,0,15,0,85,,70530,4,0,15,0
721203,'1396',618,,70531,4,0,15,0,30,,70532,4,0,15,0,70,,70533,4,0,15,0,30,,70534,4,0,15,0,55,,70535,4,0,15,0,15,,70536,4,0,15,0,15,,70537,4,0,15,0,15,,70538,4,0,15,0,70,,70539,4,0,15,0,30,,70540,4,0,15,0,70,,70541,4,0,15,0,30,,70542,4,0,15,0,70,,70543,4,0,15,0,30,,70544,4,0,15,0,70,,70545,4,0,15,0,30,,70546,4,0,15,0,70,,70547,4,0,15,0,30,,70548,4,0,15,0,70,,70549,4,0,15,0,30,,70550,4,0,15,0,55,,70551,4,0,15,0,15,,70552,4,0,15,0,15,,70553,4,0,15,0,15,,70554,4,0,15,0,70,,70555,4,0,15,0,30,,70556,4,0,15,0,70,,70557,4,0,15,0,30,,70558,4,0,15,0,70,,70559,4,0,15,0,30,,70560,4,0,15,0,85,,70561,4,0,15,0,85,,70562,4,0,15,0,85,,70563,4,0,15,0,45,,70564,4,0,15,0,85,,70565,4,0,15,0,85,,70566,4,0,15,0
721501,'1390',937,,71554,30,0,17,0,100,,71553,30,0,17,0,100,,71552,30,0,17,0,100,,71551,30,0,17,0,100,,71550,30,0,17,0,100,,71549,30,0,17,0,100,,71548,30,0,17,0,100,,71547,30,0,17,0,100,,71546,30,0,17,0,100,,71545,30,0,17,0,100,,71544,30,0,17,0
721501,'1391',737,,71555,30,0,17,0,100,,71556,30,0,17,0,100,,71557,30,0,17,0,100,,71558,30,0,17,0,100,,71559,30,0,17,0,100,,71560,30,0,17,0,70,,71561,30,0,17,0,30,,71562,30,0,17,0,70,,71563,30,0,17,0,30,,71564,30,0,17,0,70,,71565,30,0,17,0,30,,71566,30,0,17,0,70,,71567,30,0,17,0,30,,71568,30,0,17,0,70,,71569,30,0,17,0,30,,71570,30,0,17,0,70,,71571,30,0,17,0,30,,71572,30,0,17,0,100,,71573,30,0,17,0
721501,'1392',737,,71574,30,0,17,0,70,,71575,30,0,17,0,30,,71576,30,0,17,0,70,,71577,30,0,17,0,30,,71578,30,0,17,0,70,,71579,30,0,17,0,30,,71580,30,0,17,0,70,,71581,30,0,17,0,30,,71582,30,0,17,0,70,,71583,30,0,17,0,30,,71584,30,0,17,0,70,,71585,30,0,17,0,30,,71586,30,0,17,0,70,,71587,30,0,17,0,30,,71588,30,0,17,0,70,,71589,30,0,17,0,30,,71590,30,0,17,0,70,,71591,30,0,17,0,30,,71592,30,0,17,0,70,,71593,30,0,17,0,30,,71594,30,0,17,0,70,,71595,30,0,17,0,30,,71596,30,0,17,0,70,,71597,30,0,17,0,30,,71598,30,0,17,0,100,,71599,30,0,17,0,100,,71600,30,0,17,0,100,,71601,30,0,17,0
721501,'1393',737,,71602,30,0,17,0,70,,71603,30,0,17,0,30,,71604,30,0,17,0,70,,71605,30,0,17,0,30,,71606,30,0,17,0,70,,71607,30,0,17,0,30,,71608,30,0,17,0,70,,71609,30,0,17,0,30,,71610,30,0,17,0,70,,71611,30,0,17,0,30,,71612,30,0,17,0,70,,71613,30,0,17,0,30,,71614,30,0,17,0,70,,71615,30,0,17,0,30,,71616,30,0,17,0,70,,71617,30,0,17,0,30,,71618,30,0,17,0,70,,71619,30,0,17,0,30,,71620,30,0,17,0,70,,71621,30,0,17,0,30,,71622,30,0,17,0,70,,71623,30,0,17,0,30,,71624,30,0,17,0,70,,71625,30,0,17,0,30,,71626,30,0,17,0,100,,71627,30,0,17,0,100,,71628,30,0,17,0,100,,71629,30,0,17,0
721501,'1394',737,,71630,30,0,17,0,70,,71631,30,0,17,0,30,,71632,30,0,17,0,70,,71633,30,0,17,0,30,,71634,30,0,17,0,70,,71635,30,0,17,0,30,,71636,30,0,17,0,70,,71637,30,0,17,0,30,,71638,30,0,17,0,70,,71639,30,0,17,0,30,,71640,30,0,17,0,70,,71641,30,0,17,0,30,,71642,30,0,17,0,70,,71643,30,0,17,0,30,,71644,30,0,17,0,70,,71645,30,0,17,0,30,,71646,30,0,17,0,70,,71647,30,0,17,0,30,,71648,30,0,17,0,70,,71649,30,0,17,0,30,,71650,30,0,17,0,70,,71651,30,0,17,0,30,,71652,30,0,17,0,70,,71653,30,0,17,0,30,,71654,30,0,17,0,100,,71655,30,0,17,0,100,,71656,30,0,17,0,100,,71657,30,0,17,0
721501,'1395',737,,71658,30,0,17,0,70,,71659,30,0,17,0,30,,71660,30,0,17,0,70,,71661,30,0,17,0,30,,71662,30,0,17,0,70,,71663,30,0,17,0,30,,71664,30,0,17,0,70,,71665,30,0,17,0,30,,71666,30,0,17,0,70,,71667,30,0,17,0,30,,71668,30,0,17,0,70,,71669,30,0,17,0,30,,71670,30,0,17,0,70,,71671,30,0,17,0,30,,71672,30,0,17,0,70,,71673,30,0,17,0,30,,71674,30,0,17,0,70,,71675,30,0,17,0,30,,71676,30,0,17,0,70,,71677,30,0,17,0,30,,71678,30,0,17,0,70,,71679,30,0,17,0,30,,71680,30,0,17,0,70,,71681,30,0,17,0,30,,71682,30,0,17,0,100,,71683,30,0,17,0,100,,71684,30,0,17,0,100,,71685,30,0,17,0
721501,'1396',737,,71686,30,0,17,0,70,,71687,30,0,17,0,30,,71688,30,0,17,0,70,,71689,30,0,17,0,30,,71690,30,0,17,0,70,,71691,30,0,17,0,30,,71692,30,0,17,0,70,,71693,30,0,17,0,30,,71694,30,0,17,0,70,,71695,30,0,17,0,30,,71696,30,0,17,0,70,,71697,30,0,17,0,30,,71698,30,0,17,0,70,,71699,30,0,17,0,30,,71700,30,0,17,0,70,,71701,30,0,17,0,30,,71702,30,0,17,0,70,,71703,30,0,17,0,30,,71704,30,0,17,0,70,,71705,30,0,17,0,30,,71706,30,0,17,0,70,,71707,30,0,17,0,30,,71708,30,0,17,0,70,,71709,30,0,17,0,30,,71710,30,0,17,0,100,,71711,30,0,17,0,100,,71712,30,0,17,0,100,,71713,30,0,17,0
