1701,'1390',737,,65970,54,,,0,100,,65969,54,,,0,100,,65968,54,,,0,109,,65967,54,,,0,80,,65966,54,,,0,80,,65965,54,,,0,40,,65964,54,,,0,80,,65963,54,,,0,80,,65962,54,,,0,40,,65961,54,,,0,80,,65960,54,,,0,80,,65959,54,,,0,40,,65958,54,,,0,80,,65957,54,,,0,80,,65956,54,,,0,40,,65955,54,,,0,80,,65954,54,,,0,80,,65953,54,,,0
1701,'1391',616,,65996,54,,,0,30,,65997,54,,,0,70,,65998,54,,,0,30,,65999,54,,,0,70,,66000,54,,,0,30,,66001,54,,,0,70,,66002,54,,,0,30,,65971,54,,,0,70,,65972,54,,,0,30,,65973,54,,,0,60,,65974,54,,,0,20,,65975,54,,,0,20,,65976,54,,,0,60,,65977,54,,,0,20,,65978,54,,,0,20,,65979,54,,,0,60,,65980,54,,,0,20,,65981,54,,,0,20,,65982,54,,,0,60,,65983,54,,,0,20,,65984,54,,,0,20,,65985,54,,,0,60,,65986,54,,,0,20,,65987,54,,,0,20,,65988,54,,,0,60,,65989,54,,,0,20,,65990,54,,,0,20,,65991,54,,,0,60,,65992,54,,,0,20,,65993,54,,,0,20,,66003,54,,,0,60,,65994,54,,,0,20,,65995,54,,,0,20,,66004,54,,,0,70,,66005,54,,,0,30,,66006,54,,,0,70,,66007,54,,,0,30,,66008,54,,,0,70,,66009,54,,,0,30,,66010,54,,,0,70,,66011,54,,,0,30,,66012,54,,,0,70,,66013,54,,,0,30,,66014,54,,,0,70,,66015,54,,,0,30,,66016,54,,,0,70,,66017,54,,,0
1701,'1392',614,,66018,54,,,0,30,,66019,54,,,0,15,,66020,54,,,0,55,,66021,54,,,0,15,,66022,54,,,0,15,,66023,54,,,0,10,,66024,54,,,0,50,,66025,54,,,0,10,,66026,54,,,0,10,,66027,54,,,0,10,,66028,54,,,0,10,,66029,54,,,0,10,,66030,54,,,0,50,,66031,54,,,0,10,,66032,54,,,0,10,,66033,54,,,0,10,,66034,54,,,0,10,,66035,54,,,0,10,,66036,54,,,0,50,,66037,54,,,0,10,,66038,54,,,0,10,,66039,54,,,0,10,,66040,54,,,0,10,,66041,54,,,0,10,,66042,54,,,0,50,,66043,54,,,0,10,,66044,54,,,0,10,,66045,54,,,0,10,,66046,54,,,0,10,,66047,54,,,0,10,,66048,54,,,0,50,,66049,54,,,0,10,,66050,54,,,0,10,,66051,54,,,0,10,,66052,54,,,0,10,,66053,54,,,0,10,,66054,54,,,0,50,,66055,54,,,0,10,,66056,54,,,0,10,,66057,54,,,0,10,,66058,54,,,0,10,,66059,54,,,0,10,,66060,54,,,0,50,,66061,54,,,0,10,,66062,54,,,0,10,,66063,54,,,0,10,,66064,54,,,0,10,,66065,54,,,0,10,,66066,54,,,0,50,,66067,54,,,0,10,,66068,54,,,0,10,,66069,54,,,0,10,,66070,54,,,0,10,,66071,54,,,0,10,,66072,54,,,0,50,,66073,54,,,0,10,,66074,54,,,0,10,,66075,54,,,0,10,,66076,54,,,0,10,,66077,54,,,0,10,,66078,54,,,0,50,,66079,54,,,0,10,,66080,54,,,0,10,,66081,54,,,0,10,,66082,54,,,0,10,,66083,54,,,0,10,,66084,54,,,0,50,,66085,54,,,0,10,,66086,54,,,0,10,,66087,54,,,0,10,,66088,54,,,0,10,,66089,54,,,0,15,,66090,54,,,0,55,,66091,54,,,0,15,,66092,54,,,0,15,,66093,54,,,0,70,,66094,54,,,0,30,,66095,54,,,0,70,,66096,54,,,0,30,,66097,54,,,0,70,,66098,54,,,0,30,,66099,54,,,0,70,,66100,54,,,0,30,,66101,54,,,0,70,,66102,54,,,0,30,,66103,54,,,0,70,,66104,54,,,0
1701,'1393',614,,66105,54,,,0,30,,66106,54,,,0,15,,66107,54,,,0,55,,66108,54,,,0,15,,66109,54,,,0,15,,66110,54,,,0,10,,66111,54,,,0,50,,66112,54,,,0,10,,66113,54,,,0,10,,66114,54,,,0,10,,66115,54,,,0,10,,66116,54,,,0,10,,66117,54,,,0,50,,66118,54,,,0,10,,66119,54,,,0,10,,66120,54,,,0,10,,66121,54,,,0,10,,66122,54,,,0,10,,66123,54,,,0,50,,66124,54,,,0,10,,66125,54,,,0,10,,66126,54,,,0,10,,66127,54,,,0,10,,66128,54,,,0,10,,66129,54,,,0,50,,66130,54,,,0,10,,66131,54,,,0,10,,66132,54,,,0,10,,66133,54,,,0,10,,66134,54,,,0,10,,66135,54,,,0,50,,66136,54,,,0,10,,66137,54,,,0,10,,66138,54,,,0,10,,66139,54,,,0,10,,66140,54,,,0,10,,66141,54,,,0,50,,66142,54,,,0,10,,66143,54,,,0,10,,66144,54,,,0,10,,66145,54,,,0,10,,66146,54,,,0,10,,66147,54,,,0,50,,66148,54,,,0,10,,66149,54,,,0,10,,66150,54,,,0,10,,66151,54,,,0,10,,66152,54,,,0,10,,66153,54,,,0,50,,66154,54,,,0,10,,66155,54,,,0,10,,66156,54,,,0,10,,66157,54,,,0,10,,66158,54,,,0,10,,66159,54,,,0,50,,66160,54,,,0,10,,66161,54,,,0,10,,66162,54,,,0,10,,66163,54,,,0,10,,66164,54,,,0,10,,66165,54,,,0,50,,66166,54,,,0,10,,66167,54,,,0,10,,66168,54,,,0,10,,66169,54,,,0,10,,66170,54,,,0,10,,66171,54,,,0,50,,66172,54,,,0,10,,66173,54,,,0,10,,66174,54,,,0,10,,66175,54,,,0,10,,66176,54,,,0,15,,66177,54,,,0,55,,66178,54,,,0,15,,66179,54,,,0,15,,66180,54,,,0,70,,66181,54,,,0,30,,66182,54,,,0,70,,66183,54,,,0,30,,66184,54,,,0,70,,66185,54,,,0,30,,66186,54,,,0,70,,66187,54,,,0,30,,66188,54,,,0,70,,66189,54,,,0,30,,66190,54,,,0,70,,66191,54,,,0
1701,'1394',614,,66192,54,,,0,30,,66193,54,,,0,15,,66194,54,,,0,55,,66195,54,,,0,15,,66196,54,,,0,15,,66197,54,,,0,10,,66198,54,,,0,50,,66199,54,,,0,10,,66200,54,,,0,10,,66201,54,,,0,10,,66202,54,,,0,10,,66203,54,,,0,10,,66204,54,,,0,50,,66205,54,,,0,10,,66206,54,,,0,10,,66207,54,,,0,10,,66208,54,,,0,10,,66209,54,,,0,10,,66210,54,,,0,50,,66211,54,,,0,10,,66212,54,,,0,10,,66213,54,,,0,10,,66214,54,,,0,10,,66215,54,,,0,10,,66216,54,,,0,50,,66217,54,,,0,10,,66218,54,,,0,10,,66219,54,,,0,10,,66220,54,,,0,10,,66221,54,,,0,10,,66222,54,,,0,50,,66223,54,,,0,10,,66224,54,,,0,10,,66225,54,,,0,10,,66226,54,,,0,10,,66227,54,,,0,10,,66228,54,,,0,50,,66229,54,,,0,10,,66230,54,,,0,10,,66231,54,,,0,10,,66232,54,,,0,10,,66233,54,,,0,10,,66234,54,,,0,50,,66235,54,,,0,10,,66236,54,,,0,10,,66237,54,,,0,10,,66238,54,,,0,10,,66239,54,,,0,10,,66240,54,,,0,50,,66241,54,,,0,10,,66242,54,,,0,10,,66243,54,,,0,10,,66244,54,,,0,10,,66245,54,,,0,10,,66246,54,,,0,50,,66247,54,,,0,10,,66248,54,,,0,10,,66249,54,,,0,10,,66250,54,,,0,10,,66251,54,,,0,10,,66252,54,,,0,50,,66253,54,,,0,10,,66254,54,,,0,10,,66255,54,,,0,10,,66256,54,,,0,10,,66257,54,,,0,10,,66258,54,,,0,50,,66259,54,,,0,10,,66260,54,,,0,10,,66261,54,,,0,10,,66262,54,,,0,10,,66263,54,,,0,15,,66264,54,,,0,55,,66265,54,,,0,15,,66266,54,,,0,15,,66267,54,,,0,70,,66268,54,,,0,30,,66269,54,,,0,70,,66270,54,,,0,30,,66271,54,,,0,70,,66272,54,,,0,30,,66273,54,,,0,70,,66274,54,,,0,30,,66275,54,,,0,70,,66276,54,,,0,30,,66277,54,,,0,70,,66278,54,,,0
1701,'1395',614,,66279,54,,,0,30,,66280,54,,,0,15,,66281,54,,,0,55,,66282,54,,,0,15,,66283,54,,,0,15,,66284,54,,,0,10,,66285,54,,,0,50,,66286,54,,,0,10,,66287,54,,,0,10,,66288,54,,,0,10,,66289,54,,,0,10,,66290,54,,,0,10,,66291,54,,,0,50,,66292,54,,,0,10,,66293,54,,,0,10,,66294,54,,,0,10,,66295,54,,,0,10,,66296,54,,,0,10,,66297,54,,,0,50,,66298,54,,,0,10,,66299,54,,,0,10,,66300,54,,,0,10,,66301,54,,,0,10,,66302,54,,,0,10,,66303,54,,,0,50,,66304,54,,,0,10,,66305,54,,,0,10,,66306,54,,,0,10,,66307,54,,,0,10,,66308,54,,,0,10,,66309,54,,,0,50,,66310,54,,,0,10,,66311,54,,,0,10,,66312,54,,,0,10,,66313,54,,,0,10,,66314,54,,,0,10,,66315,54,,,0,50,,66316,54,,,0,10,,66317,54,,,0,10,,66318,54,,,0,10,,66319,54,,,0,10,,66320,54,,,0,10,,66321,54,,,0,50,,66322,54,,,0,10,,66323,54,,,0,10,,66324,54,,,0,10,,66325,54,,,0,10,,66326,54,,,0,10,,66327,54,,,0,50,,66328,54,,,0,10,,66329,54,,,0,10,,66330,54,,,0,10,,66331,54,,,0,10,,66332,54,,,0,10,,66333,54,,,0,50,,66334,54,,,0,10,,66335,54,,,0,10,,66336,54,,,0,10,,66337,54,,,0,10,,66338,54,,,0,10,,66339,54,,,0,50,,66340,54,,,0,10,,66341,54,,,0,10,,66342,54,,,0,10,,66343,54,,,0,10,,66344,54,,,0,10,,66345,54,,,0,50,,66346,54,,,0,10,,66347,54,,,0,10,,66348,54,,,0,10,,66349,54,,,0,10,,66350,54,,,0,15,,66351,54,,,0,55,,66352,54,,,0,15,,66353,54,,,0,15,,66354,54,,,0,70,,66355,54,,,0,30,,66356,54,,,0,70,,66357,54,,,0,30,,66358,54,,,0,70,,66359,54,,,0,30,,66360,54,,,0,70,,66361,54,,,0,30,,66362,54,,,0,70,,66363,54,,,0,30,,66364,54,,,0,70,,66365,54,,,0
1701,'1396',614,,66366,54,,,0,30,,66367,54,,,0,15,,66368,54,,,0,55,,66369,54,,,0,15,,66370,54,,,0,15,,66371,54,,,0,10,,66372,54,,,0,50,,66373,54,,,0,10,,66374,54,,,0,10,,66375,54,,,0,10,,66376,54,,,0,10,,66377,54,,,0,10,,66378,54,,,0,50,,66379,54,,,0,10,,66380,54,,,0,10,,66381,54,,,0,10,,66382,54,,,0,10,,66383,54,,,0,10,,66384,54,,,0,50,,66385,54,,,0,10,,66386,54,,,0,10,,66387,54,,,0,10,,66388,54,,,0,10,,66389,54,,,0,10,,66390,54,,,0,50,,66391,54,,,0,10,,66392,54,,,0,10,,66393,54,,,0,10,,66394,54,,,0,10,,66395,54,,,0,10,,66396,54,,,0,50,,66397,54,,,0,10,,66398,54,,,0,10,,66399,54,,,0,10,,66400,54,,,0,10,,66401,54,,,0,10,,66402,54,,,0,50,,66403,54,,,0,10,,66404,54,,,0,10,,66405,54,,,0,10,,66406,54,,,0,10,,66407,54,,,0,10,,66408,54,,,0,50,,66409,54,,,0,10,,66410,54,,,0,10,,66411,54,,,0,10,,66412,54,,,0,10,,66413,54,,,0,10,,66414,54,,,0,50,,66415,54,,,0,10,,66416,54,,,0,10,,66417,54,,,0,10,,66418,54,,,0,10,,66419,54,,,0,10,,66420,54,,,0,50,,66421,54,,,0,10,,66422,54,,,0,10,,66423,54,,,0,10,,66424,54,,,0,10,,66425,54,,,0,10,,66426,54,,,0,50,,66427,54,,,0,10,,66428,54,,,0,10,,66429,54,,,0,10,,66430,54,,,0,10,,66431,54,,,0,10,,66432,54,,,0,50,,66433,54,,,0,10,,66434,54,,,0,10,,66435,54,,,0,10,,66436,54,,,0,10,,66437,54,,,0,15,,66438,54,,,0,55,,66439,54,,,0,15,,66440,54,,,0,15,,66441,54,,,0,70,,66442,54,,,0,30,,66443,54,,,0,70,,66444,54,,,0,30,,66445,54,,,0,70,,66446,54,,,0,30,,66447,54,,,0,70,,66448,54,,,0,30,,66449,54,,,0,70,,66450,54,,,0,30,,66451,54,,,0,70,,66452,54,,,0
1901,'1390',940,,67517,56,,,0,100,,67516,56,,,0,100,,67515,56,,,0,100,,67514,56,,,0,100,,67513,56,,,0,100,,67512,56,,,0,100,,67511,56,,,0,100,,67510,56,,,0,100,,67509,56,,,0,100,,67508,56,,,0,100,,67507,56,,,0,100,,67506,56,,,0
1901,'1391',840,,67518,56,,,0,100,,67519,56,,,0,100,,67520,56,,,0,70,,67521,56,,,0,30,,67522,56,,,0,70,,67523,56,,,0,30,,67524,56,,,0,70,,67525,56,,,0,30,,67526,56,,,0,70,,67527,56,,,0,30,,67528,56,,,0,70,,67529,56,,,0,30,,67530,56,,,0,70,,67531,56,,,0,30,,67532,56,,,0,70,,67533,56,,,0,30,,67534,56,,,0,70,,67535,56,,,0,30,,67536,56,,,0,70,,67537,56,,,0,30,,67538,56,,,0,70,,67539,56,,,0,30,,67540,56,,,0,100,,67541,56,,,0,100,,67542,56,,,0,100,,67543,56,,,0
1901,'1392',640,,67544,56,,,0,70,,67545,56,,,0,30,,67546,56,,,0,70,,67547,56,,,0,30,,67548,56,,,0,70,,67549,56,,,0,30,,67550,56,,,0,70,,67551,56,,,0,30,,67552,56,,,0,70,,67553,56,,,0,30,,67554,56,,,0,70,,67555,56,,,0,30,,67556,56,,,0,70,,67557,56,,,0,30,,67558,56,,,0,70,,67559,56,,,0,30,,67560,56,,,0,70,,67561,56,,,0,30,,67562,56,,,0,70,,67563,56,,,0,30,,67564,56,,,0,70,,67565,56,,,0,30,,67566,56,,,0,70,,67567,56,,,0,30,,67568,56,,,0,70,,67569,56,,,0,30,,67570,56,,,0,70,,67571,56,,,0,30,,67572,56,,,0,70,,67573,56,,,0,30,,67574,56,,,0,70,,67575,56,,,0,100,,67576,56,,,0,100,,67577,56,,,0
1901,'1393',640,,67578,56,,,0,70,,67579,56,,,0,30,,67580,56,,,0,70,,67581,56,,,0,30,,67582,56,,,0,70,,67583,56,,,0,30,,67584,56,,,0,70,,67585,56,,,0,30,,67586,56,,,0,70,,67587,56,,,0,30,,67588,56,,,0,70,,67589,56,,,0,30,,67590,56,,,0,70,,67591,56,,,0,30,,67592,56,,,0,70,,67593,56,,,0,30,,67594,56,,,0,70,,67595,56,,,0,30,,67596,56,,,0,70,,67597,56,,,0,30,,67598,56,,,0,70,,67599,56,,,0,30,,67600,56,,,0,70,,67601,56,,,0,30,,67602,56,,,0,70,,67603,56,,,0,30,,67604,56,,,0,70,,67605,56,,,0,30,,67606,56,,,0,70,,67607,56,,,0,30,,67608,56,,,0,70,,67609,56,,,0,100,,67610,56,,,0,100,,67611,56,,,0
1901,'1394',640,,67612,56,,,0,70,,67613,56,,,0,30,,67614,56,,,0,70,,67615,56,,,0,30,,67616,56,,,0,70,,67617,56,,,0,30,,67618,56,,,0,70,,67619,56,,,0,30,,67620,56,,,0,70,,67621,56,,,0,30,,67622,56,,,0,70,,67623,56,,,0,30,,67624,56,,,0,70,,67625,56,,,0,30,,67626,56,,,0,70,,67627,56,,,0,30,,67628,56,,,0,70,,67629,56,,,0,30,,67630,56,,,0,70,,67631,56,,,0,30,,67632,56,,,0,70,,67633,56,,,0,30,,67634,56,,,0,70,,67635,56,,,0,30,,67636,56,,,0,70,,67637,56,,,0,30,,67638,56,,,0,70,,67639,56,,,0,30,,67640,56,,,0,70,,67641,56,,,0,30,,67642,56,,,0,70,,67643,56,,,0,100,,67644,56,,,0,100,,67645,56,,,0
1901,'1395',640,,67646,56,,,0,70,,67647,56,,,0,30,,67648,56,,,0,70,,67649,56,,,0,30,,67650,56,,,0,70,,67651,56,,,0,30,,67652,56,,,0,70,,67653,56,,,0,30,,67654,56,,,0,70,,67655,56,,,0,30,,67656,56,,,0,70,,67657,56,,,0,30,,67658,56,,,0,70,,67659,56,,,0,30,,67660,56,,,0,70,,67661,56,,,0,30,,67662,56,,,0,70,,67663,56,,,0,30,,67664,56,,,0,70,,67665,56,,,0,30,,67666,56,,,0,70,,67667,56,,,0,30,,67668,56,,,0,70,,67669,56,,,0,30,,67670,56,,,0,70,,67671,56,,,0,30,,67672,56,,,0,70,,67673,56,,,0,30,,67674,56,,,0,70,,67675,56,,,0,30,,67676,56,,,0,70,,67677,56,,,0,100,,67678,56,,,0,100,,67679,56,,,0
1901,'1396',640,,67680,56,,,0,70,,67681,56,,,0,30,,67682,56,,,0,70,,67683,56,,,0,30,,67684,56,,,0,70,,67685,56,,,0,30,,67686,56,,,0,70,,67687,56,,,0,30,,67688,56,,,0,70,,67689,56,,,0,30,,67690,56,,,0,70,,67691,56,,,0,30,,67692,56,,,0,70,,67693,56,,,0,30,,67694,56,,,0,70,,67695,56,,,0,30,,67696,56,,,0,70,,67697,56,,,0,30,,67698,56,,,0,70,,67699,56,,,0,30,,67700,56,,,0,70,,67701,56,,,0,30,,67702,56,,,0,70,,67703,56,,,0,30,,67704,56,,,0,70,,67705,56,,,0,30,,67706,56,,,0,70,,67707,56,,,0,30,,67708,56,,,0,70,,67709,56,,,0,30,,67710,56,,,0,70,,67711,56,,,0,100,,67712,56,,,0,100,,67713,56,,,0
552201,'1392',715,,69201,19,0,9,0,30,,69202,19,0,9,0,70,,69203,19,0,9,0,30,,69204,19,0,9,0,70,,69205,19,0,9,0,30,,69206,19,0,9,0,70,,69207,19,0,9,0,30,,69208,19,0,9,0,70,,69209,19,0,9,0,30,,69210,19,0,9,0,70,,69211,19,0,9,0,30,,69212,19,0,9,0,70,,69213,19,0,9,0,30,,69214,19,0,9,0,70,,69215,19,0,9,0,30,,69216,19,0,9,0,70,,69217,19,0,9,0,30,,69218,19,0,9,0,70,,69219,19,0,9,0,30,,69220,19,0,9,0,70,,69221,19,0,9,0,30,,69222,19,0,9,0,70,,69223,19,0,9,0
552201,'1393',715,,69224,19,0,9,0,30,,69225,19,0,9,0,70,,69226,19,0,9,0,30,,69227,19,0,9,0,70,,69228,19,0,9,0,30,,69229,19,0,9,0,70,,69230,19,0,9,0,30,,69231,19,0,9,0,70,,69232,19,0,9,0,30,,69233,19,0,9,0,70,,69234,19,0,9,0,30,,69235,19,0,9,0,70,,69236,19,0,9,0,30,,69237,19,0,9,0,70,,69238,19,0,9,0,30,,69239,19,0,9,0,70,,69240,19,0,9,0,30,,69241,19,0,9,0,70,,69242,19,0,9,0,30,,69243,19,0,9,0,70,,69244,19,0,9,0,30,,69245,19,0,9,0,70,,69246,19,0,9,0
552201,'1394',715,,69247,19,0,9,0,30,,69248,19,0,9,0,70,,69249,19,0,9,0,30,,69250,19,0,9,0,70,,69251,19,0,9,0,30,,69252,19,0,9,0,70,,69253,19,0,9,0,30,,69254,19,0,9,0,70,,69255,19,0,9,0,30,,69256,19,0,9,0,70,,69257,19,0,9,0,30,,69258,19,0,9,0,70,,69259,19,0,9,0,30,,69260,19,0,9,0,70,,69261,19,0,9,0,30,,69262,19,0,9,0,70,,69263,19,0,9,0,30,,69264,19,0,9,0,70,,69265,19,0,9,0,30,,69266,19,0,9,0,70,,69267,19,0,9,0,30,,69268,19,0,9,0,70,,69269,19,0,9,0
552201,'1395',715,,69270,19,0,9,0,30,,69271,19,0,9,0,70,,69272,19,0,9,0,30,,69273,19,0,9,0,70,,69274,19,0,9,0,30,,69275,19,0,9,0,70,,69276,19,0,9,0,30,,69277,19,0,9,0,70,,69278,19,0,9,0,30,,69279,19,0,9,0,70,,69280,19,0,9,0,30,,69281,19,0,9,0,70,,69282,19,0,9,0,30,,69283,19,0,9,0,70,,69284,19,0,9,0,30,,69285,19,0,9,0,70,,69286,19,0,9,0,30,,69287,19,0,9,0,70,,69288,19,0,9,0,30,,69289,19,0,9,0,70,,69290,19,0,9,0,30,,69291,19,0,9,0,70,,69292,19,0,9,0
552201,'1396',715,,69293,19,0,9,0,30,,69294,19,0,9,0,70,,69295,19,0,9,0,30,,69296,19,0,9,0,70,,69297,19,0,9,0,30,,69298,19,0,9,0,70,,69299,19,0,9,0,30,,69300,19,0,9,0,70,,69301,19,0,9,0,30,,69302,19,0,9,0,70,,69303,19,0,9,0,30,,69304,19,0,9,0,70,,69305,19,0,9,0,30,,69306,19,0,9,0,70,,69307,19,0,9,0,30,,69308,19,0,9,0,70,,69309,19,0,9,0,30,,69310,19,0,9,0,70,,69311,19,0,9,0,30,,69312,19,0,9,0,70,,69313,19,0,9,0,30,,69314,19,0,9,0,70,,69315,19,0,9,0
