1700,'1383',623,,58253,35,,,0,100,,58252,35,,,0,100,,58251,35,,,0,100,,58250,35,,,0,109,,58254,35,,,0,80,,58255,35,,,0,40,,58256,35,,,0,80,,58257,35,,,0,80,,58258,35,,,0,40,,58259,35,,,0,80,,58260,35,,,0,80,,58261,35,,,0,40,,58262,35,,,0,80,,58263,35,,,0,80,,58264,35,,,0,40,,58265,35,,,0,80,,58266,35,,,0,80,,58267,35,,,0,40,,58268,35,,,0
1700,'1384',541,,58269,35,,,0,74,,58270,35,,,0,30,,58271,35,,,0,70,,58272,35,,,0,30,,58273,35,,,0,70,,58274,35,,,0,30,,58275,35,,,0,70,,58276,35,,,0,30,,58277,35,,,0,70,,58278,35,,,0,37,,58287,35,,,0,60,,58288,35,,,0,20,,58289,35,,,0,20,,58290,35,,,0,60,,58291,35,,,0,20,,58292,35,,,0,20,,58293,35,,,0,60,,58294,35,,,0,20,,58295,35,,,0,20,,58296,35,,,0,60,,58297,35,,,0,20,,58298,35,,,0,20,,58299,35,,,0,60,,58300,35,,,0,20,,58301,35,,,0,20,,58302,35,,,0,60,,58303,35,,,0,20,,58304,35,,,0,20,,58305,35,,,0,60,,58306,35,,,0,20,,58307,35,,,0,20,,58308,35,,,0,60,,58309,35,,,0,20,,58310,35,,,0,15,,58311,35,,,0,70,,58312,35,,,0,30,,58313,35,,,0,70,,58314,35,,,0,30,,58315,35,,,0,68,,58279,35,,,0,30,,58280,35,,,0,70,,58281,35,,,0,30,,58282,35,,,0,70,,58283,35,,,0,30,,58284,35,,,0,70,,58285,35,,,0,30,,58286,35,,,0
1700,'1385',545,,58316,35,,,0,83,,58335,35,,,0,15,,58334,35,,,0,15,,58333,35,,,0,55,,58332,35,,,0,15,,58331,35,,,0,10,,58330,35,,,0,10,,58329,35,,,0,10,,58328,35,,,0,50,,58327,35,,,0,10,,58326,35,,,0,10,,58325,35,,,0,10,,58324,35,,,0,10,,58323,35,,,0,10,,58318,35,,,0,50,,58319,35,,,0,10,,58320,35,,,0,10,,58321,35,,,0,10,,58322,35,,,0,10,,58336,35,,,0,10,,58361,35,,,0,50,,58362,35,,,0,10,,58363,35,,,0,10,,58364,35,,,0,10,,58365,35,,,0,10,,58366,35,,,0,10,,58367,35,,,0,50,,58368,35,,,0,10,,58369,35,,,0,10,,58370,35,,,0,10,,58371,35,,,0,10,,58372,35,,,0,10,,58373,35,,,0,50,,58374,35,,,0,10,,58375,35,,,0,10,,58376,35,,,0,10,,58379,35,,,0,10,,58380,35,,,0,10,,58381,35,,,0,50,,58382,35,,,0,10,,58383,35,,,0,10,,58384,35,,,0,10,,58385,35,,,0,10,,58386,35,,,0,10,,58337,35,,,0,50,,58338,35,,,0,10,,58339,35,,,0,10,,58340,35,,,0,10,,58341,35,,,0,10,,58342,35,,,0,10,,58343,35,,,0,50,,58344,35,,,0,10,,58345,35,,,0,10,,58346,35,,,0,10,,58347,35,,,0,10,,58348,35,,,0,10,,58349,35,,,0,50,,58350,35,,,0,10,,58351,35,,,0,10,,58352,35,,,0,10,,58353,35,,,0,10,,58354,35,,,0,10,,58355,35,,,0,50,,58356,35,,,0,10,,58357,35,,,0,10,,58358,35,,,0,10,,58359,35,,,0,10,,58360,35,,,0,10,,58387,35,,,0,50,,58388,35,,,0,10,,58389,35,,,0,10,,58390,35,,,0,15,,58391,35,,,0,15,,58392,35,,,0,55,,58393,35,,,0,30,,58394,35,,,0,70,,58395,35,,,0,30,,58396,35,,,0,70,,58397,35,,,0,30,,58398,35,,,0,70,,58399,35,,,0,30,,58400,35,,,0,70,,58401,35,,,0,30,,58402,35,,,0,70,,58377,35,,,0,30,,58378,35,,,0
1700,'1386',545,,58403,35,,,0,83,,58422,35,,,0,15,,58421,35,,,0,15,,58420,35,,,0,55,,58419,35,,,0,15,,58418,35,,,0,10,,58417,35,,,0,10,,58416,35,,,0,10,,58415,35,,,0,50,,58414,35,,,0,10,,58413,35,,,0,10,,58412,35,,,0,10,,58411,35,,,0,10,,58410,35,,,0,10,,58405,35,,,0,50,,58406,35,,,0,10,,58407,35,,,0,10,,58408,35,,,0,10,,58409,35,,,0,10,,58423,35,,,0,10,,58448,35,,,0,50,,58449,35,,,0,10,,58450,35,,,0,10,,58451,35,,,0,10,,58452,35,,,0,10,,58453,35,,,0,10,,58454,35,,,0,50,,58455,35,,,0,10,,58456,35,,,0,10,,58457,35,,,0,10,,58458,35,,,0,10,,58459,35,,,0,10,,58460,35,,,0,50,,58461,35,,,0,10,,58462,35,,,0,10,,58463,35,,,0,10,,58466,35,,,0,10,,58467,35,,,0,10,,58468,35,,,0,50,,58469,35,,,0,10,,58470,35,,,0,10,,58471,35,,,0,10,,58472,35,,,0,10,,58473,35,,,0,10,,58424,35,,,0,50,,58425,35,,,0,10,,58426,35,,,0,10,,58427,35,,,0,10,,58428,35,,,0,10,,58429,35,,,0,10,,58430,35,,,0,50,,58431,35,,,0,10,,58432,35,,,0,10,,58433,35,,,0,10,,58434,35,,,0,10,,58435,35,,,0,10,,58436,35,,,0,50,,58437,35,,,0,10,,58438,35,,,0,10,,58439,35,,,0,10,,58440,35,,,0,10,,58441,35,,,0,10,,58442,35,,,0,50,,58443,35,,,0,10,,58444,35,,,0,10,,58445,35,,,0,10,,58446,35,,,0,10,,58447,35,,,0,10,,58474,35,,,0,50,,58475,35,,,0,10,,58476,35,,,0,10,,58477,35,,,0,15,,58478,35,,,0,15,,58479,35,,,0,55,,58480,35,,,0,30,,58481,35,,,0,70,,58482,35,,,0,30,,58483,35,,,0,70,,58484,35,,,0,30,,58485,35,,,0,70,,58486,35,,,0,30,,58487,35,,,0,70,,58488,35,,,0,30,,58489,35,,,0,70,,58464,35,,,0,30,,58465,35,,,0
1700,'1387',545,,58490,35,,,0,83,,58509,35,,,0,15,,58508,35,,,0,15,,58507,35,,,0,55,,58506,35,,,0,15,,58505,35,,,0,10,,58504,35,,,0,10,,58503,35,,,0,10,,58502,35,,,0,50,,58501,35,,,0,10,,58500,35,,,0,10,,58499,35,,,0,10,,58498,35,,,0,10,,58497,35,,,0,10,,58492,35,,,0,50,,58493,35,,,0,10,,58494,35,,,0,10,,58495,35,,,0,10,,58496,35,,,0,10,,58510,35,,,0,10,,58535,35,,,0,50,,58536,35,,,0,10,,58537,35,,,0,10,,58538,35,,,0,10,,58539,35,,,0,10,,58540,35,,,0,10,,58541,35,,,0,50,,58542,35,,,0,10,,58543,35,,,0,10,,58544,35,,,0,10,,58545,35,,,0,10,,58546,35,,,0,10,,58547,35,,,0,50,,58548,35,,,0,10,,58549,35,,,0,10,,58550,35,,,0,10,,58553,35,,,0,10,,58554,35,,,0,10,,58555,35,,,0,50,,58556,35,,,0,10,,58557,35,,,0,10,,58558,35,,,0,10,,58559,35,,,0,10,,58560,35,,,0,10,,58511,35,,,0,50,,58512,35,,,0,10,,58513,35,,,0,10,,58514,35,,,0,10,,58515,35,,,0,10,,58516,35,,,0,10,,58517,35,,,0,50,,58518,35,,,0,10,,58519,35,,,0,10,,58520,35,,,0,10,,58521,35,,,0,10,,58522,35,,,0,10,,58523,35,,,0,50,,58524,35,,,0,10,,58525,35,,,0,10,,58526,35,,,0,10,,58527,35,,,0,10,,58528,35,,,0,10,,58529,35,,,0,50,,58530,35,,,0,10,,58531,35,,,0,10,,58532,35,,,0,10,,58533,35,,,0,10,,58534,35,,,0,10,,58561,35,,,0,50,,58562,35,,,0,10,,58563,35,,,0,10,,58564,35,,,0,15,,58565,35,,,0,15,,58566,35,,,0,55,,58567,35,,,0,30,,58568,35,,,0,70,,58569,35,,,0,30,,58570,35,,,0,70,,58571,35,,,0,30,,58572,35,,,0,70,,58573,35,,,0,30,,58574,35,,,0,70,,58575,35,,,0,30,,58576,35,,,0,70,,58551,35,,,0,30,,58552,35,,,0
1700,'1388',545,,58577,35,,,0,83,,58596,35,,,0,15,,58595,35,,,0,15,,58594,35,,,0,55,,58593,35,,,0,15,,58592,35,,,0,10,,58591,35,,,0,10,,58590,35,,,0,10,,58589,35,,,0,50,,58588,35,,,0,10,,58587,35,,,0,10,,58586,35,,,0,10,,58585,35,,,0,10,,58584,35,,,0,10,,58579,35,,,0,50,,58580,35,,,0,10,,58581,35,,,0,10,,58582,35,,,0,10,,58583,35,,,0,10,,58597,35,,,0,10,,58622,35,,,0,50,,58623,35,,,0,10,,58624,35,,,0,10,,58625,35,,,0,10,,58626,35,,,0,10,,58627,35,,,0,10,,58628,35,,,0,50,,58629,35,,,0,10,,58630,35,,,0,10,,58631,35,,,0,10,,58632,35,,,0,10,,58633,35,,,0,10,,58634,35,,,0,50,,58635,35,,,0,10,,58636,35,,,0,10,,58637,35,,,0,10,,58640,35,,,0,10,,58641,35,,,0,10,,58642,35,,,0,50,,58643,35,,,0,10,,58644,35,,,0,10,,58645,35,,,0,10,,58646,35,,,0,10,,58647,35,,,0,10,,58598,35,,,0,50,,58599,35,,,0,10,,58600,35,,,0,10,,58601,35,,,0,10,,58602,35,,,0,10,,58603,35,,,0,10,,58604,35,,,0,50,,58605,35,,,0,10,,58606,35,,,0,10,,58607,35,,,0,10,,58608,35,,,0,10,,58609,35,,,0,10,,58610,35,,,0,50,,58611,35,,,0,10,,58612,35,,,0,10,,58613,35,,,0,10,,58614,35,,,0,10,,58615,35,,,0,10,,58616,35,,,0,50,,58617,35,,,0,10,,58618,35,,,0,10,,58619,35,,,0,10,,58620,35,,,0,10,,58621,35,,,0,10,,58648,35,,,0,50,,58649,35,,,0,10,,58650,35,,,0,10,,58651,35,,,0,15,,58652,35,,,0,15,,58653,35,,,0,55,,58654,35,,,0,30,,58655,35,,,0,70,,58656,35,,,0,30,,58657,35,,,0,70,,58658,35,,,0,30,,58659,35,,,0,70,,58660,35,,,0,30,,58661,35,,,0,70,,58662,35,,,0,30,,58663,35,,,0,70,,58638,35,,,0,30,,58639,35,,,0
1700,'1389',545,,58664,35,,,0,83,,58683,35,,,0,15,,58682,35,,,0,15,,58681,35,,,0,55,,58680,35,,,0,15,,58679,35,,,0,10,,58678,35,,,0,10,,58677,35,,,0,10,,58676,35,,,0,50,,58675,35,,,0,10,,58674,35,,,0,10,,58673,35,,,0,10,,58672,35,,,0,10,,58671,35,,,0,10,,58666,35,,,0,50,,58667,35,,,0,10,,58668,35,,,0,10,,58669,35,,,0,10,,58670,35,,,0,10,,58684,35,,,0,10,,58709,35,,,0,50,,58710,35,,,0,10,,58711,35,,,0,10,,58712,35,,,0,10,,58713,35,,,0,10,,58714,35,,,0,10,,58715,35,,,0,50,,58716,35,,,0,10,,58717,35,,,0,10,,58718,35,,,0,10,,58719,35,,,0,10,,58720,35,,,0,10,,58721,35,,,0,50,,58722,35,,,0,10,,58723,35,,,0,10,,58724,35,,,0,10,,58727,35,,,0,10,,58728,35,,,0,10,,58729,35,,,0,50,,58730,35,,,0,10,,58731,35,,,0,10,,58732,35,,,0,10,,58733,35,,,0,10,,58734,35,,,0,10,,58685,35,,,0,50,,58686,35,,,0,10,,58687,35,,,0,10,,58688,35,,,0,10,,58689,35,,,0,10,,58690,35,,,0,10,,58691,35,,,0,50,,58692,35,,,0,10,,58693,35,,,0,10,,58694,35,,,0,10,,58695,35,,,0,10,,58696,35,,,0,10,,58697,35,,,0,50,,58698,35,,,0,10,,58699,35,,,0,10,,58700,35,,,0,10,,58701,35,,,0,10,,58702,35,,,0,10,,58703,35,,,0,50,,58704,35,,,0,10,,58705,35,,,0,10,,58706,35,,,0,10,,58707,35,,,0,10,,58708,35,,,0,10,,58735,35,,,0,50,,58736,35,,,0,10,,58737,35,,,0,10,,58738,35,,,0,15,,58739,35,,,0,15,,58740,35,,,0,55,,58741,35,,,0,30,,58742,35,,,0,70,,58743,35,,,0,30,,58744,35,,,0,70,,58745,35,,,0,30,,58746,35,,,0,70,,58747,35,,,0,30,,58748,35,,,0,70,,58749,35,,,0,30,,58750,35,,,0,70,,58725,35,,,0,30,,58726,35,,,0
1900,'1383',912,,60107,24,,,0,100,,60106,24,,,0,100,,60105,24,,,0,100,,60104,24,,,0,100,,60103,24,,,0,100,,60102,24,,,0,100,,60101,24,,,0,100,,60099,24,,,0,100,,60098,24,,,0,100,,60097,24,,,0,100,,60096,24,,,0,100,,60100,24,,,0
1900,'1384',812,,60108,24,,,0,100,,60109,24,,,0,100,,60110,24,,,0,30,,60111,24,,,0,70,,60112,24,,,0,30,,60113,24,,,0,70,,60114,24,,,0,30,,60115,24,,,0,70,,60116,24,,,0,30,,60117,24,,,0,70,,60118,24,,,0,30,,60119,24,,,0,70,,60120,24,,,0,30,,60121,24,,,0,70,,60122,24,,,0,30,,60123,24,,,0,70,,60124,24,,,0,30,,60125,24,,,0,70,,60126,24,,,0,30,,60127,24,,,0,70,,60128,24,,,0,30,,60129,24,,,0,70,,60130,24,,,0,100,,60131,24,,,0,100,,60132,24,,,0,100,,60133,24,,,0
1900,'1385',612,,60134,24,,,0,30,,60135,24,,,0,70,,60136,24,,,0,30,,60137,24,,,0,70,,60138,24,,,0,30,,60139,24,,,0,70,,60140,24,,,0,30,,60141,24,,,0,70,,60142,24,,,0,30,,60143,24,,,0,70,,60144,24,,,0,30,,60145,24,,,0,70,,60146,24,,,0,30,,60147,24,,,0,70,,60148,24,,,0,30,,60149,24,,,0,70,,60150,24,,,0,30,,60151,24,,,0,70,,60152,24,,,0,30,,60153,24,,,0,70,,60154,24,,,0,30,,60155,24,,,0,70,,60156,24,,,0,30,,60157,24,,,0,70,,60158,24,,,0,30,,60159,24,,,0,70,,60160,24,,,0,30,,60161,24,,,0,70,,60162,24,,,0,30,,60163,24,,,0,70,,60164,24,,,0,30,,60165,24,,,0,100,,60166,24,,,0,100,,60167,24,,,0
1900,'1386',612,,60168,24,,,0,30,,60169,24,,,0,70,,60170,24,,,0,30,,60171,24,,,0,70,,60172,24,,,0,30,,60173,24,,,0,70,,60174,24,,,0,30,,60175,24,,,0,70,,60176,24,,,0,30,,60177,24,,,0,70,,60178,24,,,0,30,,60179,24,,,0,70,,60180,24,,,0,30,,60181,24,,,0,70,,60182,24,,,0,30,,60183,24,,,0,70,,60184,24,,,0,30,,60185,24,,,0,70,,60186,24,,,0,30,,60187,24,,,0,70,,60188,24,,,0,30,,60189,24,,,0,70,,60190,24,,,0,30,,60191,24,,,0,70,,60192,24,,,0,30,,60193,24,,,0,70,,60194,24,,,0,30,,60195,24,,,0,70,,60196,24,,,0,30,,60197,24,,,0,70,,60198,24,,,0,30,,60199,24,,,0,100,,60200,24,,,0,100,,60201,24,,,0
1900,'1387',612,,60202,24,,,0,30,,60203,24,,,0,70,,60204,24,,,0,30,,60205,24,,,0,70,,60206,24,,,0,30,,60207,24,,,0,70,,60208,24,,,0,30,,60209,24,,,0,70,,60210,24,,,0,30,,60211,24,,,0,70,,60212,24,,,0,30,,60213,24,,,0,70,,60214,24,,,0,30,,60215,24,,,0,70,,60216,24,,,0,30,,60217,24,,,0,70,,60218,24,,,0,30,,60219,24,,,0,70,,60220,24,,,0,30,,60221,24,,,0,70,,60222,24,,,0,30,,60223,24,,,0,70,,60224,24,,,0,30,,60225,24,,,0,70,,60226,24,,,0,30,,60227,24,,,0,70,,60228,24,,,0,30,,60229,24,,,0,70,,60230,24,,,0,30,,60231,24,,,0,70,,60232,24,,,0,30,,60233,24,,,0,100,,60234,24,,,0,100,,60235,24,,,0
1900,'1388',612,,60236,24,,,0,30,,60237,24,,,0,70,,60238,24,,,0,30,,60239,24,,,0,70,,60240,24,,,0,30,,60241,24,,,0,70,,60242,24,,,0,30,,60243,24,,,0,70,,60244,24,,,0,30,,60245,24,,,0,70,,60246,24,,,0,30,,60247,24,,,0,70,,60248,24,,,0,30,,60249,24,,,0,70,,60250,24,,,0,30,,60251,24,,,0,70,,60252,24,,,0,30,,60253,24,,,0,70,,60254,24,,,0,30,,60255,24,,,0,70,,60256,24,,,0,30,,60257,24,,,0,70,,60258,24,,,0,30,,60259,24,,,0,70,,60260,24,,,0,30,,60261,24,,,0,70,,60262,24,,,0,30,,60263,24,,,0,70,,60264,24,,,0,30,,60265,24,,,0,70,,60266,24,,,0,30,,60267,24,,,0,100,,60268,24,,,0,100,,60269,24,,,0
1900,'1389',612,,60270,24,,,0,30,,60271,24,,,0,70,,60272,24,,,0,30,,60273,24,,,0,70,,60274,24,,,0,30,,60275,24,,,0,70,,60276,24,,,0,30,,60277,24,,,0,70,,60278,24,,,0,30,,60279,24,,,0,70,,60280,24,,,0,30,,60281,24,,,0,70,,60282,24,,,0,30,,60283,24,,,0,70,,60284,24,,,0,30,,60285,24,,,0,70,,60286,24,,,0,30,,60287,24,,,0,70,,60288,24,,,0,30,,60289,24,,,0,70,,60290,24,,,0,30,,60291,24,,,0,70,,60292,24,,,0,30,,60293,24,,,0,70,,60294,24,,,0,30,,60295,24,,,0,70,,60296,24,,,0,30,,60297,24,,,0,70,,60298,24,,,0,30,,60299,24,,,0,70,,60300,24,,,0,30,,60301,24,,,0,100,,60302,24,,,0,100,,60303,24,,,0
