1701,'1390',704,,65970,2,,,0,100,,65969,2,,,0,100,,65968,2,,,0,101,,65967,2,,,0,40,,65966,2,,,0,80,,65965,2,,,0,80,,65964,2,,,0,40,,65963,2,,,0,80,,65962,2,,,0,80,,65961,2,,,0,40,,65960,2,,,0,80,,65959,2,,,0,80,,65958,2,,,0,40,,65957,2,,,0,80,,65956,2,,,0,80,,65955,2,,,0,40,,65954,2,,,0,80,,65953,2,,,0
1701,'1391',535,,65996,2,,,0,70,,65997,2,,,0,30,,65998,2,,,0,70,,65999,2,,,0,30,,66000,2,,,0,70,,66001,2,,,0,30,,66002,2,,,0,70,,65971,2,,,0,30,,65972,2,,,0,70,,65973,2,,,0,20,,65974,2,,,0,20,,65975,2,,,0,60,,65976,2,,,0,20,,65977,2,,,0,20,,65978,2,,,0,60,,65979,2,,,0,20,,65980,2,,,0,20,,65981,2,,,0,60,,65982,2,,,0,20,,65983,2,,,0,20,,65984,2,,,0,60,,65985,2,,,0,20,,65986,2,,,0,20,,65987,2,,,0,60,,65988,2,,,0,20,,65989,2,,,0,20,,65990,2,,,0,60,,65991,2,,,0,20,,65992,2,,,0,20,,65993,2,,,0,60,,66003,2,,,0,20,,65994,2,,,0,20,,65995,2,,,0,60,,66004,2,,,0,30,,66005,2,,,0,70,,66006,2,,,0,30,,66007,2,,,0,70,,66008,2,,,0,30,,66009,2,,,0,70,,66010,2,,,0,30,,66011,2,,,0,70,,66012,2,,,0,30,,66013,2,,,0,70,,66014,2,,,0,30,,66015,2,,,0,70,,66016,2,,,0,30,,66017,2,,,0
1701,'1392',535,,66018,2,,,0,70,,66019,2,,,0,15,,66020,2,,,0,15,,66021,2,,,0,15,,66022,2,,,0,55,,66023,2,,,0,10,,66024,2,,,0,10,,66025,2,,,0,10,,66026,2,,,0,10,,66027,2,,,0,10,,66028,2,,,0,50,,66029,2,,,0,10,,66030,2,,,0,10,,66031,2,,,0,10,,66032,2,,,0,10,,66033,2,,,0,10,,66034,2,,,0,50,,66035,2,,,0,10,,66036,2,,,0,10,,66037,2,,,0,10,,66038,2,,,0,10,,66039,2,,,0,10,,66040,2,,,0,50,,66041,2,,,0,10,,66042,2,,,0,10,,66043,2,,,0,10,,66044,2,,,0,10,,66045,2,,,0,10,,66046,2,,,0,50,,66047,2,,,0,10,,66048,2,,,0,10,,66049,2,,,0,10,,66050,2,,,0,10,,66051,2,,,0,10,,66052,2,,,0,50,,66053,2,,,0,10,,66054,2,,,0,10,,66055,2,,,0,10,,66056,2,,,0,10,,66057,2,,,0,10,,66058,2,,,0,50,,66059,2,,,0,10,,66060,2,,,0,10,,66061,2,,,0,10,,66062,2,,,0,10,,66063,2,,,0,10,,66064,2,,,0,50,,66065,2,,,0,10,,66066,2,,,0,10,,66067,2,,,0,10,,66068,2,,,0,10,,66069,2,,,0,10,,66070,2,,,0,50,,66071,2,,,0,10,,66072,2,,,0,10,,66073,2,,,0,10,,66074,2,,,0,10,,66075,2,,,0,10,,66076,2,,,0,50,,66077,2,,,0,10,,66078,2,,,0,10,,66079,2,,,0,10,,66080,2,,,0,10,,66081,2,,,0,10,,66082,2,,,0,50,,66083,2,,,0,10,,66084,2,,,0,10,,66085,2,,,0,10,,66086,2,,,0,10,,66087,2,,,0,10,,66088,2,,,0,50,,66089,2,,,0,15,,66090,2,,,0,15,,66091,2,,,0,15,,66092,2,,,0,55,,66093,2,,,0,30,,66094,2,,,0,70,,66095,2,,,0,30,,66096,2,,,0,70,,66097,2,,,0,30,,66098,2,,,0,70,,66099,2,,,0,30,,66100,2,,,0,70,,66101,2,,,0,30,,66102,2,,,0,70,,66103,2,,,0,30,,66104,2,,,0
1701,'1393',535,,66105,2,,,0,70,,66106,2,,,0,15,,66107,2,,,0,15,,66108,2,,,0,15,,66109,2,,,0,55,,66110,2,,,0,10,,66111,2,,,0,10,,66112,2,,,0,10,,66113,2,,,0,10,,66114,2,,,0,10,,66115,2,,,0,50,,66116,2,,,0,10,,66117,2,,,0,10,,66118,2,,,0,10,,66119,2,,,0,10,,66120,2,,,0,10,,66121,2,,,0,50,,66122,2,,,0,10,,66123,2,,,0,10,,66124,2,,,0,10,,66125,2,,,0,10,,66126,2,,,0,10,,66127,2,,,0,50,,66128,2,,,0,10,,66129,2,,,0,10,,66130,2,,,0,10,,66131,2,,,0,10,,66132,2,,,0,10,,66133,2,,,0,50,,66134,2,,,0,10,,66135,2,,,0,10,,66136,2,,,0,10,,66137,2,,,0,10,,66138,2,,,0,10,,66139,2,,,0,50,,66140,2,,,0,10,,66141,2,,,0,10,,66142,2,,,0,10,,66143,2,,,0,10,,66144,2,,,0,10,,66145,2,,,0,50,,66146,2,,,0,10,,66147,2,,,0,10,,66148,2,,,0,10,,66149,2,,,0,10,,66150,2,,,0,10,,66151,2,,,0,50,,66152,2,,,0,10,,66153,2,,,0,10,,66154,2,,,0,10,,66155,2,,,0,10,,66156,2,,,0,10,,66157,2,,,0,50,,66158,2,,,0,10,,66159,2,,,0,10,,66160,2,,,0,10,,66161,2,,,0,10,,66162,2,,,0,10,,66163,2,,,0,50,,66164,2,,,0,10,,66165,2,,,0,10,,66166,2,,,0,10,,66167,2,,,0,10,,66168,2,,,0,10,,66169,2,,,0,50,,66170,2,,,0,10,,66171,2,,,0,10,,66172,2,,,0,10,,66173,2,,,0,10,,66174,2,,,0,10,,66175,2,,,0,50,,66176,2,,,0,15,,66177,2,,,0,15,,66178,2,,,0,15,,66179,2,,,0,55,,66180,2,,,0,30,,66181,2,,,0,70,,66182,2,,,0,30,,66183,2,,,0,70,,66184,2,,,0,30,,66185,2,,,0,70,,66186,2,,,0,30,,66187,2,,,0,70,,66188,2,,,0,30,,66189,2,,,0,70,,66190,2,,,0,30,,66191,2,,,0
1701,'1394',535,,66192,2,,,0,70,,66193,2,,,0,15,,66194,2,,,0,15,,66195,2,,,0,15,,66196,2,,,0,55,,66197,2,,,0,10,,66198,2,,,0,10,,66199,2,,,0,10,,66200,2,,,0,10,,66201,2,,,0,10,,66202,2,,,0,50,,66203,2,,,0,10,,66204,2,,,0,10,,66205,2,,,0,10,,66206,2,,,0,10,,66207,2,,,0,10,,66208,2,,,0,50,,66209,2,,,0,10,,66210,2,,,0,10,,66211,2,,,0,10,,66212,2,,,0,10,,66213,2,,,0,10,,66214,2,,,0,50,,66215,2,,,0,10,,66216,2,,,0,10,,66217,2,,,0,10,,66218,2,,,0,10,,66219,2,,,0,10,,66220,2,,,0,50,,66221,2,,,0,10,,66222,2,,,0,10,,66223,2,,,0,10,,66224,2,,,0,10,,66225,2,,,0,10,,66226,2,,,0,50,,66227,2,,,0,10,,66228,2,,,0,10,,66229,2,,,0,10,,66230,2,,,0,10,,66231,2,,,0,10,,66232,2,,,0,50,,66233,2,,,0,10,,66234,2,,,0,10,,66235,2,,,0,10,,66236,2,,,0,10,,66237,2,,,0,10,,66238,2,,,0,50,,66239,2,,,0,10,,66240,2,,,0,10,,66241,2,,,0,10,,66242,2,,,0,10,,66243,2,,,0,10,,66244,2,,,0,50,,66245,2,,,0,10,,66246,2,,,0,10,,66247,2,,,0,10,,66248,2,,,0,10,,66249,2,,,0,10,,66250,2,,,0,50,,66251,2,,,0,10,,66252,2,,,0,10,,66253,2,,,0,10,,66254,2,,,0,10,,66255,2,,,0,10,,66256,2,,,0,50,,66257,2,,,0,10,,66258,2,,,0,10,,66259,2,,,0,10,,66260,2,,,0,10,,66261,2,,,0,10,,66262,2,,,0,50,,66263,2,,,0,15,,66264,2,,,0,15,,66265,2,,,0,15,,66266,2,,,0,55,,66267,2,,,0,30,,66268,2,,,0,70,,66269,2,,,0,30,,66270,2,,,0,70,,66271,2,,,0,30,,66272,2,,,0,70,,66273,2,,,0,30,,66274,2,,,0,70,,66275,2,,,0,30,,66276,2,,,0,70,,66277,2,,,0,30,,66278,2,,,0
1701,'1395',535,,66279,2,,,0,70,,66280,2,,,0,15,,66281,2,,,0,15,,66282,2,,,0,15,,66283,2,,,0,55,,66284,2,,,0,10,,66285,2,,,0,10,,66286,2,,,0,10,,66287,2,,,0,10,,66288,2,,,0,10,,66289,2,,,0,50,,66290,2,,,0,10,,66291,2,,,0,10,,66292,2,,,0,10,,66293,2,,,0,10,,66294,2,,,0,10,,66295,2,,,0,50,,66296,2,,,0,10,,66297,2,,,0,10,,66298,2,,,0,10,,66299,2,,,0,10,,66300,2,,,0,10,,66301,2,,,0,50,,66302,2,,,0,10,,66303,2,,,0,10,,66304,2,,,0,10,,66305,2,,,0,10,,66306,2,,,0,10,,66307,2,,,0,50,,66308,2,,,0,10,,66309,2,,,0,10,,66310,2,,,0,10,,66311,2,,,0,10,,66312,2,,,0,10,,66313,2,,,0,50,,66314,2,,,0,10,,66315,2,,,0,10,,66316,2,,,0,10,,66317,2,,,0,10,,66318,2,,,0,10,,66319,2,,,0,50,,66320,2,,,0,10,,66321,2,,,0,10,,66322,2,,,0,10,,66323,2,,,0,10,,66324,2,,,0,10,,66325,2,,,0,50,,66326,2,,,0,10,,66327,2,,,0,10,,66328,2,,,0,10,,66329,2,,,0,10,,66330,2,,,0,10,,66331,2,,,0,50,,66332,2,,,0,10,,66333,2,,,0,10,,66334,2,,,0,10,,66335,2,,,0,10,,66336,2,,,0,10,,66337,2,,,0,50,,66338,2,,,0,10,,66339,2,,,0,10,,66340,2,,,0,10,,66341,2,,,0,10,,66342,2,,,0,10,,66343,2,,,0,50,,66344,2,,,0,10,,66345,2,,,0,10,,66346,2,,,0,10,,66347,2,,,0,10,,66348,2,,,0,10,,66349,2,,,0,50,,66350,2,,,0,15,,66351,2,,,0,15,,66352,2,,,0,15,,66353,2,,,0,55,,66354,2,,,0,30,,66355,2,,,0,70,,66356,2,,,0,30,,66357,2,,,0,70,,66358,2,,,0,30,,66359,2,,,0,70,,66360,2,,,0,30,,66361,2,,,0,70,,66362,2,,,0,30,,66363,2,,,0,70,,66364,2,,,0,30,,66365,2,,,0
1701,'1396',535,,66366,2,,,0,70,,66367,2,,,0,15,,66368,2,,,0,15,,66369,2,,,0,15,,66370,2,,,0,55,,66371,2,,,0,10,,66372,2,,,0,10,,66373,2,,,0,10,,66374,2,,,0,10,,66375,2,,,0,10,,66376,2,,,0,50,,66377,2,,,0,10,,66378,2,,,0,10,,66379,2,,,0,10,,66380,2,,,0,10,,66381,2,,,0,10,,66382,2,,,0,50,,66383,2,,,0,10,,66384,2,,,0,10,,66385,2,,,0,10,,66386,2,,,0,10,,66387,2,,,0,10,,66388,2,,,0,50,,66389,2,,,0,10,,66390,2,,,0,10,,66391,2,,,0,10,,66392,2,,,0,10,,66393,2,,,0,10,,66394,2,,,0,50,,66395,2,,,0,10,,66396,2,,,0,10,,66397,2,,,0,10,,66398,2,,,0,10,,66399,2,,,0,10,,66400,2,,,0,50,,66401,2,,,0,10,,66402,2,,,0,10,,66403,2,,,0,10,,66404,2,,,0,10,,66405,2,,,0,10,,66406,2,,,0,50,,66407,2,,,0,10,,66408,2,,,0,10,,66409,2,,,0,10,,66410,2,,,0,10,,66411,2,,,0,10,,66412,2,,,0,50,,66413,2,,,0,10,,66414,2,,,0,10,,66415,2,,,0,10,,66416,2,,,0,10,,66417,2,,,0,10,,66418,2,,,0,50,,66419,2,,,0,10,,66420,2,,,0,10,,66421,2,,,0,10,,66422,2,,,0,10,,66423,2,,,0,10,,66424,2,,,0,50,,66425,2,,,0,10,,66426,2,,,0,10,,66427,2,,,0,10,,66428,2,,,0,10,,66429,2,,,0,10,,66430,2,,,0,50,,66431,2,,,0,10,,66432,2,,,0,10,,66433,2,,,0,10,,66434,2,,,0,10,,66435,2,,,0,10,,66436,2,,,0,50,,66437,2,,,0,15,,66438,2,,,0,15,,66439,2,,,0,15,,66440,2,,,0,55,,66441,2,,,0,30,,66442,2,,,0,70,,66443,2,,,0,30,,66444,2,,,0,70,,66445,2,,,0,30,,66446,2,,,0,70,,66447,2,,,0,30,,66448,2,,,0,70,,66449,2,,,0,30,,66450,2,,,0,70,,66451,2,,,0,30,,66452,2,,,0
1801,'1390',701,,66890,2,,,0,100,,66889,2,,,0,100,,66888,2,,,0,105,,66887,2,,,0,40,,66886,2,,,0,80,,66885,2,,,0,80,,66884,2,,,0,40,,66883,2,,,0,80,,66882,2,,,0,80,,66881,2,,,0,40,,66880,2,,,0,80,,66879,2,,,0,80,,66878,2,,,0,40,,66877,2,,,0,80,,66876,2,,,0,80,,66875,2,,,0,40,,66874,2,,,0,80,,66873,2,,,0
1801,'1391',536,,66891,2,,,0,70,,66892,2,,,0,30,,66893,2,,,0,70,,66894,2,,,0,30,,66895,2,,,0,70,,66896,2,,,0,30,,66897,2,,,0,70,,66898,2,,,0,30,,66899,2,,,0,70,,66900,2,,,0,20,,66901,2,,,0,20,,66902,2,,,0,60,,66903,2,,,0,20,,66904,2,,,0,20,,66905,2,,,0,60,,66906,2,,,0,20,,66907,2,,,0,20,,66908,2,,,0,60,,66909,2,,,0,20,,66910,2,,,0,20,,66911,2,,,0,60,,66912,2,,,0,20,,66913,2,,,0,20,,66914,2,,,0,60,,66915,2,,,0,20,,66916,2,,,0,20,,66917,2,,,0,60,,66918,2,,,0,20,,66919,2,,,0,20,,66920,2,,,0,60,,66921,2,,,0,20,,66922,2,,,0,20,,66923,2,,,0,60,,66924,2,,,0,35,,66925,2,,,0,65,,66926,2,,,0,30,,66927,2,,,0,70,,66928,2,,,0,30,,66929,2,,,0,70,,66930,2,,,0,30,,66931,2,,,0,70,,66932,2,,,0,30,,66933,2,,,0,70,,66934,2,,,0,30,,66935,2,,,0,70,,66936,2,,,0,30,,66937,2,,,0
1801,'1392',534,,66976,2,,,0,70,,66977,2,,,0,15,,66942,2,,,0,15,,66941,2,,,0,15,,66940,2,,,0,55,,66939,2,,,0,10,,66938,2,,,0,10,,66943,2,,,0,10,,66944,2,,,0,10,,66945,2,,,0,10,,66946,2,,,0,50,,66947,2,,,0,15,,66948,2,,,0,15,,66949,2,,,0,15,,66950,2,,,0,55,,66978,2,,,0,15,,66979,2,,,0,15,,66980,2,,,0,15,,66981,2,,,0,55,,66982,2,,,0,15,,66983,2,,,0,15,,66984,2,,,0,15,,66985,2,,,0,55,,66986,2,,,0,15,,66987,2,,,0,15,,66988,2,,,0,15,,66989,2,,,0,55,,66990,2,,,0,15,,66991,2,,,0,15,,66992,2,,,0,15,,66993,2,,,0,55,,66994,2,,,0,17,,66951,2,,,0,15,,66952,2,,,0,15,,66953,2,,,0,55,,66954,2,,,0,10,,66955,2,,,0,10,,66956,2,,,0,10,,66957,2,,,0,10,,66958,2,,,0,10,,66959,2,,,0,50,,66960,2,,,0,10,,66961,2,,,0,10,,66962,2,,,0,10,,66963,2,,,0,10,,66964,2,,,0,10,,66965,2,,,0,50,,66966,2,,,0,10,,66967,2,,,0,10,,66968,2,,,0,10,,66969,2,,,0,10,,66970,2,,,0,10,,66971,2,,,0,50,,66972,2,,,0,15,,66973,2,,,0,15,,66974,2,,,0,15,,66975,2,,,0,54,,66995,2,,,0,30,,66996,2,,,0,70,,66997,2,,,0,30,,66998,2,,,0,70,,66999,2,,,0,30,,67000,2,,,0,70,,67001,2,,,0,30,,67002,2,,,0,70,,67003,2,,,0,30,,67004,2,,,0,70,,67005,2,,,0,30,,67006,2,,,0,70,,67007,2,,,0,30,,67008,2,,,0
1801,'1393',534,,67048,2,,,0,70,,67049,2,,,0,15,,67013,2,,,0,15,,67012,2,,,0,15,,67011,2,,,0,55,,67010,2,,,0,10,,67014,2,,,0,10,,67015,2,,,0,10,,67016,2,,,0,10,,67017,2,,,0,10,,67018,2,,,0,50,,67019,2,,,0,15,,67020,2,,,0,15,,67021,2,,,0,15,,67022,2,,,0,55,,67050,2,,,0,15,,67051,2,,,0,15,,67052,2,,,0,15,,67053,2,,,0,55,,67054,2,,,0,15,,67055,2,,,0,15,,67056,2,,,0,15,,67057,2,,,0,55,,67058,2,,,0,15,,67059,2,,,0,15,,67060,2,,,0,15,,67061,2,,,0,55,,67062,2,,,0,15,,67063,2,,,0,15,,67064,2,,,0,15,,67065,2,,,0,55,,67066,2,,,0,17,,67023,2,,,0,15,,67024,2,,,0,15,,67025,2,,,0,55,,67026,2,,,0,10,,67027,2,,,0,10,,67028,2,,,0,10,,67029,2,,,0,10,,67030,2,,,0,10,,67031,2,,,0,50,,67032,2,,,0,10,,67033,2,,,0,10,,67034,2,,,0,10,,67035,2,,,0,10,,67036,2,,,0,10,,67037,2,,,0,50,,67038,2,,,0,10,,67039,2,,,0,10,,67040,2,,,0,10,,67041,2,,,0,10,,67042,2,,,0,10,,67043,2,,,0,50,,67044,2,,,0,15,,67045,2,,,0,15,,67046,2,,,0,15,,67047,2,,,0,54,,67067,2,,,0,30,,67068,2,,,0,70,,67069,2,,,0,30,,67070,2,,,0,70,,67071,2,,,0,30,,67072,2,,,0,70,,67073,2,,,0,30,,67074,2,,,0,70,,67075,2,,,0,30,,67076,2,,,0,70,,67077,2,,,0,30,,67078,2,,,0,70,,67079,2,,,0,30,,67080,2,,,0
1801,'1394',534,,67120,2,,,0,70,,67121,2,,,0,15,,67085,2,,,0,15,,67084,2,,,0,15,,67083,2,,,0,55,,67082,2,,,0,10,,67086,2,,,0,10,,67087,2,,,0,10,,67088,2,,,0,10,,67089,2,,,0,10,,67090,2,,,0,50,,67091,2,,,0,15,,67092,2,,,0,15,,67093,2,,,0,15,,67094,2,,,0,55,,67122,2,,,0,15,,67123,2,,,0,15,,67124,2,,,0,15,,67125,2,,,0,55,,67126,2,,,0,15,,67127,2,,,0,15,,67128,2,,,0,15,,67129,2,,,0,55,,67130,2,,,0,15,,67131,2,,,0,15,,67132,2,,,0,15,,67133,2,,,0,55,,67134,2,,,0,15,,67135,2,,,0,15,,67136,2,,,0,15,,67137,2,,,0,55,,67138,2,,,0,17,,67095,2,,,0,15,,67096,2,,,0,15,,67097,2,,,0,55,,67098,2,,,0,10,,67099,2,,,0,10,,67100,2,,,0,10,,67101,2,,,0,10,,67102,2,,,0,10,,67103,2,,,0,50,,67104,2,,,0,10,,67105,2,,,0,10,,67106,2,,,0,10,,67107,2,,,0,10,,67108,2,,,0,10,,67109,2,,,0,50,,67110,2,,,0,10,,67111,2,,,0,10,,67112,2,,,0,10,,67113,2,,,0,10,,67114,2,,,0,10,,67115,2,,,0,50,,67116,2,,,0,15,,67117,2,,,0,15,,67118,2,,,0,15,,67119,2,,,0,54,,67139,2,,,0,30,,67140,2,,,0,70,,67141,2,,,0,30,,67142,2,,,0,70,,67143,2,,,0,30,,67144,2,,,0,70,,67145,2,,,0,30,,67146,2,,,0,70,,67147,2,,,0,30,,67148,2,,,0,70,,67149,2,,,0,30,,67150,2,,,0,70,,67151,2,,,0,30,,67152,2,,,0
1801,'1395',534,,67192,2,,,0,70,,67193,2,,,0,15,,67157,2,,,0,15,,67156,2,,,0,15,,67155,2,,,0,55,,67154,2,,,0,10,,67158,2,,,0,10,,67159,2,,,0,10,,67160,2,,,0,10,,67161,2,,,0,10,,67162,2,,,0,50,,67163,2,,,0,15,,67164,2,,,0,15,,67165,2,,,0,15,,67166,2,,,0,55,,67194,2,,,0,15,,67195,2,,,0,15,,67196,2,,,0,15,,67197,2,,,0,55,,67198,2,,,0,15,,67199,2,,,0,15,,67200,2,,,0,15,,67201,2,,,0,55,,67202,2,,,0,15,,67203,2,,,0,15,,67204,2,,,0,15,,67205,2,,,0,55,,67206,2,,,0,15,,67207,2,,,0,15,,67208,2,,,0,15,,67209,2,,,0,55,,67210,2,,,0,17,,67167,2,,,0,15,,67168,2,,,0,15,,67169,2,,,0,55,,67170,2,,,0,10,,67171,2,,,0,10,,67172,2,,,0,10,,67173,2,,,0,10,,67174,2,,,0,10,,67175,2,,,0,50,,67176,2,,,0,10,,67177,2,,,0,10,,67178,2,,,0,10,,67179,2,,,0,10,,67180,2,,,0,10,,67181,2,,,0,50,,67182,2,,,0,10,,67183,2,,,0,10,,67184,2,,,0,10,,67185,2,,,0,10,,67186,2,,,0,10,,67187,2,,,0,50,,67188,2,,,0,15,,67189,2,,,0,15,,67190,2,,,0,15,,67191,2,,,0,54,,67211,2,,,0,30,,67212,2,,,0,70,,67213,2,,,0,30,,67214,2,,,0,70,,67215,2,,,0,30,,67216,2,,,0,70,,67217,2,,,0,30,,67218,2,,,0,70,,67219,2,,,0,30,,67220,2,,,0,70,,67221,2,,,0,30,,67222,2,,,0,70,,67223,2,,,0,30,,67224,2,,,0
1801,'1396',534,,67264,2,,,0,70,,67265,2,,,0,15,,67229,2,,,0,15,,67228,2,,,0,15,,67227,2,,,0,55,,67226,2,,,0,10,,67230,2,,,0,10,,67231,2,,,0,10,,67232,2,,,0,10,,67233,2,,,0,10,,67234,2,,,0,50,,67235,2,,,0,15,,67236,2,,,0,15,,67237,2,,,0,15,,67238,2,,,0,55,,67266,2,,,0,15,,67267,2,,,0,15,,67268,2,,,0,15,,67269,2,,,0,55,,67270,2,,,0,15,,67271,2,,,0,15,,67272,2,,,0,15,,67273,2,,,0,55,,67274,2,,,0,15,,67275,2,,,0,15,,67276,2,,,0,15,,67277,2,,,0,55,,67278,2,,,0,15,,67279,2,,,0,15,,67280,2,,,0,15,,67281,2,,,0,55,,67282,2,,,0,17,,67239,2,,,0,15,,67240,2,,,0,15,,67241,2,,,0,55,,67242,2,,,0,10,,67243,2,,,0,10,,67244,2,,,0,10,,67245,2,,,0,10,,67246,2,,,0,10,,67247,2,,,0,50,,67248,2,,,0,10,,67249,2,,,0,10,,67250,2,,,0,10,,67251,2,,,0,10,,67252,2,,,0,10,,67253,2,,,0,50,,67254,2,,,0,10,,67255,2,,,0,10,,67256,2,,,0,10,,67257,2,,,0,10,,67258,2,,,0,10,,67259,2,,,0,50,,67260,2,,,0,15,,67261,2,,,0,15,,67262,2,,,0,15,,67263,2,,,0,54,,67283,2,,,0,30,,67284,2,,,0,70,,67285,2,,,0,30,,67286,2,,,0,70,,67287,2,,,0,30,,67288,2,,,0,70,,67289,2,,,0,30,,67290,2,,,0,70,,67291,2,,,0,30,,67292,2,,,0,70,,67293,2,,,0,30,,67294,2,,,0,70,,67295,2,,,0,30,,67296,2,,,0
