1800,'1390',752,,66470,74,,,0,100,,66469,74,,,0,100,,66468,74,,,0,80,,66467,74,,,0,80,,66466,74,,,0,44,,66465,74,,,0,81,,66464,74,,,0,80,,66463,74,,,0,40,,66462,74,,,0,80,,66461,74,,,0,80,,66460,74,,,0,40,,66459,74,,,0,80,,66458,74,,,0,80,,66457,74,,,0,40,,66456,74,,,0,80,,66455,74,,,0,80,,66454,74,,,0,40,,66453,74,,,0
1800,'1391',611,,66471,74,,,0,45,,66472,74,,,0,70,,66473,74,,,0,30,,66474,74,,,0,70,,66475,74,,,0,30,,66476,74,,,0,70,,66477,74,,,0,30,,66478,74,,,0,70,,66479,74,,,0,30,,66480,74,,,0,60,,66481,74,,,0,20,,66482,74,,,0,20,,66483,74,,,0,60,,66484,74,,,0,20,,66485,74,,,0,20,,66486,74,,,0,60,,66487,74,,,0,20,,66488,74,,,0,20,,66489,74,,,0,60,,66490,74,,,0,20,,66491,74,,,0,20,,66492,74,,,0,60,,66493,74,,,0,20,,66494,74,,,0,20,,66495,74,,,0,60,,66496,74,,,0,20,,66497,74,,,0,20,,66498,74,,,0,60,,66499,74,,,0,20,,66500,74,,,0,20,,66501,74,,,0,60,,66502,74,,,0,20,,66503,74,,,0,20,,66504,74,,,0,70,,66505,74,,,0,30,,66506,74,,,0,70,,66507,74,,,0,30,,66508,74,,,0,70,,66509,74,,,0,30,,66510,74,,,0,70,,66511,74,,,0,30,,66512,74,,,0,70,,66513,74,,,0,30,,66514,74,,,0,70,,66515,74,,,0,30,,66516,74,,,0,70,,66517,74,,,0
1800,'1392',612,,66554,74,,,0,35,,66555,74,,,0,59,,66518,74,,,0,15,,66519,74,,,0,15,,66520,74,,,0,15,,66521,74,,,0,55,,66522,74,,,0,10,,66523,74,,,0,10,,66524,74,,,0,10,,66525,74,,,0,10,,66526,74,,,0,10,,66527,74,,,0,50,,66528,74,,,0,5,,66556,74,,,0,15,,66557,74,,,0,15,,66558,74,,,0,15,,66559,74,,,0,55,,66560,74,,,0,15,,66561,74,,,0,15,,66562,74,,,0,13,,66563,74,,,0,55,,66564,74,,,0,15,,66565,74,,,0,15,,66566,74,,,0,15,,66567,74,,,0,55,,66568,74,,,0,15,,66569,74,,,0,15,,66570,74,,,0,15,,66571,74,,,0,55,,66572,74,,,0,15,,66573,74,,,0,15,,66574,74,,,0,64,,66529,74,,,0,20,,66530,74,,,0,15,,66531,74,,,0,15,,66532,74,,,0,55,,66533,74,,,0,10,,66534,74,,,0,10,,66535,74,,,0,10,,66536,74,,,0,10,,66537,74,,,0,10,,66538,74,,,0,50,,66539,74,,,0,10,,66540,74,,,0,10,,66541,74,,,0,10,,66542,74,,,0,10,,66543,74,,,0,10,,66544,74,,,0,50,,66545,74,,,0,10,,66546,74,,,0,10,,66547,74,,,0,10,,66548,74,,,0,10,,66549,74,,,0,10,,66550,74,,,0,50,,66551,74,,,0,15,,66552,74,,,0,15,,66553,74,,,0,17,,66575,74,,,0,70,,66576,74,,,0,30,,66577,74,,,0,70,,66578,74,,,0,30,,66579,74,,,0,70,,66580,74,,,0,30,,66581,74,,,0,70,,66582,74,,,0,30,,66583,74,,,0,70,,66584,74,,,0,30,,66585,74,,,0,70,,66586,74,,,0,30,,66587,74,,,0,70,,66588,74,,,0
1800,'1393',612,,66625,74,,,0,35,,66626,74,,,0,59,,66589,74,,,0,15,,66590,74,,,0,15,,66591,74,,,0,15,,66592,74,,,0,55,,66593,74,,,0,10,,66594,74,,,0,10,,66595,74,,,0,10,,66596,74,,,0,10,,66597,74,,,0,10,,66598,74,,,0,50,,66599,74,,,0,5,,66627,74,,,0,15,,66628,74,,,0,15,,66629,74,,,0,15,,66630,74,,,0,55,,66631,74,,,0,15,,66632,74,,,0,15,,66633,74,,,0,13,,66634,74,,,0,55,,66635,74,,,0,15,,66636,74,,,0,15,,66637,74,,,0,15,,66638,74,,,0,55,,66639,74,,,0,15,,66640,74,,,0,15,,66641,74,,,0,15,,66642,74,,,0,55,,66643,74,,,0,15,,66644,74,,,0,15,,66645,74,,,0,64,,66600,74,,,0,20,,66601,74,,,0,15,,66602,74,,,0,15,,66603,74,,,0,55,,66604,74,,,0,10,,66605,74,,,0,10,,66606,74,,,0,10,,66607,74,,,0,10,,66608,74,,,0,10,,66609,74,,,0,50,,66610,74,,,0,10,,66611,74,,,0,10,,66612,74,,,0,10,,66613,74,,,0,10,,66614,74,,,0,10,,66615,74,,,0,50,,66616,74,,,0,10,,66617,74,,,0,10,,66618,74,,,0,10,,66619,74,,,0,10,,66620,74,,,0,10,,66621,74,,,0,50,,66622,74,,,0,15,,66623,74,,,0,15,,66624,74,,,0,17,,66646,74,,,0,70,,66647,74,,,0,30,,66648,74,,,0,70,,66649,74,,,0,30,,66650,74,,,0,70,,66651,74,,,0,30,,66652,74,,,0,70,,66653,74,,,0,30,,66654,74,,,0,70,,66655,74,,,0,30,,66656,74,,,0,70,,66657,74,,,0,30,,66658,74,,,0,70,,66659,74,,,0
1800,'1394',612,,66696,74,,,0,35,,66697,74,,,0,59,,66660,74,,,0,15,,66661,74,,,0,15,,66662,74,,,0,15,,66663,74,,,0,55,,66664,74,,,0,10,,66665,74,,,0,10,,66666,74,,,0,10,,66667,74,,,0,10,,66668,74,,,0,10,,66669,74,,,0,50,,66670,74,,,0,5,,66698,74,,,0,15,,66699,74,,,0,15,,66700,74,,,0,15,,66701,74,,,0,55,,66702,74,,,0,15,,66703,74,,,0,15,,66704,74,,,0,13,,66705,74,,,0,55,,66706,74,,,0,15,,66707,74,,,0,15,,66708,74,,,0,15,,66709,74,,,0,55,,66710,74,,,0,15,,66711,74,,,0,15,,66712,74,,,0,15,,66713,74,,,0,55,,66714,74,,,0,15,,66715,74,,,0,15,,66716,74,,,0,64,,66671,74,,,0,20,,66672,74,,,0,15,,66673,74,,,0,15,,66674,74,,,0,55,,66675,74,,,0,10,,66676,74,,,0,10,,66677,74,,,0,10,,66678,74,,,0,10,,66679,74,,,0,10,,66680,74,,,0,50,,66681,74,,,0,10,,66682,74,,,0,10,,66683,74,,,0,10,,66684,74,,,0,10,,66685,74,,,0,10,,66686,74,,,0,50,,66687,74,,,0,10,,66688,74,,,0,10,,66689,74,,,0,10,,66690,74,,,0,10,,66691,74,,,0,10,,66692,74,,,0,50,,66693,74,,,0,15,,66694,74,,,0,15,,66695,74,,,0,17,,66717,74,,,0,70,,66718,74,,,0,30,,66719,74,,,0,70,,66720,74,,,0,30,,66721,74,,,0,70,,66722,74,,,0,30,,66723,74,,,0,70,,66724,74,,,0,30,,66725,74,,,0,70,,66726,74,,,0,30,,66727,74,,,0,70,,66728,74,,,0,30,,66729,74,,,0,70,,66730,74,,,0
1800,'1395',612,,66767,74,,,0,35,,66768,74,,,0,59,,66731,74,,,0,15,,66732,74,,,0,15,,66733,74,,,0,15,,66734,74,,,0,55,,66735,74,,,0,10,,66736,74,,,0,10,,66737,74,,,0,10,,66738,74,,,0,10,,66739,74,,,0,10,,66740,74,,,0,50,,66741,74,,,0,5,,66769,74,,,0,15,,66770,74,,,0,15,,66771,74,,,0,15,,66772,74,,,0,55,,66773,74,,,0,15,,66774,74,,,0,15,,66775,74,,,0,13,,66776,74,,,0,55,,66777,74,,,0,15,,66778,74,,,0,15,,66779,74,,,0,15,,66780,74,,,0,55,,66781,74,,,0,15,,66782,74,,,0,15,,66783,74,,,0,15,,66784,74,,,0,55,,66785,74,,,0,15,,66786,74,,,0,15,,66787,74,,,0,64,,66742,74,,,0,20,,66743,74,,,0,15,,66744,74,,,0,15,,66745,74,,,0,55,,66746,74,,,0,10,,66747,74,,,0,10,,66748,74,,,0,10,,66749,74,,,0,10,,66750,74,,,0,10,,66751,74,,,0,50,,66752,74,,,0,10,,66753,74,,,0,10,,66754,74,,,0,10,,66755,74,,,0,10,,66756,74,,,0,10,,66757,74,,,0,50,,66758,74,,,0,10,,66759,74,,,0,10,,66760,74,,,0,10,,66761,74,,,0,10,,66762,74,,,0,10,,66763,74,,,0,50,,66764,74,,,0,15,,66765,74,,,0,15,,66766,74,,,0,17,,66788,74,,,0,70,,66789,74,,,0,30,,66790,74,,,0,70,,66791,74,,,0,30,,66792,74,,,0,70,,66793,74,,,0,30,,66794,74,,,0,70,,66795,74,,,0,30,,66796,74,,,0,70,,66797,74,,,0,30,,66798,74,,,0,70,,66799,74,,,0,30,,66800,74,,,0,70,,66801,74,,,0
1800,'1396',612,,66838,74,,,0,35,,66839,74,,,0,59,,66802,74,,,0,15,,66803,74,,,0,15,,66804,74,,,0,15,,66805,74,,,0,55,,66806,74,,,0,10,,66807,74,,,0,10,,66808,74,,,0,10,,66809,74,,,0,10,,66810,74,,,0,10,,66811,74,,,0,50,,66812,74,,,0,5,,66840,74,,,0,15,,66841,74,,,0,15,,66842,74,,,0,15,,66843,74,,,0,55,,66844,74,,,0,15,,66845,74,,,0,15,,66846,74,,,0,13,,66847,74,,,0,55,,66848,74,,,0,15,,66849,74,,,0,15,,66850,74,,,0,15,,66851,74,,,0,55,,66852,74,,,0,15,,66853,74,,,0,15,,66854,74,,,0,15,,66855,74,,,0,55,,66856,74,,,0,15,,66857,74,,,0,15,,66858,74,,,0,64,,66813,74,,,0,20,,66814,74,,,0,15,,66815,74,,,0,15,,66816,74,,,0,55,,66817,74,,,0,10,,66818,74,,,0,10,,66819,74,,,0,10,,66820,74,,,0,10,,66821,74,,,0,10,,66822,74,,,0,50,,66823,74,,,0,10,,66824,74,,,0,10,,66825,74,,,0,10,,66826,74,,,0,10,,66827,74,,,0,10,,66828,74,,,0,50,,66829,74,,,0,10,,66830,74,,,0,10,,66831,74,,,0,10,,66832,74,,,0,10,,66833,74,,,0,10,,66834,74,,,0,50,,66835,74,,,0,15,,66836,74,,,0,15,,66837,74,,,0,17,,66859,74,,,0,70,,66860,74,,,0,30,,66861,74,,,0,70,,66862,74,,,0,30,,66863,74,,,0,70,,66864,74,,,0,30,,66865,74,,,0,70,,66866,74,,,0,30,,66867,74,,,0,70,,66868,74,,,0,30,,66869,74,,,0,70,,66870,74,,,0,30,,66871,74,,,0,70,,66872,74,,,0
552200,'1392',707,,69086,20,0,9,0,30,,69087,20,0,9,0,70,,69088,20,0,9,0,30,,69089,20,0,9,0,70,,69090,20,0,9,0,30,,69091,20,0,9,0,70,,69092,20,0,9,0,30,,69093,20,0,9,0,70,,69094,20,0,9,0,30,,69095,20,0,9,0,70,,69096,20,0,9,0,30,,69097,20,0,9,0,70,,69098,20,0,9,0,30,,69099,20,0,9,0,70,,69100,20,0,9,0,30,,69101,20,0,9,0,70,,69102,20,0,9,0,30,,69103,20,0,9,0,70,,69104,20,0,9,0,30,,69105,20,0,9,0,70,,69106,20,0,9,0,30,,69107,20,0,9,0,70,,69108,20,0,9,0
552200,'1393',707,,69109,20,0,9,0,30,,69110,20,0,9,0,70,,69111,20,0,9,0,30,,69112,20,0,9,0,70,,69113,20,0,9,0,30,,69114,20,0,9,0,70,,69115,20,0,9,0,30,,69116,20,0,9,0,70,,69117,20,0,9,0,30,,69118,20,0,9,0,70,,69119,20,0,9,0,30,,69120,20,0,9,0,70,,69121,20,0,9,0,30,,69122,20,0,9,0,70,,69123,20,0,9,0,30,,69124,20,0,9,0,70,,69125,20,0,9,0,30,,69126,20,0,9,0,70,,69127,20,0,9,0,30,,69128,20,0,9,0,70,,69129,20,0,9,0,30,,69130,20,0,9,0,70,,69131,20,0,9,0
552200,'1394',707,,69132,20,0,9,0,30,,69133,20,0,9,0,70,,69134,20,0,9,0,30,,69135,20,0,9,0,70,,69136,20,0,9,0,30,,69137,20,0,9,0,70,,69138,20,0,9,0,30,,69139,20,0,9,0,70,,69140,20,0,9,0,30,,69141,20,0,9,0,70,,69142,20,0,9,0,30,,69143,20,0,9,0,70,,69144,20,0,9,0,30,,69145,20,0,9,0,70,,69146,20,0,9,0,30,,69147,20,0,9,0,70,,69148,20,0,9,0,30,,69149,20,0,9,0,70,,69150,20,0,9,0,30,,69151,20,0,9,0,70,,69152,20,0,9,0,30,,69153,20,0,9,0,70,,69154,20,0,9,0
552200,'1395',707,,69155,20,0,9,0,30,,69156,20,0,9,0,70,,69157,20,0,9,0,30,,69158,20,0,9,0,70,,69159,20,0,9,0,30,,69160,20,0,9,0,70,,69161,20,0,9,0,30,,69162,20,0,9,0,70,,69163,20,0,9,0,30,,69164,20,0,9,0,70,,69165,20,0,9,0,30,,69166,20,0,9,0,70,,69167,20,0,9,0,30,,69168,20,0,9,0,70,,69169,20,0,9,0,30,,69170,20,0,9,0,70,,69171,20,0,9,0,30,,69172,20,0,9,0,70,,69173,20,0,9,0,30,,69174,20,0,9,0,70,,69175,20,0,9,0,30,,69176,20,0,9,0,70,,69177,20,0,9,0
552200,'1396',707,,69178,20,0,9,0,30,,69179,20,0,9,0,70,,69180,20,0,9,0,30,,69181,20,0,9,0,70,,69182,20,0,9,0,30,,69183,20,0,9,0,70,,69184,20,0,9,0,30,,69185,20,0,9,0,70,,69186,20,0,9,0,30,,69187,20,0,9,0,70,,69188,20,0,9,0,30,,69189,20,0,9,0,70,,69190,20,0,9,0,30,,69191,20,0,9,0,70,,69192,20,0,9,0,30,,69193,20,0,9,0,70,,69194,20,0,9,0,30,,69195,20,0,9,0,70,,69196,20,0,9,0,30,,69197,20,0,9,0,70,,69198,20,0,9,0,30,,69199,20,0,9,0,70,,69200,20,0,9,0
