1701,'1362',749,,37162,68,,,0,100,,37161,68,,,0,100,,37160,68,,,0,152,,37159,68,,,0,40,,37158,68,,,0,80,,37157,68,,,0,80,,37156,68,,,0,40,,37155,68,,,0,80,,37154,68,,,0,80,,37153,68,,,0,40,,37152,68,,,0,80,,37151,68,,,0,80,,37150,68,,,0,40,,37149,68,,,0,80,,37148,68,,,0,80,,37147,68,,,0,40,,37146,68,,,0,80,,37145,68,,,0
1701,'1363',630,,37188,68,,,0,70,,37189,68,,,0,30,,37190,68,,,0,70,,37191,68,,,0,30,,37192,68,,,0,70,,37193,68,,,0,30,,37194,68,,,0,71,,37163,68,,,0,30,,37164,68,,,0,70,,37165,68,,,0,20,,37166,68,,,0,20,,37167,68,,,0,60,,37168,68,,,0,20,,37169,68,,,0,20,,37170,68,,,0,60,,37171,68,,,0,20,,37172,68,,,0,20,,37173,68,,,0,60,,37174,68,,,0,20,,37175,68,,,0,20,,37176,68,,,0,60,,37177,68,,,0,20,,37178,68,,,0,20,,37179,68,,,0,60,,37180,68,,,0,20,,37181,68,,,0,20,,37182,68,,,0,60,,37183,68,,,0,20,,37184,68,,,0,20,,37185,68,,,0,59,,37195,68,,,0,21,,37186,68,,,0,20,,37187,68,,,0,59,,37196,68,,,0,30,,37197,68,,,0,70,,37198,68,,,0,30,,37199,68,,,0,70,,37200,68,,,0,30,,37201,68,,,0,70,,37202,68,,,0,30,,37203,68,,,0,70,,37204,68,,,0,30,,37205,68,,,0,70,,37206,68,,,0,30,,37207,68,,,0,70,,37208,68,,,0,30,,37209,68,,,0
1701,'1364',625,,37210,68,,,0,30,,37211,68,,,0,55,,37212,68,,,0,15,,37213,68,,,0,15,,37214,68,,,0,15,,37215,68,,,0,50,,37216,68,,,0,10,,37217,68,,,0,10,,37218,68,,,0,10,,37219,68,,,0,10,,37220,68,,,0,10,,37221,68,,,0,50,,37222,68,,,0,10,,37223,68,,,0,10,,37224,68,,,0,10,,37225,68,,,0,10,,37226,68,,,0,10,,37227,68,,,0,50,,37228,68,,,0,10,,37229,68,,,0,10,,37230,68,,,0,10,,37231,68,,,0,10,,37232,68,,,0,10,,37233,68,,,0,50,,37234,68,,,0,10,,37235,68,,,0,10,,37236,68,,,0,10,,37237,68,,,0,10,,37238,68,,,0,10,,37239,68,,,0,50,,37240,68,,,0,10,,37241,68,,,0,10,,37242,68,,,0,10,,37243,68,,,0,10,,37244,68,,,0,10,,37245,68,,,0,50,,37246,68,,,0,10,,37247,68,,,0,10,,37248,68,,,0,10,,37249,68,,,0,10,,37250,68,,,0,10,,37251,68,,,0,50,,37252,68,,,0,10,,37253,68,,,0,10,,37254,68,,,0,10,,37255,68,,,0,10,,37256,68,,,0,10,,37257,68,,,0,50,,37258,68,,,0,10,,37259,68,,,0,10,,37260,68,,,0,10,,37261,68,,,0,10,,37262,68,,,0,10,,37263,68,,,0,50,,37264,68,,,0,10,,37265,68,,,0,10,,37266,68,,,0,10,,37267,68,,,0,10,,37268,68,,,0,10,,37269,68,,,0,50,,37270,68,,,0,10,,37271,68,,,0,10,,37272,68,,,0,10,,37273,68,,,0,10,,37274,68,,,0,10,,37275,68,,,0,50,,37276,68,,,0,10,,37277,68,,,0,10,,37278,68,,,0,10,,37279,68,,,0,10,,37280,68,,,0,10,,37281,68,,,0,55,,37282,68,,,0,15,,37283,68,,,0,15,,37284,68,,,0,15,,37285,68,,,0,70,,37286,68,,,0,30,,37287,68,,,0,70,,37288,68,,,0,30,,37289,68,,,0,70,,37290,68,,,0,30,,37291,68,,,0,70,,37292,68,,,0,30,,37293,68,,,0,70,,37294,68,,,0,30,,37295,68,,,0,70,,37296,68,,,0
1701,'1365',625,,37297,68,,,0,30,,37298,68,,,0,55,,37299,68,,,0,15,,37300,68,,,0,15,,37301,68,,,0,15,,37302,68,,,0,50,,37303,68,,,0,10,,37304,68,,,0,10,,37305,68,,,0,10,,37306,68,,,0,10,,37307,68,,,0,10,,37308,68,,,0,50,,37309,68,,,0,10,,37310,68,,,0,10,,37311,68,,,0,10,,37312,68,,,0,10,,37313,68,,,0,10,,37314,68,,,0,50,,37315,68,,,0,10,,37316,68,,,0,10,,37317,68,,,0,10,,37318,68,,,0,10,,37319,68,,,0,10,,37320,68,,,0,50,,37321,68,,,0,10,,37322,68,,,0,10,,37323,68,,,0,10,,37324,68,,,0,10,,37325,68,,,0,10,,37326,68,,,0,50,,37327,68,,,0,10,,37328,68,,,0,10,,37329,68,,,0,10,,37330,68,,,0,10,,37331,68,,,0,10,,37332,68,,,0,50,,37333,68,,,0,10,,37334,68,,,0,10,,37335,68,,,0,10,,37336,68,,,0,10,,37337,68,,,0,10,,37338,68,,,0,50,,37339,68,,,0,10,,37340,68,,,0,10,,37341,68,,,0,10,,37342,68,,,0,10,,37343,68,,,0,10,,37344,68,,,0,50,,37345,68,,,0,10,,37346,68,,,0,10,,37347,68,,,0,10,,37348,68,,,0,10,,37349,68,,,0,10,,37350,68,,,0,50,,37351,68,,,0,10,,37352,68,,,0,10,,37353,68,,,0,10,,37354,68,,,0,10,,37355,68,,,0,10,,37356,68,,,0,50,,37357,68,,,0,10,,37358,68,,,0,10,,37359,68,,,0,10,,37360,68,,,0,10,,37361,68,,,0,10,,37362,68,,,0,50,,37363,68,,,0,10,,37364,68,,,0,10,,37365,68,,,0,10,,37366,68,,,0,10,,37367,68,,,0,10,,37368,68,,,0,55,,37369,68,,,0,15,,37370,68,,,0,15,,37371,68,,,0,15,,37372,68,,,0,70,,37373,68,,,0,30,,37374,68,,,0,70,,37375,68,,,0,30,,37376,68,,,0,70,,37377,68,,,0,30,,37378,68,,,0,70,,37379,68,,,0,30,,37380,68,,,0,70,,37381,68,,,0,30,,37382,68,,,0,70,,37383,68,,,0
1701,'1366',625,,37384,68,,,0,30,,37385,68,,,0,55,,37386,68,,,0,15,,37387,68,,,0,15,,37388,68,,,0,15,,37389,68,,,0,50,,37390,68,,,0,10,,37391,68,,,0,10,,37392,68,,,0,10,,37393,68,,,0,10,,37394,68,,,0,10,,37395,68,,,0,50,,37396,68,,,0,10,,37397,68,,,0,10,,37398,68,,,0,10,,37399,68,,,0,10,,37400,68,,,0,10,,37401,68,,,0,50,,37402,68,,,0,10,,37403,68,,,0,10,,37404,68,,,0,10,,37405,68,,,0,10,,37406,68,,,0,10,,37407,68,,,0,50,,37408,68,,,0,10,,37409,68,,,0,10,,37410,68,,,0,10,,37411,68,,,0,10,,37412,68,,,0,10,,37413,68,,,0,50,,37414,68,,,0,10,,37415,68,,,0,10,,37416,68,,,0,10,,37417,68,,,0,10,,37418,68,,,0,10,,37419,68,,,0,50,,37420,68,,,0,10,,37421,68,,,0,10,,37422,68,,,0,10,,37423,68,,,0,10,,37424,68,,,0,10,,37425,68,,,0,50,,37426,68,,,0,10,,37427,68,,,0,10,,37428,68,,,0,10,,37429,68,,,0,10,,37430,68,,,0,10,,37431,68,,,0,50,,37432,68,,,0,10,,37433,68,,,0,10,,37434,68,,,0,10,,37435,68,,,0,10,,37436,68,,,0,10,,37437,68,,,0,50,,37438,68,,,0,10,,37439,68,,,0,10,,37440,68,,,0,10,,37441,68,,,0,10,,37442,68,,,0,10,,37443,68,,,0,50,,37444,68,,,0,10,,37445,68,,,0,10,,37446,68,,,0,10,,37447,68,,,0,10,,37448,68,,,0,10,,37449,68,,,0,50,,37450,68,,,0,10,,37451,68,,,0,10,,37452,68,,,0,10,,37453,68,,,0,10,,37454,68,,,0,10,,37455,68,,,0,55,,37456,68,,,0,15,,37457,68,,,0,15,,37458,68,,,0,15,,37459,68,,,0,70,,37460,68,,,0,30,,37461,68,,,0,70,,37462,68,,,0,30,,37463,68,,,0,70,,37464,68,,,0,30,,37465,68,,,0,70,,37466,68,,,0,30,,37467,68,,,0,70,,37468,68,,,0,30,,37469,68,,,0,70,,37470,68,,,0
1701,'1367',625,,37471,68,,,0,30,,37472,68,,,0,55,,37473,68,,,0,15,,37474,68,,,0,15,,37475,68,,,0,15,,37476,68,,,0,50,,37477,68,,,0,10,,37478,68,,,0,10,,37479,68,,,0,10,,37480,68,,,0,10,,37481,68,,,0,10,,37482,68,,,0,50,,37483,68,,,0,10,,37484,68,,,0,10,,37485,68,,,0,10,,37486,68,,,0,10,,37487,68,,,0,10,,37488,68,,,0,50,,37489,68,,,0,10,,37490,68,,,0,10,,37491,68,,,0,10,,37492,68,,,0,10,,37493,68,,,0,10,,37494,68,,,0,50,,37495,68,,,0,10,,37496,68,,,0,10,,37497,68,,,0,10,,37498,68,,,0,10,,37499,68,,,0,10,,37500,68,,,0,50,,37501,68,,,0,10,,37502,68,,,0,10,,37503,68,,,0,10,,37504,68,,,0,10,,37505,68,,,0,10,,37506,68,,,0,50,,37507,68,,,0,10,,37508,68,,,0,10,,37509,68,,,0,10,,37510,68,,,0,10,,37511,68,,,0,10,,37512,68,,,0,50,,37513,68,,,0,10,,37514,68,,,0,10,,37515,68,,,0,10,,37516,68,,,0,10,,37517,68,,,0,10,,37518,68,,,0,50,,37519,68,,,0,10,,37520,68,,,0,10,,37521,68,,,0,10,,37522,68,,,0,10,,37523,68,,,0,10,,37524,68,,,0,50,,37525,68,,,0,10,,37526,68,,,0,10,,37527,68,,,0,10,,37528,68,,,0,10,,37529,68,,,0,10,,37530,68,,,0,50,,37531,68,,,0,10,,37532,68,,,0,10,,37533,68,,,0,10,,37534,68,,,0,10,,37535,68,,,0,10,,37536,68,,,0,50,,37537,68,,,0,10,,37538,68,,,0,10,,37539,68,,,0,10,,37540,68,,,0,10,,37541,68,,,0,10,,37542,68,,,0,55,,37543,68,,,0,15,,37544,68,,,0,15,,37545,68,,,0,15,,37546,68,,,0,70,,37547,68,,,0,30,,37548,68,,,0,70,,37549,68,,,0,30,,37550,68,,,0,70,,37551,68,,,0,30,,37552,68,,,0,70,,37553,68,,,0,30,,37554,68,,,0,70,,37555,68,,,0,30,,37556,68,,,0,70,,37557,68,,,0
1701,'1368',625,,37558,68,,,0,30,,37559,68,,,0,55,,37560,68,,,0,15,,37561,68,,,0,15,,37562,68,,,0,15,,37563,68,,,0,50,,37564,68,,,0,10,,37565,68,,,0,10,,37566,68,,,0,10,,37567,68,,,0,10,,37568,68,,,0,10,,37569,68,,,0,50,,37570,68,,,0,10,,37571,68,,,0,10,,37572,68,,,0,10,,37573,68,,,0,10,,37574,68,,,0,10,,37575,68,,,0,50,,37576,68,,,0,10,,37577,68,,,0,10,,37578,68,,,0,10,,37579,68,,,0,10,,37580,68,,,0,10,,37581,68,,,0,50,,37582,68,,,0,10,,37583,68,,,0,10,,37584,68,,,0,10,,37585,68,,,0,10,,37586,68,,,0,10,,37587,68,,,0,50,,37588,68,,,0,10,,37589,68,,,0,10,,37590,68,,,0,10,,37591,68,,,0,10,,37592,68,,,0,10,,37593,68,,,0,50,,37594,68,,,0,10,,37595,68,,,0,10,,37596,68,,,0,10,,37597,68,,,0,10,,37598,68,,,0,10,,37599,68,,,0,50,,37600,68,,,0,10,,37601,68,,,0,10,,37602,68,,,0,10,,37603,68,,,0,10,,37604,68,,,0,10,,37605,68,,,0,50,,37606,68,,,0,10,,37607,68,,,0,10,,37608,68,,,0,10,,37609,68,,,0,10,,37610,68,,,0,10,,37611,68,,,0,50,,37612,68,,,0,10,,37613,68,,,0,10,,37614,68,,,0,10,,37615,68,,,0,10,,37616,68,,,0,10,,37617,68,,,0,50,,37618,68,,,0,10,,37619,68,,,0,10,,37620,68,,,0,10,,37621,68,,,0,10,,37622,68,,,0,10,,37623,68,,,0,50,,37624,68,,,0,10,,37625,68,,,0,10,,37626,68,,,0,10,,37627,68,,,0,10,,37628,68,,,0,10,,37629,68,,,0,55,,37630,68,,,0,15,,37631,68,,,0,15,,37632,68,,,0,15,,37633,68,,,0,70,,37634,68,,,0,30,,37635,68,,,0,70,,37636,68,,,0,30,,37637,68,,,0,70,,37638,68,,,0,30,,37639,68,,,0,70,,37640,68,,,0,30,,37641,68,,,0,70,,37642,68,,,0,30,,37643,68,,,0,70,,37644,68,,,0
2001,'1362',950,,39205,64,,,0,85,,39207,64,,,0,85,,39206,64,,,0,85,,39204,64,,,0,45,,39203,64,,,0,85,,39202,64,,,0,85,,39201,64,,,0,85,,39200,64,,,0,45,,39199,64,,,0,85,,39198,64,,,0,85,,39197,64,,,0,85,,39196,64,,,0,45,,39195,64,,,0,85,,39194,64,,,0,85,,39193,64,,,0
2001,'1363',650,,39225,64,,,0,85,,39226,64,,,0,85,,39227,64,,,0,85,,39228,64,,,0,40,,39208,64,,,0,70,,39209,64,,,0,30,,39210,64,,,0,70,,39211,64,,,0,40,,39212,64,,,0,70,,39213,64,,,0,30,,39214,64,,,0,70,,39215,64,,,0,80,,39216,64,,,0,30,,39217,64,,,0,70,,39218,64,,,0,30,,39219,64,,,0,80,,39220,64,,,0,30,,39221,64,,,0,70,,39222,64,,,0,30,,39223,64,,,0,80,,39224,64,,,0,75,,39229,64,,,0,45,,39230,64,,,0,85,,39231,64,,,0,85,,39232,64,,,0,85,,39233,64,,,0,45,,39234,64,,,0,85,,39235,64,,,0,85,,39236,64,,,0,85,,39237,64,,,0
2001,'1364',630,,39238,64,,,0,20,,39239,64,,,0,60,,39240,64,,,0,20,,39241,64,,,0,20,,39242,64,,,0,60,,39243,64,,,0,20,,39244,64,,,0,20,,39245,64,,,0,60,,39246,64,,,0,20,,39247,64,,,0,20,,39248,64,,,0,60,,39249,64,,,0,20,,39250,64,,,0,20,,39251,64,,,0,60,,39252,64,,,0,20,,39253,64,,,0,20,,39254,64,,,0,60,,39255,64,,,0,20,,39256,64,,,0,20,,39257,64,,,0,60,,39258,64,,,0,20,,39259,64,,,0,20,,39260,64,,,0,60,,39261,64,,,0,20,,39262,64,,,0,20,,39263,64,,,0,60,,39264,64,,,0,20,,39265,64,,,0,20,,39266,64,,,0,60,,39267,64,,,0,20,,39268,64,,,0,20,,39269,64,,,0,60,,39270,64,,,0,20,,39271,64,,,0,20,,39272,64,,,0,60,,39273,64,,,0,20,,39274,64,,,0,20,,39275,64,,,0,85,,39276,64,,,0,85,,39277,64,,,0,85,,39278,64,,,0,45,,39279,64,,,0,85,,39280,64,,,0,85,,39281,64,,,0,85,,39282,64,,,0,45,,39283,64,,,0,85,,39284,64,,,0
2001,'1365',630,,39285,64,,,0,20,,39286,64,,,0,60,,39287,64,,,0,20,,39288,64,,,0,20,,39289,64,,,0,60,,39290,64,,,0,20,,39291,64,,,0,20,,39292,64,,,0,60,,39293,64,,,0,20,,39294,64,,,0,20,,39295,64,,,0,60,,39296,64,,,0,20,,39297,64,,,0,20,,39298,64,,,0,60,,39299,64,,,0,20,,39300,64,,,0,20,,39301,64,,,0,60,,39302,64,,,0,20,,39303,64,,,0,20,,39304,64,,,0,60,,39305,64,,,0,20,,39306,64,,,0,20,,39307,64,,,0,60,,39308,64,,,0,20,,39309,64,,,0,20,,39310,64,,,0,60,,39311,64,,,0,20,,39312,64,,,0,20,,39313,64,,,0,60,,39314,64,,,0,20,,39315,64,,,0,20,,39316,64,,,0,60,,39317,64,,,0,20,,39318,64,,,0,20,,39319,64,,,0,60,,39320,64,,,0,20,,39321,64,,,0,20,,39322,64,,,0,85,,39323,64,,,0,85,,39324,64,,,0,85,,39325,64,,,0,45,,39326,64,,,0,85,,39327,64,,,0,85,,39328,64,,,0,85,,39329,64,,,0,45,,39330,64,,,0,85,,39331,64,,,0
2001,'1366',630,,39332,64,,,0,20,,39333,64,,,0,60,,39334,64,,,0,20,,39335,64,,,0,20,,39336,64,,,0,60,,39337,64,,,0,20,,39338,64,,,0,20,,39339,64,,,0,60,,39340,64,,,0,20,,39341,64,,,0,20,,39342,64,,,0,60,,39343,64,,,0,20,,39344,64,,,0,20,,39345,64,,,0,60,,39346,64,,,0,20,,39347,64,,,0,20,,39348,64,,,0,60,,39349,64,,,0,20,,39350,64,,,0,20,,39351,64,,,0,60,,39352,64,,,0,20,,39353,64,,,0,20,,39354,64,,,0,60,,39355,64,,,0,20,,39356,64,,,0,20,,39357,64,,,0,60,,39358,64,,,0,20,,39359,64,,,0,20,,39360,64,,,0,60,,39361,64,,,0,20,,39362,64,,,0,20,,39363,64,,,0,60,,39364,64,,,0,20,,39365,64,,,0,20,,39366,64,,,0,60,,39367,64,,,0,20,,39368,64,,,0,20,,39369,64,,,0,85,,39370,64,,,0,85,,39371,64,,,0,85,,39372,64,,,0,45,,39373,64,,,0,85,,39374,64,,,0,85,,39375,64,,,0,85,,39376,64,,,0,45,,39377,64,,,0,85,,39378,64,,,0
2001,'1367',630,,39379,64,,,0,20,,39380,64,,,0,60,,39381,64,,,0,20,,39382,64,,,0,20,,39383,64,,,0,60,,39384,64,,,0,20,,39385,64,,,0,20,,39386,64,,,0,60,,39387,64,,,0,20,,39388,64,,,0,20,,39389,64,,,0,60,,39390,64,,,0,20,,39391,64,,,0,20,,39392,64,,,0,60,,39393,64,,,0,20,,39394,64,,,0,20,,39395,64,,,0,60,,39396,64,,,0,20,,39397,64,,,0,20,,39398,64,,,0,60,,39399,64,,,0,20,,39400,64,,,0,20,,39401,64,,,0,60,,39402,64,,,0,20,,39403,64,,,0,20,,39404,64,,,0,60,,39405,64,,,0,20,,39406,64,,,0,20,,39407,64,,,0,60,,39408,64,,,0,20,,39409,64,,,0,20,,39410,64,,,0,60,,39411,64,,,0,20,,39412,64,,,0,20,,39413,64,,,0,60,,39414,64,,,0,20,,39415,64,,,0,20,,39416,64,,,0,85,,39417,64,,,0,85,,39418,64,,,0,85,,39419,64,,,0,45,,39420,64,,,0,85,,39421,64,,,0,85,,39422,64,,,0,85,,39423,64,,,0,45,,39424,64,,,0,85,,39425,64,,,0
2001,'1368',630,,39426,64,,,0,20,,39427,64,,,0,60,,39428,64,,,0,20,,39429,64,,,0,20,,39430,64,,,0,60,,39431,64,,,0,20,,39432,64,,,0,20,,39433,64,,,0,60,,39434,64,,,0,20,,39435,64,,,0,20,,39436,64,,,0,60,,39437,64,,,0,20,,39438,64,,,0,20,,39439,64,,,0,60,,39440,64,,,0,20,,39441,64,,,0,20,,39442,64,,,0,60,,39443,64,,,0,20,,39444,64,,,0,20,,39445,64,,,0,60,,39446,64,,,0,20,,39447,64,,,0,20,,39448,64,,,0,60,,39449,64,,,0,20,,39450,64,,,0,20,,39451,64,,,0,60,,39452,64,,,0,20,,39453,64,,,0,20,,39454,64,,,0,60,,39455,64,,,0,20,,39456,64,,,0,20,,39457,64,,,0,60,,39458,64,,,0,20,,39459,64,,,0,20,,39460,64,,,0,60,,39461,64,,,0,20,,39462,64,,,0,20,,39463,64,,,0,85,,39464,64,,,0,85,,39465,64,,,0,85,,39466,64,,,0,45,,39467,64,,,0,85,,39468,64,,,0,85,,39469,64,,,0,85,,39470,64,,,0,45,,39471,64,,,0,85,,39472,64,,,0
552201,'1364',724,,40393,22,0,9,0,30,,40394,22,0,9,0,70,,40395,22,0,9,0,30,,40396,22,0,9,0,70,,40397,22,0,9,0,30,,40398,22,0,9,0,70,,40399,22,0,9,0,30,,40400,22,0,9,0,70,,40401,22,0,9,0,30,,40402,22,0,9,0,70,,40403,22,0,9,0,30,,40404,22,0,9,0,70,,40405,22,0,9,0,30,,40406,22,0,9,0,70,,40407,22,0,9,0,30,,40408,22,0,9,0,70,,40409,22,0,9,0,30,,40410,22,0,9,0,70,,40411,22,0,9,0,30,,40412,22,0,9,0,70,,40413,22,0,9,0,30,,40414,22,0,9,0,70,,40415,22,0,9,0
552201,'1365',724,,40416,22,0,9,0,30,,40417,22,0,9,0,70,,40418,22,0,9,0,30,,40419,22,0,9,0,70,,40420,22,0,9,0,30,,40421,22,0,9,0,70,,40422,22,0,9,0,30,,40423,22,0,9,0,70,,40424,22,0,9,0,30,,40425,22,0,9,0,70,,40426,22,0,9,0,30,,40427,22,0,9,0,70,,40428,22,0,9,0,30,,40429,22,0,9,0,70,,40430,22,0,9,0,30,,40431,22,0,9,0,70,,40432,22,0,9,0,30,,40433,22,0,9,0,70,,40434,22,0,9,0,30,,40435,22,0,9,0,70,,40436,22,0,9,0,30,,40437,22,0,9,0,70,,40438,22,0,9,0
552201,'1366',724,,40439,22,0,9,0,30,,40440,22,0,9,0,70,,40441,22,0,9,0,30,,40442,22,0,9,0,70,,40443,22,0,9,0,30,,40444,22,0,9,0,70,,40445,22,0,9,0,30,,40446,22,0,9,0,70,,40447,22,0,9,0,30,,40448,22,0,9,0,70,,40449,22,0,9,0,30,,40450,22,0,9,0,70,,40451,22,0,9,0,30,,40452,22,0,9,0,70,,40453,22,0,9,0,30,,40454,22,0,9,0,70,,40455,22,0,9,0,30,,40456,22,0,9,0,70,,40457,22,0,9,0,30,,40458,22,0,9,0,70,,40459,22,0,9,0,30,,40460,22,0,9,0,70,,40461,22,0,9,0
552201,'1367',724,,40462,22,0,9,0,30,,40463,22,0,9,0,70,,40464,22,0,9,0,30,,40465,22,0,9,0,70,,40466,22,0,9,0,30,,40467,22,0,9,0,70,,40468,22,0,9,0,30,,40469,22,0,9,0,70,,40470,22,0,9,0,30,,40471,22,0,9,0,70,,40472,22,0,9,0,30,,40473,22,0,9,0,70,,40474,22,0,9,0,30,,40475,22,0,9,0,70,,40476,22,0,9,0,30,,40477,22,0,9,0,70,,40478,22,0,9,0,30,,40479,22,0,9,0,70,,40480,22,0,9,0,30,,40481,22,0,9,0,70,,40482,22,0,9,0,30,,40483,22,0,9,0,70,,40484,22,0,9,0
552201,'1368',724,,40485,22,0,9,0,30,,40486,22,0,9,0,70,,40487,22,0,9,0,30,,40488,22,0,9,0,70,,40489,22,0,9,0,30,,40490,22,0,9,0,70,,40491,22,0,9,0,30,,40492,22,0,9,0,70,,40493,22,0,9,0,30,,40494,22,0,9,0,70,,40495,22,0,9,0,30,,40496,22,0,9,0,70,,40497,22,0,9,0,30,,40498,22,0,9,0,70,,40499,22,0,9,0,30,,40500,22,0,9,0,70,,40501,22,0,9,0,30,,40502,22,0,9,0,70,,40503,22,0,9,0,30,,40504,22,0,9,0,70,,40505,22,0,9,0,30,,40506,22,0,9,0,70,,40507,22,0,9,0
