2000,'1390',1010,,67728,67,,,0,45,,67727,67,,,0,85,,67726,67,,,0,85,,67725,67,,,0,85,,67724,67,,,0,45,,67723,67,,,0,85,,67722,67,,,0,85,,67721,67,,,0,85,,67720,67,,,0,45,,67719,67,,,0,86,,67718,67,,,0,84,,67717,67,,,0,85,,67716,67,,,0,45,,67715,67,,,0,85,,67714,67,,,0
2000,'1391',714,,67731,67,,,0,45,,67732,67,,,0,85,,67733,67,,,0,85,,67734,67,,,0,15,,67735,67,,,0,70,,67736,67,,,0,40,,67737,67,,,0,70,,67738,67,,,0,30,,67739,67,,,0,70,,67740,67,,,0,80,,67741,67,,,0,30,,67742,67,,,0,70,,67743,67,,,0,30,,67744,67,,,0,80,,67745,67,,,0,30,,67746,67,,,0,70,,67747,67,,,0,30,,67748,67,,,0,80,,67749,67,,,0,30,,67750,67,,,0,70,,67751,67,,,0,30,,67752,67,,,0,80,,67753,67,,,0,75,,67754,67,,,0,45,,67755,67,,,0,85,,67756,67,,,0,85,,67757,67,,,0,85,,67758,67,,,0,45,,67759,67,,,0,85,,67760,67,,,0
2000,'1392',641,,67771,69,,,0,60,,67772,69,,,0,20,,67773,69,,,0,20,,67774,69,,,0,60,,67775,69,,,0,20,,67776,69,,,0,20,,67777,69,,,0,60,,67778,69,,,0,20,,67779,69,,,0,20,,67780,69,,,0,60,,67781,69,,,0,20,,67782,69,,,0,20,,67783,69,,,0,60,,67784,69,,,0,20,,67785,69,,,0,20,,67786,69,,,0,60,,67787,69,,,0,20,,67788,69,,,0,20,,67789,69,,,0,60,,67790,69,,,0,20,,67791,69,,,0,20,,67792,69,,,0,60,,67793,69,,,0,20,,67794,69,,,0,20,,67795,69,,,0,60,,67796,69,,,0,20,,67797,69,,,0,20,,67798,69,,,0,60,,67799,69,,,0,20,,67800,69,,,0,20,,67801,69,,,0,60,,67802,69,,,0,20,,67803,69,,,0,20,,67804,69,,,0,60,,67805,69,,,0,20,,67806,69,,,0,20,,67807,69,,,0,60,,67808,69,,,0,18,,67762,67,,,0,36,,67763,67,,,0,85,,67764,67,,,0,85,,67765,67,,,0,85,,67766,67,,,0,45,,67767,67,,,0,85,,67768,67,,,0,85,,67769,67,,,0,85,,67770,67,,,0
2000,'1393',641,,67819,69,,,0,60,,67820,69,,,0,20,,67821,69,,,0,20,,67822,69,,,0,60,,67823,69,,,0,20,,67824,69,,,0,20,,67825,69,,,0,60,,67826,69,,,0,20,,67827,69,,,0,20,,67828,69,,,0,60,,67829,69,,,0,20,,67830,69,,,0,20,,67831,69,,,0,60,,67832,69,,,0,20,,67833,69,,,0,20,,67834,69,,,0,60,,67835,69,,,0,20,,67836,69,,,0,20,,67837,69,,,0,60,,67838,69,,,0,20,,67839,69,,,0,20,,67840,69,,,0,60,,67841,69,,,0,20,,67842,69,,,0,20,,67843,69,,,0,60,,67844,69,,,0,20,,67845,69,,,0,20,,67846,69,,,0,60,,67847,69,,,0,20,,67848,69,,,0,20,,67849,69,,,0,60,,67850,69,,,0,20,,67851,69,,,0,20,,67852,69,,,0,60,,67853,69,,,0,20,,67854,69,,,0,20,,67855,69,,,0,60,,67856,69,,,0,18,,67810,67,,,0,36,,67811,67,,,0,85,,67812,67,,,0,85,,67813,67,,,0,85,,67814,67,,,0,45,,67815,67,,,0,85,,67816,67,,,0,85,,67817,67,,,0,85,,67818,67,,,0
2000,'1394',641,,67867,69,,,0,60,,67868,69,,,0,20,,67869,69,,,0,20,,67870,69,,,0,60,,67871,69,,,0,20,,67872,69,,,0,20,,67873,69,,,0,60,,67874,69,,,0,20,,67875,69,,,0,20,,67876,69,,,0,60,,67877,69,,,0,20,,67878,69,,,0,20,,67879,69,,,0,60,,67880,69,,,0,20,,67881,69,,,0,20,,67882,69,,,0,60,,67883,69,,,0,20,,67884,69,,,0,20,,67885,69,,,0,60,,67886,69,,,0,20,,67887,69,,,0,20,,67888,69,,,0,60,,67889,69,,,0,20,,67890,69,,,0,20,,67891,69,,,0,60,,67892,69,,,0,20,,67893,69,,,0,20,,67894,69,,,0,60,,67895,69,,,0,20,,67896,69,,,0,20,,67897,69,,,0,60,,67898,69,,,0,20,,67899,69,,,0,20,,67900,69,,,0,60,,67901,69,,,0,20,,67902,69,,,0,20,,67903,69,,,0,60,,67904,69,,,0,18,,67858,67,,,0,36,,67859,67,,,0,85,,67860,67,,,0,85,,67861,67,,,0,85,,67862,67,,,0,45,,67863,67,,,0,85,,67864,67,,,0,85,,67865,67,,,0,85,,67866,67,,,0
2000,'1395',641,,67915,69,,,0,60,,67916,69,,,0,20,,67917,69,,,0,20,,67918,69,,,0,60,,67919,69,,,0,20,,67920,69,,,0,20,,67921,69,,,0,60,,67922,69,,,0,20,,67923,69,,,0,20,,67924,69,,,0,60,,67925,69,,,0,20,,67926,69,,,0,20,,67927,69,,,0,60,,67928,69,,,0,20,,67929,69,,,0,20,,67930,69,,,0,60,,67931,69,,,0,20,,67932,69,,,0,20,,67933,69,,,0,60,,67934,69,,,0,20,,67935,69,,,0,20,,67936,69,,,0,60,,67937,69,,,0,20,,67938,69,,,0,20,,67939,69,,,0,60,,67940,69,,,0,20,,67941,69,,,0,20,,67942,69,,,0,60,,67943,69,,,0,20,,67944,69,,,0,20,,67945,69,,,0,60,,67946,69,,,0,20,,67947,69,,,0,20,,67948,69,,,0,60,,67949,69,,,0,20,,67950,69,,,0,20,,67951,69,,,0,60,,67952,69,,,0,18,,67906,67,,,0,36,,67907,67,,,0,85,,67908,67,,,0,85,,67909,67,,,0,85,,67910,67,,,0,45,,67911,67,,,0,85,,67912,67,,,0,85,,67913,67,,,0,85,,67914,67,,,0
2000,'1396',641,,67963,69,,,0,60,,67964,69,,,0,20,,67965,69,,,0,20,,67966,69,,,0,60,,67967,69,,,0,20,,67968,69,,,0,20,,67969,69,,,0,60,,67970,69,,,0,20,,67971,69,,,0,20,,67972,69,,,0,60,,67973,69,,,0,20,,67974,69,,,0,20,,67975,69,,,0,60,,67976,69,,,0,20,,67977,69,,,0,20,,67978,69,,,0,60,,67979,69,,,0,20,,67980,69,,,0,20,,67981,69,,,0,60,,67982,69,,,0,20,,67983,69,,,0,20,,67984,69,,,0,60,,67985,69,,,0,20,,67986,69,,,0,20,,67987,69,,,0,60,,67988,69,,,0,20,,67989,69,,,0,20,,67990,69,,,0,60,,67991,69,,,0,20,,67992,69,,,0,20,,67993,69,,,0,60,,67994,69,,,0,20,,67995,69,,,0,20,,67996,69,,,0,60,,67997,69,,,0,20,,67998,69,,,0,20,,67999,69,,,0,60,,68000,69,,,0,18,,67954,67,,,0,36,,67955,67,,,0,85,,67956,67,,,0,85,,67957,67,,,0,85,,67958,67,,,0,45,,67959,67,,,0,85,,67960,67,,,0,85,,67961,67,,,0,85,,67962,67,,,0
721403,'1390',958,,71309,36,0,15,0,150,,71308,36,0,15,0,110,,71307,36,0,15,0,110,,71306,36,0,15,0,110,,71305,36,0,15,0,110,,71304,36,0,15,0,110,,71303,36,0,15,0,150,,71302,36,0,15,0
721403,'1391',858,,71310,36,0,15,0,150,,71311,36,0,15,0,110,,71312,36,0,15,0,110,,71313,36,0,15,0,117,,71314,36,0,15,0,155,,71315,36,0,15,0,45,,71316,36,0,15,0,85,,71317,36,0,15,0,85,,71318,36,0,15,0,85,,71319,36,0,15,0,45,,71320,36,0,15,0,85,,71321,36,0,15,0,85,,71322,36,0,15,0
721403,'1392',730,,71323,36,0,15,0,100,,71324,36,0,15,0,85,,71325,36,0,15,0,85,,71326,36,0,15,0,45,,71327,36,0,15,0,85,,71328,36,0,15,0,85,,71329,36,0,15,0,85,,71330,36,0,15,0,45,,71331,36,0,15,0,85,,71332,36,0,15,0,85,,71333,36,0,15,0,85,,71334,36,0,15,0,45,,71335,36,0,15,0,85,,71336,36,0,15,0,85,,71337,36,0,15,0,85,,71338,36,0,15,0,45,,71339,36,0,15,0,85,,71340,36,0,15,0,85,,71341,36,0,15,0,85,,71342,36,0,15,0
721403,'1393',730,,71343,36,0,15,0,100,,71344,36,0,15,0,85,,71345,36,0,15,0,85,,71346,36,0,15,0,45,,71347,36,0,15,0,85,,71348,36,0,15,0,85,,71349,36,0,15,0,85,,71350,36,0,15,0,45,,71351,36,0,15,0,85,,71352,36,0,15,0,85,,71353,36,0,15,0,85,,71354,36,0,15,0,45,,71355,36,0,15,0,85,,71356,36,0,15,0,85,,71357,36,0,15,0,85,,71358,36,0,15,0,45,,71359,36,0,15,0,85,,71360,36,0,15,0,85,,71361,36,0,15,0,85,,71362,36,0,15,0
721403,'1394',730,,71363,36,0,15,0,100,,71364,36,0,15,0,85,,71365,36,0,15,0,85,,71366,36,0,15,0,45,,71367,36,0,15,0,85,,71368,36,0,15,0,85,,71369,36,0,15,0,85,,71370,36,0,15,0,45,,71371,36,0,15,0,85,,71372,36,0,15,0,85,,71373,36,0,15,0,85,,71374,36,0,15,0,45,,71375,36,0,15,0,85,,71376,36,0,15,0,85,,71377,36,0,15,0,85,,71378,36,0,15,0,45,,71379,36,0,15,0,85,,71380,36,0,15,0,85,,71381,36,0,15,0,85,,71382,36,0,15,0
721403,'1395',730,,71383,36,0,15,0,100,,71384,36,0,15,0,85,,71385,36,0,15,0,85,,71386,36,0,15,0,45,,71387,36,0,15,0,85,,71388,36,0,15,0,85,,71389,36,0,15,0,85,,71390,36,0,15,0,45,,71391,36,0,15,0,85,,71392,36,0,15,0,85,,71393,36,0,15,0,85,,71394,36,0,15,0,45,,71395,36,0,15,0,85,,71396,36,0,15,0,85,,71397,36,0,15,0,85,,71398,36,0,15,0,45,,71399,36,0,15,0,85,,71400,36,0,15,0,85,,71401,36,0,15,0,85,,71402,36,0,15,0
721403,'1396',730,,71403,36,0,15,0,100,,71404,36,0,15,0,85,,71405,36,0,15,0,85,,71406,36,0,15,0,45,,71407,36,0,15,0,85,,71408,36,0,15,0,85,,71409,36,0,15,0,85,,71410,36,0,15,0,45,,71411,36,0,15,0,85,,71412,36,0,15,0,85,,71413,36,0,15,0,85,,71414,36,0,15,0,45,,71415,36,0,15,0,85,,71416,36,0,15,0,85,,71417,36,0,15,0,85,,71418,36,0,15,0,45,,71419,36,0,15,0,85,,71420,36,0,15,0,85,,71421,36,0,15,0,85,,71422,36,0,15,0
