1601,'1390',1017,,65186,10,,,0,30,,65185,10,,,0,85,,65184,10,,,0,70,,65183,10,,,0,30,,65182,10,,,0,70,,65181,10,,,0,30,,65180,10,,,0,70,,65179,10,,,0,30,,65178,10,,,0,70,,65177,10,,,0,30,,65176,10,,,0,70,,65175,10,,,0,30,,65174,10,,,0,70,,65173,10,,,0,30,,65172,10,,,0,15,,65187,10,,,0,55,,65171,10,,,0,30,,65170,10,,,0,70,,65169,10,,,0,30,,65168,10,,,0
1601,'1391',659,,65188,10,,,0,70,,65189,10,,,0,30,,65190,10,,,0,70,,65191,10,,,0,30,,65192,10,,,0,70,,65193,10,,,0,30,,65194,10,,,0,70,,65195,10,,,0,20,,65196,10,,,0,60,,65197,10,,,0,20,,65198,10,,,0,20,,65199,10,,,0,60,,65200,10,,,0,20,,65201,10,,,0,20,,65202,10,,,0,60,,65203,10,,,0,20,,65204,10,,,0,20,,65205,10,,,0,60,,65206,10,,,0,20,,65207,10,,,0,20,,65208,10,,,0,60,,65209,10,,,0,20,,65210,10,,,0,20,,65211,10,,,0,60,,65212,10,,,0,20,,65213,10,,,0,20,,65214,10,,,0,60,,65215,10,,,0,20,,65216,10,,,0,20,,65217,10,,,0,60,,65218,10,,,0,22,,65219,10,,,0,70,,65220,10,,,0,30,,65221,10,,,0,70,,65222,10,,,0,30,,65223,10,,,0,70,,65224,10,,,0,30,,65225,10,,,0,100,,65226,10,,,0
1601,'1392',612,,65227,10,,,0,37,,65228,10,,,0,70,,65229,10,,,0,20,,65230,10,,,0,20,,65231,10,,,0,60,,65232,10,,,0,20,,65233,10,,,0,20,,65234,10,,,0,60,,65235,10,,,0,20,,65236,10,,,0,20,,65237,10,,,0,60,,65238,10,,,0,20,,65239,10,,,0,20,,65240,10,,,0,60,,65241,10,,,0,20,,65242,10,,,0,20,,65243,10,,,0,60,,65244,10,,,0,20,,65245,10,,,0,20,,65246,10,,,0,60,,65247,10,,,0,20,,65248,10,,,0,20,,65249,10,,,0,60,,65250,10,,,0,20,,65251,10,,,0,20,,65252,10,,,0,60,,65253,10,,,0,20,,65254,10,,,0,20,,65255,10,,,0,60,,65256,10,,,0,20,,65257,10,,,0,20,,65258,10,,,0,60,,65259,10,,,0,20,,65260,10,,,0,20,,65261,10,,,0,60,,65262,10,,,0,15,,65263,10,,,0,70,,65264,10,,,0,30,,65265,10,,,0,70,,65266,10,,,0,30,,65267,10,,,0,70,,65268,10,,,0,30,,65269,10,,,0,100,,65270,10,,,0,100,,65271,10,,,0
1601,'1393',612,,65272,10,,,0,37,,65273,10,,,0,70,,65274,10,,,0,20,,65275,10,,,0,20,,65276,10,,,0,60,,65277,10,,,0,20,,65278,10,,,0,20,,65279,10,,,0,60,,65280,10,,,0,20,,65281,10,,,0,20,,65282,10,,,0,60,,65283,10,,,0,20,,65284,10,,,0,20,,65285,10,,,0,60,,65286,10,,,0,20,,65287,10,,,0,20,,65288,10,,,0,60,,65289,10,,,0,20,,65290,10,,,0,20,,65291,10,,,0,60,,65292,10,,,0,20,,65293,10,,,0,20,,65294,10,,,0,60,,65295,10,,,0,20,,65296,10,,,0,20,,65297,10,,,0,60,,65298,10,,,0,20,,65299,10,,,0,20,,65300,10,,,0,60,,65301,10,,,0,20,,65302,10,,,0,20,,65303,10,,,0,60,,65304,10,,,0,20,,65305,10,,,0,20,,65306,10,,,0,60,,65307,10,,,0,15,,65308,10,,,0,70,,65309,10,,,0,30,,65310,10,,,0,70,,65311,10,,,0,30,,65312,10,,,0,70,,65313,10,,,0,30,,65314,10,,,0,100,,65315,10,,,0,100,,65316,10,,,0
1601,'1394',612,,65317,10,,,0,37,,65318,10,,,0,70,,65319,10,,,0,20,,65320,10,,,0,20,,65321,10,,,0,60,,65322,10,,,0,20,,65323,10,,,0,20,,65324,10,,,0,60,,65325,10,,,0,20,,65326,10,,,0,20,,65327,10,,,0,60,,65328,10,,,0,20,,65329,10,,,0,20,,65330,10,,,0,60,,65331,10,,,0,20,,65332,10,,,0,20,,65333,10,,,0,60,,65334,10,,,0,20,,65335,10,,,0,20,,65336,10,,,0,60,,65337,10,,,0,20,,65338,10,,,0,20,,65339,10,,,0,60,,65340,10,,,0,20,,65341,10,,,0,20,,65342,10,,,0,60,,65343,10,,,0,20,,65344,10,,,0,20,,65345,10,,,0,60,,65346,10,,,0,20,,65347,10,,,0,20,,65348,10,,,0,60,,65349,10,,,0,20,,65350,10,,,0,20,,65351,10,,,0,60,,65352,10,,,0,15,,65353,10,,,0,70,,65354,10,,,0,30,,65355,10,,,0,70,,65356,10,,,0,30,,65357,10,,,0,70,,65358,10,,,0,30,,65359,10,,,0,100,,65360,10,,,0,100,,65361,10,,,0
1601,'1395',612,,65362,10,,,0,37,,65363,10,,,0,70,,65364,10,,,0,20,,65365,10,,,0,20,,65366,10,,,0,60,,65367,10,,,0,20,,65368,10,,,0,20,,65369,10,,,0,60,,65370,10,,,0,20,,65371,10,,,0,20,,65372,10,,,0,60,,65373,10,,,0,20,,65374,10,,,0,20,,65375,10,,,0,60,,65376,10,,,0,20,,65377,10,,,0,20,,65378,10,,,0,60,,65379,10,,,0,20,,65380,10,,,0,20,,65381,10,,,0,60,,65382,10,,,0,20,,65383,10,,,0,20,,65384,10,,,0,60,,65385,10,,,0,20,,65386,10,,,0,20,,65387,10,,,0,60,,65388,10,,,0,20,,65389,10,,,0,20,,65390,10,,,0,60,,65391,10,,,0,20,,65392,10,,,0,20,,65393,10,,,0,60,,65394,10,,,0,20,,65395,10,,,0,20,,65396,10,,,0,60,,65397,10,,,0,15,,65398,10,,,0,70,,65399,10,,,0,30,,65400,10,,,0,70,,65401,10,,,0,30,,65402,10,,,0,70,,65403,10,,,0,30,,65404,10,,,0,100,,65405,10,,,0,100,,65406,10,,,0
1601,'1396',612,,65407,10,,,0,37,,65408,10,,,0,70,,65409,10,,,0,20,,65410,10,,,0,20,,65411,10,,,0,60,,65412,10,,,0,20,,65413,10,,,0,20,,65414,10,,,0,60,,65415,10,,,0,20,,65416,10,,,0,20,,65417,10,,,0,60,,65418,10,,,0,20,,65419,10,,,0,20,,65420,10,,,0,60,,65421,10,,,0,20,,65422,10,,,0,20,,65423,10,,,0,60,,65424,10,,,0,20,,65425,10,,,0,20,,65426,10,,,0,60,,65427,10,,,0,20,,65428,10,,,0,20,,65429,10,,,0,60,,65430,10,,,0,20,,65431,10,,,0,20,,65432,10,,,0,60,,65433,10,,,0,20,,65434,10,,,0,20,,65435,10,,,0,60,,65436,10,,,0,20,,65437,10,,,0,20,,65438,10,,,0,60,,65439,10,,,0,20,,65440,10,,,0,20,,65441,10,,,0,60,,65442,10,,,0,15,,65443,10,,,0,70,,65444,10,,,0,30,,65445,10,,,0,70,,65446,10,,,0,30,,65447,10,,,0,70,,65448,10,,,0,30,,65449,10,,,0,100,,65450,10,,,0,100,,65451,10,,,0
1701,'1390',724,,65970,36,,,0,100,,65969,36,,,0,100,,65968,36,,,0,105,,65967,36,,,0,80,,65966,36,,,0,40,,65965,36,,,0,80,,65964,36,,,0,80,,65963,36,,,0,40,,65962,36,,,0,80,,65961,36,,,0,80,,65960,36,,,0,40,,65959,36,,,0,80,,65958,36,,,0,80,,65957,36,,,0,40,,65956,36,,,0,80,,65955,36,,,0,80,,65954,36,,,0,40,,65953,36,,,0
1701,'1391',559,,65996,36,,,0,70,,65997,36,,,0,30,,65998,36,,,0,70,,65999,36,,,0,30,,66000,36,,,0,70,,66001,36,,,0,30,,66002,36,,,0,70,,65971,36,,,0,30,,65972,36,,,0,70,,65973,36,,,0,20,,65974,36,,,0,60,,65975,36,,,0,20,,65976,36,,,0,20,,65977,36,,,0,60,,65978,36,,,0,20,,65979,36,,,0,20,,65980,36,,,0,60,,65981,36,,,0,20,,65982,36,,,0,20,,65983,36,,,0,60,,65984,36,,,0,20,,65985,36,,,0,20,,65986,36,,,0,60,,65987,36,,,0,20,,65988,36,,,0,20,,65989,36,,,0,60,,65990,36,,,0,20,,65991,36,,,0,20,,65992,36,,,0,60,,65993,36,,,0,20,,66003,36,,,0,20,,65994,36,,,0,60,,65995,36,,,0,20,,66004,36,,,0,30,,66005,36,,,0,70,,66006,36,,,0,30,,66007,36,,,0,70,,66008,36,,,0,30,,66009,36,,,0,70,,66010,36,,,0,30,,66011,36,,,0,70,,66012,36,,,0,30,,66013,36,,,0,70,,66014,36,,,0,30,,66015,36,,,0,70,,66016,36,,,0,30,,66017,36,,,0
1701,'1392',558,,66018,36,,,0,70,,66019,36,,,0,15,,66020,36,,,0,15,,66021,36,,,0,55,,66022,36,,,0,15,,66023,36,,,0,10,,66024,36,,,0,10,,66025,36,,,0,10,,66026,36,,,0,50,,66027,36,,,0,10,,66028,36,,,0,10,,66029,36,,,0,10,,66030,36,,,0,10,,66031,36,,,0,10,,66032,36,,,0,50,,66033,36,,,0,10,,66034,36,,,0,10,,66035,36,,,0,10,,66036,36,,,0,10,,66037,36,,,0,10,,66038,36,,,0,50,,66039,36,,,0,10,,66040,36,,,0,10,,66041,36,,,0,10,,66042,36,,,0,10,,66043,36,,,0,10,,66044,36,,,0,50,,66045,36,,,0,10,,66046,36,,,0,10,,66047,36,,,0,10,,66048,36,,,0,10,,66049,36,,,0,10,,66050,36,,,0,50,,66051,36,,,0,10,,66052,36,,,0,10,,66053,36,,,0,10,,66054,36,,,0,10,,66055,36,,,0,10,,66056,36,,,0,50,,66057,36,,,0,10,,66058,36,,,0,10,,66059,36,,,0,10,,66060,36,,,0,10,,66061,36,,,0,10,,66062,36,,,0,50,,66063,36,,,0,10,,66064,36,,,0,10,,66065,36,,,0,10,,66066,36,,,0,10,,66067,36,,,0,10,,66068,36,,,0,50,,66069,36,,,0,10,,66070,36,,,0,10,,66071,36,,,0,10,,66072,36,,,0,10,,66073,36,,,0,10,,66074,36,,,0,50,,66075,36,,,0,10,,66076,36,,,0,10,,66077,36,,,0,10,,66078,36,,,0,10,,66079,36,,,0,10,,66080,36,,,0,50,,66081,36,,,0,10,,66082,36,,,0,10,,66083,36,,,0,10,,66084,36,,,0,10,,66085,36,,,0,10,,66086,36,,,0,50,,66087,36,,,0,10,,66088,36,,,0,10,,66089,36,,,0,15,,66090,36,,,0,15,,66091,36,,,0,55,,66092,36,,,0,15,,66093,36,,,0,30,,66094,36,,,0,70,,66095,36,,,0,30,,66096,36,,,0,70,,66097,36,,,0,30,,66098,36,,,0,70,,66099,36,,,0,30,,66100,36,,,0,70,,66101,36,,,0,30,,66102,36,,,0,70,,66103,36,,,0,30,,66104,36,,,0
1701,'1393',558,,66105,36,,,0,70,,66106,36,,,0,15,,66107,36,,,0,15,,66108,36,,,0,55,,66109,36,,,0,15,,66110,36,,,0,10,,66111,36,,,0,10,,66112,36,,,0,10,,66113,36,,,0,50,,66114,36,,,0,10,,66115,36,,,0,10,,66116,36,,,0,10,,66117,36,,,0,10,,66118,36,,,0,10,,66119,36,,,0,50,,66120,36,,,0,10,,66121,36,,,0,10,,66122,36,,,0,10,,66123,36,,,0,10,,66124,36,,,0,10,,66125,36,,,0,50,,66126,36,,,0,10,,66127,36,,,0,10,,66128,36,,,0,10,,66129,36,,,0,10,,66130,36,,,0,10,,66131,36,,,0,50,,66132,36,,,0,10,,66133,36,,,0,10,,66134,36,,,0,10,,66135,36,,,0,10,,66136,36,,,0,10,,66137,36,,,0,50,,66138,36,,,0,10,,66139,36,,,0,10,,66140,36,,,0,10,,66141,36,,,0,10,,66142,36,,,0,10,,66143,36,,,0,50,,66144,36,,,0,10,,66145,36,,,0,10,,66146,36,,,0,10,,66147,36,,,0,10,,66148,36,,,0,10,,66149,36,,,0,50,,66150,36,,,0,10,,66151,36,,,0,10,,66152,36,,,0,10,,66153,36,,,0,10,,66154,36,,,0,10,,66155,36,,,0,50,,66156,36,,,0,10,,66157,36,,,0,10,,66158,36,,,0,10,,66159,36,,,0,10,,66160,36,,,0,10,,66161,36,,,0,50,,66162,36,,,0,10,,66163,36,,,0,10,,66164,36,,,0,10,,66165,36,,,0,10,,66166,36,,,0,10,,66167,36,,,0,50,,66168,36,,,0,10,,66169,36,,,0,10,,66170,36,,,0,10,,66171,36,,,0,10,,66172,36,,,0,10,,66173,36,,,0,50,,66174,36,,,0,10,,66175,36,,,0,10,,66176,36,,,0,15,,66177,36,,,0,15,,66178,36,,,0,55,,66179,36,,,0,15,,66180,36,,,0,30,,66181,36,,,0,70,,66182,36,,,0,30,,66183,36,,,0,70,,66184,36,,,0,30,,66185,36,,,0,70,,66186,36,,,0,30,,66187,36,,,0,70,,66188,36,,,0,30,,66189,36,,,0,70,,66190,36,,,0,30,,66191,36,,,0
1701,'1394',558,,66192,36,,,0,70,,66193,36,,,0,15,,66194,36,,,0,15,,66195,36,,,0,55,,66196,36,,,0,15,,66197,36,,,0,10,,66198,36,,,0,10,,66199,36,,,0,10,,66200,36,,,0,50,,66201,36,,,0,10,,66202,36,,,0,10,,66203,36,,,0,10,,66204,36,,,0,10,,66205,36,,,0,10,,66206,36,,,0,50,,66207,36,,,0,10,,66208,36,,,0,10,,66209,36,,,0,10,,66210,36,,,0,10,,66211,36,,,0,10,,66212,36,,,0,50,,66213,36,,,0,10,,66214,36,,,0,10,,66215,36,,,0,10,,66216,36,,,0,10,,66217,36,,,0,10,,66218,36,,,0,50,,66219,36,,,0,10,,66220,36,,,0,10,,66221,36,,,0,10,,66222,36,,,0,10,,66223,36,,,0,10,,66224,36,,,0,50,,66225,36,,,0,10,,66226,36,,,0,10,,66227,36,,,0,10,,66228,36,,,0,10,,66229,36,,,0,10,,66230,36,,,0,50,,66231,36,,,0,10,,66232,36,,,0,10,,66233,36,,,0,10,,66234,36,,,0,10,,66235,36,,,0,10,,66236,36,,,0,50,,66237,36,,,0,10,,66238,36,,,0,10,,66239,36,,,0,10,,66240,36,,,0,10,,66241,36,,,0,10,,66242,36,,,0,50,,66243,36,,,0,10,,66244,36,,,0,10,,66245,36,,,0,10,,66246,36,,,0,10,,66247,36,,,0,10,,66248,36,,,0,50,,66249,36,,,0,10,,66250,36,,,0,10,,66251,36,,,0,10,,66252,36,,,0,10,,66253,36,,,0,10,,66254,36,,,0,50,,66255,36,,,0,10,,66256,36,,,0,10,,66257,36,,,0,10,,66258,36,,,0,10,,66259,36,,,0,10,,66260,36,,,0,50,,66261,36,,,0,10,,66262,36,,,0,10,,66263,36,,,0,15,,66264,36,,,0,15,,66265,36,,,0,55,,66266,36,,,0,15,,66267,36,,,0,30,,66268,36,,,0,70,,66269,36,,,0,30,,66270,36,,,0,70,,66271,36,,,0,30,,66272,36,,,0,70,,66273,36,,,0,30,,66274,36,,,0,70,,66275,36,,,0,30,,66276,36,,,0,70,,66277,36,,,0,30,,66278,36,,,0
1701,'1395',558,,66279,36,,,0,70,,66280,36,,,0,15,,66281,36,,,0,15,,66282,36,,,0,55,,66283,36,,,0,15,,66284,36,,,0,10,,66285,36,,,0,10,,66286,36,,,0,10,,66287,36,,,0,50,,66288,36,,,0,10,,66289,36,,,0,10,,66290,36,,,0,10,,66291,36,,,0,10,,66292,36,,,0,10,,66293,36,,,0,50,,66294,36,,,0,10,,66295,36,,,0,10,,66296,36,,,0,10,,66297,36,,,0,10,,66298,36,,,0,10,,66299,36,,,0,50,,66300,36,,,0,10,,66301,36,,,0,10,,66302,36,,,0,10,,66303,36,,,0,10,,66304,36,,,0,10,,66305,36,,,0,50,,66306,36,,,0,10,,66307,36,,,0,10,,66308,36,,,0,10,,66309,36,,,0,10,,66310,36,,,0,10,,66311,36,,,0,50,,66312,36,,,0,10,,66313,36,,,0,10,,66314,36,,,0,10,,66315,36,,,0,10,,66316,36,,,0,10,,66317,36,,,0,50,,66318,36,,,0,10,,66319,36,,,0,10,,66320,36,,,0,10,,66321,36,,,0,10,,66322,36,,,0,10,,66323,36,,,0,50,,66324,36,,,0,10,,66325,36,,,0,10,,66326,36,,,0,10,,66327,36,,,0,10,,66328,36,,,0,10,,66329,36,,,0,50,,66330,36,,,0,10,,66331,36,,,0,10,,66332,36,,,0,10,,66333,36,,,0,10,,66334,36,,,0,10,,66335,36,,,0,50,,66336,36,,,0,10,,66337,36,,,0,10,,66338,36,,,0,10,,66339,36,,,0,10,,66340,36,,,0,10,,66341,36,,,0,50,,66342,36,,,0,10,,66343,36,,,0,10,,66344,36,,,0,10,,66345,36,,,0,10,,66346,36,,,0,10,,66347,36,,,0,50,,66348,36,,,0,10,,66349,36,,,0,10,,66350,36,,,0,15,,66351,36,,,0,15,,66352,36,,,0,55,,66353,36,,,0,15,,66354,36,,,0,30,,66355,36,,,0,70,,66356,36,,,0,30,,66357,36,,,0,70,,66358,36,,,0,30,,66359,36,,,0,70,,66360,36,,,0,30,,66361,36,,,0,70,,66362,36,,,0,30,,66363,36,,,0,70,,66364,36,,,0,30,,66365,36,,,0
1701,'1396',558,,66366,36,,,0,70,,66367,36,,,0,15,,66368,36,,,0,15,,66369,36,,,0,55,,66370,36,,,0,15,,66371,36,,,0,10,,66372,36,,,0,10,,66373,36,,,0,10,,66374,36,,,0,50,,66375,36,,,0,10,,66376,36,,,0,10,,66377,36,,,0,10,,66378,36,,,0,10,,66379,36,,,0,10,,66380,36,,,0,50,,66381,36,,,0,10,,66382,36,,,0,10,,66383,36,,,0,10,,66384,36,,,0,10,,66385,36,,,0,10,,66386,36,,,0,50,,66387,36,,,0,10,,66388,36,,,0,10,,66389,36,,,0,10,,66390,36,,,0,10,,66391,36,,,0,10,,66392,36,,,0,50,,66393,36,,,0,10,,66394,36,,,0,10,,66395,36,,,0,10,,66396,36,,,0,10,,66397,36,,,0,10,,66398,36,,,0,50,,66399,36,,,0,10,,66400,36,,,0,10,,66401,36,,,0,10,,66402,36,,,0,10,,66403,36,,,0,10,,66404,36,,,0,50,,66405,36,,,0,10,,66406,36,,,0,10,,66407,36,,,0,10,,66408,36,,,0,10,,66409,36,,,0,10,,66410,36,,,0,50,,66411,36,,,0,10,,66412,36,,,0,10,,66413,36,,,0,10,,66414,36,,,0,10,,66415,36,,,0,10,,66416,36,,,0,50,,66417,36,,,0,10,,66418,36,,,0,10,,66419,36,,,0,10,,66420,36,,,0,10,,66421,36,,,0,10,,66422,36,,,0,50,,66423,36,,,0,10,,66424,36,,,0,10,,66425,36,,,0,10,,66426,36,,,0,10,,66427,36,,,0,10,,66428,36,,,0,50,,66429,36,,,0,10,,66430,36,,,0,10,,66431,36,,,0,10,,66432,36,,,0,10,,66433,36,,,0,10,,66434,36,,,0,50,,66435,36,,,0,10,,66436,36,,,0,10,,66437,36,,,0,15,,66438,36,,,0,15,,66439,36,,,0,55,,66440,36,,,0,15,,66441,36,,,0,30,,66442,36,,,0,70,,66443,36,,,0,30,,66444,36,,,0,70,,66445,36,,,0,30,,66446,36,,,0,70,,66447,36,,,0,30,,66448,36,,,0,70,,66449,36,,,0,30,,66450,36,,,0,70,,66451,36,,,0,30,,66452,36,,,0
