1700,'1390',610,,65455,18,,,0,100,,65454,18,,,0,100,,65453,18,,,0,100,,65452,18,,,0,102,,65470,18,,,0,40,,65469,18,,,0,80,,65468,18,,,0,80,,65467,18,,,0,40,,65466,18,,,0,80,,65465,18,,,0,80,,65464,18,,,0,40,,65463,18,,,0,80,,65462,18,,,0,80,,65461,18,,,0,40,,65460,18,,,0,80,,65459,18,,,0,80,,65458,18,,,0,40,,65457,18,,,0,80,,65456,18,,,0
1700,'1391',528,,65471,18,,,0,27,,65472,18,,,0,70,,65473,18,,,0,30,,65474,18,,,0,70,,65475,18,,,0,30,,65476,18,,,0,70,,65477,18,,,0,30,,65478,18,,,0,70,,65479,18,,,0,30,,65480,18,,,0,78,,65489,18,,,0,20,,65490,18,,,0,60,,65491,18,,,0,20,,65492,18,,,0,20,,65493,18,,,0,60,,65494,18,,,0,20,,65495,18,,,0,20,,65496,18,,,0,60,,65497,18,,,0,20,,65498,18,,,0,20,,65499,18,,,0,60,,65500,18,,,0,20,,65501,18,,,0,20,,65502,18,,,0,60,,65503,18,,,0,20,,65504,18,,,0,20,,65505,18,,,0,60,,65506,18,,,0,20,,65507,18,,,0,20,,65508,18,,,0,60,,65509,18,,,0,20,,65510,18,,,0,20,,65511,18,,,0,60,,65512,18,,,0,15,,65513,18,,,0,30,,65514,18,,,0,70,,65515,18,,,0,30,,65516,18,,,0,70,,65517,18,,,0,27,,65481,18,,,0,70,,65482,18,,,0,30,,65483,18,,,0,70,,65484,18,,,0,30,,65485,18,,,0,70,,65486,18,,,0,30,,65487,18,,,0,70,,65488,18,,,0
1700,'1392',531,,65518,18,,,0,80,,65520,18,,,0,15,,65521,18,,,0,15,,65522,18,,,0,15,,65523,18,,,0,55,,65524,18,,,0,10,,65525,18,,,0,10,,65526,18,,,0,10,,65527,18,,,0,10,,65528,18,,,0,50,,65529,18,,,0,10,,65530,18,,,0,10,,65531,18,,,0,10,,65532,18,,,0,10,,65533,18,,,0,10,,65534,18,,,0,50,,65535,18,,,0,10,,65536,18,,,0,10,,65537,18,,,0,10,,65538,18,,,0,10,,65539,18,,,0,10,,65540,18,,,0,50,,65541,18,,,0,10,,65542,18,,,0,10,,65543,18,,,0,10,,65544,18,,,0,10,,65545,18,,,0,10,,65546,18,,,0,50,,65547,18,,,0,10,,65548,18,,,0,10,,65549,18,,,0,10,,65550,18,,,0,10,,65551,18,,,0,10,,65552,18,,,0,50,,65553,18,,,0,10,,65554,18,,,0,10,,65555,18,,,0,10,,65556,18,,,0,10,,65557,18,,,0,10,,65558,18,,,0,50,,65559,18,,,0,10,,65560,18,,,0,10,,65561,18,,,0,10,,65562,18,,,0,10,,65563,18,,,0,10,,65564,18,,,0,50,,65565,18,,,0,10,,65566,18,,,0,10,,65567,18,,,0,10,,65568,18,,,0,10,,65569,18,,,0,10,,65570,18,,,0,50,,65571,18,,,0,10,,65572,18,,,0,10,,65573,18,,,0,10,,65574,18,,,0,10,,65575,18,,,0,10,,65576,18,,,0,50,,65577,18,,,0,10,,65578,18,,,0,10,,65579,18,,,0,10,,65580,18,,,0,10,,65581,18,,,0,10,,65582,18,,,0,50,,65583,18,,,0,10,,65584,18,,,0,10,,65585,18,,,0,10,,65586,18,,,0,10,,65587,18,,,0,10,,65588,18,,,0,50,,65589,18,,,0,10,,65590,18,,,0,15,,65591,18,,,0,15,,65592,18,,,0,15,,65593,18,,,0,70,,65594,18,,,0,30,,65595,18,,,0,70,,65596,18,,,0,30,,65597,18,,,0,70,,65598,18,,,0,30,,65599,18,,,0,70,,65600,18,,,0,30,,65601,18,,,0,70,,65602,18,,,0,30,,65603,18,,,0,70,,65604,18,,,0
1700,'1393',531,,65605,18,,,0,80,,65607,18,,,0,15,,65608,18,,,0,15,,65609,18,,,0,15,,65610,18,,,0,55,,65611,18,,,0,10,,65612,18,,,0,10,,65613,18,,,0,10,,65614,18,,,0,10,,65615,18,,,0,50,,65616,18,,,0,10,,65617,18,,,0,10,,65618,18,,,0,10,,65619,18,,,0,10,,65620,18,,,0,10,,65621,18,,,0,50,,65622,18,,,0,10,,65623,18,,,0,10,,65624,18,,,0,10,,65625,18,,,0,10,,65626,18,,,0,10,,65627,18,,,0,50,,65628,18,,,0,10,,65629,18,,,0,10,,65630,18,,,0,10,,65631,18,,,0,10,,65632,18,,,0,10,,65633,18,,,0,50,,65634,18,,,0,10,,65635,18,,,0,10,,65636,18,,,0,10,,65637,18,,,0,10,,65638,18,,,0,10,,65639,18,,,0,50,,65640,18,,,0,10,,65641,18,,,0,10,,65642,18,,,0,10,,65643,18,,,0,10,,65644,18,,,0,10,,65645,18,,,0,50,,65646,18,,,0,10,,65647,18,,,0,10,,65648,18,,,0,10,,65649,18,,,0,10,,65650,18,,,0,10,,65651,18,,,0,50,,65652,18,,,0,10,,65653,18,,,0,10,,65654,18,,,0,10,,65655,18,,,0,10,,65656,18,,,0,10,,65657,18,,,0,50,,65658,18,,,0,10,,65659,18,,,0,10,,65660,18,,,0,10,,65661,18,,,0,10,,65662,18,,,0,10,,65663,18,,,0,50,,65664,18,,,0,10,,65665,18,,,0,10,,65666,18,,,0,10,,65667,18,,,0,10,,65668,18,,,0,10,,65669,18,,,0,50,,65670,18,,,0,10,,65671,18,,,0,10,,65672,18,,,0,10,,65673,18,,,0,10,,65674,18,,,0,10,,65675,18,,,0,50,,65676,18,,,0,10,,65677,18,,,0,15,,65678,18,,,0,15,,65679,18,,,0,15,,65680,18,,,0,70,,65681,18,,,0,30,,65682,18,,,0,70,,65683,18,,,0,30,,65684,18,,,0,70,,65685,18,,,0,30,,65686,18,,,0,70,,65687,18,,,0,30,,65688,18,,,0,70,,65689,18,,,0,30,,65690,18,,,0,70,,65691,18,,,0
1700,'1394',531,,65692,18,,,0,80,,65694,18,,,0,15,,65695,18,,,0,15,,65696,18,,,0,15,,65697,18,,,0,55,,65698,18,,,0,10,,65699,18,,,0,10,,65700,18,,,0,10,,65701,18,,,0,10,,65702,18,,,0,50,,65703,18,,,0,10,,65704,18,,,0,10,,65705,18,,,0,10,,65706,18,,,0,10,,65707,18,,,0,10,,65708,18,,,0,50,,65709,18,,,0,10,,65710,18,,,0,10,,65711,18,,,0,10,,65712,18,,,0,10,,65713,18,,,0,10,,65714,18,,,0,50,,65715,18,,,0,10,,65716,18,,,0,10,,65717,18,,,0,10,,65718,18,,,0,10,,65719,18,,,0,10,,65720,18,,,0,50,,65721,18,,,0,10,,65722,18,,,0,10,,65723,18,,,0,10,,65724,18,,,0,10,,65725,18,,,0,10,,65726,18,,,0,50,,65727,18,,,0,10,,65728,18,,,0,10,,65729,18,,,0,10,,65730,18,,,0,10,,65731,18,,,0,10,,65732,18,,,0,50,,65733,18,,,0,10,,65734,18,,,0,10,,65735,18,,,0,10,,65736,18,,,0,10,,65737,18,,,0,10,,65738,18,,,0,50,,65739,18,,,0,10,,65740,18,,,0,10,,65741,18,,,0,10,,65742,18,,,0,10,,65743,18,,,0,10,,65744,18,,,0,50,,65745,18,,,0,10,,65746,18,,,0,10,,65747,18,,,0,10,,65748,18,,,0,10,,65749,18,,,0,10,,65750,18,,,0,50,,65751,18,,,0,10,,65752,18,,,0,10,,65753,18,,,0,10,,65754,18,,,0,10,,65755,18,,,0,10,,65756,18,,,0,50,,65757,18,,,0,10,,65758,18,,,0,10,,65759,18,,,0,10,,65760,18,,,0,10,,65761,18,,,0,10,,65762,18,,,0,50,,65763,18,,,0,10,,65764,18,,,0,15,,65765,18,,,0,15,,65766,18,,,0,15,,65767,18,,,0,70,,65768,18,,,0,30,,65769,18,,,0,70,,65770,18,,,0,30,,65771,18,,,0,70,,65772,18,,,0,30,,65773,18,,,0,70,,65774,18,,,0,30,,65775,18,,,0,70,,65776,18,,,0,30,,65777,18,,,0,70,,65778,18,,,0
1700,'1395',531,,65779,18,,,0,80,,65781,18,,,0,15,,65782,18,,,0,15,,65783,18,,,0,15,,65784,18,,,0,55,,65785,18,,,0,10,,65786,18,,,0,10,,65787,18,,,0,10,,65788,18,,,0,10,,65789,18,,,0,50,,65790,18,,,0,10,,65791,18,,,0,10,,65792,18,,,0,10,,65793,18,,,0,10,,65794,18,,,0,10,,65795,18,,,0,50,,65796,18,,,0,10,,65797,18,,,0,10,,65798,18,,,0,10,,65799,18,,,0,10,,65800,18,,,0,10,,65801,18,,,0,50,,65802,18,,,0,10,,65803,18,,,0,10,,65804,18,,,0,10,,65805,18,,,0,10,,65806,18,,,0,10,,65807,18,,,0,50,,65808,18,,,0,10,,65809,18,,,0,10,,65810,18,,,0,10,,65811,18,,,0,10,,65812,18,,,0,10,,65813,18,,,0,50,,65814,18,,,0,10,,65815,18,,,0,10,,65816,18,,,0,10,,65817,18,,,0,10,,65818,18,,,0,10,,65819,18,,,0,50,,65820,18,,,0,10,,65821,18,,,0,10,,65822,18,,,0,10,,65823,18,,,0,10,,65824,18,,,0,10,,65825,18,,,0,50,,65826,18,,,0,10,,65827,18,,,0,10,,65828,18,,,0,10,,65829,18,,,0,10,,65830,18,,,0,10,,65831,18,,,0,50,,65832,18,,,0,10,,65833,18,,,0,10,,65834,18,,,0,10,,65835,18,,,0,10,,65836,18,,,0,10,,65837,18,,,0,50,,65838,18,,,0,10,,65839,18,,,0,10,,65840,18,,,0,10,,65841,18,,,0,10,,65842,18,,,0,10,,65843,18,,,0,50,,65844,18,,,0,10,,65845,18,,,0,10,,65846,18,,,0,10,,65847,18,,,0,10,,65848,18,,,0,10,,65849,18,,,0,50,,65850,18,,,0,10,,65851,18,,,0,15,,65852,18,,,0,15,,65853,18,,,0,15,,65854,18,,,0,70,,65855,18,,,0,30,,65856,18,,,0,70,,65857,18,,,0,30,,65858,18,,,0,70,,65859,18,,,0,30,,65860,18,,,0,70,,65861,18,,,0,30,,65862,18,,,0,70,,65863,18,,,0,30,,65864,18,,,0,70,,65865,18,,,0
1700,'1396',531,,65866,18,,,0,80,,65868,18,,,0,15,,65869,18,,,0,15,,65870,18,,,0,15,,65871,18,,,0,55,,65872,18,,,0,10,,65873,18,,,0,10,,65874,18,,,0,10,,65875,18,,,0,10,,65876,18,,,0,50,,65877,18,,,0,10,,65878,18,,,0,10,,65879,18,,,0,10,,65880,18,,,0,10,,65881,18,,,0,10,,65882,18,,,0,50,,65883,18,,,0,10,,65884,18,,,0,10,,65885,18,,,0,10,,65886,18,,,0,10,,65887,18,,,0,10,,65888,18,,,0,50,,65889,18,,,0,10,,65890,18,,,0,10,,65891,18,,,0,10,,65892,18,,,0,10,,65893,18,,,0,10,,65894,18,,,0,50,,65895,18,,,0,10,,65896,18,,,0,10,,65897,18,,,0,10,,65898,18,,,0,10,,65899,18,,,0,10,,65900,18,,,0,50,,65901,18,,,0,10,,65902,18,,,0,10,,65903,18,,,0,10,,65904,18,,,0,10,,65905,18,,,0,10,,65906,18,,,0,50,,65907,18,,,0,10,,65908,18,,,0,10,,65909,18,,,0,10,,65910,18,,,0,10,,65911,18,,,0,10,,65912,18,,,0,50,,65913,18,,,0,10,,65914,18,,,0,10,,65915,18,,,0,10,,65916,18,,,0,10,,65917,18,,,0,10,,65918,18,,,0,50,,65919,18,,,0,10,,65920,18,,,0,10,,65921,18,,,0,10,,65922,18,,,0,10,,65923,18,,,0,10,,65924,18,,,0,50,,65925,18,,,0,10,,65926,18,,,0,10,,65927,18,,,0,10,,65928,18,,,0,10,,65929,18,,,0,10,,65930,18,,,0,50,,65931,18,,,0,10,,65932,18,,,0,10,,65933,18,,,0,10,,65934,18,,,0,10,,65935,18,,,0,10,,65936,18,,,0,50,,65937,18,,,0,10,,65938,18,,,0,15,,65939,18,,,0,15,,65940,18,,,0,15,,65941,18,,,0,70,,65942,18,,,0,30,,65943,18,,,0,70,,65944,18,,,0,30,,65945,18,,,0,70,,65946,18,,,0,30,,65947,18,,,0,70,,65948,18,,,0,30,,65949,18,,,0,70,,65950,18,,,0,30,,65951,18,,,0,70,,65952,18,,,0
2000,'1390',933,,67728,13,,,0,85,,67727,13,,,0,85,,67726,13,,,0,45,,67725,13,,,0,85,,67724,13,,,0,85,,67723,13,,,0,85,,67722,13,,,0,45,,67721,13,,,0,85,,67720,13,,,0,85,,67719,13,,,0,41,,67718,13,,,0,89,,67717,13,,,0,85,,67716,13,,,0,85,,67715,13,,,0,85,,67714,13,,,0
2000,'1391',632,,67731,13,,,0,85,,67732,13,,,0,85,,67733,13,,,0,45,,67734,13,,,0,55,,67735,13,,,0,30,,67736,13,,,0,80,,67737,13,,,0,30,,67738,13,,,0,70,,67739,13,,,0,30,,67740,13,,,0,80,,67741,13,,,0,30,,67742,13,,,0,70,,67743,13,,,0,30,,67744,13,,,0,80,,67745,13,,,0,70,,67746,13,,,0,30,,67747,13,,,0,70,,67748,13,,,0,40,,67749,13,,,0,70,,67750,13,,,0,30,,67751,13,,,0,70,,67752,13,,,0,40,,67753,13,,,0,75,,67754,13,,,0,85,,67755,13,,,0,45,,67756,13,,,0,85,,67757,13,,,0,85,,67758,13,,,0,85,,67759,13,,,0,45,,67760,13,,,0
2000,'1392',600,,67771,15,,,0,20,,67772,15,,,0,20,,67773,15,,,0,60,,67774,15,,,0,20,,67775,15,,,0,20,,67776,15,,,0,60,,67777,15,,,0,20,,67778,15,,,0,20,,67779,15,,,0,60,,67780,15,,,0,20,,67781,15,,,0,20,,67782,15,,,0,60,,67783,15,,,0,20,,67784,15,,,0,20,,67785,15,,,0,60,,67786,15,,,0,20,,67787,15,,,0,20,,67788,15,,,0,60,,67789,15,,,0,20,,67790,15,,,0,20,,67791,15,,,0,60,,67792,15,,,0,20,,67793,15,,,0,20,,67794,15,,,0,60,,67795,15,,,0,20,,67796,15,,,0,20,,67797,15,,,0,60,,67798,15,,,0,20,,67799,15,,,0,20,,67800,15,,,0,60,,67801,15,,,0,20,,67802,15,,,0,20,,67803,15,,,0,60,,67804,15,,,0,20,,67805,15,,,0,20,,67806,15,,,0,60,,67807,15,,,0,20,,67808,15,,,0,17,,67762,13,,,0,81,,67763,13,,,0,85,,67764,13,,,0,45,,67765,13,,,0,85,,67766,13,,,0,85,,67767,13,,,0,85,,67768,13,,,0,45,,67769,13,,,0,85,,67770,13,,,0
2000,'1393',600,,67819,15,,,0,20,,67820,15,,,0,20,,67821,15,,,0,60,,67822,15,,,0,20,,67823,15,,,0,20,,67824,15,,,0,60,,67825,15,,,0,20,,67826,15,,,0,20,,67827,15,,,0,60,,67828,15,,,0,20,,67829,15,,,0,20,,67830,15,,,0,60,,67831,15,,,0,20,,67832,15,,,0,20,,67833,15,,,0,60,,67834,15,,,0,20,,67835,15,,,0,20,,67836,15,,,0,60,,67837,15,,,0,20,,67838,15,,,0,20,,67839,15,,,0,60,,67840,15,,,0,20,,67841,15,,,0,20,,67842,15,,,0,60,,67843,15,,,0,20,,67844,15,,,0,20,,67845,15,,,0,60,,67846,15,,,0,20,,67847,15,,,0,20,,67848,15,,,0,60,,67849,15,,,0,20,,67850,15,,,0,20,,67851,15,,,0,60,,67852,15,,,0,20,,67853,15,,,0,20,,67854,15,,,0,60,,67855,15,,,0,20,,67856,15,,,0,17,,67810,13,,,0,81,,67811,13,,,0,85,,67812,13,,,0,45,,67813,13,,,0,85,,67814,13,,,0,85,,67815,13,,,0,85,,67816,13,,,0,45,,67817,13,,,0,85,,67818,13,,,0
2000,'1394',600,,67867,15,,,0,20,,67868,15,,,0,20,,67869,15,,,0,60,,67870,15,,,0,20,,67871,15,,,0,20,,67872,15,,,0,60,,67873,15,,,0,20,,67874,15,,,0,20,,67875,15,,,0,60,,67876,15,,,0,20,,67877,15,,,0,20,,67878,15,,,0,60,,67879,15,,,0,20,,67880,15,,,0,20,,67881,15,,,0,60,,67882,15,,,0,20,,67883,15,,,0,20,,67884,15,,,0,60,,67885,15,,,0,20,,67886,15,,,0,20,,67887,15,,,0,60,,67888,15,,,0,20,,67889,15,,,0,20,,67890,15,,,0,60,,67891,15,,,0,20,,67892,15,,,0,20,,67893,15,,,0,60,,67894,15,,,0,20,,67895,15,,,0,20,,67896,15,,,0,60,,67897,15,,,0,20,,67898,15,,,0,20,,67899,15,,,0,60,,67900,15,,,0,20,,67901,15,,,0,20,,67902,15,,,0,60,,67903,15,,,0,20,,67904,15,,,0,17,,67858,13,,,0,81,,67859,13,,,0,85,,67860,13,,,0,45,,67861,13,,,0,85,,67862,13,,,0,85,,67863,13,,,0,85,,67864,13,,,0,45,,67865,13,,,0,85,,67866,13,,,0
2000,'1395',600,,67915,15,,,0,20,,67916,15,,,0,20,,67917,15,,,0,60,,67918,15,,,0,20,,67919,15,,,0,20,,67920,15,,,0,60,,67921,15,,,0,20,,67922,15,,,0,20,,67923,15,,,0,60,,67924,15,,,0,20,,67925,15,,,0,20,,67926,15,,,0,60,,67927,15,,,0,20,,67928,15,,,0,20,,67929,15,,,0,60,,67930,15,,,0,20,,67931,15,,,0,20,,67932,15,,,0,60,,67933,15,,,0,20,,67934,15,,,0,20,,67935,15,,,0,60,,67936,15,,,0,20,,67937,15,,,0,20,,67938,15,,,0,60,,67939,15,,,0,20,,67940,15,,,0,20,,67941,15,,,0,60,,67942,15,,,0,20,,67943,15,,,0,20,,67944,15,,,0,60,,67945,15,,,0,20,,67946,15,,,0,20,,67947,15,,,0,60,,67948,15,,,0,20,,67949,15,,,0,20,,67950,15,,,0,60,,67951,15,,,0,20,,67952,15,,,0,17,,67906,13,,,0,81,,67907,13,,,0,85,,67908,13,,,0,45,,67909,13,,,0,85,,67910,13,,,0,85,,67911,13,,,0,85,,67912,13,,,0,45,,67913,13,,,0,85,,67914,13,,,0
2000,'1396',600,,67963,15,,,0,20,,67964,15,,,0,20,,67965,15,,,0,60,,67966,15,,,0,20,,67967,15,,,0,20,,67968,15,,,0,60,,67969,15,,,0,20,,67970,15,,,0,20,,67971,15,,,0,60,,67972,15,,,0,20,,67973,15,,,0,20,,67974,15,,,0,60,,67975,15,,,0,20,,67976,15,,,0,20,,67977,15,,,0,60,,67978,15,,,0,20,,67979,15,,,0,20,,67980,15,,,0,60,,67981,15,,,0,20,,67982,15,,,0,20,,67983,15,,,0,60,,67984,15,,,0,20,,67985,15,,,0,20,,67986,15,,,0,60,,67987,15,,,0,20,,67988,15,,,0,20,,67989,15,,,0,60,,67990,15,,,0,20,,67991,15,,,0,20,,67992,15,,,0,60,,67993,15,,,0,20,,67994,15,,,0,20,,67995,15,,,0,60,,67996,15,,,0,20,,67997,15,,,0,20,,67998,15,,,0,60,,67999,15,,,0,20,,68000,15,,,0,17,,67954,13,,,0,81,,67955,13,,,0,85,,67956,13,,,0,45,,67957,13,,,0,85,,67958,13,,,0,85,,67959,13,,,0,85,,67960,13,,,0,45,,67961,13,,,0,85,,67962,13,,,0
2801,'1391',839,,68407,31,,,0,110,,68408,31,,,0,110,,68409,31,,,0,150,,68410,31,,,0,110,,68411,31,,,0,110,,68412,31,,,0,110,,68413,31,,,0,110,,68414,31,,,0,110,,68415,31,,,0,150,,68416,31,,,0
2801,'1392',703,,68417,30,,,0,35,,68418,30,,,0,75,,68419,30,,,0,35,,68420,30,,,0,75,,68421,30,,,0,35,,68422,30,,,0,75,,68423,30,,,0,75,,68424,30,,,0,35,,68425,30,,,0,75,,68426,30,,,0,35,,68427,30,,,0,75,,68428,30,,,0,75,,68429,30,,,0,35,,68430,30,,,0,75,,68431,30,,,0,35,,68432,30,,,0,75,,68433,30,,,0,35,,68434,30,,,0,76,,68435,31,,,0,75,,68436,31,,,0,35,,68437,31,,,0,75,,68438,31,,,0,35,,68439,31,,,0
2801,'1393',703,,68440,30,,,0,35,,68441,30,,,0,75,,68442,30,,,0,35,,68443,30,,,0,75,,68444,30,,,0,35,,68445,30,,,0,75,,68446,30,,,0,75,,68447,30,,,0,35,,68448,30,,,0,75,,68449,30,,,0,35,,68450,30,,,0,75,,68451,30,,,0,75,,68452,30,,,0,35,,68453,30,,,0,75,,68454,30,,,0,35,,68455,30,,,0,75,,68456,30,,,0,35,,68457,30,,,0,76,,68458,31,,,0,75,,68459,31,,,0,35,,68460,31,,,0,75,,68461,31,,,0,35,,68462,31,,,0
2801,'1394',703,,68463,30,,,0,35,,68464,30,,,0,75,,68465,30,,,0,35,,68466,30,,,0,75,,68467,30,,,0,35,,68468,30,,,0,75,,68469,30,,,0,75,,68470,30,,,0,35,,68471,30,,,0,75,,68472,30,,,0,35,,68473,30,,,0,75,,68474,30,,,0,75,,68475,30,,,0,35,,68476,30,,,0,75,,68477,30,,,0,35,,68478,30,,,0,75,,68479,30,,,0,35,,68480,30,,,0,76,,68481,31,,,0,75,,68482,31,,,0,35,,68483,31,,,0,75,,68484,31,,,0,35,,68485,31,,,0
2801,'1395',703,,68486,30,,,0,35,,68487,30,,,0,75,,68488,30,,,0,35,,68489,30,,,0,75,,68490,30,,,0,35,,68491,30,,,0,75,,68492,30,,,0,75,,68493,30,,,0,35,,68494,30,,,0,75,,68495,30,,,0,35,,68496,30,,,0,75,,68497,30,,,0,75,,68498,30,,,0,35,,68499,30,,,0,75,,68500,30,,,0,35,,68501,30,,,0,75,,68502,30,,,0,35,,68503,30,,,0,76,,68504,31,,,0,75,,68505,31,,,0,35,,68506,31,,,0,75,,68507,31,,,0,35,,68508,31,,,0
2801,'1396',703,,68509,30,,,0,35,,68510,30,,,0,75,,68511,30,,,0,35,,68512,30,,,0,75,,68513,30,,,0,35,,68514,30,,,0,75,,68515,30,,,0,75,,68516,30,,,0,35,,68517,30,,,0,75,,68518,30,,,0,35,,68519,30,,,0,75,,68520,30,,,0,75,,68521,30,,,0,35,,68522,30,,,0,75,,68523,30,,,0,35,,68524,30,,,0,75,,68525,30,,,0,35,,68526,30,,,0,76,,68527,31,,,0,75,,68528,31,,,0,35,,68529,31,,,0,75,,68530,31,,,0,35,,68531,31,,,0
722501,'1392',604,,71889,54,0,17,0,120,,71890,54,0,17,0,100,,71891,54,0,17,0,100,,71892,54,0,17,0,100,,71893,54,0,17,0,100,,71894,54,0,17,0,100,,71895,54,0,17,0,100,,71896,54,0,17,0,100,,71897,54,0,17,0,100,,71898,54,0,17,0,100,,71899,54,0,17,0,100,,71900,54,0,17,0,100,,71901,54,0,17,0,100,,71902,54,0,17,0,100,,71903,54,0,17,0,100,,71904,54,0,17,0,100,,71905,54,0,17,0,100,,71906,54,0,17,0
722501,'1393',604,,71907,54,0,17,0,120,,71908,54,0,17,0,100,,71909,54,0,17,0,100,,71910,54,0,17,0,100,,71911,54,0,17,0,100,,71912,54,0,17,0,100,,71913,54,0,17,0,100,,71914,54,0,17,0,100,,71915,54,0,17,0,100,,71916,54,0,17,0,100,,71917,54,0,17,0,100,,71918,54,0,17,0,100,,71919,54,0,17,0,100,,71920,54,0,17,0,100,,71921,54,0,17,0,100,,71922,54,0,17,0,100,,71923,54,0,17,0,100,,71924,54,0,17,0
722501,'1394',604,,71925,54,0,17,0,120,,71926,54,0,17,0,100,,71927,54,0,17,0,100,,71928,54,0,17,0,100,,71929,54,0,17,0,100,,71930,54,0,17,0,100,,71931,54,0,17,0,100,,71932,54,0,17,0,100,,71933,54,0,17,0,100,,71934,54,0,17,0,100,,71935,54,0,17,0,100,,71936,54,0,17,0,100,,71937,54,0,17,0,100,,71938,54,0,17,0,100,,71939,54,0,17,0,100,,71940,54,0,17,0,100,,71941,54,0,17,0,100,,71942,54,0,17,0
722501,'1395',604,,71943,54,0,17,0,120,,71944,54,0,17,0,100,,71945,54,0,17,0,100,,71946,54,0,17,0,100,,71947,54,0,17,0,100,,71948,54,0,17,0,100,,71949,54,0,17,0,100,,71950,54,0,17,0,100,,71951,54,0,17,0,100,,71952,54,0,17,0,100,,71953,54,0,17,0,100,,71954,54,0,17,0,100,,71955,54,0,17,0,100,,71956,54,0,17,0,100,,71957,54,0,17,0,100,,71958,54,0,17,0,100,,71959,54,0,17,0,100,,71960,54,0,17,0
722501,'1396',604,,71961,54,0,17,0,120,,71962,54,0,17,0,100,,71963,54,0,17,0,100,,71964,54,0,17,0,100,,71965,54,0,17,0,100,,71966,54,0,17,0,100,,71967,54,0,17,0,100,,71968,54,0,17,0,100,,71969,54,0,17,0,100,,71970,54,0,17,0,100,,71971,54,0,17,0,100,,71972,54,0,17,0,100,,71973,54,0,17,0,100,,71974,54,0,17,0,100,,71975,54,0,17,0,100,,71976,54,0,17,0,100,,71977,54,0,17,0,100,,71978,54,0,17,0
