1701,'1383',731,,58766,45,,,0,100,,58768,45,,,0,100,,58767,45,,,0,108,,58765,45,,,0,80,,58764,45,,,0,40,,58763,45,,,0,80,,58762,45,,,0,80,,58761,45,,,0,40,,58760,45,,,0,80,,58759,45,,,0,80,,58758,45,,,0,40,,58757,45,,,0,80,,58756,45,,,0,80,,58755,45,,,0,40,,58754,45,,,0,80,,58753,45,,,0,80,,58752,45,,,0,40,,58751,45,,,0
1701,'1384',609,,58794,45,,,0,30,,58795,45,,,0,70,,58796,45,,,0,30,,58797,45,,,0,70,,58798,45,,,0,30,,58799,45,,,0,70,,58800,45,,,0,30,,58769,45,,,0,70,,58770,45,,,0,30,,58771,45,,,0,20,,58772,45,,,0,60,,58773,45,,,0,20,,58774,45,,,0,20,,58775,45,,,0,60,,58776,45,,,0,20,,58777,45,,,0,20,,58778,45,,,0,60,,58779,45,,,0,20,,58780,45,,,0,20,,58781,45,,,0,60,,58782,45,,,0,20,,58783,45,,,0,20,,58784,45,,,0,60,,58785,45,,,0,20,,58786,45,,,0,20,,58787,45,,,0,60,,58788,45,,,0,20,,58789,45,,,0,20,,58790,45,,,0,60,,58791,45,,,0,20,,58801,45,,,0,20,,58792,45,,,0,60,,58793,45,,,0,20,,58802,45,,,0,70,,58803,45,,,0,30,,58804,45,,,0,70,,58805,45,,,0,30,,58806,45,,,0,70,,58807,45,,,0,30,,58808,45,,,0,70,,58809,45,,,0,30,,58810,45,,,0,70,,58811,45,,,0,30,,58812,45,,,0,70,,58813,45,,,0,30,,58814,45,,,0,70,,58815,45,,,0
1701,'1385',606,,58816,45,,,0,30,,58817,45,,,0,15,,58818,45,,,0,55,,58819,45,,,0,15,,58820,45,,,0,15,,58821,45,,,0,10,,58822,45,,,0,10,,58823,45,,,0,50,,58824,45,,,0,10,,58825,45,,,0,10,,58826,45,,,0,10,,58827,45,,,0,10,,58828,45,,,0,10,,58829,45,,,0,50,,58830,45,,,0,10,,58831,45,,,0,10,,58832,45,,,0,10,,58833,45,,,0,10,,58834,45,,,0,10,,58835,45,,,0,50,,58875,45,,,0,10,,58836,45,,,0,10,,58861,45,,,0,10,,58862,45,,,0,10,,58863,45,,,0,10,,58864,45,,,0,50,,58865,45,,,0,10,,58866,45,,,0,10,,58867,45,,,0,10,,58868,45,,,0,10,,58869,45,,,0,10,,58870,45,,,0,50,,58871,45,,,0,10,,58872,45,,,0,10,,58873,45,,,0,10,,58874,45,,,0,10,,58876,45,,,0,10,,58877,45,,,0,50,,58879,45,,,0,10,,58880,45,,,0,10,,58881,45,,,0,10,,58882,45,,,0,10,,58883,45,,,0,10,,58884,45,,,0,50,,58885,45,,,0,10,,58837,45,,,0,10,,58838,45,,,0,10,,58839,45,,,0,10,,58840,45,,,0,10,,58841,45,,,0,50,,58842,45,,,0,10,,58843,45,,,0,10,,58844,45,,,0,10,,58845,45,,,0,10,,58846,45,,,0,10,,58847,45,,,0,50,,58848,45,,,0,10,,58849,45,,,0,10,,58850,45,,,0,10,,58851,45,,,0,10,,58852,45,,,0,10,,58853,45,,,0,50,,58854,45,,,0,10,,58855,45,,,0,10,,58856,45,,,0,10,,58857,45,,,0,10,,58858,45,,,0,10,,58859,45,,,0,50,,58860,45,,,0,10,,58886,45,,,0,10,,58887,45,,,0,10,,58888,45,,,0,15,,58889,45,,,0,55,,58890,45,,,0,15,,58891,45,,,0,15,,58892,45,,,0,70,,58893,45,,,0,30,,58894,45,,,0,70,,58895,45,,,0,30,,58896,45,,,0,70,,58897,45,,,0,30,,58898,45,,,0,70,,58899,45,,,0,30,,58900,45,,,0,70,,58901,45,,,0,30,,58902,45,,,0,70,,58878,45,,,0
1701,'1386',606,,58903,45,,,0,30,,58904,45,,,0,15,,58905,45,,,0,55,,58906,45,,,0,15,,58907,45,,,0,15,,58908,45,,,0,10,,58909,45,,,0,10,,58910,45,,,0,50,,58911,45,,,0,10,,58912,45,,,0,10,,58913,45,,,0,10,,58914,45,,,0,10,,58915,45,,,0,10,,58916,45,,,0,50,,58917,45,,,0,10,,58918,45,,,0,10,,58919,45,,,0,10,,58920,45,,,0,10,,58921,45,,,0,10,,58922,45,,,0,50,,58962,45,,,0,10,,58923,45,,,0,10,,58948,45,,,0,10,,58949,45,,,0,10,,58950,45,,,0,10,,58951,45,,,0,50,,58952,45,,,0,10,,58953,45,,,0,10,,58954,45,,,0,10,,58955,45,,,0,10,,58956,45,,,0,10,,58957,45,,,0,50,,58958,45,,,0,10,,58959,45,,,0,10,,58960,45,,,0,10,,58961,45,,,0,10,,58963,45,,,0,10,,58964,45,,,0,50,,58966,45,,,0,10,,58967,45,,,0,10,,58968,45,,,0,10,,58969,45,,,0,10,,58970,45,,,0,10,,58971,45,,,0,50,,58972,45,,,0,10,,58924,45,,,0,10,,58925,45,,,0,10,,58926,45,,,0,10,,58927,45,,,0,10,,58928,45,,,0,50,,58929,45,,,0,10,,58930,45,,,0,10,,58931,45,,,0,10,,58932,45,,,0,10,,58933,45,,,0,10,,58934,45,,,0,50,,58935,45,,,0,10,,58936,45,,,0,10,,58937,45,,,0,10,,58938,45,,,0,10,,58939,45,,,0,10,,58940,45,,,0,50,,58941,45,,,0,10,,58942,45,,,0,10,,58943,45,,,0,10,,58944,45,,,0,10,,58945,45,,,0,10,,58946,45,,,0,50,,58947,45,,,0,10,,58973,45,,,0,10,,58974,45,,,0,10,,58975,45,,,0,15,,58976,45,,,0,55,,58977,45,,,0,15,,58978,45,,,0,15,,58979,45,,,0,70,,58980,45,,,0,30,,58981,45,,,0,70,,58982,45,,,0,30,,58983,45,,,0,70,,58984,45,,,0,30,,58985,45,,,0,70,,58986,45,,,0,30,,58987,45,,,0,70,,58988,45,,,0,30,,58989,45,,,0,70,,58965,45,,,0
1701,'1387',606,,58990,45,,,0,30,,58991,45,,,0,15,,58992,45,,,0,55,,58993,45,,,0,15,,58994,45,,,0,15,,58995,45,,,0,10,,58996,45,,,0,10,,58997,45,,,0,50,,58998,45,,,0,10,,58999,45,,,0,10,,59000,45,,,0,10,,59001,45,,,0,10,,59002,45,,,0,10,,59003,45,,,0,50,,59004,45,,,0,10,,59005,45,,,0,10,,59006,45,,,0,10,,59007,45,,,0,10,,59008,45,,,0,10,,59009,45,,,0,50,,59049,45,,,0,10,,59010,45,,,0,10,,59035,45,,,0,10,,59036,45,,,0,10,,59037,45,,,0,10,,59038,45,,,0,50,,59039,45,,,0,10,,59040,45,,,0,10,,59041,45,,,0,10,,59042,45,,,0,10,,59043,45,,,0,10,,59044,45,,,0,50,,59045,45,,,0,10,,59046,45,,,0,10,,59047,45,,,0,10,,59048,45,,,0,10,,59050,45,,,0,10,,59051,45,,,0,50,,59053,45,,,0,10,,59054,45,,,0,10,,59055,45,,,0,10,,59056,45,,,0,10,,59057,45,,,0,10,,59058,45,,,0,50,,59059,45,,,0,10,,59011,45,,,0,10,,59012,45,,,0,10,,59013,45,,,0,10,,59014,45,,,0,10,,59015,45,,,0,50,,59016,45,,,0,10,,59017,45,,,0,10,,59018,45,,,0,10,,59019,45,,,0,10,,59020,45,,,0,10,,59021,45,,,0,50,,59022,45,,,0,10,,59023,45,,,0,10,,59024,45,,,0,10,,59025,45,,,0,10,,59026,45,,,0,10,,59027,45,,,0,50,,59028,45,,,0,10,,59029,45,,,0,10,,59030,45,,,0,10,,59031,45,,,0,10,,59032,45,,,0,10,,59033,45,,,0,50,,59034,45,,,0,10,,59060,45,,,0,10,,59061,45,,,0,10,,59062,45,,,0,15,,59063,45,,,0,55,,59064,45,,,0,15,,59065,45,,,0,15,,59066,45,,,0,70,,59067,45,,,0,30,,59068,45,,,0,70,,59069,45,,,0,30,,59070,45,,,0,70,,59071,45,,,0,30,,59072,45,,,0,70,,59073,45,,,0,30,,59074,45,,,0,70,,59075,45,,,0,30,,59076,45,,,0,70,,59052,45,,,0
1701,'1388',606,,59077,45,,,0,30,,59078,45,,,0,15,,59079,45,,,0,55,,59080,45,,,0,15,,59081,45,,,0,15,,59082,45,,,0,10,,59083,45,,,0,10,,59084,45,,,0,50,,59085,45,,,0,10,,59086,45,,,0,10,,59087,45,,,0,10,,59088,45,,,0,10,,59089,45,,,0,10,,59090,45,,,0,50,,59091,45,,,0,10,,59092,45,,,0,10,,59093,45,,,0,10,,59094,45,,,0,10,,59095,45,,,0,10,,59096,45,,,0,50,,59136,45,,,0,10,,59097,45,,,0,10,,59122,45,,,0,10,,59123,45,,,0,10,,59124,45,,,0,10,,59125,45,,,0,50,,59126,45,,,0,10,,59127,45,,,0,10,,59128,45,,,0,10,,59129,45,,,0,10,,59130,45,,,0,10,,59131,45,,,0,50,,59132,45,,,0,10,,59133,45,,,0,10,,59134,45,,,0,10,,59135,45,,,0,10,,59137,45,,,0,10,,59138,45,,,0,50,,59140,45,,,0,10,,59141,45,,,0,10,,59142,45,,,0,10,,59143,45,,,0,10,,59144,45,,,0,10,,59145,45,,,0,50,,59146,45,,,0,10,,59098,45,,,0,10,,59099,45,,,0,10,,59100,45,,,0,10,,59101,45,,,0,10,,59102,45,,,0,50,,59103,45,,,0,10,,59104,45,,,0,10,,59105,45,,,0,10,,59106,45,,,0,10,,59107,45,,,0,10,,59108,45,,,0,50,,59109,45,,,0,10,,59110,45,,,0,10,,59111,45,,,0,10,,59112,45,,,0,10,,59113,45,,,0,10,,59114,45,,,0,50,,59115,45,,,0,10,,59116,45,,,0,10,,59117,45,,,0,10,,59118,45,,,0,10,,59119,45,,,0,10,,59120,45,,,0,50,,59121,45,,,0,10,,59147,45,,,0,10,,59148,45,,,0,10,,59149,45,,,0,15,,59150,45,,,0,55,,59151,45,,,0,15,,59152,45,,,0,15,,59153,45,,,0,70,,59154,45,,,0,30,,59155,45,,,0,70,,59156,45,,,0,30,,59157,45,,,0,70,,59158,45,,,0,30,,59159,45,,,0,70,,59160,45,,,0,30,,59161,45,,,0,70,,59162,45,,,0,30,,59163,45,,,0,70,,59139,45,,,0
1701,'1389',606,,59164,45,,,0,30,,59165,45,,,0,15,,59166,45,,,0,55,,59167,45,,,0,15,,59168,45,,,0,15,,59169,45,,,0,10,,59170,45,,,0,10,,59171,45,,,0,50,,59172,45,,,0,10,,59173,45,,,0,10,,59174,45,,,0,10,,59175,45,,,0,10,,59176,45,,,0,10,,59177,45,,,0,50,,59178,45,,,0,10,,59179,45,,,0,10,,59180,45,,,0,10,,59181,45,,,0,10,,59182,45,,,0,10,,59183,45,,,0,50,,59223,45,,,0,10,,59184,45,,,0,10,,59209,45,,,0,10,,59210,45,,,0,10,,59211,45,,,0,10,,59212,45,,,0,50,,59213,45,,,0,10,,59214,45,,,0,10,,59215,45,,,0,10,,59216,45,,,0,10,,59217,45,,,0,10,,59218,45,,,0,50,,59219,45,,,0,10,,59220,45,,,0,10,,59221,45,,,0,10,,59222,45,,,0,10,,59224,45,,,0,10,,59225,45,,,0,50,,59227,45,,,0,10,,59228,45,,,0,10,,59229,45,,,0,10,,59230,45,,,0,10,,59231,45,,,0,10,,59232,45,,,0,50,,59233,45,,,0,10,,59185,45,,,0,10,,59186,45,,,0,10,,59187,45,,,0,10,,59188,45,,,0,10,,59189,45,,,0,50,,59190,45,,,0,10,,59191,45,,,0,10,,59192,45,,,0,10,,59193,45,,,0,10,,59194,45,,,0,10,,59195,45,,,0,50,,59196,45,,,0,10,,59197,45,,,0,10,,59198,45,,,0,10,,59199,45,,,0,10,,59200,45,,,0,10,,59201,45,,,0,50,,59202,45,,,0,10,,59203,45,,,0,10,,59204,45,,,0,10,,59205,45,,,0,10,,59206,45,,,0,10,,59207,45,,,0,50,,59208,45,,,0,10,,59234,45,,,0,10,,59235,45,,,0,10,,59236,45,,,0,15,,59237,45,,,0,55,,59238,45,,,0,15,,59239,45,,,0,15,,59240,45,,,0,70,,59241,45,,,0,30,,59242,45,,,0,70,,59243,45,,,0,30,,59244,45,,,0,70,,59245,45,,,0,30,,59246,45,,,0,70,,59247,45,,,0,30,,59248,45,,,0,70,,59249,45,,,0,30,,59250,45,,,0,70,,59226,45,,,0
721404,'1383',914,,64224,18,0,14,0,110,,64223,18,0,14,0,110,,64222,18,0,14,0,110,,64221,18,0,14,0,110,,64228,18,0,14,0,150,,64227,18,0,14,0,110,,64226,18,0,14,0,110,,64225,18,0,14,0
721404,'1384',814,,64229,18,0,14,0,110,,64230,18,0,14,0,110,,64231,18,0,14,0,110,,64232,18,0,14,0,110,,64233,18,0,14,0,148,,64234,18,0,14,0,45,,64235,18,0,14,0,85,,64236,18,0,14,0,85,,64237,18,0,14,0,85,,64238,18,0,14,0,45,,64239,18,0,14,0,85,,64240,18,0,14,0,85,,64241,18,0,14,0
721404,'1385',634,,64242,18,0,14,0,97,,64243,18,0,14,0,85,,64244,18,0,14,0,85,,64245,18,0,14,0,45,,64246,18,0,14,0,85,,64247,18,0,14,0,85,,64248,18,0,14,0,85,,64249,18,0,14,0,45,,64250,18,0,14,0,85,,64251,18,0,14,0,85,,64252,18,0,14,0,85,,64253,18,0,14,0,45,,64254,18,0,14,0,85,,64255,18,0,14,0,85,,64256,18,0,14,0,85,,64257,18,0,14,0,45,,64258,18,0,14,0,85,,64259,18,0,14,0,85,,64260,18,0,14,0,85,,64261,18,0,14,0
721404,'1386',634,,64262,18,0,14,0,97,,64263,18,0,14,0,85,,64264,18,0,14,0,85,,64265,18,0,14,0,45,,64266,18,0,14,0,85,,64267,18,0,14,0,85,,64268,18,0,14,0,85,,64269,18,0,14,0,45,,64270,18,0,14,0,85,,64271,18,0,14,0,85,,64272,18,0,14,0,85,,64273,18,0,14,0,45,,64274,18,0,14,0,85,,64275,18,0,14,0,85,,64276,18,0,14,0,85,,64277,18,0,14,0,45,,64278,18,0,14,0,85,,64279,18,0,14,0,85,,64280,18,0,14,0,85,,64281,18,0,14,0
721404,'1387',634,,64282,18,0,14,0,97,,64283,18,0,14,0,85,,64284,18,0,14,0,85,,64285,18,0,14,0,45,,64286,18,0,14,0,85,,64287,18,0,14,0,85,,64288,18,0,14,0,85,,64289,18,0,14,0,45,,64290,18,0,14,0,85,,64291,18,0,14,0,85,,64292,18,0,14,0,85,,64293,18,0,14,0,45,,64294,18,0,14,0,85,,64295,18,0,14,0,85,,64296,18,0,14,0,85,,64297,18,0,14,0,45,,64298,18,0,14,0,85,,64299,18,0,14,0,85,,64300,18,0,14,0,85,,64301,18,0,14,0
721404,'1388',634,,64302,18,0,14,0,97,,64303,18,0,14,0,85,,64304,18,0,14,0,85,,64305,18,0,14,0,45,,64306,18,0,14,0,85,,64307,18,0,14,0,85,,64308,18,0,14,0,85,,64309,18,0,14,0,45,,64310,18,0,14,0,85,,64311,18,0,14,0,85,,64312,18,0,14,0,85,,64313,18,0,14,0,45,,64314,18,0,14,0,85,,64315,18,0,14,0,85,,64316,18,0,14,0,85,,64317,18,0,14,0,45,,64318,18,0,14,0,85,,64319,18,0,14,0,85,,64320,18,0,14,0,85,,64321,18,0,14,0
721404,'1389',634,,64322,18,0,14,0,97,,64323,18,0,14,0,85,,64324,18,0,14,0,85,,64325,18,0,14,0,45,,64326,18,0,14,0,85,,64327,18,0,14,0,85,,64328,18,0,14,0,85,,64329,18,0,14,0,45,,64330,18,0,14,0,85,,64331,18,0,14,0,85,,64332,18,0,14,0,85,,64333,18,0,14,0,45,,64334,18,0,14,0,85,,64335,18,0,14,0,85,,64336,18,0,14,0,85,,64337,18,0,14,0,45,,64338,18,0,14,0,85,,64339,18,0,14,0,85,,64340,18,0,14,0,85,,64341,18,0,14,0
