721404,'1390',933,,71430,47,0,14,0,110,,71429,47,0,14,0,110,,71428,47,0,14,0,150,,71427,47,0,14,0,110,,71426,47,0,14,0,110,,71425,47,0,14,0,110,,71424,47,0,14,0,110,,71423,47,0,14,0
721404,'1391',832,,71431,47,0,14,0,110,,71432,47,0,14,0,110,,71433,47,0,14,0,150,,71434,47,0,14,0,110,,71435,47,0,14,0,113,,71436,47,0,14,0,85,,71437,47,0,14,0,45,,71438,47,0,14,0,85,,71439,47,0,14,0,85,,71440,47,0,14,0,85,,71441,47,0,14,0,45,,71442,47,0,14,0,85,,71443,47,0,14,0
721404,'1392',657,,71444,47,0,14,0,97,,71445,47,0,14,0,85,,71446,47,0,14,0,85,,71447,47,0,14,0,85,,71448,47,0,14,0,45,,71449,47,0,14,0,85,,71450,47,0,14,0,85,,71451,47,0,14,0,85,,71452,47,0,14,0,45,,71453,47,0,14,0,85,,71454,47,0,14,0,85,,71455,47,0,14,0,85,,71456,47,0,14,0,45,,71457,47,0,14,0,85,,71458,47,0,14,0,85,,71459,47,0,14,0,85,,71460,47,0,14,0,45,,71461,47,0,14,0,85,,71462,47,0,14,0,85,,71463,47,0,14,0
721404,'1393',657,,71464,47,0,14,0,97,,71465,47,0,14,0,85,,71466,47,0,14,0,85,,71467,47,0,14,0,85,,71468,47,0,14,0,45,,71469,47,0,14,0,85,,71470,47,0,14,0,85,,71471,47,0,14,0,85,,71472,47,0,14,0,45,,71473,47,0,14,0,85,,71474,47,0,14,0,85,,71475,47,0,14,0,85,,71476,47,0,14,0,45,,71477,47,0,14,0,85,,71478,47,0,14,0,85,,71479,47,0,14,0,85,,71480,47,0,14,0,45,,71481,47,0,14,0,85,,71482,47,0,14,0,85,,71483,47,0,14,0
721404,'1394',657,,71484,47,0,14,0,97,,71485,47,0,14,0,85,,71486,47,0,14,0,85,,71487,47,0,14,0,85,,71488,47,0,14,0,45,,71489,47,0,14,0,85,,71490,47,0,14,0,85,,71491,47,0,14,0,85,,71492,47,0,14,0,45,,71493,47,0,14,0,85,,71494,47,0,14,0,85,,71495,47,0,14,0,85,,71496,47,0,14,0,45,,71497,47,0,14,0,85,,71498,47,0,14,0,85,,71499,47,0,14,0,85,,71500,47,0,14,0,45,,71501,47,0,14,0,85,,71502,47,0,14,0,85,,71503,47,0,14,0
721404,'1395',657,,71504,47,0,14,0,97,,71505,47,0,14,0,85,,71506,47,0,14,0,85,,71507,47,0,14,0,85,,71508,47,0,14,0,45,,71509,47,0,14,0,85,,71510,47,0,14,0,85,,71511,47,0,14,0,85,,71512,47,0,14,0,45,,71513,47,0,14,0,85,,71514,47,0,14,0,85,,71515,47,0,14,0,85,,71516,47,0,14,0,45,,71517,47,0,14,0,85,,71518,47,0,14,0,85,,71519,47,0,14,0,85,,71520,47,0,14,0,45,,71521,47,0,14,0,85,,71522,47,0,14,0,85,,71523,47,0,14,0
721404,'1396',657,,71524,47,0,14,0,97,,71525,47,0,14,0,85,,71526,47,0,14,0,85,,71527,47,0,14,0,85,,71528,47,0,14,0,45,,71529,47,0,14,0,85,,71530,47,0,14,0,85,,71531,47,0,14,0,85,,71532,47,0,14,0,45,,71533,47,0,14,0,85,,71534,47,0,14,0,85,,71535,47,0,14,0,85,,71536,47,0,14,0,45,,71537,47,0,14,0,85,,71538,47,0,14,0,85,,71539,47,0,14,0,85,,71540,47,0,14,0,45,,71541,47,0,14,0,85,,71542,47,0,14,0,85,,71543,47,0,14,0
721502,'1390',906,,71724,12,0,16,0,100,,71723,12,0,16,0,100,,71722,12,0,16,0,100,,71721,12,0,16,0,100,,71720,12,0,16,0,100,,71719,12,0,16,0,100,,71718,12,0,16,0,100,,71717,12,0,16,0,100,,71716,12,0,16,0,100,,71715,12,0,16,0,100,,71714,12,0,16,0
721502,'1391',706,,71725,12,0,16,0,100,,71726,12,0,16,0,100,,71727,12,0,16,0,100,,71728,12,0,16,0,100,,71729,12,0,16,0,100,,71730,12,0,16,0,100,,71731,12,0,16,0,30,,71732,12,0,16,0,70,,71733,12,0,16,0,30,,71734,12,0,16,0,70,,71735,12,0,16,0,30,,71736,12,0,16,0,70,,71737,12,0,16,0,30,,71738,12,0,16,0,70,,71739,12,0,16,0,30,,71740,12,0,16,0,70,,71741,12,0,16,0,30,,71742,12,0,16,0,70,,71743,12,0,16,0
721502,'1392',706,,71745,12,0,16,0,30,,71746,12,0,16,0,70,,71747,12,0,16,0,30,,71748,12,0,16,0,70,,71749,12,0,16,0,30,,71750,12,0,16,0,70,,71751,12,0,16,0,30,,71752,12,0,16,0,70,,71753,12,0,16,0,30,,71754,12,0,16,0,70,,71755,12,0,16,0,30,,71756,12,0,16,0,70,,71757,12,0,16,0,30,,71758,12,0,16,0,70,,71759,12,0,16,0,30,,71760,12,0,16,0,70,,71761,12,0,16,0,30,,71762,12,0,16,0,70,,71763,12,0,16,0,30,,71764,12,0,16,0,70,,71765,12,0,16,0,30,,71766,12,0,16,0,70,,71767,12,0,16,0,30,,71768,12,0,16,0,70,,71769,12,0,16,0,100,,71770,12,0,16,0,100,,71771,12,0,16,0,100,,71772,12,0,16,0
721502,'1393',706,,71774,12,0,16,0,30,,71775,12,0,16,0,70,,71776,12,0,16,0,30,,71777,12,0,16,0,70,,71778,12,0,16,0,30,,71779,12,0,16,0,70,,71780,12,0,16,0,30,,71781,12,0,16,0,70,,71782,12,0,16,0,30,,71783,12,0,16,0,70,,71784,12,0,16,0,30,,71785,12,0,16,0,70,,71786,12,0,16,0,30,,71787,12,0,16,0,70,,71788,12,0,16,0,30,,71789,12,0,16,0,70,,71790,12,0,16,0,30,,71791,12,0,16,0,70,,71792,12,0,16,0,30,,71793,12,0,16,0,70,,71794,12,0,16,0,30,,71795,12,0,16,0,70,,71796,12,0,16,0,30,,71797,12,0,16,0,70,,71798,12,0,16,0,100,,71799,12,0,16,0,100,,71800,12,0,16,0,100,,71801,12,0,16,0
721502,'1394',706,,71803,12,0,16,0,30,,71804,12,0,16,0,70,,71805,12,0,16,0,30,,71806,12,0,16,0,70,,71807,12,0,16,0,30,,71808,12,0,16,0,70,,71809,12,0,16,0,30,,71810,12,0,16,0,70,,71811,12,0,16,0,30,,71812,12,0,16,0,70,,71813,12,0,16,0,30,,71814,12,0,16,0,70,,71815,12,0,16,0,30,,71816,12,0,16,0,70,,71817,12,0,16,0,30,,71818,12,0,16,0,70,,71819,12,0,16,0,30,,71820,12,0,16,0,70,,71821,12,0,16,0,30,,71822,12,0,16,0,70,,71823,12,0,16,0,30,,71824,12,0,16,0,70,,71825,12,0,16,0,30,,71826,12,0,16,0,70,,71827,12,0,16,0,100,,71828,12,0,16,0,100,,71829,12,0,16,0,100,,71830,12,0,16,0
721502,'1395',706,,71832,12,0,16,0,30,,71833,12,0,16,0,70,,71834,12,0,16,0,30,,71835,12,0,16,0,70,,71836,12,0,16,0,30,,71837,12,0,16,0,70,,71838,12,0,16,0,30,,71839,12,0,16,0,70,,71840,12,0,16,0,30,,71841,12,0,16,0,70,,71842,12,0,16,0,30,,71843,12,0,16,0,70,,71844,12,0,16,0,30,,71845,12,0,16,0,70,,71846,12,0,16,0,30,,71847,12,0,16,0,70,,71848,12,0,16,0,30,,71849,12,0,16,0,70,,71850,12,0,16,0,30,,71851,12,0,16,0,70,,71852,12,0,16,0,30,,71853,12,0,16,0,70,,71854,12,0,16,0,30,,71855,12,0,16,0,70,,71856,12,0,16,0,100,,71857,12,0,16,0,100,,71858,12,0,16,0,100,,71859,12,0,16,0
721502,'1396',706,,71861,12,0,16,0,30,,71862,12,0,16,0,70,,71863,12,0,16,0,30,,71864,12,0,16,0,70,,71865,12,0,16,0,30,,71866,12,0,16,0,70,,71867,12,0,16,0,30,,71868,12,0,16,0,70,,71869,12,0,16,0,30,,71870,12,0,16,0,70,,71871,12,0,16,0,30,,71872,12,0,16,0,70,,71873,12,0,16,0,30,,71874,12,0,16,0,70,,71875,12,0,16,0,30,,71876,12,0,16,0,70,,71877,12,0,16,0,30,,71878,12,0,16,0,70,,71879,12,0,16,0,30,,71880,12,0,16,0,70,,71881,12,0,16,0,30,,71882,12,0,16,0,70,,71883,12,0,16,0,30,,71884,12,0,16,0,70,,71885,12,0,16,0,100,,71886,12,0,16,0,100,,71887,12,0,16,0,100,,71888,12,0,16,0
