722501,'1392',543,,71889,39,0,17,0,160,,71890,39,0,17,0,100,,71891,39,0,17,0,100,,71892,39,0,17,0,100,,71893,39,0,17,0,100,,71894,39,0,17,0,100,,71895,39,0,17,0,100,,71896,39,0,17,0,100,,71897,39,0,17,0,100,,71898,39,0,17,0,100,,71899,39,0,17,0,100,,71900,39,0,17,0,100,,71901,39,0,17,0,100,,71902,39,0,17,0,100,,71903,39,0,17,0,100,,71904,39,0,17,0,100,,71905,39,0,17,0,100,,71906,39,0,17,0
722501,'1393',543,,71907,39,0,17,0,160,,71908,39,0,17,0,100,,71909,39,0,17,0,100,,71910,39,0,17,0,100,,71911,39,0,17,0,100,,71912,39,0,17,0,100,,71913,39,0,17,0,100,,71914,39,0,17,0,100,,71915,39,0,17,0,100,,71916,39,0,17,0,100,,71917,39,0,17,0,100,,71918,39,0,17,0,100,,71919,39,0,17,0,100,,71920,39,0,17,0,100,,71921,39,0,17,0,100,,71922,39,0,17,0,100,,71923,39,0,17,0,100,,71924,39,0,17,0
722501,'1394',543,,71925,39,0,17,0,160,,71926,39,0,17,0,100,,71927,39,0,17,0,100,,71928,39,0,17,0,100,,71929,39,0,17,0,100,,71930,39,0,17,0,100,,71931,39,0,17,0,100,,71932,39,0,17,0,100,,71933,39,0,17,0,100,,71934,39,0,17,0,100,,71935,39,0,17,0,100,,71936,39,0,17,0,100,,71937,39,0,17,0,100,,71938,39,0,17,0,100,,71939,39,0,17,0,100,,71940,39,0,17,0,100,,71941,39,0,17,0,100,,71942,39,0,17,0
722501,'1395',543,,71943,39,0,17,0,160,,71944,39,0,17,0,100,,71945,39,0,17,0,100,,71946,39,0,17,0,100,,71947,39,0,17,0,100,,71948,39,0,17,0,100,,71949,39,0,17,0,100,,71950,39,0,17,0,100,,71951,39,0,17,0,100,,71952,39,0,17,0,100,,71953,39,0,17,0,100,,71954,39,0,17,0,100,,71955,39,0,17,0,100,,71956,39,0,17,0,100,,71957,39,0,17,0,100,,71958,39,0,17,0,100,,71959,39,0,17,0,100,,71960,39,0,17,0
722501,'1396',543,,71961,39,0,17,0,160,,71962,39,0,17,0,100,,71963,39,0,17,0,100,,71964,39,0,17,0,100,,71965,39,0,17,0,100,,71966,39,0,17,0,100,,71967,39,0,17,0,100,,71968,39,0,17,0,100,,71969,39,0,17,0,100,,71970,39,0,17,0,100,,71971,39,0,17,0,100,,71972,39,0,17,0,100,,71973,39,0,17,0,100,,71974,39,0,17,0,100,,71975,39,0,17,0,100,,71976,39,0,17,0,100,,71977,39,0,17,0,100,,71978,39,0,17,0
722502,'1392',554,,71979,21,0,16,0,100,,71980,21,0,16,0,100,,71981,21,0,16,0,100,,71982,21,0,16,0,100,,71983,21,0,16,0,100,,71984,21,0,16,0,100,,71985,21,0,16,0,100,,71986,21,0,16,0,100,,71987,21,0,16,0,100,,71988,21,0,16,0,100,,71989,21,0,16,0,100,,71990,21,0,16,0,100,,71991,21,0,16,0,100,,71992,21,0,16,0,100,,71993,21,0,16,0,100,,71994,21,0,16,0,100,,71995,21,0,16,0,100,,71996,21,0,16,0
722502,'1393',554,,71997,21,0,16,0,100,,71998,21,0,16,0,100,,71999,21,0,16,0,100,,72000,21,0,16,0,100,,72001,21,0,16,0,100,,72002,21,0,16,0,100,,72003,21,0,16,0,100,,72004,21,0,16,0,100,,72005,21,0,16,0,100,,72006,21,0,16,0,100,,72007,21,0,16,0,100,,72008,21,0,16,0,100,,72009,21,0,16,0,100,,72010,21,0,16,0,100,,72011,21,0,16,0,100,,72012,21,0,16,0,100,,72013,21,0,16,0,100,,72014,21,0,16,0
722502,'1394',554,,72015,21,0,16,0,100,,72016,21,0,16,0,100,,72017,21,0,16,0,100,,72018,21,0,16,0,100,,72019,21,0,16,0,100,,72020,21,0,16,0,100,,72021,21,0,16,0,100,,72022,21,0,16,0,100,,72023,21,0,16,0,100,,72024,21,0,16,0,100,,72025,21,0,16,0,100,,72026,21,0,16,0,100,,72027,21,0,16,0,100,,72028,21,0,16,0,100,,72029,21,0,16,0,100,,72030,21,0,16,0,100,,72031,21,0,16,0,100,,72032,21,0,16,0
722502,'1395',554,,72033,21,0,16,0,100,,72034,21,0,16,0,100,,72035,21,0,16,0,100,,72036,21,0,16,0,100,,72037,21,0,16,0,100,,72038,21,0,16,0,100,,72039,21,0,16,0,100,,72040,21,0,16,0,100,,72041,21,0,16,0,100,,72042,21,0,16,0,100,,72043,21,0,16,0,100,,72044,21,0,16,0,100,,72045,21,0,16,0,100,,72046,21,0,16,0,100,,72047,21,0,16,0,100,,72048,21,0,16,0,100,,72049,21,0,16,0,100,,72050,21,0,16,0
722502,'1396',554,,72051,21,0,16,0,100,,72052,21,0,16,0,100,,72053,21,0,16,0,100,,72054,21,0,16,0,100,,72055,21,0,16,0,100,,72056,21,0,16,0,100,,72057,21,0,16,0,100,,72058,21,0,16,0,100,,72059,21,0,16,0,100,,72060,21,0,16,0,100,,72061,21,0,16,0,100,,72062,21,0,16,0,100,,72063,21,0,16,0,100,,72064,21,0,16,0,100,,72065,21,0,16,0,100,,72066,21,0,16,0,100,,72067,21,0,16,0,100,,72068,21,0,16,0
