2801,'1391',826,,68407,16,,,0,110,,68408,16,,,0,110,,68409,16,,,0,110,,68410,16,,,0,150,,68411,16,,,0,110,,68412,16,,,0,110,,68413,16,,,0,110,,68414,16,,,0,110,,68415,16,,,0,110,,68416,16,,,0
2801,'1392',651,,68417,16,,,0,75,,68418,16,,,0,75,,68419,16,,,0,35,,68420,16,,,0,75,,68421,16,,,0,35,,68422,16,,,0,75,,68423,16,,,0,35,,68424,16,,,0,75,,68425,16,,,0,75,,68426,16,,,0,35,,68427,16,,,0,75,,68428,16,,,0,35,,68429,16,,,0,75,,68430,16,,,0,75,,68431,16,,,0,35,,68432,16,,,0,75,,68433,16,,,0,35,,68434,16,,,0,75,,68435,16,,,0,35,,68436,16,,,0,75,,68437,16,,,0,75,,68438,16,,,0,35,,68439,16,,,0
2801,'1393',651,,68440,16,,,0,75,,68441,16,,,0,75,,68442,16,,,0,35,,68443,16,,,0,75,,68444,16,,,0,35,,68445,16,,,0,75,,68446,16,,,0,35,,68447,16,,,0,75,,68448,16,,,0,75,,68449,16,,,0,35,,68450,16,,,0,75,,68451,16,,,0,35,,68452,16,,,0,75,,68453,16,,,0,75,,68454,16,,,0,35,,68455,16,,,0,75,,68456,16,,,0,35,,68457,16,,,0,75,,68458,16,,,0,35,,68459,16,,,0,75,,68460,16,,,0,75,,68461,16,,,0,35,,68462,16,,,0
2801,'1394',651,,68463,16,,,0,75,,68464,16,,,0,75,,68465,16,,,0,35,,68466,16,,,0,75,,68467,16,,,0,35,,68468,16,,,0,75,,68469,16,,,0,35,,68470,16,,,0,75,,68471,16,,,0,75,,68472,16,,,0,35,,68473,16,,,0,75,,68474,16,,,0,35,,68475,16,,,0,75,,68476,16,,,0,75,,68477,16,,,0,35,,68478,16,,,0,75,,68479,16,,,0,35,,68480,16,,,0,75,,68481,16,,,0,35,,68482,16,,,0,75,,68483,16,,,0,75,,68484,16,,,0,35,,68485,16,,,0
2801,'1395',651,,68486,16,,,0,75,,68487,16,,,0,75,,68488,16,,,0,35,,68489,16,,,0,75,,68490,16,,,0,35,,68491,16,,,0,75,,68492,16,,,0,35,,68493,16,,,0,75,,68494,16,,,0,75,,68495,16,,,0,35,,68496,16,,,0,75,,68497,16,,,0,35,,68498,16,,,0,75,,68499,16,,,0,75,,68500,16,,,0,35,,68501,16,,,0,75,,68502,16,,,0,35,,68503,16,,,0,75,,68504,16,,,0,35,,68505,16,,,0,75,,68506,16,,,0,75,,68507,16,,,0,35,,68508,16,,,0
2801,'1396',651,,68509,16,,,0,75,,68510,16,,,0,75,,68511,16,,,0,35,,68512,16,,,0,75,,68513,16,,,0,35,,68514,16,,,0,75,,68515,16,,,0,35,,68516,16,,,0,75,,68517,16,,,0,75,,68518,16,,,0,35,,68519,16,,,0,75,,68520,16,,,0,35,,68521,16,,,0,75,,68522,16,,,0,75,,68523,16,,,0,35,,68524,16,,,0,75,,68525,16,,,0,35,,68526,16,,,0,75,,68527,16,,,0,35,,68528,16,,,0,75,,68529,16,,,0,75,,68530,16,,,0,35,,68531,16,,,0
722501,'1392',555,,71889,43,0,17,0,160,,71890,43,0,17,0,100,,71891,43,0,17,0,100,,71892,43,0,17,0,100,,71893,43,0,17,0,100,,71894,43,0,17,0,100,,71895,43,0,17,0,100,,71896,43,0,17,0,100,,71897,43,0,17,0,100,,71898,43,0,17,0,100,,71899,43,0,17,0,100,,71900,43,0,17,0,100,,71901,43,0,17,0,100,,71902,43,0,17,0,100,,71903,43,0,17,0,100,,71904,43,0,17,0,100,,71905,43,0,17,0,100,,71906,43,0,17,0
722501,'1393',555,,71907,43,0,17,0,160,,71908,43,0,17,0,100,,71909,43,0,17,0,100,,71910,43,0,17,0,100,,71911,43,0,17,0,100,,71912,43,0,17,0,100,,71913,43,0,17,0,100,,71914,43,0,17,0,100,,71915,43,0,17,0,100,,71916,43,0,17,0,100,,71917,43,0,17,0,100,,71918,43,0,17,0,100,,71919,43,0,17,0,100,,71920,43,0,17,0,100,,71921,43,0,17,0,100,,71922,43,0,17,0,100,,71923,43,0,17,0,100,,71924,43,0,17,0
722501,'1394',555,,71925,43,0,17,0,160,,71926,43,0,17,0,100,,71927,43,0,17,0,100,,71928,43,0,17,0,100,,71929,43,0,17,0,100,,71930,43,0,17,0,100,,71931,43,0,17,0,100,,71932,43,0,17,0,100,,71933,43,0,17,0,100,,71934,43,0,17,0,100,,71935,43,0,17,0,100,,71936,43,0,17,0,100,,71937,43,0,17,0,100,,71938,43,0,17,0,100,,71939,43,0,17,0,100,,71940,43,0,17,0,100,,71941,43,0,17,0,100,,71942,43,0,17,0
722501,'1395',555,,71943,43,0,17,0,160,,71944,43,0,17,0,100,,71945,43,0,17,0,100,,71946,43,0,17,0,100,,71947,43,0,17,0,100,,71948,43,0,17,0,100,,71949,43,0,17,0,100,,71950,43,0,17,0,100,,71951,43,0,17,0,100,,71952,43,0,17,0,100,,71953,43,0,17,0,100,,71954,43,0,17,0,100,,71955,43,0,17,0,100,,71956,43,0,17,0,100,,71957,43,0,17,0,100,,71958,43,0,17,0,100,,71959,43,0,17,0,100,,71960,43,0,17,0
722501,'1396',555,,71961,43,0,17,0,160,,71962,43,0,17,0,100,,71963,43,0,17,0,100,,71964,43,0,17,0,100,,71965,43,0,17,0,100,,71966,43,0,17,0,100,,71967,43,0,17,0,100,,71968,43,0,17,0,100,,71969,43,0,17,0,100,,71970,43,0,17,0,100,,71971,43,0,17,0,100,,71972,43,0,17,0,100,,71973,43,0,17,0,100,,71974,43,0,17,0,100,,71975,43,0,17,0,100,,71976,43,0,17,0,100,,71977,43,0,17,0,100,,71978,43,0,17,0
