1801,'1390',749,,66890,83,,,0,100,,66889,83,,,0,100,,66888,83,,,0,105,,66887,83,,,0,80,,66886,83,,,0,80,,66885,83,,,0,40,,66884,83,,,0,80,,66883,83,,,0,80,,66882,83,,,0,40,,66881,83,,,0,80,,66880,83,,,0,80,,66879,83,,,0,40,,66878,83,,,0,80,,66877,83,,,0,80,,66876,83,,,0,40,,66875,83,,,0,80,,66874,83,,,0,80,,66873,83,,,0
1801,'1391',624,,66891,83,,,0,30,,66892,83,,,0,70,,66893,83,,,0,30,,66894,83,,,0,70,,66895,83,,,0,30,,66896,83,,,0,70,,66897,83,,,0,30,,66898,83,,,0,70,,66899,83,,,0,30,,66900,83,,,0,60,,66901,83,,,0,20,,66902,83,,,0,20,,66903,83,,,0,60,,66904,83,,,0,20,,66905,83,,,0,20,,66906,83,,,0,60,,66907,83,,,0,20,,66908,83,,,0,20,,66909,83,,,0,60,,66910,83,,,0,20,,66911,83,,,0,20,,66912,83,,,0,60,,66913,83,,,0,20,,66914,83,,,0,20,,66915,83,,,0,60,,66916,83,,,0,20,,66917,83,,,0,20,,66918,83,,,0,60,,66919,83,,,0,20,,66920,83,,,0,20,,66921,83,,,0,60,,66922,83,,,0,20,,66923,83,,,0,20,,66924,83,,,0,75,,66925,83,,,0,25,,66926,83,,,0,70,,66927,83,,,0,30,,66928,83,,,0,70,,66929,83,,,0,30,,66930,83,,,0,70,,66931,83,,,0,30,,66932,83,,,0,70,,66933,83,,,0,30,,66934,83,,,0,70,,66935,83,,,0,30,,66936,83,,,0,70,,66937,83,,,0
1801,'1392',622,,66976,83,,,0,30,,66977,83,,,0,55,,66942,83,,,0,20,,66941,83,,,0,15,,66940,83,,,0,15,,66939,83,,,0,50,,66938,83,,,0,10,,66943,83,,,0,10,,66944,83,,,0,10,,66945,83,,,0,10,,66946,83,,,0,10,,66947,83,,,0,55,,66948,83,,,0,15,,66949,83,,,0,15,,66950,83,,,0,10,,66978,83,,,0,55,,66979,83,,,0,15,,66980,83,,,0,15,,66981,83,,,0,15,,66982,83,,,0,55,,66983,83,,,0,15,,66984,83,,,0,15,,66985,83,,,0,15,,66986,83,,,0,55,,66987,83,,,0,15,,66988,83,,,0,15,,66989,83,,,0,15,,66990,83,,,0,51,,67009,67,,,0,4,,66991,83,,,0,15,,66992,83,,,0,15,,66993,83,,,0,15,,66994,83,,,0,62,,66951,83,,,0,15,,66952,83,,,0,15,,66953,83,,,0,15,,66954,83,,,0,50,,66955,83,,,0,10,,66956,83,,,0,10,,66957,83,,,0,10,,66958,83,,,0,10,,66959,83,,,0,10,,66960,83,,,0,50,,66961,83,,,0,10,,66962,83,,,0,10,,66963,83,,,0,10,,66964,83,,,0,10,,66965,83,,,0,10,,66966,83,,,0,50,,66967,83,,,0,10,,66968,83,,,0,10,,66969,83,,,0,10,,66970,83,,,0,10,,66971,83,,,0,10,,66972,83,,,0,55,,66973,83,,,0,15,,66974,83,,,0,15,,66975,83,,,0,9,,66995,83,,,0,70,,66996,83,,,0,30,,66997,83,,,0,70,,66998,83,,,0,30,,66999,83,,,0,70,,67000,83,,,0,30,,67001,83,,,0,70,,67002,83,,,0,30,,67003,83,,,0,70,,67004,83,,,0,30,,67005,83,,,0,70,,67006,83,,,0,30,,67007,83,,,0,70,,67008,83,,,0
1801,'1393',622,,67048,83,,,0,30,,67049,83,,,0,55,,67013,83,,,0,20,,67012,83,,,0,15,,67011,83,,,0,15,,67010,83,,,0,50,,67014,83,,,0,10,,67015,83,,,0,10,,67016,83,,,0,10,,67017,83,,,0,10,,67018,83,,,0,10,,67019,83,,,0,55,,67020,83,,,0,15,,67021,83,,,0,15,,67022,83,,,0,10,,67050,83,,,0,55,,67051,83,,,0,15,,67052,83,,,0,15,,67053,83,,,0,15,,67054,83,,,0,55,,67055,83,,,0,15,,67056,83,,,0,15,,67057,83,,,0,15,,67058,83,,,0,55,,67059,83,,,0,15,,67060,83,,,0,15,,67061,83,,,0,15,,67062,83,,,0,51,,67081,67,,,0,4,,67063,83,,,0,15,,67064,83,,,0,15,,67065,83,,,0,15,,67066,83,,,0,62,,67023,83,,,0,15,,67024,83,,,0,15,,67025,83,,,0,15,,67026,83,,,0,50,,67027,83,,,0,10,,67028,83,,,0,10,,67029,83,,,0,10,,67030,83,,,0,10,,67031,83,,,0,10,,67032,83,,,0,50,,67033,83,,,0,10,,67034,83,,,0,10,,67035,83,,,0,10,,67036,83,,,0,10,,67037,83,,,0,10,,67038,83,,,0,50,,67039,83,,,0,10,,67040,83,,,0,10,,67041,83,,,0,10,,67042,83,,,0,10,,67043,83,,,0,10,,67044,83,,,0,55,,67045,83,,,0,15,,67046,83,,,0,15,,67047,83,,,0,9,,67067,83,,,0,70,,67068,83,,,0,30,,67069,83,,,0,70,,67070,83,,,0,30,,67071,83,,,0,70,,67072,83,,,0,30,,67073,83,,,0,70,,67074,83,,,0,30,,67075,83,,,0,70,,67076,83,,,0,30,,67077,83,,,0,70,,67078,83,,,0,30,,67079,83,,,0,70,,67080,83,,,0
1801,'1394',622,,67120,83,,,0,30,,67121,83,,,0,55,,67085,83,,,0,20,,67084,83,,,0,15,,67083,83,,,0,15,,67082,83,,,0,50,,67086,83,,,0,10,,67087,83,,,0,10,,67088,83,,,0,10,,67089,83,,,0,10,,67090,83,,,0,10,,67091,83,,,0,55,,67092,83,,,0,15,,67093,83,,,0,15,,67094,83,,,0,10,,67122,83,,,0,55,,67123,83,,,0,15,,67124,83,,,0,15,,67125,83,,,0,15,,67126,83,,,0,55,,67127,83,,,0,15,,67128,83,,,0,15,,67129,83,,,0,15,,67130,83,,,0,55,,67131,83,,,0,15,,67132,83,,,0,15,,67133,83,,,0,15,,67134,83,,,0,51,,67153,67,,,0,4,,67135,83,,,0,15,,67136,83,,,0,15,,67137,83,,,0,15,,67138,83,,,0,62,,67095,83,,,0,15,,67096,83,,,0,15,,67097,83,,,0,15,,67098,83,,,0,50,,67099,83,,,0,10,,67100,83,,,0,10,,67101,83,,,0,10,,67102,83,,,0,10,,67103,83,,,0,10,,67104,83,,,0,50,,67105,83,,,0,10,,67106,83,,,0,10,,67107,83,,,0,10,,67108,83,,,0,10,,67109,83,,,0,10,,67110,83,,,0,50,,67111,83,,,0,10,,67112,83,,,0,10,,67113,83,,,0,10,,67114,83,,,0,10,,67115,83,,,0,10,,67116,83,,,0,55,,67117,83,,,0,15,,67118,83,,,0,15,,67119,83,,,0,9,,67139,83,,,0,70,,67140,83,,,0,30,,67141,83,,,0,70,,67142,83,,,0,30,,67143,83,,,0,70,,67144,83,,,0,30,,67145,83,,,0,70,,67146,83,,,0,30,,67147,83,,,0,70,,67148,83,,,0,30,,67149,83,,,0,70,,67150,83,,,0,30,,67151,83,,,0,70,,67152,83,,,0
1801,'1395',622,,67192,83,,,0,30,,67193,83,,,0,55,,67157,83,,,0,20,,67156,83,,,0,15,,67155,83,,,0,15,,67154,83,,,0,50,,67158,83,,,0,10,,67159,83,,,0,10,,67160,83,,,0,10,,67161,83,,,0,10,,67162,83,,,0,10,,67163,83,,,0,55,,67164,83,,,0,15,,67165,83,,,0,15,,67166,83,,,0,10,,67194,83,,,0,55,,67195,83,,,0,15,,67196,83,,,0,15,,67197,83,,,0,15,,67198,83,,,0,55,,67199,83,,,0,15,,67200,83,,,0,15,,67201,83,,,0,15,,67202,83,,,0,55,,67203,83,,,0,15,,67204,83,,,0,15,,67205,83,,,0,15,,67206,83,,,0,51,,67225,67,,,0,4,,67207,83,,,0,15,,67208,83,,,0,15,,67209,83,,,0,15,,67210,83,,,0,62,,67167,83,,,0,15,,67168,83,,,0,15,,67169,83,,,0,15,,67170,83,,,0,50,,67171,83,,,0,10,,67172,83,,,0,10,,67173,83,,,0,10,,67174,83,,,0,10,,67175,83,,,0,10,,67176,83,,,0,50,,67177,83,,,0,10,,67178,83,,,0,10,,67179,83,,,0,10,,67180,83,,,0,10,,67181,83,,,0,10,,67182,83,,,0,50,,67183,83,,,0,10,,67184,83,,,0,10,,67185,83,,,0,10,,67186,83,,,0,10,,67187,83,,,0,10,,67188,83,,,0,55,,67189,83,,,0,15,,67190,83,,,0,15,,67191,83,,,0,9,,67211,83,,,0,70,,67212,83,,,0,30,,67213,83,,,0,70,,67214,83,,,0,30,,67215,83,,,0,70,,67216,83,,,0,30,,67217,83,,,0,70,,67218,83,,,0,30,,67219,83,,,0,70,,67220,83,,,0,30,,67221,83,,,0,70,,67222,83,,,0,30,,67223,83,,,0,70,,67224,83,,,0
1801,'1396',622,,67264,83,,,0,30,,67265,83,,,0,55,,67229,83,,,0,20,,67228,83,,,0,15,,67227,83,,,0,15,,67226,83,,,0,50,,67230,83,,,0,10,,67231,83,,,0,10,,67232,83,,,0,10,,67233,83,,,0,10,,67234,83,,,0,10,,67235,83,,,0,55,,67236,83,,,0,15,,67237,83,,,0,15,,67238,83,,,0,10,,67266,83,,,0,55,,67267,83,,,0,15,,67268,83,,,0,15,,67269,83,,,0,15,,67270,83,,,0,55,,67271,83,,,0,15,,67272,83,,,0,15,,67273,83,,,0,15,,67274,83,,,0,55,,67275,83,,,0,15,,67276,83,,,0,15,,67277,83,,,0,15,,67278,83,,,0,51,,67297,67,,,0,4,,67279,83,,,0,15,,67280,83,,,0,15,,67281,83,,,0,15,,67282,83,,,0,62,,67239,83,,,0,15,,67240,83,,,0,15,,67241,83,,,0,15,,67242,83,,,0,50,,67243,83,,,0,10,,67244,83,,,0,10,,67245,83,,,0,10,,67246,83,,,0,10,,67247,83,,,0,10,,67248,83,,,0,50,,67249,83,,,0,10,,67250,83,,,0,10,,67251,83,,,0,10,,67252,83,,,0,10,,67253,83,,,0,10,,67254,83,,,0,50,,67255,83,,,0,10,,67256,83,,,0,10,,67257,83,,,0,10,,67258,83,,,0,10,,67259,83,,,0,10,,67260,83,,,0,55,,67261,83,,,0,15,,67262,83,,,0,15,,67263,83,,,0,9,,67283,83,,,0,70,,67284,83,,,0,30,,67285,83,,,0,70,,67286,83,,,0,30,,67287,83,,,0,70,,67288,83,,,0,30,,67289,83,,,0,70,,67290,83,,,0,30,,67291,83,,,0,70,,67292,83,,,0,30,,67293,83,,,0,70,,67294,83,,,0,30,,67295,83,,,0,70,,67296,83,,,0
2800,'1391',756,,68281,36,,,0,150,,68282,36,,,0,110,,68283,36,,,0,110,,68284,36,,,0,110,,68285,36,,,0,110,,68286,36,,,0,110,,68287,36,,,0,150,,68288,36,,,0,110,,68289,36,,,0,110,,68290,36,,,0,110,,68291,36,,,0
2800,'1392',656,,68297,37,,,0,75,,68298,37,,,0,75,,68299,37,,,0,35,,68300,37,,,0,75,,68301,37,,,0,35,,68302,37,,,0,75,,68303,37,,,0,75,,68304,37,,,0,35,,68305,37,,,0,75,,68306,37,,,0,35,,68307,37,,,0,75,,68308,37,,,0,35,,68309,37,,,0,75,,68310,37,,,0,75,,68311,37,,,0,35,,68312,37,,,0,75,,68313,37,,,0,35,,68314,37,,,0,75,,68292,36,,,0,75,,68293,36,,,0,35,,68294,36,,,0,75,,68295,36,,,0,35,,68296,36,,,0
2800,'1393',656,,68320,37,,,0,75,,68321,37,,,0,75,,68322,37,,,0,35,,68323,37,,,0,75,,68324,37,,,0,35,,68325,37,,,0,75,,68326,37,,,0,75,,68327,37,,,0,35,,68328,37,,,0,75,,68329,37,,,0,35,,68330,37,,,0,75,,68331,37,,,0,35,,68332,37,,,0,75,,68333,37,,,0,75,,68334,37,,,0,35,,68335,37,,,0,75,,68336,37,,,0,35,,68337,37,,,0,75,,68315,36,,,0,75,,68316,36,,,0,35,,68317,36,,,0,75,,68318,36,,,0,35,,68319,36,,,0
2800,'1394',656,,68343,37,,,0,75,,68344,37,,,0,75,,68345,37,,,0,35,,68346,37,,,0,75,,68347,37,,,0,35,,68348,37,,,0,75,,68349,37,,,0,75,,68350,37,,,0,35,,68351,37,,,0,75,,68352,37,,,0,35,,68353,37,,,0,75,,68354,37,,,0,35,,68355,37,,,0,75,,68356,37,,,0,75,,68357,37,,,0,35,,68358,37,,,0,75,,68359,37,,,0,35,,68360,37,,,0,75,,68338,36,,,0,75,,68339,36,,,0,35,,68340,36,,,0,75,,68341,36,,,0,35,,68342,36,,,0
2800,'1395',656,,68366,37,,,0,75,,68367,37,,,0,75,,68368,37,,,0,35,,68369,37,,,0,75,,68370,37,,,0,35,,68371,37,,,0,75,,68372,37,,,0,75,,68373,37,,,0,35,,68374,37,,,0,75,,68375,37,,,0,35,,68376,37,,,0,75,,68377,37,,,0,35,,68378,37,,,0,75,,68379,37,,,0,75,,68380,37,,,0,35,,68381,37,,,0,75,,68382,37,,,0,35,,68383,37,,,0,75,,68361,36,,,0,75,,68362,36,,,0,35,,68363,36,,,0,75,,68364,36,,,0,35,,68365,36,,,0
2800,'1396',656,,68389,37,,,0,75,,68390,37,,,0,75,,68391,37,,,0,35,,68392,37,,,0,75,,68393,37,,,0,35,,68394,37,,,0,75,,68395,37,,,0,75,,68396,37,,,0,35,,68397,37,,,0,75,,68398,37,,,0,35,,68399,37,,,0,75,,68400,37,,,0,35,,68401,37,,,0,75,,68402,37,,,0,75,,68403,37,,,0,35,,68404,37,,,0,75,,68405,37,,,0,35,,68406,37,,,0,75,,68384,36,,,0,75,,68385,36,,,0,35,,68386,36,,,0,75,,68387,36,,,0,35,,68388,36,,,0
