643503,'1383',941,,62132,16,0,15,0,70,,62131,16,0,15,0,30,,62130,16,0,15,0,70,,62133,16,0,15,0,30,,62129,16,0,15,0,70,,62128,16,0,15,0,30,,62127,16,0,15,0,70,,62126,16,0,15,0,30,,62125,16,0,15,0,70,,62124,16,0,15,0,30,,62123,16,0,15,0,70,,62122,16,0,15,0,30,,62121,16,0,15,0,70,,62119,16,0,15,0,30,,62118,16,0,15,0,70,,62117,16,0,15,0,30,,62116,16,0,15,0,70,,62115,16,0,15,0,30,,62114,16,0,15,0,100,,62120,16,0,15,0
643503,'1384',741,,62134,16,0,15,0,100,,62135,16,0,15,0,70,,62136,16,0,15,0,30,,62137,16,0,15,0,70,,62138,16,0,15,0,30,,62139,16,0,15,0,70,,62140,16,0,15,0,30,,62141,16,0,15,0,70,,62142,16,0,15,0,30,,62143,16,0,15,0,70,,62144,16,0,15,0,30,,62145,16,0,15,0,70,,62146,16,0,15,0,30,,62147,16,0,15,0,70,,62148,16,0,15,0,30,,62149,16,0,15,0,70,,62150,16,0,15,0,30,,62151,16,0,15,0,70,,62152,16,0,15,0,30,,62153,16,0,15,0,70,,62154,16,0,15,0,30,,62155,16,0,15,0,70,,62156,16,0,15,0,30,,62157,16,0,15,0,100,,62158,16,0,15,0,100,,62159,16,0,15,0,100,,62160,16,0,15,0
643503,'1385',641,,62161,16,0,15,0,74,,62162,16,0,15,0,20,,62163,16,0,15,0,10,,62164,16,0,15,0,8,,62165,16,0,15,0,55,,62166,16,0,15,0,15,,62167,16,0,15,0,15,,62168,16,0,15,0,17,,62169,16,0,15,0,55,,62170,16,0,15,0,25,,62171,16,0,15,0,20,,62172,16,0,15,0,60,,62173,16,0,15,0,20,,62174,16,0,15,0,20,,62175,16,0,15,0,60,,62176,16,0,15,0,20,,62177,16,0,15,0,20,,62178,16,0,15,0,60,,62179,16,0,15,0,20,,62180,16,0,15,0,20,,62181,16,0,15,0,60,,62182,16,0,15,0,20,,62183,16,0,15,0,20,,62184,16,0,15,0,60,,62185,16,0,15,0,20,,62186,16,0,15,0,10,,62187,16,0,15,0,10,,62188,16,0,15,0,60,,62189,16,0,15,0,10,,62190,16,0,15,0,10,,62191,16,0,15,0,20,,62192,16,0,15,0,50,,62193,16,0,15,0,10,,62194,16,0,15,0,20,,62195,16,0,15,0,20,,62196,16,0,15,0,60,,62197,16,0,15,0,20,,62198,16,0,15,0,20,,62199,16,0,15,0,60,,62200,16,0,15,0,20,,62201,16,0,15,0,20,,62202,16,0,15,0,56,,62203,16,0,15,0,30,,62204,16,0,15,0,70,,62205,16,0,15,0,30,,62206,16,0,15,0,70,,62207,16,0,15,0,30,,62208,16,0,15,0,70,,62209,16,0,15,0,30,,62210,16,0,15,0,70,,62211,16,0,15,0,30,,62212,16,0,15,0
643503,'1386',641,,62213,16,0,15,0,74,,62214,16,0,15,0,20,,62215,16,0,15,0,10,,62216,16,0,15,0,8,,62217,16,0,15,0,55,,62218,16,0,15,0,15,,62219,16,0,15,0,15,,62220,16,0,15,0,17,,62221,16,0,15,0,55,,62222,16,0,15,0,25,,62223,16,0,15,0,20,,62224,16,0,15,0,60,,62225,16,0,15,0,20,,62226,16,0,15,0,20,,62227,16,0,15,0,60,,62228,16,0,15,0,20,,62229,16,0,15,0,20,,62230,16,0,15,0,60,,62231,16,0,15,0,20,,62232,16,0,15,0,20,,62233,16,0,15,0,60,,62234,16,0,15,0,20,,62235,16,0,15,0,20,,62236,16,0,15,0,60,,62237,16,0,15,0,20,,62238,16,0,15,0,10,,62239,16,0,15,0,10,,62240,16,0,15,0,60,,62241,16,0,15,0,10,,62242,16,0,15,0,10,,62243,16,0,15,0,20,,62244,16,0,15,0,50,,62245,16,0,15,0,10,,62246,16,0,15,0,20,,62247,16,0,15,0,20,,62248,16,0,15,0,60,,62249,16,0,15,0,20,,62250,16,0,15,0,20,,62251,16,0,15,0,60,,62252,16,0,15,0,20,,62253,16,0,15,0,20,,62254,16,0,15,0,56,,62255,16,0,15,0,30,,62256,16,0,15,0,70,,62257,16,0,15,0,30,,62258,16,0,15,0,70,,62259,16,0,15,0,30,,62260,16,0,15,0,70,,62261,16,0,15,0,30,,62262,16,0,15,0,70,,62263,16,0,15,0,30,,62264,16,0,15,0
643503,'1387',641,,62265,16,0,15,0,74,,62266,16,0,15,0,20,,62267,16,0,15,0,10,,62268,16,0,15,0,8,,62269,16,0,15,0,55,,62270,16,0,15,0,15,,62271,16,0,15,0,15,,62272,16,0,15,0,17,,62273,16,0,15,0,55,,62274,16,0,15,0,25,,62275,16,0,15,0,20,,62276,16,0,15,0,60,,62277,16,0,15,0,20,,62278,16,0,15,0,20,,62279,16,0,15,0,60,,62280,16,0,15,0,20,,62281,16,0,15,0,20,,62282,16,0,15,0,60,,62283,16,0,15,0,20,,62284,16,0,15,0,20,,62285,16,0,15,0,60,,62286,16,0,15,0,20,,62287,16,0,15,0,20,,62288,16,0,15,0,60,,62289,16,0,15,0,20,,62290,16,0,15,0,10,,62291,16,0,15,0,10,,62292,16,0,15,0,60,,62293,16,0,15,0,10,,62294,16,0,15,0,10,,62295,16,0,15,0,20,,62296,16,0,15,0,50,,62297,16,0,15,0,10,,62298,16,0,15,0,20,,62299,16,0,15,0,20,,62300,16,0,15,0,60,,62301,16,0,15,0,20,,62302,16,0,15,0,20,,62303,16,0,15,0,60,,62304,16,0,15,0,20,,62305,16,0,15,0,20,,62306,16,0,15,0,56,,62307,16,0,15,0,30,,62308,16,0,15,0,70,,62309,16,0,15,0,30,,62310,16,0,15,0,70,,62311,16,0,15,0,30,,62312,16,0,15,0,70,,62313,16,0,15,0,30,,62314,16,0,15,0,70,,62315,16,0,15,0,30,,62316,16,0,15,0
643503,'1388',641,,62317,16,0,15,0,74,,62318,16,0,15,0,20,,62319,16,0,15,0,10,,62320,16,0,15,0,8,,62321,16,0,15,0,55,,62322,16,0,15,0,15,,62323,16,0,15,0,15,,62324,16,0,15,0,17,,62325,16,0,15,0,55,,62326,16,0,15,0,25,,62327,16,0,15,0,20,,62328,16,0,15,0,60,,62329,16,0,15,0,20,,62330,16,0,15,0,20,,62331,16,0,15,0,60,,62332,16,0,15,0,20,,62333,16,0,15,0,20,,62334,16,0,15,0,60,,62335,16,0,15,0,20,,62336,16,0,15,0,20,,62337,16,0,15,0,60,,62338,16,0,15,0,20,,62339,16,0,15,0,20,,62340,16,0,15,0,60,,62341,16,0,15,0,20,,62342,16,0,15,0,10,,62343,16,0,15,0,10,,62344,16,0,15,0,60,,62345,16,0,15,0,10,,62346,16,0,15,0,10,,62347,16,0,15,0,20,,62348,16,0,15,0,50,,62349,16,0,15,0,10,,62350,16,0,15,0,20,,62351,16,0,15,0,20,,62352,16,0,15,0,60,,62353,16,0,15,0,20,,62354,16,0,15,0,20,,62355,16,0,15,0,60,,62356,16,0,15,0,20,,62357,16,0,15,0,20,,62358,16,0,15,0,56,,62359,16,0,15,0,30,,62360,16,0,15,0,70,,62361,16,0,15,0,30,,62362,16,0,15,0,70,,62363,16,0,15,0,30,,62364,16,0,15,0,70,,62365,16,0,15,0,30,,62366,16,0,15,0,70,,62367,16,0,15,0,30,,62368,16,0,15,0
643503,'1389',641,,62369,16,0,15,0,74,,62370,16,0,15,0,20,,62371,16,0,15,0,10,,62372,16,0,15,0,8,,62373,16,0,15,0,55,,62374,16,0,15,0,15,,62375,16,0,15,0,15,,62376,16,0,15,0,17,,62377,16,0,15,0,55,,62378,16,0,15,0,25,,62379,16,0,15,0,20,,62380,16,0,15,0,60,,62381,16,0,15,0,20,,62382,16,0,15,0,20,,62383,16,0,15,0,60,,62384,16,0,15,0,20,,62385,16,0,15,0,20,,62386,16,0,15,0,60,,62387,16,0,15,0,20,,62388,16,0,15,0,20,,62389,16,0,15,0,60,,62390,16,0,15,0,20,,62391,16,0,15,0,20,,62392,16,0,15,0,60,,62393,16,0,15,0,20,,62394,16,0,15,0,10,,62395,16,0,15,0,10,,62396,16,0,15,0,60,,62397,16,0,15,0,10,,62398,16,0,15,0,10,,62399,16,0,15,0,20,,62400,16,0,15,0,50,,62401,16,0,15,0,10,,62402,16,0,15,0,20,,62403,16,0,15,0,20,,62404,16,0,15,0,60,,62405,16,0,15,0,20,,62406,16,0,15,0,20,,62407,16,0,15,0,60,,62408,16,0,15,0,20,,62409,16,0,15,0,20,,62410,16,0,15,0,56,,62411,16,0,15,0,30,,62412,16,0,15,0,70,,62413,16,0,15,0,30,,62414,16,0,15,0,70,,62415,16,0,15,0,30,,62416,16,0,15,0,70,,62417,16,0,15,0,30,,62418,16,0,15,0,70,,62419,16,0,15,0,30,,62420,16,0,15,0
647703,'1383',946,,62741,21,0,15,0,70,,62740,21,0,15,0,30,,62739,21,0,15,0,70,,62738,21,0,15,0,30,,62737,21,0,15,0,70,,62736,21,0,15,0,30,,62748,21,0,15,0,70,,62747,21,0,15,0,30,,62746,21,0,15,0,70,,62745,21,0,15,0,30,,62744,21,0,15,0,70,,62743,21,0,15,0,30,,62742,21,0,15,0,70,,62751,21,0,15,0,30,,62750,21,0,15,0,70,,62749,21,0,15,0,30,,62735,21,0,15,0,100,,62734,21,0,15,0,100,,62733,21,0,15,0
647703,'1384',846,,62752,21,0,15,0,70,,62753,21,0,15,0,30,,62754,21,0,15,0,70,,62755,21,0,15,0,30,,62756,21,0,15,0,70,,62757,21,0,15,0,30,,62758,21,0,15,0,70,,62759,21,0,15,0,30,,62760,21,0,15,0,70,,62761,21,0,15,0,30,,62762,21,0,15,0,70,,62763,21,0,15,0,30,,62764,21,0,15,0,70,,62765,21,0,15,0,30,,62766,21,0,15,0,70,,62767,21,0,15,0,30,,62768,21,0,15,0,70,,62769,21,0,15,0,30,,62770,21,0,15,0,70,,62771,21,0,15,0,30,,62772,21,0,15,0,70,,62773,21,0,15,0,30,,62774,21,0,15,0,100,,62775,21,0,15,0,100,,62776,21,0,15,0,100,,62777,21,0,15,0
647703,'1385',646,,62778,21,0,15,0,70,,62779,21,0,15,0,30,,62780,21,0,15,0,70,,62781,21,0,15,0,30,,62782,21,0,15,0,70,,62783,21,0,15,0,30,,62784,21,0,15,0,70,,62785,21,0,15,0,30,,62786,21,0,15,0,70,,62787,21,0,15,0,30,,62788,21,0,15,0,70,,62789,21,0,15,0,30,,62790,21,0,15,0,70,,62791,21,0,15,0,30,,62792,21,0,15,0,70,,62793,21,0,15,0,30,,62794,21,0,15,0,70,,62795,21,0,15,0,30,,62796,21,0,15,0,70,,62797,21,0,15,0,30,,62798,21,0,15,0,70,,62799,21,0,15,0,30,,62800,21,0,15,0,70,,62801,21,0,15,0,30,,62802,21,0,15,0,70,,62803,21,0,15,0,30,,62804,21,0,15,0,70,,62805,21,0,15,0,30,,62806,21,0,15,0,100,,62807,21,0,15,0,100,,62808,21,0,15,0,100,,62809,21,0,15,0
647703,'1386',646,,62810,21,0,15,0,70,,62811,21,0,15,0,30,,62812,21,0,15,0,70,,62813,21,0,15,0,30,,62814,21,0,15,0,70,,62815,21,0,15,0,30,,62816,21,0,15,0,70,,62817,21,0,15,0,30,,62818,21,0,15,0,70,,62819,21,0,15,0,30,,62820,21,0,15,0,70,,62821,21,0,15,0,30,,62822,21,0,15,0,70,,62823,21,0,15,0,30,,62824,21,0,15,0,70,,62825,21,0,15,0,30,,62826,21,0,15,0,70,,62827,21,0,15,0,30,,62828,21,0,15,0,70,,62829,21,0,15,0,30,,62830,21,0,15,0,70,,62831,21,0,15,0,30,,62832,21,0,15,0,70,,62833,21,0,15,0,30,,62834,21,0,15,0,70,,62835,21,0,15,0,30,,62836,21,0,15,0,70,,62837,21,0,15,0,30,,62838,21,0,15,0,100,,62839,21,0,15,0,100,,62840,21,0,15,0,100,,62841,21,0,15,0
647703,'1387',646,,62842,21,0,15,0,70,,62843,21,0,15,0,30,,62844,21,0,15,0,70,,62845,21,0,15,0,30,,62846,21,0,15,0,70,,62847,21,0,15,0,30,,62848,21,0,15,0,70,,62849,21,0,15,0,30,,62850,21,0,15,0,70,,62851,21,0,15,0,30,,62852,21,0,15,0,70,,62853,21,0,15,0,30,,62854,21,0,15,0,70,,62855,21,0,15,0,30,,62856,21,0,15,0,70,,62857,21,0,15,0,30,,62858,21,0,15,0,70,,62859,21,0,15,0,30,,62860,21,0,15,0,70,,62861,21,0,15,0,30,,62862,21,0,15,0,70,,62863,21,0,15,0,30,,62864,21,0,15,0,70,,62865,21,0,15,0,30,,62866,21,0,15,0,70,,62867,21,0,15,0,30,,62868,21,0,15,0,70,,62869,21,0,15,0,30,,62870,21,0,15,0,100,,62871,21,0,15,0,100,,62872,21,0,15,0,100,,62873,21,0,15,0
647703,'1388',646,,62874,21,0,15,0,70,,62875,21,0,15,0,30,,62876,21,0,15,0,70,,62877,21,0,15,0,30,,62878,21,0,15,0,70,,62879,21,0,15,0,30,,62880,21,0,15,0,70,,62881,21,0,15,0,30,,62882,21,0,15,0,70,,62883,21,0,15,0,30,,62884,21,0,15,0,70,,62885,21,0,15,0,30,,62886,21,0,15,0,70,,62887,21,0,15,0,30,,62888,21,0,15,0,70,,62889,21,0,15,0,30,,62890,21,0,15,0,70,,62891,21,0,15,0,30,,62892,21,0,15,0,70,,62893,21,0,15,0,30,,62894,21,0,15,0,70,,62895,21,0,15,0,30,,62896,21,0,15,0,70,,62897,21,0,15,0,30,,62898,21,0,15,0,70,,62899,21,0,15,0,30,,62900,21,0,15,0,70,,62901,21,0,15,0,30,,62902,21,0,15,0,100,,62903,21,0,15,0,100,,62904,21,0,15,0,100,,62905,21,0,15,0
647703,'1389',646,,62906,21,0,15,0,70,,62907,21,0,15,0,30,,62908,21,0,15,0,70,,62909,21,0,15,0,30,,62910,21,0,15,0,70,,62911,21,0,15,0,30,,62912,21,0,15,0,70,,62913,21,0,15,0,30,,62914,21,0,15,0,70,,62915,21,0,15,0,30,,62916,21,0,15,0,70,,62917,21,0,15,0,30,,62918,21,0,15,0,70,,62919,21,0,15,0,30,,62920,21,0,15,0,70,,62921,21,0,15,0,30,,62922,21,0,15,0,70,,62923,21,0,15,0,30,,62924,21,0,15,0,70,,62925,21,0,15,0,30,,62926,21,0,15,0,70,,62927,21,0,15,0,30,,62928,21,0,15,0,70,,62929,21,0,15,0,30,,62930,21,0,15,0,70,,62931,21,0,15,0,30,,62932,21,0,15,0,70,,62933,21,0,15,0,30,,62934,21,0,15,0,100,,62935,21,0,15,0,100,,62936,21,0,15,0,100,,62937,21,0,15,0
