721304,'1390',824,,71060,42,0,14,0,80,,71059,42,0,14,0,40,,71058,42,0,14,0,80,,71057,42,0,14,0,80,,71056,42,0,14,0,40,,71055,42,0,14,0,80,,71054,42,0,14,0,80,,71053,42,0,14,0,40,,71052,42,0,14,0,80,,71051,42,0,14,0,80,,71050,42,0,14,0,40,,71049,42,0,14,0,80,,71048,42,0,14,0,80,,71047,42,0,14,0,40,,71046,42,0,14,0,80,,71045,42,0,14,0,80,,71044,42,0,14,0,40,,71043,42,0,14,0
721304,'1391',624,,71061,42,0,14,0,80,,71062,42,0,14,0,40,,71063,42,0,14,0,80,,71064,42,0,14,0,80,,71065,42,0,14,0,40,,71066,42,0,14,0,80,,71067,42,0,14,0,80,,71068,42,0,14,0,40,,71069,42,0,14,0,60,,71070,42,0,14,0,20,,71071,42,0,14,0,20,,71072,42,0,14,0,60,,71073,42,0,14,0,20,,71074,42,0,14,0,20,,71075,42,0,14,0,60,,71076,42,0,14,0,20,,71077,42,0,14,0,20,,71078,42,0,14,0,60,,71079,42,0,14,0,20,,71080,42,0,14,0,20,,71081,42,0,14,0,60,,71082,42,0,14,0,20,,71083,42,0,14,0,20,,71084,42,0,14,0,60,,71085,42,0,14,0,20,,71086,42,0,14,0,20,,71087,42,0,14,0,60,,71088,42,0,14,0,20,,71089,42,0,14,0,80,,71090,42,0,14,0,40,,71091,42,0,14,0,80,,71092,42,0,14,0,80,,71093,42,0,14,0,40,,71094,42,0,14,0,80,,71095,42,0,14,0,80,,71096,42,0,14,0
721304,'1392',558,,71097,42,0,14,0,85,,71098,42,0,14,0,60,,71099,42,0,14,0,25,,71100,42,0,14,0,20,,71101,42,0,14,0,65,,71102,42,0,14,0,20,,71103,42,0,14,0,25,,71104,42,0,14,0,60,,71105,42,0,14,0,25,,71106,42,0,14,0,60,,71107,42,0,14,0,25,,71108,42,0,14,0,20,,71109,42,0,14,0,65,,71110,42,0,14,0,20,,71111,42,0,14,0,25,,71112,42,0,14,0,60,,71113,42,0,14,0,25,,71114,42,0,14,0,60,,71115,42,0,14,0,25,,71116,42,0,14,0,20,,71117,42,0,14,0,65,,71118,42,0,14,0,20,,71119,42,0,14,0,25,,71120,42,0,14,0,60,,71121,42,0,14,0,25,,71122,42,0,14,0,60,,71123,42,0,14,0,25,,71124,42,0,14,0,20,,71125,42,0,14,0,65,,71126,42,0,14,0,20,,71127,42,0,14,0,25,,71128,42,0,14,0,60,,71129,42,0,14,0,30,,71130,42,0,14,0,76,,71131,42,0,14,0,80,,71132,42,0,14,0,40,,71133,42,0,14,0,80,,71134,42,0,14,0,80,,71135,42,0,14,0,40,,71136,42,0,14,0,80,,71137,42,0,14,0
721304,'1393',558,,71138,42,0,14,0,85,,71139,42,0,14,0,60,,71140,42,0,14,0,25,,71141,42,0,14,0,20,,71142,42,0,14,0,65,,71143,42,0,14,0,20,,71144,42,0,14,0,25,,71145,42,0,14,0,60,,71146,42,0,14,0,25,,71147,42,0,14,0,60,,71148,42,0,14,0,25,,71149,42,0,14,0,20,,71150,42,0,14,0,65,,71151,42,0,14,0,20,,71152,42,0,14,0,25,,71153,42,0,14,0,60,,71154,42,0,14,0,25,,71155,42,0,14,0,60,,71156,42,0,14,0,25,,71157,42,0,14,0,20,,71158,42,0,14,0,65,,71159,42,0,14,0,20,,71160,42,0,14,0,25,,71161,42,0,14,0,60,,71162,42,0,14,0,25,,71163,42,0,14,0,60,,71164,42,0,14,0,25,,71165,42,0,14,0,20,,71166,42,0,14,0,65,,71167,42,0,14,0,20,,71168,42,0,14,0,25,,71169,42,0,14,0,60,,71170,42,0,14,0,30,,71171,42,0,14,0,76,,71172,42,0,14,0,80,,71173,42,0,14,0,40,,71174,42,0,14,0,80,,71175,42,0,14,0,80,,71176,42,0,14,0,40,,71177,42,0,14,0,80,,71178,42,0,14,0
721304,'1394',558,,71179,42,0,14,0,85,,71180,42,0,14,0,60,,71181,42,0,14,0,25,,71182,42,0,14,0,20,,71183,42,0,14,0,65,,71184,42,0,14,0,20,,71185,42,0,14,0,25,,71186,42,0,14,0,60,,71187,42,0,14,0,25,,71188,42,0,14,0,60,,71189,42,0,14,0,25,,71190,42,0,14,0,20,,71191,42,0,14,0,65,,71192,42,0,14,0,20,,71193,42,0,14,0,25,,71194,42,0,14,0,60,,71195,42,0,14,0,25,,71196,42,0,14,0,60,,71197,42,0,14,0,25,,71198,42,0,14,0,20,,71199,42,0,14,0,65,,71200,42,0,14,0,20,,71201,42,0,14,0,25,,71202,42,0,14,0,60,,71203,42,0,14,0,25,,71204,42,0,14,0,60,,71205,42,0,14,0,25,,71206,42,0,14,0,20,,71207,42,0,14,0,65,,71208,42,0,14,0,20,,71209,42,0,14,0,25,,71210,42,0,14,0,60,,71211,42,0,14,0,30,,71212,42,0,14,0,76,,71213,42,0,14,0,80,,71214,42,0,14,0,40,,71215,42,0,14,0,80,,71216,42,0,14,0,80,,71217,42,0,14,0,40,,71218,42,0,14,0,80,,71219,42,0,14,0
721304,'1395',558,,71220,42,0,14,0,85,,71221,42,0,14,0,60,,71222,42,0,14,0,25,,71223,42,0,14,0,20,,71224,42,0,14,0,65,,71225,42,0,14,0,20,,71226,42,0,14,0,25,,71227,42,0,14,0,60,,71228,42,0,14,0,25,,71229,42,0,14,0,60,,71230,42,0,14,0,25,,71231,42,0,14,0,20,,71232,42,0,14,0,65,,71233,42,0,14,0,20,,71234,42,0,14,0,25,,71235,42,0,14,0,60,,71236,42,0,14,0,25,,71237,42,0,14,0,60,,71238,42,0,14,0,25,,71239,42,0,14,0,20,,71240,42,0,14,0,65,,71241,42,0,14,0,20,,71242,42,0,14,0,25,,71243,42,0,14,0,60,,71244,42,0,14,0,25,,71245,42,0,14,0,60,,71246,42,0,14,0,25,,71247,42,0,14,0,20,,71248,42,0,14,0,65,,71249,42,0,14,0,20,,71250,42,0,14,0,25,,71251,42,0,14,0,60,,71252,42,0,14,0,30,,71253,42,0,14,0,76,,71254,42,0,14,0,80,,71255,42,0,14,0,40,,71256,42,0,14,0,80,,71257,42,0,14,0,80,,71258,42,0,14,0,40,,71259,42,0,14,0,80,,71260,42,0,14,0
721304,'1396',558,,71261,42,0,14,0,85,,71262,42,0,14,0,60,,71263,42,0,14,0,25,,71264,42,0,14,0,20,,71265,42,0,14,0,65,,71266,42,0,14,0,20,,71267,42,0,14,0,25,,71268,42,0,14,0,60,,71269,42,0,14,0,25,,71270,42,0,14,0,60,,71271,42,0,14,0,25,,71272,42,0,14,0,20,,71273,42,0,14,0,65,,71274,42,0,14,0,20,,71275,42,0,14,0,25,,71276,42,0,14,0,60,,71277,42,0,14,0,25,,71278,42,0,14,0,60,,71279,42,0,14,0,25,,71280,42,0,14,0,20,,71281,42,0,14,0,65,,71282,42,0,14,0,20,,71283,42,0,14,0,25,,71284,42,0,14,0,60,,71285,42,0,14,0,25,,71286,42,0,14,0,60,,71287,42,0,14,0,25,,71288,42,0,14,0,20,,71289,42,0,14,0,65,,71290,42,0,14,0,20,,71291,42,0,14,0,25,,71292,42,0,14,0,60,,71293,42,0,14,0,30,,71294,42,0,14,0,76,,71295,42,0,14,0,80,,71296,42,0,14,0,40,,71297,42,0,14,0,80,,71298,42,0,14,0,80,,71299,42,0,14,0,40,,71300,42,0,14,0,80,,71301,42,0,14,0
722600,'1392',726,,72072,13,,,0,84,,72069,13,,,0,690,,72070,14,,,0,42,,72071,14,,,0
722600,'1393',726,,72076,13,,,0,84,,72073,13,,,0,690,,72074,14,,,0,42,,72075,14,,,0
722600,'1394',726,,72080,13,,,0,84,,72077,13,,,0,690,,72078,14,,,0,42,,72079,14,,,0
722600,'1395',726,,72084,13,,,0,84,,72081,13,,,0,690,,72082,14,,,0,42,,72083,14,,,0
722600,'1396',726,,72088,13,,,0,84,,72085,13,,,0,690,,72086,14,,,0,42,,72087,14,,,0
