1800,'1383',742,,59268,61,,,0,100,,59267,61,,,0,100,,59266,61,,,0,80,,59265,61,,,0,80,,59264,61,,,0,45,,59263,61,,,0,80,,59262,61,,,0,80,,59261,61,,,0,40,,59260,61,,,0,80,,59259,61,,,0,80,,59258,61,,,0,40,,59257,61,,,0,80,,59256,61,,,0,80,,59255,61,,,0,40,,59254,61,,,0,80,,59253,61,,,0,80,,59252,61,,,0,40,,59251,61,,,0
1800,'1384',601,,59269,61,,,0,45,,59270,61,,,0,70,,59271,61,,,0,30,,59272,61,,,0,70,,59273,61,,,0,30,,59274,61,,,0,70,,59275,61,,,0,30,,59276,61,,,0,70,,59277,61,,,0,30,,59278,61,,,0,60,,59279,61,,,0,20,,59280,61,,,0,20,,59281,61,,,0,60,,59282,61,,,0,20,,59283,61,,,0,20,,59284,61,,,0,60,,59285,61,,,0,20,,59286,61,,,0,20,,59287,61,,,0,60,,59288,61,,,0,20,,59289,61,,,0,20,,59290,61,,,0,60,,59291,61,,,0,20,,59292,61,,,0,20,,59293,61,,,0,60,,59294,61,,,0,20,,59295,61,,,0,20,,59296,61,,,0,60,,59297,61,,,0,20,,59298,61,,,0,20,,59299,61,,,0,60,,59300,61,,,0,20,,59301,61,,,0,20,,59302,61,,,0,70,,59303,61,,,0,30,,59304,61,,,0,70,,59305,61,,,0,30,,59306,61,,,0,70,,59307,61,,,0,30,,59308,61,,,0,70,,59309,61,,,0,30,,59310,61,,,0,70,,59311,61,,,0,30,,59312,61,,,0,70,,59313,61,,,0,30,,59314,61,,,0,70,,59315,61,,,0
1800,'1385',602,,59352,61,,,0,35,,59353,61,,,0,17,,59316,61,,,0,55,,59317,61,,,0,15,,59318,61,,,0,15,,59319,61,,,0,15,,59320,61,,,0,50,,59321,61,,,0,10,,59322,61,,,0,10,,59323,61,,,0,10,,59324,61,,,0,10,,59325,61,,,0,10,,59326,61,,,0,47,,59354,61,,,0,15,,59355,61,,,0,15,,59356,61,,,0,15,,59357,61,,,0,55,,59358,61,,,0,15,,59359,61,,,0,15,,59360,61,,,0,13,,59361,61,,,0,15,,59362,61,,,0,55,,59363,61,,,0,15,,59364,61,,,0,15,,59365,61,,,0,15,,59366,61,,,0,55,,59367,61,,,0,15,,59368,61,,,0,15,,59369,61,,,0,15,,59370,61,,,0,55,,59371,61,,,0,15,,59372,61,,,0,22,,59327,61,,,0,60,,59328,61,,,0,15,,59329,61,,,0,15,,59330,61,,,0,15,,59331,61,,,0,50,,59332,61,,,0,10,,59333,61,,,0,10,,59334,61,,,0,10,,59335,61,,,0,10,,59336,61,,,0,10,,59337,61,,,0,50,,59338,61,,,0,10,,59339,61,,,0,10,,59340,61,,,0,10,,59341,61,,,0,10,,59342,61,,,0,10,,59343,61,,,0,50,,59344,61,,,0,10,,59345,61,,,0,10,,59346,61,,,0,10,,59347,61,,,0,10,,59348,61,,,0,10,,59349,61,,,0,55,,59350,61,,,0,15,,59351,61,,,0,19,,59373,61,,,0,70,,59374,61,,,0,30,,59375,61,,,0,70,,59376,61,,,0,30,,59377,61,,,0,70,,59378,61,,,0,30,,59379,61,,,0,70,,59380,61,,,0,30,,59381,61,,,0,70,,59382,61,,,0,30,,59383,61,,,0,70,,59384,61,,,0,30,,59385,61,,,0,70,,59386,61,,,0
1800,'1386',602,,59423,61,,,0,35,,59424,61,,,0,17,,59387,61,,,0,55,,59388,61,,,0,15,,59389,61,,,0,15,,59390,61,,,0,15,,59391,61,,,0,50,,59392,61,,,0,10,,59393,61,,,0,10,,59394,61,,,0,10,,59395,61,,,0,10,,59396,61,,,0,10,,59397,61,,,0,47,,59425,61,,,0,15,,59426,61,,,0,15,,59427,61,,,0,15,,59428,61,,,0,55,,59429,61,,,0,15,,59430,61,,,0,15,,59431,61,,,0,13,,59432,61,,,0,15,,59433,61,,,0,55,,59434,61,,,0,15,,59435,61,,,0,15,,59436,61,,,0,15,,59437,61,,,0,55,,59438,61,,,0,15,,59439,61,,,0,15,,59440,61,,,0,15,,59441,61,,,0,55,,59442,61,,,0,15,,59443,61,,,0,22,,59398,61,,,0,60,,59399,61,,,0,15,,59400,61,,,0,15,,59401,61,,,0,15,,59402,61,,,0,50,,59403,61,,,0,10,,59404,61,,,0,10,,59405,61,,,0,10,,59406,61,,,0,10,,59407,61,,,0,10,,59408,61,,,0,50,,59409,61,,,0,10,,59410,61,,,0,10,,59411,61,,,0,10,,59412,61,,,0,10,,59413,61,,,0,10,,59414,61,,,0,50,,59415,61,,,0,10,,59416,61,,,0,10,,59417,61,,,0,10,,59418,61,,,0,10,,59419,61,,,0,10,,59420,61,,,0,55,,59421,61,,,0,15,,59422,61,,,0,19,,59444,61,,,0,70,,59445,61,,,0,30,,59446,61,,,0,70,,59447,61,,,0,30,,59448,61,,,0,70,,59449,61,,,0,30,,59450,61,,,0,70,,59451,61,,,0,30,,59452,61,,,0,70,,59453,61,,,0,30,,59454,61,,,0,70,,59455,61,,,0,30,,59456,61,,,0,70,,59457,61,,,0
1800,'1387',602,,59494,61,,,0,35,,59495,61,,,0,17,,59458,61,,,0,55,,59459,61,,,0,15,,59460,61,,,0,15,,59461,61,,,0,15,,59462,61,,,0,50,,59463,61,,,0,10,,59464,61,,,0,10,,59465,61,,,0,10,,59466,61,,,0,10,,59467,61,,,0,10,,59468,61,,,0,47,,59496,61,,,0,15,,59497,61,,,0,15,,59498,61,,,0,15,,59499,61,,,0,55,,59500,61,,,0,15,,59501,61,,,0,15,,59502,61,,,0,13,,59503,61,,,0,15,,59504,61,,,0,55,,59505,61,,,0,15,,59506,61,,,0,15,,59507,61,,,0,15,,59508,61,,,0,55,,59509,61,,,0,15,,59510,61,,,0,15,,59511,61,,,0,15,,59512,61,,,0,55,,59513,61,,,0,15,,59514,61,,,0,22,,59469,61,,,0,60,,59470,61,,,0,15,,59471,61,,,0,15,,59472,61,,,0,15,,59473,61,,,0,50,,59474,61,,,0,10,,59475,61,,,0,10,,59476,61,,,0,10,,59477,61,,,0,10,,59478,61,,,0,10,,59479,61,,,0,50,,59480,61,,,0,10,,59481,61,,,0,10,,59482,61,,,0,10,,59483,61,,,0,10,,59484,61,,,0,10,,59485,61,,,0,50,,59486,61,,,0,10,,59487,61,,,0,10,,59488,61,,,0,10,,59489,61,,,0,10,,59490,61,,,0,10,,59491,61,,,0,55,,59492,61,,,0,15,,59493,61,,,0,19,,59515,61,,,0,70,,59516,61,,,0,30,,59517,61,,,0,70,,59518,61,,,0,30,,59519,61,,,0,70,,59520,61,,,0,30,,59521,61,,,0,70,,59522,61,,,0,30,,59523,61,,,0,70,,59524,61,,,0,30,,59525,61,,,0,70,,59526,61,,,0,30,,59527,61,,,0,70,,59528,61,,,0
1800,'1388',602,,59565,61,,,0,35,,59566,61,,,0,17,,59529,61,,,0,55,,59530,61,,,0,15,,59531,61,,,0,15,,59532,61,,,0,15,,59533,61,,,0,50,,59534,61,,,0,10,,59535,61,,,0,10,,59536,61,,,0,10,,59537,61,,,0,10,,59538,61,,,0,10,,59539,61,,,0,47,,59567,61,,,0,15,,59568,61,,,0,15,,59569,61,,,0,15,,59570,61,,,0,55,,59571,61,,,0,15,,59572,61,,,0,15,,59573,61,,,0,13,,59574,61,,,0,15,,59575,61,,,0,55,,59576,61,,,0,15,,59577,61,,,0,15,,59578,61,,,0,15,,59579,61,,,0,55,,59580,61,,,0,15,,59581,61,,,0,15,,59582,61,,,0,15,,59583,61,,,0,55,,59584,61,,,0,15,,59585,61,,,0,22,,59540,61,,,0,60,,59541,61,,,0,15,,59542,61,,,0,15,,59543,61,,,0,15,,59544,61,,,0,50,,59545,61,,,0,10,,59546,61,,,0,10,,59547,61,,,0,10,,59548,61,,,0,10,,59549,61,,,0,10,,59550,61,,,0,50,,59551,61,,,0,10,,59552,61,,,0,10,,59553,61,,,0,10,,59554,61,,,0,10,,59555,61,,,0,10,,59556,61,,,0,50,,59557,61,,,0,10,,59558,61,,,0,10,,59559,61,,,0,10,,59560,61,,,0,10,,59561,61,,,0,10,,59562,61,,,0,55,,59563,61,,,0,15,,59564,61,,,0,19,,59586,61,,,0,70,,59587,61,,,0,30,,59588,61,,,0,70,,59589,61,,,0,30,,59590,61,,,0,70,,59591,61,,,0,30,,59592,61,,,0,70,,59593,61,,,0,30,,59594,61,,,0,70,,59595,61,,,0,30,,59596,61,,,0,70,,59597,61,,,0,30,,59598,61,,,0,70,,59599,61,,,0
1800,'1389',602,,59636,61,,,0,35,,59637,61,,,0,17,,59600,61,,,0,55,,59601,61,,,0,15,,59602,61,,,0,15,,59603,61,,,0,15,,59604,61,,,0,50,,59605,61,,,0,10,,59606,61,,,0,10,,59607,61,,,0,10,,59608,61,,,0,10,,59609,61,,,0,10,,59610,61,,,0,47,,59638,61,,,0,15,,59639,61,,,0,15,,59640,61,,,0,15,,59641,61,,,0,55,,59642,61,,,0,15,,59643,61,,,0,15,,59644,61,,,0,13,,59645,61,,,0,15,,59646,61,,,0,55,,59647,61,,,0,15,,59648,61,,,0,15,,59649,61,,,0,15,,59650,61,,,0,55,,59651,61,,,0,15,,59652,61,,,0,15,,59653,61,,,0,15,,59654,61,,,0,55,,59655,61,,,0,15,,59656,61,,,0,22,,59611,61,,,0,60,,59612,61,,,0,15,,59613,61,,,0,15,,59614,61,,,0,15,,59615,61,,,0,50,,59616,61,,,0,10,,59617,61,,,0,10,,59618,61,,,0,10,,59619,61,,,0,10,,59620,61,,,0,10,,59621,61,,,0,50,,59622,61,,,0,10,,59623,61,,,0,10,,59624,61,,,0,10,,59625,61,,,0,10,,59626,61,,,0,10,,59627,61,,,0,50,,59628,61,,,0,10,,59629,61,,,0,10,,59630,61,,,0,10,,59631,61,,,0,10,,59632,61,,,0,10,,59633,61,,,0,55,,59634,61,,,0,15,,59635,61,,,0,19,,59657,61,,,0,70,,59658,61,,,0,30,,59659,61,,,0,70,,59660,61,,,0,30,,59661,61,,,0,70,,59662,61,,,0,30,,59663,61,,,0,70,,59664,61,,,0,30,,59665,61,,,0,70,,59666,61,,,0,30,,59667,61,,,0,70,,59668,61,,,0,30,,59669,61,,,0,70,,59670,61,,,0
1900,'1383',934,,60107,54,,,0,100,,60106,54,,,0,100,,60105,54,,,0,100,,60104,54,,,0,100,,60103,54,,,0,100,,60102,54,,,0,100,,60101,54,,,0,100,,60099,54,,,0,100,,60098,54,,,0,100,,60097,54,,,0,100,,60096,54,,,0,100,,60100,54,,,0
1900,'1384',834,,60108,54,,,0,100,,60109,54,,,0,100,,60110,54,,,0,70,,60111,54,,,0,30,,60112,54,,,0,70,,60113,54,,,0,30,,60114,54,,,0,70,,60115,54,,,0,30,,60116,54,,,0,70,,60117,54,,,0,30,,60118,54,,,0,70,,60119,54,,,0,30,,60120,54,,,0,70,,60121,54,,,0,30,,60122,54,,,0,70,,60123,54,,,0,30,,60124,54,,,0,70,,60125,54,,,0,30,,60126,54,,,0,70,,60127,54,,,0,30,,60128,54,,,0,70,,60129,54,,,0,30,,60130,54,,,0,100,,60131,54,,,0,100,,60132,54,,,0,100,,60133,54,,,0
1900,'1385',634,,60134,54,,,0,70,,60135,54,,,0,30,,60136,54,,,0,70,,60137,54,,,0,30,,60138,54,,,0,70,,60139,54,,,0,30,,60140,54,,,0,70,,60141,54,,,0,30,,60142,54,,,0,70,,60143,54,,,0,30,,60144,54,,,0,70,,60145,54,,,0,30,,60146,54,,,0,70,,60147,54,,,0,30,,60148,54,,,0,70,,60149,54,,,0,30,,60150,54,,,0,70,,60151,54,,,0,30,,60152,54,,,0,70,,60153,54,,,0,30,,60154,54,,,0,70,,60155,54,,,0,30,,60156,54,,,0,70,,60157,54,,,0,30,,60158,54,,,0,70,,60159,54,,,0,30,,60160,54,,,0,70,,60161,54,,,0,30,,60162,54,,,0,70,,60163,54,,,0,30,,60164,54,,,0,70,,60165,54,,,0,100,,60166,54,,,0,100,,60167,54,,,0
1900,'1386',634,,60168,54,,,0,70,,60169,54,,,0,30,,60170,54,,,0,70,,60171,54,,,0,30,,60172,54,,,0,70,,60173,54,,,0,30,,60174,54,,,0,70,,60175,54,,,0,30,,60176,54,,,0,70,,60177,54,,,0,30,,60178,54,,,0,70,,60179,54,,,0,30,,60180,54,,,0,70,,60181,54,,,0,30,,60182,54,,,0,70,,60183,54,,,0,30,,60184,54,,,0,70,,60185,54,,,0,30,,60186,54,,,0,70,,60187,54,,,0,30,,60188,54,,,0,70,,60189,54,,,0,30,,60190,54,,,0,70,,60191,54,,,0,30,,60192,54,,,0,70,,60193,54,,,0,30,,60194,54,,,0,70,,60195,54,,,0,30,,60196,54,,,0,70,,60197,54,,,0,30,,60198,54,,,0,70,,60199,54,,,0,100,,60200,54,,,0,100,,60201,54,,,0
1900,'1387',634,,60202,54,,,0,70,,60203,54,,,0,30,,60204,54,,,0,70,,60205,54,,,0,30,,60206,54,,,0,70,,60207,54,,,0,30,,60208,54,,,0,70,,60209,54,,,0,30,,60210,54,,,0,70,,60211,54,,,0,30,,60212,54,,,0,70,,60213,54,,,0,30,,60214,54,,,0,70,,60215,54,,,0,30,,60216,54,,,0,70,,60217,54,,,0,30,,60218,54,,,0,70,,60219,54,,,0,30,,60220,54,,,0,70,,60221,54,,,0,30,,60222,54,,,0,70,,60223,54,,,0,30,,60224,54,,,0,70,,60225,54,,,0,30,,60226,54,,,0,70,,60227,54,,,0,30,,60228,54,,,0,70,,60229,54,,,0,30,,60230,54,,,0,70,,60231,54,,,0,30,,60232,54,,,0,70,,60233,54,,,0,100,,60234,54,,,0,100,,60235,54,,,0
1900,'1388',634,,60236,54,,,0,70,,60237,54,,,0,30,,60238,54,,,0,70,,60239,54,,,0,30,,60240,54,,,0,70,,60241,54,,,0,30,,60242,54,,,0,70,,60243,54,,,0,30,,60244,54,,,0,70,,60245,54,,,0,30,,60246,54,,,0,70,,60247,54,,,0,30,,60248,54,,,0,70,,60249,54,,,0,30,,60250,54,,,0,70,,60251,54,,,0,30,,60252,54,,,0,70,,60253,54,,,0,30,,60254,54,,,0,70,,60255,54,,,0,30,,60256,54,,,0,70,,60257,54,,,0,30,,60258,54,,,0,70,,60259,54,,,0,30,,60260,54,,,0,70,,60261,54,,,0,30,,60262,54,,,0,70,,60263,54,,,0,30,,60264,54,,,0,70,,60265,54,,,0,30,,60266,54,,,0,70,,60267,54,,,0,100,,60268,54,,,0,100,,60269,54,,,0
1900,'1389',634,,60270,54,,,0,70,,60271,54,,,0,30,,60272,54,,,0,70,,60273,54,,,0,30,,60274,54,,,0,70,,60275,54,,,0,30,,60276,54,,,0,70,,60277,54,,,0,30,,60278,54,,,0,70,,60279,54,,,0,30,,60280,54,,,0,70,,60281,54,,,0,30,,60282,54,,,0,70,,60283,54,,,0,30,,60284,54,,,0,70,,60285,54,,,0,30,,60286,54,,,0,70,,60287,54,,,0,30,,60288,54,,,0,70,,60289,54,,,0,30,,60290,54,,,0,70,,60291,54,,,0,30,,60292,54,,,0,70,,60293,54,,,0,30,,60294,54,,,0,70,,60295,54,,,0,30,,60296,54,,,0,70,,60297,54,,,0,30,,60298,54,,,0,70,,60299,54,,,0,30,,60300,54,,,0,70,,60301,54,,,0,100,,60302,54,,,0,100,,60303,54,,,0
