1600,'1390',1050,,64907,24,,,0,70,,64906,24,,,0,85,,64905,24,,,0,30,,64904,24,,,0,70,,64903,24,,,0,30,,64902,24,,,0,70,,64901,24,,,0,30,,64900,24,,,0,70,,64899,24,,,0,30,,64898,24,,,0,70,,64897,24,,,0,30,,64896,24,,,0,70,,64895,24,,,0,20,,64894,24,,,0,10,,64893,24,,,0,70,,64892,24,,,0,20,,64891,24,,,0,10,,64890,24,,,0,70,,64889,24,,,0,30,,64888,24,,,0,70,,64887,24,,,0
1600,'1391',738,,64908,24,,,0,70,,64909,24,,,0,30,,64910,24,,,0,70,,64911,24,,,0,30,,64912,24,,,0,70,,64913,24,,,0,30,,64914,24,,,0,70,,64915,24,,,0,20,,64916,24,,,0,20,,64917,24,,,0,60,,64918,24,,,0,20,,64919,24,,,0,20,,64920,24,,,0,60,,64921,24,,,0,20,,64922,24,,,0,20,,64923,24,,,0,60,,64924,24,,,0,20,,64925,24,,,0,20,,64926,24,,,0,60,,64927,24,,,0,20,,64928,24,,,0,20,,64929,24,,,0,60,,64930,24,,,0,20,,64931,24,,,0,20,,64932,24,,,0,60,,64933,24,,,0,20,,64934,24,,,0,20,,64935,24,,,0,60,,64936,24,,,0,20,,64937,24,,,0,5,,64938,24,,,0,15,,64939,24,,,0,60,,64940,24,,,0,30,,64941,24,,,0,70,,64942,24,,,0,30,,64943,24,,,0,70,,64944,24,,,0,30,,64945,24,,,0,70,,64946,24,,,0,100,,64947,24,,,0
1600,'1392',647,,64949,24,,,0,74,,64948,24,,,0,31,,64950,24,,,0,60,,64951,24,,,0,20,,64952,24,,,0,20,,64953,24,,,0,60,,64954,24,,,0,20,,64955,24,,,0,20,,64956,24,,,0,60,,64957,24,,,0,20,,64958,24,,,0,20,,64959,24,,,0,60,,64960,24,,,0,20,,64961,24,,,0,20,,64962,24,,,0,60,,64963,24,,,0,20,,64964,24,,,0,20,,64965,24,,,0,60,,64966,24,,,0,20,,64967,24,,,0,20,,64968,24,,,0,60,,64969,24,,,0,20,,64970,24,,,0,20,,64971,24,,,0,60,,64972,24,,,0,20,,64973,24,,,0,20,,64974,24,,,0,60,,64975,24,,,0,20,,64976,24,,,0,20,,64977,24,,,0,60,,64978,24,,,0,20,,64979,24,,,0,20,,64980,24,,,0,60,,64981,24,,,0,20,,64982,24,,,0,20,,64983,24,,,0,55,,64984,24,,,0,30,,64985,24,,,0,70,,64986,24,,,0,30,,64987,24,,,0,70,,64988,24,,,0,30,,64989,24,,,0,70,,64990,24,,,0,100,,64991,24,,,0
1600,'1393',647,,64993,24,,,0,74,,64992,24,,,0,31,,64994,24,,,0,60,,64995,24,,,0,20,,64996,24,,,0,20,,64997,24,,,0,60,,64998,24,,,0,20,,64999,24,,,0,20,,65000,24,,,0,60,,65001,24,,,0,20,,65002,24,,,0,20,,65003,24,,,0,60,,65004,24,,,0,20,,65005,24,,,0,20,,65006,24,,,0,60,,65007,24,,,0,20,,65008,24,,,0,20,,65009,24,,,0,60,,65010,24,,,0,20,,65011,24,,,0,20,,65012,24,,,0,60,,65013,24,,,0,20,,65014,24,,,0,20,,65015,24,,,0,60,,65016,24,,,0,20,,65017,24,,,0,20,,65018,24,,,0,60,,65019,24,,,0,20,,65020,24,,,0,20,,65021,24,,,0,60,,65022,24,,,0,20,,65023,24,,,0,20,,65024,24,,,0,60,,65025,24,,,0,20,,65026,24,,,0,20,,65027,24,,,0,55,,65028,24,,,0,30,,65029,24,,,0,70,,65030,24,,,0,30,,65031,24,,,0,70,,65032,24,,,0,30,,65033,24,,,0,70,,65034,24,,,0,100,,65035,24,,,0
1600,'1394',647,,65037,24,,,0,74,,65036,24,,,0,31,,65038,24,,,0,60,,65039,24,,,0,20,,65040,24,,,0,20,,65041,24,,,0,60,,65042,24,,,0,20,,65043,24,,,0,20,,65044,24,,,0,60,,65045,24,,,0,20,,65046,24,,,0,20,,65047,24,,,0,60,,65048,24,,,0,20,,65049,24,,,0,20,,65050,24,,,0,60,,65051,24,,,0,20,,65052,24,,,0,20,,65053,24,,,0,60,,65054,24,,,0,20,,65055,24,,,0,20,,65056,24,,,0,60,,65057,24,,,0,20,,65058,24,,,0,20,,65059,24,,,0,60,,65060,24,,,0,20,,65061,24,,,0,20,,65062,24,,,0,60,,65063,24,,,0,20,,65064,24,,,0,20,,65065,24,,,0,60,,65066,24,,,0,20,,65067,24,,,0,20,,65068,24,,,0,60,,65069,24,,,0,20,,65070,24,,,0,20,,65071,24,,,0,55,,65072,24,,,0,30,,65073,24,,,0,70,,65074,24,,,0,30,,65075,24,,,0,70,,65076,24,,,0,30,,65077,24,,,0,70,,65078,24,,,0,100,,65079,24,,,0
1600,'1395',647,,65081,24,,,0,74,,65080,24,,,0,31,,65082,24,,,0,60,,65083,24,,,0,20,,65084,24,,,0,20,,65085,24,,,0,60,,65086,24,,,0,20,,65087,24,,,0,20,,65088,24,,,0,60,,65089,24,,,0,20,,65090,24,,,0,20,,65091,24,,,0,60,,65092,24,,,0,20,,65093,24,,,0,20,,65094,24,,,0,60,,65095,24,,,0,20,,65096,24,,,0,20,,65097,24,,,0,60,,65098,24,,,0,20,,65099,24,,,0,20,,65100,24,,,0,60,,65101,24,,,0,20,,65102,24,,,0,20,,65103,24,,,0,60,,65104,24,,,0,20,,65105,24,,,0,20,,65106,24,,,0,60,,65107,24,,,0,20,,65108,24,,,0,20,,65109,24,,,0,60,,65110,24,,,0,20,,65111,24,,,0,20,,65112,24,,,0,60,,65113,24,,,0,20,,65114,24,,,0,20,,65115,24,,,0,55,,65116,24,,,0,30,,65117,24,,,0,70,,65118,24,,,0,30,,65119,24,,,0,70,,65120,24,,,0,30,,65121,24,,,0,70,,65122,24,,,0,100,,65123,24,,,0
1600,'1396',647,,65125,24,,,0,74,,65124,24,,,0,31,,65126,24,,,0,60,,65127,24,,,0,20,,65128,24,,,0,20,,65129,24,,,0,60,,65130,24,,,0,20,,65131,24,,,0,20,,65132,24,,,0,60,,65133,24,,,0,20,,65134,24,,,0,20,,65135,24,,,0,60,,65136,24,,,0,20,,65137,24,,,0,20,,65138,24,,,0,60,,65139,24,,,0,20,,65140,24,,,0,20,,65141,24,,,0,60,,65142,24,,,0,20,,65143,24,,,0,20,,65144,24,,,0,60,,65145,24,,,0,20,,65146,24,,,0,20,,65147,24,,,0,60,,65148,24,,,0,20,,65149,24,,,0,20,,65150,24,,,0,60,,65151,24,,,0,20,,65152,24,,,0,20,,65153,24,,,0,60,,65154,24,,,0,20,,65155,24,,,0,20,,65156,24,,,0,60,,65157,24,,,0,20,,65158,24,,,0,20,,65159,24,,,0,55,,65160,24,,,0,30,,65161,24,,,0,70,,65162,24,,,0,30,,65163,24,,,0,70,,65164,24,,,0,30,,65165,24,,,0,70,,65166,24,,,0,100,,65167,24,,,0
1700,'1390',639,,65455,61,,,0,100,,65454,61,,,0,100,,65453,61,,,0,100,,65452,61,,,0,114,,65470,61,,,0,80,,65469,61,,,0,80,,65468,61,,,0,40,,65467,61,,,0,80,,65466,61,,,0,80,,65465,61,,,0,40,,65464,61,,,0,80,,65463,61,,,0,80,,65462,61,,,0,40,,65461,61,,,0,80,,65460,61,,,0,80,,65459,61,,,0,40,,65458,61,,,0,80,,65457,61,,,0,80,,65456,61,,,0
1700,'1391',600,,65471,61,,,0,34,,65472,61,,,0,70,,65473,61,,,0,30,,65474,61,,,0,70,,65475,61,,,0,30,,65476,61,,,0,70,,65477,61,,,0,30,,65478,61,,,0,70,,65479,61,,,0,30,,65480,61,,,0,78,,65489,61,,,0,20,,65490,61,,,0,20,,65491,61,,,0,60,,65492,61,,,0,20,,65493,61,,,0,20,,65494,61,,,0,60,,65495,61,,,0,20,,65496,61,,,0,20,,65497,61,,,0,60,,65498,61,,,0,20,,65499,61,,,0,20,,65500,61,,,0,60,,65501,61,,,0,20,,65502,61,,,0,20,,65503,61,,,0,60,,65504,61,,,0,20,,65505,61,,,0,20,,65506,61,,,0,60,,65507,61,,,0,20,,65508,61,,,0,20,,65509,61,,,0,60,,65510,61,,,0,20,,65511,61,,,0,20,,65512,61,,,0,55,,65513,61,,,0,30,,65514,61,,,0,70,,65515,61,,,0,30,,65516,61,,,0,70,,65517,61,,,0,27,,65481,61,,,0,70,,65482,61,,,0,30,,65483,61,,,0,70,,65484,61,,,0,30,,65485,61,,,0,70,,65486,61,,,0,30,,65487,61,,,0,70,,65488,61,,,0
1700,'1392',601,,65518,61,,,0,28,,65519,22,,,0,18,,65520,61,,,0,55,,65521,61,,,0,15,,65522,61,,,0,15,,65523,61,,,0,15,,65524,61,,,0,10,,65525,61,,,0,50,,65526,61,,,0,10,,65527,61,,,0,10,,65528,61,,,0,10,,65529,61,,,0,10,,65530,61,,,0,10,,65531,61,,,0,50,,65532,61,,,0,10,,65533,61,,,0,10,,65534,61,,,0,10,,65535,61,,,0,10,,65536,61,,,0,10,,65537,61,,,0,50,,65538,61,,,0,10,,65539,61,,,0,10,,65540,61,,,0,10,,65541,61,,,0,10,,65542,61,,,0,10,,65543,61,,,0,50,,65544,61,,,0,10,,65545,61,,,0,10,,65546,61,,,0,10,,65547,61,,,0,10,,65548,61,,,0,10,,65549,61,,,0,50,,65550,61,,,0,10,,65551,61,,,0,10,,65552,61,,,0,10,,65553,61,,,0,10,,65554,61,,,0,10,,65555,61,,,0,50,,65556,61,,,0,10,,65557,61,,,0,10,,65558,61,,,0,10,,65559,61,,,0,10,,65560,61,,,0,10,,65561,61,,,0,50,,65562,61,,,0,10,,65563,61,,,0,10,,65564,61,,,0,10,,65565,61,,,0,10,,65566,61,,,0,10,,65567,61,,,0,50,,65568,61,,,0,10,,65569,61,,,0,10,,65570,61,,,0,10,,65571,61,,,0,10,,65572,61,,,0,10,,65573,61,,,0,50,,65574,61,,,0,10,,65575,61,,,0,10,,65576,61,,,0,10,,65577,61,,,0,10,,65578,61,,,0,10,,65579,61,,,0,50,,65580,61,,,0,10,,65581,61,,,0,10,,65582,61,,,0,10,,65583,61,,,0,10,,65584,61,,,0,10,,65585,61,,,0,50,,65586,61,,,0,10,,65587,61,,,0,10,,65588,61,,,0,10,,65589,61,,,0,10,,65590,61,,,0,55,,65591,61,,,0,15,,65592,61,,,0,15,,65593,61,,,0,70,,65594,61,,,0,30,,65595,61,,,0,70,,65596,61,,,0,30,,65597,61,,,0,70,,65598,61,,,0,30,,65599,61,,,0,70,,65600,61,,,0,30,,65601,61,,,0,70,,65602,61,,,0,30,,65603,61,,,0,70,,65604,61,,,0
1700,'1393',601,,65605,61,,,0,28,,65606,22,,,0,18,,65607,61,,,0,55,,65608,61,,,0,15,,65609,61,,,0,15,,65610,61,,,0,15,,65611,61,,,0,10,,65612,61,,,0,50,,65613,61,,,0,10,,65614,61,,,0,10,,65615,61,,,0,10,,65616,61,,,0,10,,65617,61,,,0,10,,65618,61,,,0,50,,65619,61,,,0,10,,65620,61,,,0,10,,65621,61,,,0,10,,65622,61,,,0,10,,65623,61,,,0,10,,65624,61,,,0,50,,65625,61,,,0,10,,65626,61,,,0,10,,65627,61,,,0,10,,65628,61,,,0,10,,65629,61,,,0,10,,65630,61,,,0,50,,65631,61,,,0,10,,65632,61,,,0,10,,65633,61,,,0,10,,65634,61,,,0,10,,65635,61,,,0,10,,65636,61,,,0,50,,65637,61,,,0,10,,65638,61,,,0,10,,65639,61,,,0,10,,65640,61,,,0,10,,65641,61,,,0,10,,65642,61,,,0,50,,65643,61,,,0,10,,65644,61,,,0,10,,65645,61,,,0,10,,65646,61,,,0,10,,65647,61,,,0,10,,65648,61,,,0,50,,65649,61,,,0,10,,65650,61,,,0,10,,65651,61,,,0,10,,65652,61,,,0,10,,65653,61,,,0,10,,65654,61,,,0,50,,65655,61,,,0,10,,65656,61,,,0,10,,65657,61,,,0,10,,65658,61,,,0,10,,65659,61,,,0,10,,65660,61,,,0,50,,65661,61,,,0,10,,65662,61,,,0,10,,65663,61,,,0,10,,65664,61,,,0,10,,65665,61,,,0,10,,65666,61,,,0,50,,65667,61,,,0,10,,65668,61,,,0,10,,65669,61,,,0,10,,65670,61,,,0,10,,65671,61,,,0,10,,65672,61,,,0,50,,65673,61,,,0,10,,65674,61,,,0,10,,65675,61,,,0,10,,65676,61,,,0,10,,65677,61,,,0,55,,65678,61,,,0,15,,65679,61,,,0,15,,65680,61,,,0,70,,65681,61,,,0,30,,65682,61,,,0,70,,65683,61,,,0,30,,65684,61,,,0,70,,65685,61,,,0,30,,65686,61,,,0,70,,65687,61,,,0,30,,65688,61,,,0,70,,65689,61,,,0,30,,65690,61,,,0,70,,65691,61,,,0
1700,'1394',601,,65692,61,,,0,28,,65693,22,,,0,18,,65694,61,,,0,55,,65695,61,,,0,15,,65696,61,,,0,15,,65697,61,,,0,15,,65698,61,,,0,10,,65699,61,,,0,50,,65700,61,,,0,10,,65701,61,,,0,10,,65702,61,,,0,10,,65703,61,,,0,10,,65704,61,,,0,10,,65705,61,,,0,50,,65706,61,,,0,10,,65707,61,,,0,10,,65708,61,,,0,10,,65709,61,,,0,10,,65710,61,,,0,10,,65711,61,,,0,50,,65712,61,,,0,10,,65713,61,,,0,10,,65714,61,,,0,10,,65715,61,,,0,10,,65716,61,,,0,10,,65717,61,,,0,50,,65718,61,,,0,10,,65719,61,,,0,10,,65720,61,,,0,10,,65721,61,,,0,10,,65722,61,,,0,10,,65723,61,,,0,50,,65724,61,,,0,10,,65725,61,,,0,10,,65726,61,,,0,10,,65727,61,,,0,10,,65728,61,,,0,10,,65729,61,,,0,50,,65730,61,,,0,10,,65731,61,,,0,10,,65732,61,,,0,10,,65733,61,,,0,10,,65734,61,,,0,10,,65735,61,,,0,50,,65736,61,,,0,10,,65737,61,,,0,10,,65738,61,,,0,10,,65739,61,,,0,10,,65740,61,,,0,10,,65741,61,,,0,50,,65742,61,,,0,10,,65743,61,,,0,10,,65744,61,,,0,10,,65745,61,,,0,10,,65746,61,,,0,10,,65747,61,,,0,50,,65748,61,,,0,10,,65749,61,,,0,10,,65750,61,,,0,10,,65751,61,,,0,10,,65752,61,,,0,10,,65753,61,,,0,50,,65754,61,,,0,10,,65755,61,,,0,10,,65756,61,,,0,10,,65757,61,,,0,10,,65758,61,,,0,10,,65759,61,,,0,50,,65760,61,,,0,10,,65761,61,,,0,10,,65762,61,,,0,10,,65763,61,,,0,10,,65764,61,,,0,55,,65765,61,,,0,15,,65766,61,,,0,15,,65767,61,,,0,70,,65768,61,,,0,30,,65769,61,,,0,70,,65770,61,,,0,30,,65771,61,,,0,70,,65772,61,,,0,30,,65773,61,,,0,70,,65774,61,,,0,30,,65775,61,,,0,70,,65776,61,,,0,30,,65777,61,,,0,70,,65778,61,,,0
1700,'1395',601,,65779,61,,,0,28,,65780,22,,,0,18,,65781,61,,,0,55,,65782,61,,,0,15,,65783,61,,,0,15,,65784,61,,,0,15,,65785,61,,,0,10,,65786,61,,,0,50,,65787,61,,,0,10,,65788,61,,,0,10,,65789,61,,,0,10,,65790,61,,,0,10,,65791,61,,,0,10,,65792,61,,,0,50,,65793,61,,,0,10,,65794,61,,,0,10,,65795,61,,,0,10,,65796,61,,,0,10,,65797,61,,,0,10,,65798,61,,,0,50,,65799,61,,,0,10,,65800,61,,,0,10,,65801,61,,,0,10,,65802,61,,,0,10,,65803,61,,,0,10,,65804,61,,,0,50,,65805,61,,,0,10,,65806,61,,,0,10,,65807,61,,,0,10,,65808,61,,,0,10,,65809,61,,,0,10,,65810,61,,,0,50,,65811,61,,,0,10,,65812,61,,,0,10,,65813,61,,,0,10,,65814,61,,,0,10,,65815,61,,,0,10,,65816,61,,,0,50,,65817,61,,,0,10,,65818,61,,,0,10,,65819,61,,,0,10,,65820,61,,,0,10,,65821,61,,,0,10,,65822,61,,,0,50,,65823,61,,,0,10,,65824,61,,,0,10,,65825,61,,,0,10,,65826,61,,,0,10,,65827,61,,,0,10,,65828,61,,,0,50,,65829,61,,,0,10,,65830,61,,,0,10,,65831,61,,,0,10,,65832,61,,,0,10,,65833,61,,,0,10,,65834,61,,,0,50,,65835,61,,,0,10,,65836,61,,,0,10,,65837,61,,,0,10,,65838,61,,,0,10,,65839,61,,,0,10,,65840,61,,,0,50,,65841,61,,,0,10,,65842,61,,,0,10,,65843,61,,,0,10,,65844,61,,,0,10,,65845,61,,,0,10,,65846,61,,,0,50,,65847,61,,,0,10,,65848,61,,,0,10,,65849,61,,,0,10,,65850,61,,,0,10,,65851,61,,,0,55,,65852,61,,,0,15,,65853,61,,,0,15,,65854,61,,,0,70,,65855,61,,,0,30,,65856,61,,,0,70,,65857,61,,,0,30,,65858,61,,,0,70,,65859,61,,,0,30,,65860,61,,,0,70,,65861,61,,,0,30,,65862,61,,,0,70,,65863,61,,,0,30,,65864,61,,,0,70,,65865,61,,,0
1700,'1396',601,,65866,61,,,0,28,,65867,22,,,0,18,,65868,61,,,0,55,,65869,61,,,0,15,,65870,61,,,0,15,,65871,61,,,0,15,,65872,61,,,0,10,,65873,61,,,0,50,,65874,61,,,0,10,,65875,61,,,0,10,,65876,61,,,0,10,,65877,61,,,0,10,,65878,61,,,0,10,,65879,61,,,0,50,,65880,61,,,0,10,,65881,61,,,0,10,,65882,61,,,0,10,,65883,61,,,0,10,,65884,61,,,0,10,,65885,61,,,0,50,,65886,61,,,0,10,,65887,61,,,0,10,,65888,61,,,0,10,,65889,61,,,0,10,,65890,61,,,0,10,,65891,61,,,0,50,,65892,61,,,0,10,,65893,61,,,0,10,,65894,61,,,0,10,,65895,61,,,0,10,,65896,61,,,0,10,,65897,61,,,0,50,,65898,61,,,0,10,,65899,61,,,0,10,,65900,61,,,0,10,,65901,61,,,0,10,,65902,61,,,0,10,,65903,61,,,0,50,,65904,61,,,0,10,,65905,61,,,0,10,,65906,61,,,0,10,,65907,61,,,0,10,,65908,61,,,0,10,,65909,61,,,0,50,,65910,61,,,0,10,,65911,61,,,0,10,,65912,61,,,0,10,,65913,61,,,0,10,,65914,61,,,0,10,,65915,61,,,0,50,,65916,61,,,0,10,,65917,61,,,0,10,,65918,61,,,0,10,,65919,61,,,0,10,,65920,61,,,0,10,,65921,61,,,0,50,,65922,61,,,0,10,,65923,61,,,0,10,,65924,61,,,0,10,,65925,61,,,0,10,,65926,61,,,0,10,,65927,61,,,0,50,,65928,61,,,0,10,,65929,61,,,0,10,,65930,61,,,0,10,,65931,61,,,0,10,,65932,61,,,0,10,,65933,61,,,0,50,,65934,61,,,0,10,,65935,61,,,0,10,,65936,61,,,0,10,,65937,61,,,0,10,,65938,61,,,0,55,,65939,61,,,0,15,,65940,61,,,0,15,,65941,61,,,0,70,,65942,61,,,0,30,,65943,61,,,0,70,,65944,61,,,0,30,,65945,61,,,0,70,,65946,61,,,0,30,,65947,61,,,0,70,,65948,61,,,0,30,,65949,61,,,0,70,,65950,61,,,0,30,,65951,61,,,0,70,,65952,61,,,0
2000,'1390',1016,,67728,77,,,0,85,,67727,77,,,0,45,,67726,77,,,0,85,,67725,77,,,0,85,,67724,77,,,0,85,,67723,77,,,0,45,,67722,77,,,0,85,,67721,77,,,0,85,,67720,77,,,0,85,,67719,77,,,0,46,,67718,77,,,0,84,,67717,77,,,0,85,,67716,77,,,0,85,,67715,77,,,0,45,,67714,77,,,0
2000,'1391',722,,67731,77,,,0,85,,67732,77,,,0,45,,67733,77,,,0,85,,67734,77,,,0,15,,67735,77,,,0,70,,67736,77,,,0,80,,67737,77,,,0,30,,67738,77,,,0,70,,67739,77,,,0,30,,67740,77,,,0,80,,67741,77,,,0,30,,67742,77,,,0,70,,67743,77,,,0,30,,67744,77,,,0,80,,67745,77,,,0,30,,67746,77,,,0,70,,67747,77,,,0,30,,67748,77,,,0,80,,67749,77,,,0,70,,67750,77,,,0,30,,67751,77,,,0,70,,67752,77,,,0,40,,67753,77,,,0,75,,67754,77,,,0,85,,67755,77,,,0,45,,67756,77,,,0,85,,67757,77,,,0,85,,67758,77,,,0,85,,67759,77,,,0,45,,67760,77,,,0
2000,'1392',649,,67771,79,,,0,60,,67772,79,,,0,20,,67773,79,,,0,20,,67774,79,,,0,60,,67775,79,,,0,20,,67776,79,,,0,20,,67777,79,,,0,60,,67778,79,,,0,20,,67779,79,,,0,20,,67780,79,,,0,60,,67781,79,,,0,20,,67782,79,,,0,20,,67783,79,,,0,60,,67784,79,,,0,20,,67785,79,,,0,20,,67786,79,,,0,60,,67787,79,,,0,20,,67788,79,,,0,20,,67789,79,,,0,60,,67790,79,,,0,20,,67791,79,,,0,20,,67792,79,,,0,60,,67793,79,,,0,20,,67794,79,,,0,20,,67795,79,,,0,60,,67796,79,,,0,20,,67797,79,,,0,20,,67798,79,,,0,60,,67799,79,,,0,20,,67800,79,,,0,20,,67801,79,,,0,60,,67802,79,,,0,20,,67803,79,,,0,20,,67804,79,,,0,60,,67805,79,,,0,20,,67806,79,,,0,20,,67807,79,,,0,60,,67808,79,,,0,18,,67762,77,,,0,74,,67763,77,,,0,45,,67764,77,,,0,85,,67765,77,,,0,85,,67766,77,,,0,85,,67767,77,,,0,45,,67768,77,,,0,85,,67769,77,,,0,85,,67770,77,,,0
2000,'1393',649,,67819,79,,,0,60,,67820,79,,,0,20,,67821,79,,,0,20,,67822,79,,,0,60,,67823,79,,,0,20,,67824,79,,,0,20,,67825,79,,,0,60,,67826,79,,,0,20,,67827,79,,,0,20,,67828,79,,,0,60,,67829,79,,,0,20,,67830,79,,,0,20,,67831,79,,,0,60,,67832,79,,,0,20,,67833,79,,,0,20,,67834,79,,,0,60,,67835,79,,,0,20,,67836,79,,,0,20,,67837,79,,,0,60,,67838,79,,,0,20,,67839,79,,,0,20,,67840,79,,,0,60,,67841,79,,,0,20,,67842,79,,,0,20,,67843,79,,,0,60,,67844,79,,,0,20,,67845,79,,,0,20,,67846,79,,,0,60,,67847,79,,,0,20,,67848,79,,,0,20,,67849,79,,,0,60,,67850,79,,,0,20,,67851,79,,,0,20,,67852,79,,,0,60,,67853,79,,,0,20,,67854,79,,,0,20,,67855,79,,,0,60,,67856,79,,,0,18,,67810,77,,,0,74,,67811,77,,,0,45,,67812,77,,,0,85,,67813,77,,,0,85,,67814,77,,,0,85,,67815,77,,,0,45,,67816,77,,,0,85,,67817,77,,,0,85,,67818,77,,,0
2000,'1394',649,,67867,79,,,0,60,,67868,79,,,0,20,,67869,79,,,0,20,,67870,79,,,0,60,,67871,79,,,0,20,,67872,79,,,0,20,,67873,79,,,0,60,,67874,79,,,0,20,,67875,79,,,0,20,,67876,79,,,0,60,,67877,79,,,0,20,,67878,79,,,0,20,,67879,79,,,0,60,,67880,79,,,0,20,,67881,79,,,0,20,,67882,79,,,0,60,,67883,79,,,0,20,,67884,79,,,0,20,,67885,79,,,0,60,,67886,79,,,0,20,,67887,79,,,0,20,,67888,79,,,0,60,,67889,79,,,0,20,,67890,79,,,0,20,,67891,79,,,0,60,,67892,79,,,0,20,,67893,79,,,0,20,,67894,79,,,0,60,,67895,79,,,0,20,,67896,79,,,0,20,,67897,79,,,0,60,,67898,79,,,0,20,,67899,79,,,0,20,,67900,79,,,0,60,,67901,79,,,0,20,,67902,79,,,0,20,,67903,79,,,0,60,,67904,79,,,0,18,,67858,77,,,0,74,,67859,77,,,0,45,,67860,77,,,0,85,,67861,77,,,0,85,,67862,77,,,0,85,,67863,77,,,0,45,,67864,77,,,0,85,,67865,77,,,0,85,,67866,77,,,0
2000,'1395',649,,67915,79,,,0,60,,67916,79,,,0,20,,67917,79,,,0,20,,67918,79,,,0,60,,67919,79,,,0,20,,67920,79,,,0,20,,67921,79,,,0,60,,67922,79,,,0,20,,67923,79,,,0,20,,67924,79,,,0,60,,67925,79,,,0,20,,67926,79,,,0,20,,67927,79,,,0,60,,67928,79,,,0,20,,67929,79,,,0,20,,67930,79,,,0,60,,67931,79,,,0,20,,67932,79,,,0,20,,67933,79,,,0,60,,67934,79,,,0,20,,67935,79,,,0,20,,67936,79,,,0,60,,67937,79,,,0,20,,67938,79,,,0,20,,67939,79,,,0,60,,67940,79,,,0,20,,67941,79,,,0,20,,67942,79,,,0,60,,67943,79,,,0,20,,67944,79,,,0,20,,67945,79,,,0,60,,67946,79,,,0,20,,67947,79,,,0,20,,67948,79,,,0,60,,67949,79,,,0,20,,67950,79,,,0,20,,67951,79,,,0,60,,67952,79,,,0,18,,67906,77,,,0,74,,67907,77,,,0,45,,67908,77,,,0,85,,67909,77,,,0,85,,67910,77,,,0,85,,67911,77,,,0,45,,67912,77,,,0,85,,67913,77,,,0,85,,67914,77,,,0
2000,'1396',649,,67963,79,,,0,60,,67964,79,,,0,20,,67965,79,,,0,20,,67966,79,,,0,60,,67967,79,,,0,20,,67968,79,,,0,20,,67969,79,,,0,60,,67970,79,,,0,20,,67971,79,,,0,20,,67972,79,,,0,60,,67973,79,,,0,20,,67974,79,,,0,20,,67975,79,,,0,60,,67976,79,,,0,20,,67977,79,,,0,20,,67978,79,,,0,60,,67979,79,,,0,20,,67980,79,,,0,20,,67981,79,,,0,60,,67982,79,,,0,20,,67983,79,,,0,20,,67984,79,,,0,60,,67985,79,,,0,20,,67986,79,,,0,20,,67987,79,,,0,60,,67988,79,,,0,20,,67989,79,,,0,20,,67990,79,,,0,60,,67991,79,,,0,20,,67992,79,,,0,20,,67993,79,,,0,60,,67994,79,,,0,20,,67995,79,,,0,20,,67996,79,,,0,60,,67997,79,,,0,20,,67998,79,,,0,20,,67999,79,,,0,60,,68000,79,,,0,18,,67954,77,,,0,74,,67955,77,,,0,45,,67956,77,,,0,85,,67957,77,,,0,85,,67958,77,,,0,85,,67959,77,,,0,45,,67960,77,,,0,85,,67961,77,,,0,85,,67962,77,,,0
