1801,'1390',748,,66890,81,,,0,100,,66889,81,,,0,100,,66888,81,,,0,105,,66887,81,,,0,80,,66886,81,,,0,80,,66885,81,,,0,40,,66884,81,,,0,80,,66883,81,,,0,80,,66882,81,,,0,40,,66881,81,,,0,80,,66880,81,,,0,80,,66879,81,,,0,40,,66878,81,,,0,80,,66877,81,,,0,80,,66876,81,,,0,40,,66875,81,,,0,80,,66874,81,,,0,80,,66873,81,,,0
1801,'1391',623,,66891,81,,,0,30,,66892,81,,,0,70,,66893,81,,,0,30,,66894,81,,,0,70,,66895,81,,,0,30,,66896,81,,,0,70,,66897,81,,,0,30,,66898,81,,,0,70,,66899,81,,,0,30,,66900,81,,,0,60,,66901,81,,,0,20,,66902,81,,,0,20,,66903,81,,,0,60,,66904,81,,,0,20,,66905,81,,,0,20,,66906,81,,,0,60,,66907,81,,,0,20,,66908,81,,,0,20,,66909,81,,,0,60,,66910,81,,,0,20,,66911,81,,,0,20,,66912,81,,,0,60,,66913,81,,,0,20,,66914,81,,,0,20,,66915,81,,,0,60,,66916,81,,,0,20,,66917,81,,,0,20,,66918,81,,,0,60,,66919,81,,,0,20,,66920,81,,,0,20,,66921,81,,,0,60,,66922,81,,,0,20,,66923,81,,,0,20,,66924,81,,,0,75,,66925,81,,,0,25,,66926,81,,,0,70,,66927,81,,,0,30,,66928,81,,,0,70,,66929,81,,,0,30,,66930,81,,,0,70,,66931,81,,,0,30,,66932,81,,,0,70,,66933,81,,,0,30,,66934,81,,,0,70,,66935,81,,,0,30,,66936,81,,,0,70,,66937,81,,,0
1801,'1392',621,,66976,81,,,0,30,,66977,81,,,0,55,,66942,81,,,0,20,,66941,81,,,0,15,,66940,81,,,0,15,,66939,81,,,0,50,,66938,81,,,0,10,,66943,81,,,0,10,,66944,81,,,0,10,,66945,81,,,0,10,,66946,81,,,0,10,,66947,81,,,0,55,,66948,81,,,0,15,,66949,81,,,0,15,,66950,81,,,0,10,,66978,81,,,0,55,,66979,81,,,0,15,,66980,81,,,0,15,,66981,81,,,0,15,,66982,81,,,0,55,,66983,81,,,0,15,,66984,81,,,0,15,,66985,81,,,0,15,,66986,81,,,0,55,,66987,81,,,0,15,,66988,81,,,0,15,,66989,81,,,0,15,,66990,81,,,0,51,,67009,65,,,0,4,,66991,81,,,0,15,,66992,81,,,0,15,,66993,81,,,0,15,,66994,81,,,0,62,,66951,81,,,0,15,,66952,81,,,0,15,,66953,81,,,0,15,,66954,81,,,0,50,,66955,81,,,0,10,,66956,81,,,0,10,,66957,81,,,0,10,,66958,81,,,0,10,,66959,81,,,0,10,,66960,81,,,0,50,,66961,81,,,0,10,,66962,81,,,0,10,,66963,81,,,0,10,,66964,81,,,0,10,,66965,81,,,0,10,,66966,81,,,0,50,,66967,81,,,0,10,,66968,81,,,0,10,,66969,81,,,0,10,,66970,81,,,0,10,,66971,81,,,0,10,,66972,81,,,0,55,,66973,81,,,0,15,,66974,81,,,0,15,,66975,81,,,0,9,,66995,81,,,0,70,,66996,81,,,0,30,,66997,81,,,0,70,,66998,81,,,0,30,,66999,81,,,0,70,,67000,81,,,0,30,,67001,81,,,0,70,,67002,81,,,0,30,,67003,81,,,0,70,,67004,81,,,0,30,,67005,81,,,0,70,,67006,81,,,0,30,,67007,81,,,0,70,,67008,81,,,0
1801,'1393',621,,67048,81,,,0,30,,67049,81,,,0,55,,67013,81,,,0,20,,67012,81,,,0,15,,67011,81,,,0,15,,67010,81,,,0,50,,67014,81,,,0,10,,67015,81,,,0,10,,67016,81,,,0,10,,67017,81,,,0,10,,67018,81,,,0,10,,67019,81,,,0,55,,67020,81,,,0,15,,67021,81,,,0,15,,67022,81,,,0,10,,67050,81,,,0,55,,67051,81,,,0,15,,67052,81,,,0,15,,67053,81,,,0,15,,67054,81,,,0,55,,67055,81,,,0,15,,67056,81,,,0,15,,67057,81,,,0,15,,67058,81,,,0,55,,67059,81,,,0,15,,67060,81,,,0,15,,67061,81,,,0,15,,67062,81,,,0,51,,67081,65,,,0,4,,67063,81,,,0,15,,67064,81,,,0,15,,67065,81,,,0,15,,67066,81,,,0,62,,67023,81,,,0,15,,67024,81,,,0,15,,67025,81,,,0,15,,67026,81,,,0,50,,67027,81,,,0,10,,67028,81,,,0,10,,67029,81,,,0,10,,67030,81,,,0,10,,67031,81,,,0,10,,67032,81,,,0,50,,67033,81,,,0,10,,67034,81,,,0,10,,67035,81,,,0,10,,67036,81,,,0,10,,67037,81,,,0,10,,67038,81,,,0,50,,67039,81,,,0,10,,67040,81,,,0,10,,67041,81,,,0,10,,67042,81,,,0,10,,67043,81,,,0,10,,67044,81,,,0,55,,67045,81,,,0,15,,67046,81,,,0,15,,67047,81,,,0,9,,67067,81,,,0,70,,67068,81,,,0,30,,67069,81,,,0,70,,67070,81,,,0,30,,67071,81,,,0,70,,67072,81,,,0,30,,67073,81,,,0,70,,67074,81,,,0,30,,67075,81,,,0,70,,67076,81,,,0,30,,67077,81,,,0,70,,67078,81,,,0,30,,67079,81,,,0,70,,67080,81,,,0
1801,'1394',621,,67120,81,,,0,30,,67121,81,,,0,55,,67085,81,,,0,20,,67084,81,,,0,15,,67083,81,,,0,15,,67082,81,,,0,50,,67086,81,,,0,10,,67087,81,,,0,10,,67088,81,,,0,10,,67089,81,,,0,10,,67090,81,,,0,10,,67091,81,,,0,55,,67092,81,,,0,15,,67093,81,,,0,15,,67094,81,,,0,10,,67122,81,,,0,55,,67123,81,,,0,15,,67124,81,,,0,15,,67125,81,,,0,15,,67126,81,,,0,55,,67127,81,,,0,15,,67128,81,,,0,15,,67129,81,,,0,15,,67130,81,,,0,55,,67131,81,,,0,15,,67132,81,,,0,15,,67133,81,,,0,15,,67134,81,,,0,51,,67153,65,,,0,4,,67135,81,,,0,15,,67136,81,,,0,15,,67137,81,,,0,15,,67138,81,,,0,62,,67095,81,,,0,15,,67096,81,,,0,15,,67097,81,,,0,15,,67098,81,,,0,50,,67099,81,,,0,10,,67100,81,,,0,10,,67101,81,,,0,10,,67102,81,,,0,10,,67103,81,,,0,10,,67104,81,,,0,50,,67105,81,,,0,10,,67106,81,,,0,10,,67107,81,,,0,10,,67108,81,,,0,10,,67109,81,,,0,10,,67110,81,,,0,50,,67111,81,,,0,10,,67112,81,,,0,10,,67113,81,,,0,10,,67114,81,,,0,10,,67115,81,,,0,10,,67116,81,,,0,55,,67117,81,,,0,15,,67118,81,,,0,15,,67119,81,,,0,9,,67139,81,,,0,70,,67140,81,,,0,30,,67141,81,,,0,70,,67142,81,,,0,30,,67143,81,,,0,70,,67144,81,,,0,30,,67145,81,,,0,70,,67146,81,,,0,30,,67147,81,,,0,70,,67148,81,,,0,30,,67149,81,,,0,70,,67150,81,,,0,30,,67151,81,,,0,70,,67152,81,,,0
1801,'1395',621,,67192,81,,,0,30,,67193,81,,,0,55,,67157,81,,,0,20,,67156,81,,,0,15,,67155,81,,,0,15,,67154,81,,,0,50,,67158,81,,,0,10,,67159,81,,,0,10,,67160,81,,,0,10,,67161,81,,,0,10,,67162,81,,,0,10,,67163,81,,,0,55,,67164,81,,,0,15,,67165,81,,,0,15,,67166,81,,,0,10,,67194,81,,,0,55,,67195,81,,,0,15,,67196,81,,,0,15,,67197,81,,,0,15,,67198,81,,,0,55,,67199,81,,,0,15,,67200,81,,,0,15,,67201,81,,,0,15,,67202,81,,,0,55,,67203,81,,,0,15,,67204,81,,,0,15,,67205,81,,,0,15,,67206,81,,,0,51,,67225,65,,,0,4,,67207,81,,,0,15,,67208,81,,,0,15,,67209,81,,,0,15,,67210,81,,,0,62,,67167,81,,,0,15,,67168,81,,,0,15,,67169,81,,,0,15,,67170,81,,,0,50,,67171,81,,,0,10,,67172,81,,,0,10,,67173,81,,,0,10,,67174,81,,,0,10,,67175,81,,,0,10,,67176,81,,,0,50,,67177,81,,,0,10,,67178,81,,,0,10,,67179,81,,,0,10,,67180,81,,,0,10,,67181,81,,,0,10,,67182,81,,,0,50,,67183,81,,,0,10,,67184,81,,,0,10,,67185,81,,,0,10,,67186,81,,,0,10,,67187,81,,,0,10,,67188,81,,,0,55,,67189,81,,,0,15,,67190,81,,,0,15,,67191,81,,,0,9,,67211,81,,,0,70,,67212,81,,,0,30,,67213,81,,,0,70,,67214,81,,,0,30,,67215,81,,,0,70,,67216,81,,,0,30,,67217,81,,,0,70,,67218,81,,,0,30,,67219,81,,,0,70,,67220,81,,,0,30,,67221,81,,,0,70,,67222,81,,,0,30,,67223,81,,,0,70,,67224,81,,,0
1801,'1396',621,,67264,81,,,0,30,,67265,81,,,0,55,,67229,81,,,0,20,,67228,81,,,0,15,,67227,81,,,0,15,,67226,81,,,0,50,,67230,81,,,0,10,,67231,81,,,0,10,,67232,81,,,0,10,,67233,81,,,0,10,,67234,81,,,0,10,,67235,81,,,0,55,,67236,81,,,0,15,,67237,81,,,0,15,,67238,81,,,0,10,,67266,81,,,0,55,,67267,81,,,0,15,,67268,81,,,0,15,,67269,81,,,0,15,,67270,81,,,0,55,,67271,81,,,0,15,,67272,81,,,0,15,,67273,81,,,0,15,,67274,81,,,0,55,,67275,81,,,0,15,,67276,81,,,0,15,,67277,81,,,0,15,,67278,81,,,0,51,,67297,65,,,0,4,,67279,81,,,0,15,,67280,81,,,0,15,,67281,81,,,0,15,,67282,81,,,0,62,,67239,81,,,0,15,,67240,81,,,0,15,,67241,81,,,0,15,,67242,81,,,0,50,,67243,81,,,0,10,,67244,81,,,0,10,,67245,81,,,0,10,,67246,81,,,0,10,,67247,81,,,0,10,,67248,81,,,0,50,,67249,81,,,0,10,,67250,81,,,0,10,,67251,81,,,0,10,,67252,81,,,0,10,,67253,81,,,0,10,,67254,81,,,0,50,,67255,81,,,0,10,,67256,81,,,0,10,,67257,81,,,0,10,,67258,81,,,0,10,,67259,81,,,0,10,,67260,81,,,0,55,,67261,81,,,0,15,,67262,81,,,0,15,,67263,81,,,0,9,,67283,81,,,0,70,,67284,81,,,0,30,,67285,81,,,0,70,,67286,81,,,0,30,,67287,81,,,0,70,,67288,81,,,0,30,,67289,81,,,0,70,,67290,81,,,0,30,,67291,81,,,0,70,,67292,81,,,0,30,,67293,81,,,0,70,,67294,81,,,0,30,,67295,81,,,0,70,,67296,81,,,0
2800,'1391',756,,68281,34,,,0,150,,68282,34,,,0,110,,68283,34,,,0,110,,68284,34,,,0,110,,68285,34,,,0,110,,68286,34,,,0,110,,68287,34,,,0,150,,68288,34,,,0,110,,68289,34,,,0,110,,68290,34,,,0,110,,68291,34,,,0
2800,'1392',656,,68297,35,,,0,75,,68298,35,,,0,75,,68299,35,,,0,35,,68300,35,,,0,75,,68301,35,,,0,35,,68302,35,,,0,75,,68303,35,,,0,75,,68304,35,,,0,35,,68305,35,,,0,75,,68306,35,,,0,35,,68307,35,,,0,75,,68308,35,,,0,35,,68309,35,,,0,75,,68310,35,,,0,75,,68311,35,,,0,35,,68312,35,,,0,75,,68313,35,,,0,35,,68314,35,,,0,75,,68292,34,,,0,75,,68293,34,,,0,35,,68294,34,,,0,75,,68295,34,,,0,35,,68296,34,,,0
2800,'1393',656,,68320,35,,,0,75,,68321,35,,,0,75,,68322,35,,,0,35,,68323,35,,,0,75,,68324,35,,,0,35,,68325,35,,,0,75,,68326,35,,,0,75,,68327,35,,,0,35,,68328,35,,,0,75,,68329,35,,,0,35,,68330,35,,,0,75,,68331,35,,,0,35,,68332,35,,,0,75,,68333,35,,,0,75,,68334,35,,,0,35,,68335,35,,,0,75,,68336,35,,,0,35,,68337,35,,,0,75,,68315,34,,,0,75,,68316,34,,,0,35,,68317,34,,,0,75,,68318,34,,,0,35,,68319,34,,,0
2800,'1394',656,,68343,35,,,0,75,,68344,35,,,0,75,,68345,35,,,0,35,,68346,35,,,0,75,,68347,35,,,0,35,,68348,35,,,0,75,,68349,35,,,0,75,,68350,35,,,0,35,,68351,35,,,0,75,,68352,35,,,0,35,,68353,35,,,0,75,,68354,35,,,0,35,,68355,35,,,0,75,,68356,35,,,0,75,,68357,35,,,0,35,,68358,35,,,0,75,,68359,35,,,0,35,,68360,35,,,0,75,,68338,34,,,0,75,,68339,34,,,0,35,,68340,34,,,0,75,,68341,34,,,0,35,,68342,34,,,0
2800,'1395',656,,68366,35,,,0,75,,68367,35,,,0,75,,68368,35,,,0,35,,68369,35,,,0,75,,68370,35,,,0,35,,68371,35,,,0,75,,68372,35,,,0,75,,68373,35,,,0,35,,68374,35,,,0,75,,68375,35,,,0,35,,68376,35,,,0,75,,68377,35,,,0,35,,68378,35,,,0,75,,68379,35,,,0,75,,68380,35,,,0,35,,68381,35,,,0,75,,68382,35,,,0,35,,68383,35,,,0,75,,68361,34,,,0,75,,68362,34,,,0,35,,68363,34,,,0,75,,68364,34,,,0,35,,68365,34,,,0
2800,'1396',656,,68389,35,,,0,75,,68390,35,,,0,75,,68391,35,,,0,35,,68392,35,,,0,75,,68393,35,,,0,35,,68394,35,,,0,75,,68395,35,,,0,75,,68396,35,,,0,35,,68397,35,,,0,75,,68398,35,,,0,35,,68399,35,,,0,75,,68400,35,,,0,35,,68401,35,,,0,75,,68402,35,,,0,75,,68403,35,,,0,35,,68404,35,,,0,75,,68405,35,,,0,35,,68406,35,,,0,75,,68384,34,,,0,75,,68385,34,,,0,35,,68386,34,,,0,75,,68387,34,,,0,35,,68388,34,,,0
