1700,'1390',626,,65455,41,,,0,100,,65454,41,,,0,100,,65453,41,,,0,100,,65452,41,,,0,111,,65470,41,,,0,80,,65469,41,,,0,40,,65468,41,,,0,80,,65467,41,,,0,80,,65466,41,,,0,40,,65465,41,,,0,80,,65464,41,,,0,80,,65463,41,,,0,40,,65462,41,,,0,80,,65461,41,,,0,80,,65460,41,,,0,40,,65459,41,,,0,80,,65458,41,,,0,80,,65457,41,,,0,40,,65456,41,,,0
1700,'1391',546,,65471,41,,,0,74,,65472,41,,,0,30,,65473,41,,,0,70,,65474,41,,,0,30,,65475,41,,,0,70,,65476,41,,,0,30,,65477,41,,,0,70,,65478,41,,,0,30,,65479,41,,,0,70,,65480,41,,,0,37,,65489,41,,,0,60,,65490,41,,,0,20,,65491,41,,,0,20,,65492,41,,,0,60,,65493,41,,,0,20,,65494,41,,,0,20,,65495,41,,,0,60,,65496,41,,,0,20,,65497,41,,,0,20,,65498,41,,,0,60,,65499,41,,,0,20,,65500,41,,,0,20,,65501,41,,,0,60,,65502,41,,,0,20,,65503,41,,,0,20,,65504,41,,,0,60,,65505,41,,,0,20,,65506,41,,,0,20,,65507,41,,,0,60,,65508,41,,,0,20,,65509,41,,,0,20,,65510,41,,,0,60,,65511,41,,,0,20,,65512,41,,,0,15,,65513,41,,,0,70,,65514,41,,,0,30,,65515,41,,,0,70,,65516,41,,,0,30,,65517,41,,,0,68,,65481,41,,,0,30,,65482,41,,,0,70,,65483,41,,,0,30,,65484,41,,,0,70,,65485,41,,,0,30,,65486,41,,,0,70,,65487,41,,,0,30,,65488,41,,,0
1700,'1392',548,,65518,41,,,0,68,,65519,2,,,0,17,,65520,41,,,0,15,,65521,41,,,0,55,,65522,41,,,0,15,,65523,41,,,0,15,,65524,41,,,0,10,,65525,41,,,0,10,,65526,41,,,0,50,,65527,41,,,0,10,,65528,41,,,0,10,,65529,41,,,0,10,,65530,41,,,0,10,,65531,41,,,0,10,,65532,41,,,0,50,,65533,41,,,0,10,,65534,41,,,0,10,,65535,41,,,0,10,,65536,41,,,0,10,,65537,41,,,0,10,,65538,41,,,0,50,,65539,41,,,0,10,,65540,41,,,0,10,,65541,41,,,0,10,,65542,41,,,0,10,,65543,41,,,0,10,,65544,41,,,0,50,,65545,41,,,0,10,,65546,41,,,0,10,,65547,41,,,0,10,,65548,41,,,0,10,,65549,41,,,0,10,,65550,41,,,0,50,,65551,41,,,0,10,,65552,41,,,0,10,,65553,41,,,0,10,,65554,41,,,0,10,,65555,41,,,0,10,,65556,41,,,0,50,,65557,41,,,0,10,,65558,41,,,0,10,,65559,41,,,0,10,,65560,41,,,0,10,,65561,41,,,0,10,,65562,41,,,0,50,,65563,41,,,0,10,,65564,41,,,0,10,,65565,41,,,0,10,,65566,41,,,0,10,,65567,41,,,0,10,,65568,41,,,0,50,,65569,41,,,0,10,,65570,41,,,0,10,,65571,41,,,0,10,,65572,41,,,0,10,,65573,41,,,0,10,,65574,41,,,0,50,,65575,41,,,0,10,,65576,41,,,0,10,,65577,41,,,0,10,,65578,41,,,0,10,,65579,41,,,0,10,,65580,41,,,0,50,,65581,41,,,0,10,,65582,41,,,0,10,,65583,41,,,0,10,,65584,41,,,0,10,,65585,41,,,0,10,,65586,41,,,0,50,,65587,41,,,0,10,,65588,41,,,0,10,,65589,41,,,0,10,,65590,41,,,0,15,,65591,41,,,0,55,,65592,41,,,0,15,,65593,41,,,0,30,,65594,41,,,0,70,,65595,41,,,0,30,,65596,41,,,0,70,,65597,41,,,0,30,,65598,41,,,0,70,,65599,41,,,0,30,,65600,41,,,0,70,,65601,41,,,0,30,,65602,41,,,0,70,,65603,41,,,0,30,,65604,41,,,0
1700,'1393',548,,65605,41,,,0,68,,65606,2,,,0,17,,65607,41,,,0,15,,65608,41,,,0,55,,65609,41,,,0,15,,65610,41,,,0,15,,65611,41,,,0,10,,65612,41,,,0,10,,65613,41,,,0,50,,65614,41,,,0,10,,65615,41,,,0,10,,65616,41,,,0,10,,65617,41,,,0,10,,65618,41,,,0,10,,65619,41,,,0,50,,65620,41,,,0,10,,65621,41,,,0,10,,65622,41,,,0,10,,65623,41,,,0,10,,65624,41,,,0,10,,65625,41,,,0,50,,65626,41,,,0,10,,65627,41,,,0,10,,65628,41,,,0,10,,65629,41,,,0,10,,65630,41,,,0,10,,65631,41,,,0,50,,65632,41,,,0,10,,65633,41,,,0,10,,65634,41,,,0,10,,65635,41,,,0,10,,65636,41,,,0,10,,65637,41,,,0,50,,65638,41,,,0,10,,65639,41,,,0,10,,65640,41,,,0,10,,65641,41,,,0,10,,65642,41,,,0,10,,65643,41,,,0,50,,65644,41,,,0,10,,65645,41,,,0,10,,65646,41,,,0,10,,65647,41,,,0,10,,65648,41,,,0,10,,65649,41,,,0,50,,65650,41,,,0,10,,65651,41,,,0,10,,65652,41,,,0,10,,65653,41,,,0,10,,65654,41,,,0,10,,65655,41,,,0,50,,65656,41,,,0,10,,65657,41,,,0,10,,65658,41,,,0,10,,65659,41,,,0,10,,65660,41,,,0,10,,65661,41,,,0,50,,65662,41,,,0,10,,65663,41,,,0,10,,65664,41,,,0,10,,65665,41,,,0,10,,65666,41,,,0,10,,65667,41,,,0,50,,65668,41,,,0,10,,65669,41,,,0,10,,65670,41,,,0,10,,65671,41,,,0,10,,65672,41,,,0,10,,65673,41,,,0,50,,65674,41,,,0,10,,65675,41,,,0,10,,65676,41,,,0,10,,65677,41,,,0,15,,65678,41,,,0,55,,65679,41,,,0,15,,65680,41,,,0,30,,65681,41,,,0,70,,65682,41,,,0,30,,65683,41,,,0,70,,65684,41,,,0,30,,65685,41,,,0,70,,65686,41,,,0,30,,65687,41,,,0,70,,65688,41,,,0,30,,65689,41,,,0,70,,65690,41,,,0,30,,65691,41,,,0
1700,'1394',548,,65692,41,,,0,68,,65693,2,,,0,17,,65694,41,,,0,15,,65695,41,,,0,55,,65696,41,,,0,15,,65697,41,,,0,15,,65698,41,,,0,10,,65699,41,,,0,10,,65700,41,,,0,50,,65701,41,,,0,10,,65702,41,,,0,10,,65703,41,,,0,10,,65704,41,,,0,10,,65705,41,,,0,10,,65706,41,,,0,50,,65707,41,,,0,10,,65708,41,,,0,10,,65709,41,,,0,10,,65710,41,,,0,10,,65711,41,,,0,10,,65712,41,,,0,50,,65713,41,,,0,10,,65714,41,,,0,10,,65715,41,,,0,10,,65716,41,,,0,10,,65717,41,,,0,10,,65718,41,,,0,50,,65719,41,,,0,10,,65720,41,,,0,10,,65721,41,,,0,10,,65722,41,,,0,10,,65723,41,,,0,10,,65724,41,,,0,50,,65725,41,,,0,10,,65726,41,,,0,10,,65727,41,,,0,10,,65728,41,,,0,10,,65729,41,,,0,10,,65730,41,,,0,50,,65731,41,,,0,10,,65732,41,,,0,10,,65733,41,,,0,10,,65734,41,,,0,10,,65735,41,,,0,10,,65736,41,,,0,50,,65737,41,,,0,10,,65738,41,,,0,10,,65739,41,,,0,10,,65740,41,,,0,10,,65741,41,,,0,10,,65742,41,,,0,50,,65743,41,,,0,10,,65744,41,,,0,10,,65745,41,,,0,10,,65746,41,,,0,10,,65747,41,,,0,10,,65748,41,,,0,50,,65749,41,,,0,10,,65750,41,,,0,10,,65751,41,,,0,10,,65752,41,,,0,10,,65753,41,,,0,10,,65754,41,,,0,50,,65755,41,,,0,10,,65756,41,,,0,10,,65757,41,,,0,10,,65758,41,,,0,10,,65759,41,,,0,10,,65760,41,,,0,50,,65761,41,,,0,10,,65762,41,,,0,10,,65763,41,,,0,10,,65764,41,,,0,15,,65765,41,,,0,55,,65766,41,,,0,15,,65767,41,,,0,30,,65768,41,,,0,70,,65769,41,,,0,30,,65770,41,,,0,70,,65771,41,,,0,30,,65772,41,,,0,70,,65773,41,,,0,30,,65774,41,,,0,70,,65775,41,,,0,30,,65776,41,,,0,70,,65777,41,,,0,30,,65778,41,,,0
1700,'1395',548,,65779,41,,,0,68,,65780,2,,,0,17,,65781,41,,,0,15,,65782,41,,,0,55,,65783,41,,,0,15,,65784,41,,,0,15,,65785,41,,,0,10,,65786,41,,,0,10,,65787,41,,,0,50,,65788,41,,,0,10,,65789,41,,,0,10,,65790,41,,,0,10,,65791,41,,,0,10,,65792,41,,,0,10,,65793,41,,,0,50,,65794,41,,,0,10,,65795,41,,,0,10,,65796,41,,,0,10,,65797,41,,,0,10,,65798,41,,,0,10,,65799,41,,,0,50,,65800,41,,,0,10,,65801,41,,,0,10,,65802,41,,,0,10,,65803,41,,,0,10,,65804,41,,,0,10,,65805,41,,,0,50,,65806,41,,,0,10,,65807,41,,,0,10,,65808,41,,,0,10,,65809,41,,,0,10,,65810,41,,,0,10,,65811,41,,,0,50,,65812,41,,,0,10,,65813,41,,,0,10,,65814,41,,,0,10,,65815,41,,,0,10,,65816,41,,,0,10,,65817,41,,,0,50,,65818,41,,,0,10,,65819,41,,,0,10,,65820,41,,,0,10,,65821,41,,,0,10,,65822,41,,,0,10,,65823,41,,,0,50,,65824,41,,,0,10,,65825,41,,,0,10,,65826,41,,,0,10,,65827,41,,,0,10,,65828,41,,,0,10,,65829,41,,,0,50,,65830,41,,,0,10,,65831,41,,,0,10,,65832,41,,,0,10,,65833,41,,,0,10,,65834,41,,,0,10,,65835,41,,,0,50,,65836,41,,,0,10,,65837,41,,,0,10,,65838,41,,,0,10,,65839,41,,,0,10,,65840,41,,,0,10,,65841,41,,,0,50,,65842,41,,,0,10,,65843,41,,,0,10,,65844,41,,,0,10,,65845,41,,,0,10,,65846,41,,,0,10,,65847,41,,,0,50,,65848,41,,,0,10,,65849,41,,,0,10,,65850,41,,,0,10,,65851,41,,,0,15,,65852,41,,,0,55,,65853,41,,,0,15,,65854,41,,,0,30,,65855,41,,,0,70,,65856,41,,,0,30,,65857,41,,,0,70,,65858,41,,,0,30,,65859,41,,,0,70,,65860,41,,,0,30,,65861,41,,,0,70,,65862,41,,,0,30,,65863,41,,,0,70,,65864,41,,,0,30,,65865,41,,,0
1700,'1396',548,,65866,41,,,0,68,,65867,2,,,0,17,,65868,41,,,0,15,,65869,41,,,0,55,,65870,41,,,0,15,,65871,41,,,0,15,,65872,41,,,0,10,,65873,41,,,0,10,,65874,41,,,0,50,,65875,41,,,0,10,,65876,41,,,0,10,,65877,41,,,0,10,,65878,41,,,0,10,,65879,41,,,0,10,,65880,41,,,0,50,,65881,41,,,0,10,,65882,41,,,0,10,,65883,41,,,0,10,,65884,41,,,0,10,,65885,41,,,0,10,,65886,41,,,0,50,,65887,41,,,0,10,,65888,41,,,0,10,,65889,41,,,0,10,,65890,41,,,0,10,,65891,41,,,0,10,,65892,41,,,0,50,,65893,41,,,0,10,,65894,41,,,0,10,,65895,41,,,0,10,,65896,41,,,0,10,,65897,41,,,0,10,,65898,41,,,0,50,,65899,41,,,0,10,,65900,41,,,0,10,,65901,41,,,0,10,,65902,41,,,0,10,,65903,41,,,0,10,,65904,41,,,0,50,,65905,41,,,0,10,,65906,41,,,0,10,,65907,41,,,0,10,,65908,41,,,0,10,,65909,41,,,0,10,,65910,41,,,0,50,,65911,41,,,0,10,,65912,41,,,0,10,,65913,41,,,0,10,,65914,41,,,0,10,,65915,41,,,0,10,,65916,41,,,0,50,,65917,41,,,0,10,,65918,41,,,0,10,,65919,41,,,0,10,,65920,41,,,0,10,,65921,41,,,0,10,,65922,41,,,0,50,,65923,41,,,0,10,,65924,41,,,0,10,,65925,41,,,0,10,,65926,41,,,0,10,,65927,41,,,0,10,,65928,41,,,0,50,,65929,41,,,0,10,,65930,41,,,0,10,,65931,41,,,0,10,,65932,41,,,0,10,,65933,41,,,0,10,,65934,41,,,0,50,,65935,41,,,0,10,,65936,41,,,0,10,,65937,41,,,0,10,,65938,41,,,0,15,,65939,41,,,0,55,,65940,41,,,0,15,,65941,41,,,0,30,,65942,41,,,0,70,,65943,41,,,0,30,,65944,41,,,0,70,,65945,41,,,0,30,,65946,41,,,0,70,,65947,41,,,0,30,,65948,41,,,0,70,,65949,41,,,0,30,,65950,41,,,0,70,,65951,41,,,0,30,,65952,41,,,0
552200,'1392',646,,69086,7,0,9,0,70,,69087,7,0,9,0,30,,69088,7,0,9,0,70,,69089,7,0,9,0,30,,69090,7,0,9,0,70,,69091,7,0,9,0,30,,69092,7,0,9,0,70,,69093,7,0,9,0,30,,69094,7,0,9,0,70,,69095,7,0,9,0,30,,69096,7,0,9,0,70,,69097,7,0,9,0,30,,69098,7,0,9,0,70,,69099,7,0,9,0,30,,69100,7,0,9,0,70,,69101,7,0,9,0,30,,69102,7,0,9,0,70,,69103,7,0,9,0,30,,69104,7,0,9,0,70,,69105,7,0,9,0,30,,69106,7,0,9,0,70,,69107,7,0,9,0,30,,69108,7,0,9,0
552200,'1393',646,,69109,7,0,9,0,70,,69110,7,0,9,0,30,,69111,7,0,9,0,70,,69112,7,0,9,0,30,,69113,7,0,9,0,70,,69114,7,0,9,0,30,,69115,7,0,9,0,70,,69116,7,0,9,0,30,,69117,7,0,9,0,70,,69118,7,0,9,0,30,,69119,7,0,9,0,70,,69120,7,0,9,0,30,,69121,7,0,9,0,70,,69122,7,0,9,0,30,,69123,7,0,9,0,70,,69124,7,0,9,0,30,,69125,7,0,9,0,70,,69126,7,0,9,0,30,,69127,7,0,9,0,70,,69128,7,0,9,0,30,,69129,7,0,9,0,70,,69130,7,0,9,0,30,,69131,7,0,9,0
552200,'1394',646,,69132,7,0,9,0,70,,69133,7,0,9,0,30,,69134,7,0,9,0,70,,69135,7,0,9,0,30,,69136,7,0,9,0,70,,69137,7,0,9,0,30,,69138,7,0,9,0,70,,69139,7,0,9,0,30,,69140,7,0,9,0,70,,69141,7,0,9,0,30,,69142,7,0,9,0,70,,69143,7,0,9,0,30,,69144,7,0,9,0,70,,69145,7,0,9,0,30,,69146,7,0,9,0,70,,69147,7,0,9,0,30,,69148,7,0,9,0,70,,69149,7,0,9,0,30,,69150,7,0,9,0,70,,69151,7,0,9,0,30,,69152,7,0,9,0,70,,69153,7,0,9,0,30,,69154,7,0,9,0
552200,'1395',646,,69155,7,0,9,0,70,,69156,7,0,9,0,30,,69157,7,0,9,0,70,,69158,7,0,9,0,30,,69159,7,0,9,0,70,,69160,7,0,9,0,30,,69161,7,0,9,0,70,,69162,7,0,9,0,30,,69163,7,0,9,0,70,,69164,7,0,9,0,30,,69165,7,0,9,0,70,,69166,7,0,9,0,30,,69167,7,0,9,0,70,,69168,7,0,9,0,30,,69169,7,0,9,0,70,,69170,7,0,9,0,30,,69171,7,0,9,0,70,,69172,7,0,9,0,30,,69173,7,0,9,0,70,,69174,7,0,9,0,30,,69175,7,0,9,0,70,,69176,7,0,9,0,30,,69177,7,0,9,0
552200,'1396',646,,69178,7,0,9,0,70,,69179,7,0,9,0,30,,69180,7,0,9,0,70,,69181,7,0,9,0,30,,69182,7,0,9,0,70,,69183,7,0,9,0,30,,69184,7,0,9,0,70,,69185,7,0,9,0,30,,69186,7,0,9,0,70,,69187,7,0,9,0,30,,69188,7,0,9,0,70,,69189,7,0,9,0,30,,69190,7,0,9,0,70,,69191,7,0,9,0,30,,69192,7,0,9,0,70,,69193,7,0,9,0,30,,69194,7,0,9,0,70,,69195,7,0,9,0,30,,69196,7,0,9,0,70,,69197,7,0,9,0,30,,69198,7,0,9,0,70,,69199,7,0,9,0,30,,69200,7,0,9,0
