1600,'1390',1048,,64907,22,,,0,70,,64906,22,,,0,85,,64905,22,,,0,30,,64904,22,,,0,70,,64903,22,,,0,30,,64902,22,,,0,70,,64901,22,,,0,30,,64900,22,,,0,70,,64899,22,,,0,30,,64898,22,,,0,70,,64897,22,,,0,30,,64896,22,,,0,70,,64895,22,,,0,20,,64894,22,,,0,10,,64893,22,,,0,70,,64892,22,,,0,20,,64891,22,,,0,10,,64890,22,,,0,70,,64889,22,,,0,30,,64888,22,,,0,70,,64887,22,,,0
1600,'1391',737,,64908,22,,,0,70,,64909,22,,,0,30,,64910,22,,,0,70,,64911,22,,,0,30,,64912,22,,,0,70,,64913,22,,,0,30,,64914,22,,,0,70,,64915,22,,,0,20,,64916,22,,,0,20,,64917,22,,,0,60,,64918,22,,,0,20,,64919,22,,,0,20,,64920,22,,,0,60,,64921,22,,,0,20,,64922,22,,,0,20,,64923,22,,,0,60,,64924,22,,,0,20,,64925,22,,,0,20,,64926,22,,,0,60,,64927,22,,,0,20,,64928,22,,,0,20,,64929,22,,,0,60,,64930,22,,,0,20,,64931,22,,,0,20,,64932,22,,,0,60,,64933,22,,,0,20,,64934,22,,,0,20,,64935,22,,,0,60,,64936,22,,,0,20,,64937,22,,,0,5,,64938,22,,,0,15,,64939,22,,,0,60,,64940,22,,,0,30,,64941,22,,,0,70,,64942,22,,,0,30,,64943,22,,,0,70,,64944,22,,,0,30,,64945,22,,,0,70,,64946,22,,,0,100,,64947,22,,,0
1600,'1392',645,,64949,22,,,0,74,,64948,22,,,0,31,,64950,22,,,0,60,,64951,22,,,0,20,,64952,22,,,0,20,,64953,22,,,0,60,,64954,22,,,0,20,,64955,22,,,0,20,,64956,22,,,0,60,,64957,22,,,0,20,,64958,22,,,0,20,,64959,22,,,0,60,,64960,22,,,0,20,,64961,22,,,0,20,,64962,22,,,0,60,,64963,22,,,0,20,,64964,22,,,0,20,,64965,22,,,0,60,,64966,22,,,0,20,,64967,22,,,0,20,,64968,22,,,0,60,,64969,22,,,0,20,,64970,22,,,0,20,,64971,22,,,0,60,,64972,22,,,0,20,,64973,22,,,0,20,,64974,22,,,0,60,,64975,22,,,0,20,,64976,22,,,0,20,,64977,22,,,0,60,,64978,22,,,0,20,,64979,22,,,0,20,,64980,22,,,0,60,,64981,22,,,0,20,,64982,22,,,0,20,,64983,22,,,0,55,,64984,22,,,0,30,,64985,22,,,0,70,,64986,22,,,0,30,,64987,22,,,0,70,,64988,22,,,0,30,,64989,22,,,0,70,,64990,22,,,0,100,,64991,22,,,0
1600,'1393',645,,64993,22,,,0,74,,64992,22,,,0,31,,64994,22,,,0,60,,64995,22,,,0,20,,64996,22,,,0,20,,64997,22,,,0,60,,64998,22,,,0,20,,64999,22,,,0,20,,65000,22,,,0,60,,65001,22,,,0,20,,65002,22,,,0,20,,65003,22,,,0,60,,65004,22,,,0,20,,65005,22,,,0,20,,65006,22,,,0,60,,65007,22,,,0,20,,65008,22,,,0,20,,65009,22,,,0,60,,65010,22,,,0,20,,65011,22,,,0,20,,65012,22,,,0,60,,65013,22,,,0,20,,65014,22,,,0,20,,65015,22,,,0,60,,65016,22,,,0,20,,65017,22,,,0,20,,65018,22,,,0,60,,65019,22,,,0,20,,65020,22,,,0,20,,65021,22,,,0,60,,65022,22,,,0,20,,65023,22,,,0,20,,65024,22,,,0,60,,65025,22,,,0,20,,65026,22,,,0,20,,65027,22,,,0,55,,65028,22,,,0,30,,65029,22,,,0,70,,65030,22,,,0,30,,65031,22,,,0,70,,65032,22,,,0,30,,65033,22,,,0,70,,65034,22,,,0,100,,65035,22,,,0
1600,'1394',645,,65037,22,,,0,74,,65036,22,,,0,31,,65038,22,,,0,60,,65039,22,,,0,20,,65040,22,,,0,20,,65041,22,,,0,60,,65042,22,,,0,20,,65043,22,,,0,20,,65044,22,,,0,60,,65045,22,,,0,20,,65046,22,,,0,20,,65047,22,,,0,60,,65048,22,,,0,20,,65049,22,,,0,20,,65050,22,,,0,60,,65051,22,,,0,20,,65052,22,,,0,20,,65053,22,,,0,60,,65054,22,,,0,20,,65055,22,,,0,20,,65056,22,,,0,60,,65057,22,,,0,20,,65058,22,,,0,20,,65059,22,,,0,60,,65060,22,,,0,20,,65061,22,,,0,20,,65062,22,,,0,60,,65063,22,,,0,20,,65064,22,,,0,20,,65065,22,,,0,60,,65066,22,,,0,20,,65067,22,,,0,20,,65068,22,,,0,60,,65069,22,,,0,20,,65070,22,,,0,20,,65071,22,,,0,55,,65072,22,,,0,30,,65073,22,,,0,70,,65074,22,,,0,30,,65075,22,,,0,70,,65076,22,,,0,30,,65077,22,,,0,70,,65078,22,,,0,100,,65079,22,,,0
1600,'1395',645,,65081,22,,,0,74,,65080,22,,,0,31,,65082,22,,,0,60,,65083,22,,,0,20,,65084,22,,,0,20,,65085,22,,,0,60,,65086,22,,,0,20,,65087,22,,,0,20,,65088,22,,,0,60,,65089,22,,,0,20,,65090,22,,,0,20,,65091,22,,,0,60,,65092,22,,,0,20,,65093,22,,,0,20,,65094,22,,,0,60,,65095,22,,,0,20,,65096,22,,,0,20,,65097,22,,,0,60,,65098,22,,,0,20,,65099,22,,,0,20,,65100,22,,,0,60,,65101,22,,,0,20,,65102,22,,,0,20,,65103,22,,,0,60,,65104,22,,,0,20,,65105,22,,,0,20,,65106,22,,,0,60,,65107,22,,,0,20,,65108,22,,,0,20,,65109,22,,,0,60,,65110,22,,,0,20,,65111,22,,,0,20,,65112,22,,,0,60,,65113,22,,,0,20,,65114,22,,,0,20,,65115,22,,,0,55,,65116,22,,,0,30,,65117,22,,,0,70,,65118,22,,,0,30,,65119,22,,,0,70,,65120,22,,,0,30,,65121,22,,,0,70,,65122,22,,,0,100,,65123,22,,,0
1600,'1396',645,,65125,22,,,0,74,,65124,22,,,0,31,,65126,22,,,0,60,,65127,22,,,0,20,,65128,22,,,0,20,,65129,22,,,0,60,,65130,22,,,0,20,,65131,22,,,0,20,,65132,22,,,0,60,,65133,22,,,0,20,,65134,22,,,0,20,,65135,22,,,0,60,,65136,22,,,0,20,,65137,22,,,0,20,,65138,22,,,0,60,,65139,22,,,0,20,,65140,22,,,0,20,,65141,22,,,0,60,,65142,22,,,0,20,,65143,22,,,0,20,,65144,22,,,0,60,,65145,22,,,0,20,,65146,22,,,0,20,,65147,22,,,0,60,,65148,22,,,0,20,,65149,22,,,0,20,,65150,22,,,0,60,,65151,22,,,0,20,,65152,22,,,0,20,,65153,22,,,0,60,,65154,22,,,0,20,,65155,22,,,0,20,,65156,22,,,0,60,,65157,22,,,0,20,,65158,22,,,0,20,,65159,22,,,0,55,,65160,22,,,0,30,,65161,22,,,0,70,,65162,22,,,0,30,,65163,22,,,0,70,,65164,22,,,0,30,,65165,22,,,0,70,,65166,22,,,0,100,,65167,22,,,0
1700,'1390',638,,65455,59,,,0,100,,65454,59,,,0,100,,65453,59,,,0,100,,65452,59,,,0,114,,65470,59,,,0,80,,65469,59,,,0,80,,65468,59,,,0,40,,65467,59,,,0,80,,65466,59,,,0,80,,65465,59,,,0,40,,65464,59,,,0,80,,65463,59,,,0,80,,65462,59,,,0,40,,65461,59,,,0,80,,65460,59,,,0,80,,65459,59,,,0,40,,65458,59,,,0,80,,65457,59,,,0,80,,65456,59,,,0
1700,'1391',559,,65471,59,,,0,74,,65472,59,,,0,70,,65473,59,,,0,30,,65474,59,,,0,70,,65475,59,,,0,30,,65476,59,,,0,70,,65477,59,,,0,30,,65478,59,,,0,70,,65479,59,,,0,30,,65480,59,,,0,78,,65489,59,,,0,20,,65490,59,,,0,20,,65491,59,,,0,60,,65492,59,,,0,20,,65493,59,,,0,20,,65494,59,,,0,60,,65495,59,,,0,20,,65496,59,,,0,20,,65497,59,,,0,60,,65498,59,,,0,20,,65499,59,,,0,20,,65500,59,,,0,60,,65501,59,,,0,20,,65502,59,,,0,20,,65503,59,,,0,60,,65504,59,,,0,20,,65505,59,,,0,20,,65506,59,,,0,60,,65507,59,,,0,20,,65508,59,,,0,20,,65509,59,,,0,60,,65510,59,,,0,20,,65511,59,,,0,20,,65512,59,,,0,55,,65513,59,,,0,30,,65514,59,,,0,70,,65515,59,,,0,30,,65516,59,,,0,70,,65517,59,,,0,27,,65481,59,,,0,70,,65482,59,,,0,30,,65483,59,,,0,70,,65484,59,,,0,30,,65485,59,,,0,70,,65486,59,,,0,30,,65487,59,,,0,70,,65488,59,,,0
1700,'1392',600,,65518,59,,,0,28,,65519,20,,,0,18,,65520,59,,,0,55,,65521,59,,,0,15,,65522,59,,,0,15,,65523,59,,,0,15,,65524,59,,,0,10,,65525,59,,,0,50,,65526,59,,,0,10,,65527,59,,,0,10,,65528,59,,,0,10,,65529,59,,,0,10,,65530,59,,,0,10,,65531,59,,,0,50,,65532,59,,,0,10,,65533,59,,,0,10,,65534,59,,,0,10,,65535,59,,,0,10,,65536,59,,,0,10,,65537,59,,,0,50,,65538,59,,,0,10,,65539,59,,,0,10,,65540,59,,,0,10,,65541,59,,,0,10,,65542,59,,,0,10,,65543,59,,,0,50,,65544,59,,,0,10,,65545,59,,,0,10,,65546,59,,,0,10,,65547,59,,,0,10,,65548,59,,,0,10,,65549,59,,,0,50,,65550,59,,,0,10,,65551,59,,,0,10,,65552,59,,,0,10,,65553,59,,,0,10,,65554,59,,,0,10,,65555,59,,,0,50,,65556,59,,,0,10,,65557,59,,,0,10,,65558,59,,,0,10,,65559,59,,,0,10,,65560,59,,,0,10,,65561,59,,,0,50,,65562,59,,,0,10,,65563,59,,,0,10,,65564,59,,,0,10,,65565,59,,,0,10,,65566,59,,,0,10,,65567,59,,,0,50,,65568,59,,,0,10,,65569,59,,,0,10,,65570,59,,,0,10,,65571,59,,,0,10,,65572,59,,,0,10,,65573,59,,,0,50,,65574,59,,,0,10,,65575,59,,,0,10,,65576,59,,,0,10,,65577,59,,,0,10,,65578,59,,,0,10,,65579,59,,,0,50,,65580,59,,,0,10,,65581,59,,,0,10,,65582,59,,,0,10,,65583,59,,,0,10,,65584,59,,,0,10,,65585,59,,,0,50,,65586,59,,,0,10,,65587,59,,,0,10,,65588,59,,,0,10,,65589,59,,,0,10,,65590,59,,,0,55,,65591,59,,,0,15,,65592,59,,,0,15,,65593,59,,,0,70,,65594,59,,,0,30,,65595,59,,,0,70,,65596,59,,,0,30,,65597,59,,,0,70,,65598,59,,,0,30,,65599,59,,,0,70,,65600,59,,,0,30,,65601,59,,,0,70,,65602,59,,,0,30,,65603,59,,,0,70,,65604,59,,,0
1700,'1393',600,,65605,59,,,0,28,,65606,20,,,0,18,,65607,59,,,0,55,,65608,59,,,0,15,,65609,59,,,0,15,,65610,59,,,0,15,,65611,59,,,0,10,,65612,59,,,0,50,,65613,59,,,0,10,,65614,59,,,0,10,,65615,59,,,0,10,,65616,59,,,0,10,,65617,59,,,0,10,,65618,59,,,0,50,,65619,59,,,0,10,,65620,59,,,0,10,,65621,59,,,0,10,,65622,59,,,0,10,,65623,59,,,0,10,,65624,59,,,0,50,,65625,59,,,0,10,,65626,59,,,0,10,,65627,59,,,0,10,,65628,59,,,0,10,,65629,59,,,0,10,,65630,59,,,0,50,,65631,59,,,0,10,,65632,59,,,0,10,,65633,59,,,0,10,,65634,59,,,0,10,,65635,59,,,0,10,,65636,59,,,0,50,,65637,59,,,0,10,,65638,59,,,0,10,,65639,59,,,0,10,,65640,59,,,0,10,,65641,59,,,0,10,,65642,59,,,0,50,,65643,59,,,0,10,,65644,59,,,0,10,,65645,59,,,0,10,,65646,59,,,0,10,,65647,59,,,0,10,,65648,59,,,0,50,,65649,59,,,0,10,,65650,59,,,0,10,,65651,59,,,0,10,,65652,59,,,0,10,,65653,59,,,0,10,,65654,59,,,0,50,,65655,59,,,0,10,,65656,59,,,0,10,,65657,59,,,0,10,,65658,59,,,0,10,,65659,59,,,0,10,,65660,59,,,0,50,,65661,59,,,0,10,,65662,59,,,0,10,,65663,59,,,0,10,,65664,59,,,0,10,,65665,59,,,0,10,,65666,59,,,0,50,,65667,59,,,0,10,,65668,59,,,0,10,,65669,59,,,0,10,,65670,59,,,0,10,,65671,59,,,0,10,,65672,59,,,0,50,,65673,59,,,0,10,,65674,59,,,0,10,,65675,59,,,0,10,,65676,59,,,0,10,,65677,59,,,0,55,,65678,59,,,0,15,,65679,59,,,0,15,,65680,59,,,0,70,,65681,59,,,0,30,,65682,59,,,0,70,,65683,59,,,0,30,,65684,59,,,0,70,,65685,59,,,0,30,,65686,59,,,0,70,,65687,59,,,0,30,,65688,59,,,0,70,,65689,59,,,0,30,,65690,59,,,0,70,,65691,59,,,0
1700,'1394',600,,65692,59,,,0,28,,65693,20,,,0,18,,65694,59,,,0,55,,65695,59,,,0,15,,65696,59,,,0,15,,65697,59,,,0,15,,65698,59,,,0,10,,65699,59,,,0,50,,65700,59,,,0,10,,65701,59,,,0,10,,65702,59,,,0,10,,65703,59,,,0,10,,65704,59,,,0,10,,65705,59,,,0,50,,65706,59,,,0,10,,65707,59,,,0,10,,65708,59,,,0,10,,65709,59,,,0,10,,65710,59,,,0,10,,65711,59,,,0,50,,65712,59,,,0,10,,65713,59,,,0,10,,65714,59,,,0,10,,65715,59,,,0,10,,65716,59,,,0,10,,65717,59,,,0,50,,65718,59,,,0,10,,65719,59,,,0,10,,65720,59,,,0,10,,65721,59,,,0,10,,65722,59,,,0,10,,65723,59,,,0,50,,65724,59,,,0,10,,65725,59,,,0,10,,65726,59,,,0,10,,65727,59,,,0,10,,65728,59,,,0,10,,65729,59,,,0,50,,65730,59,,,0,10,,65731,59,,,0,10,,65732,59,,,0,10,,65733,59,,,0,10,,65734,59,,,0,10,,65735,59,,,0,50,,65736,59,,,0,10,,65737,59,,,0,10,,65738,59,,,0,10,,65739,59,,,0,10,,65740,59,,,0,10,,65741,59,,,0,50,,65742,59,,,0,10,,65743,59,,,0,10,,65744,59,,,0,10,,65745,59,,,0,10,,65746,59,,,0,10,,65747,59,,,0,50,,65748,59,,,0,10,,65749,59,,,0,10,,65750,59,,,0,10,,65751,59,,,0,10,,65752,59,,,0,10,,65753,59,,,0,50,,65754,59,,,0,10,,65755,59,,,0,10,,65756,59,,,0,10,,65757,59,,,0,10,,65758,59,,,0,10,,65759,59,,,0,50,,65760,59,,,0,10,,65761,59,,,0,10,,65762,59,,,0,10,,65763,59,,,0,10,,65764,59,,,0,55,,65765,59,,,0,15,,65766,59,,,0,15,,65767,59,,,0,70,,65768,59,,,0,30,,65769,59,,,0,70,,65770,59,,,0,30,,65771,59,,,0,70,,65772,59,,,0,30,,65773,59,,,0,70,,65774,59,,,0,30,,65775,59,,,0,70,,65776,59,,,0,30,,65777,59,,,0,70,,65778,59,,,0
1700,'1395',600,,65779,59,,,0,28,,65780,20,,,0,18,,65781,59,,,0,55,,65782,59,,,0,15,,65783,59,,,0,15,,65784,59,,,0,15,,65785,59,,,0,10,,65786,59,,,0,50,,65787,59,,,0,10,,65788,59,,,0,10,,65789,59,,,0,10,,65790,59,,,0,10,,65791,59,,,0,10,,65792,59,,,0,50,,65793,59,,,0,10,,65794,59,,,0,10,,65795,59,,,0,10,,65796,59,,,0,10,,65797,59,,,0,10,,65798,59,,,0,50,,65799,59,,,0,10,,65800,59,,,0,10,,65801,59,,,0,10,,65802,59,,,0,10,,65803,59,,,0,10,,65804,59,,,0,50,,65805,59,,,0,10,,65806,59,,,0,10,,65807,59,,,0,10,,65808,59,,,0,10,,65809,59,,,0,10,,65810,59,,,0,50,,65811,59,,,0,10,,65812,59,,,0,10,,65813,59,,,0,10,,65814,59,,,0,10,,65815,59,,,0,10,,65816,59,,,0,50,,65817,59,,,0,10,,65818,59,,,0,10,,65819,59,,,0,10,,65820,59,,,0,10,,65821,59,,,0,10,,65822,59,,,0,50,,65823,59,,,0,10,,65824,59,,,0,10,,65825,59,,,0,10,,65826,59,,,0,10,,65827,59,,,0,10,,65828,59,,,0,50,,65829,59,,,0,10,,65830,59,,,0,10,,65831,59,,,0,10,,65832,59,,,0,10,,65833,59,,,0,10,,65834,59,,,0,50,,65835,59,,,0,10,,65836,59,,,0,10,,65837,59,,,0,10,,65838,59,,,0,10,,65839,59,,,0,10,,65840,59,,,0,50,,65841,59,,,0,10,,65842,59,,,0,10,,65843,59,,,0,10,,65844,59,,,0,10,,65845,59,,,0,10,,65846,59,,,0,50,,65847,59,,,0,10,,65848,59,,,0,10,,65849,59,,,0,10,,65850,59,,,0,10,,65851,59,,,0,55,,65852,59,,,0,15,,65853,59,,,0,15,,65854,59,,,0,70,,65855,59,,,0,30,,65856,59,,,0,70,,65857,59,,,0,30,,65858,59,,,0,70,,65859,59,,,0,30,,65860,59,,,0,70,,65861,59,,,0,30,,65862,59,,,0,70,,65863,59,,,0,30,,65864,59,,,0,70,,65865,59,,,0
1700,'1396',600,,65866,59,,,0,28,,65867,20,,,0,18,,65868,59,,,0,55,,65869,59,,,0,15,,65870,59,,,0,15,,65871,59,,,0,15,,65872,59,,,0,10,,65873,59,,,0,50,,65874,59,,,0,10,,65875,59,,,0,10,,65876,59,,,0,10,,65877,59,,,0,10,,65878,59,,,0,10,,65879,59,,,0,50,,65880,59,,,0,10,,65881,59,,,0,10,,65882,59,,,0,10,,65883,59,,,0,10,,65884,59,,,0,10,,65885,59,,,0,50,,65886,59,,,0,10,,65887,59,,,0,10,,65888,59,,,0,10,,65889,59,,,0,10,,65890,59,,,0,10,,65891,59,,,0,50,,65892,59,,,0,10,,65893,59,,,0,10,,65894,59,,,0,10,,65895,59,,,0,10,,65896,59,,,0,10,,65897,59,,,0,50,,65898,59,,,0,10,,65899,59,,,0,10,,65900,59,,,0,10,,65901,59,,,0,10,,65902,59,,,0,10,,65903,59,,,0,50,,65904,59,,,0,10,,65905,59,,,0,10,,65906,59,,,0,10,,65907,59,,,0,10,,65908,59,,,0,10,,65909,59,,,0,50,,65910,59,,,0,10,,65911,59,,,0,10,,65912,59,,,0,10,,65913,59,,,0,10,,65914,59,,,0,10,,65915,59,,,0,50,,65916,59,,,0,10,,65917,59,,,0,10,,65918,59,,,0,10,,65919,59,,,0,10,,65920,59,,,0,10,,65921,59,,,0,50,,65922,59,,,0,10,,65923,59,,,0,10,,65924,59,,,0,10,,65925,59,,,0,10,,65926,59,,,0,10,,65927,59,,,0,50,,65928,59,,,0,10,,65929,59,,,0,10,,65930,59,,,0,10,,65931,59,,,0,10,,65932,59,,,0,10,,65933,59,,,0,50,,65934,59,,,0,10,,65935,59,,,0,10,,65936,59,,,0,10,,65937,59,,,0,10,,65938,59,,,0,55,,65939,59,,,0,15,,65940,59,,,0,15,,65941,59,,,0,70,,65942,59,,,0,30,,65943,59,,,0,70,,65944,59,,,0,30,,65945,59,,,0,70,,65946,59,,,0,30,,65947,59,,,0,70,,65948,59,,,0,30,,65949,59,,,0,70,,65950,59,,,0,30,,65951,59,,,0,70,,65952,59,,,0
2000,'1390',1015,,67728,75,,,0,85,,67727,75,,,0,45,,67726,75,,,0,85,,67725,75,,,0,85,,67724,75,,,0,85,,67723,75,,,0,45,,67722,75,,,0,85,,67721,75,,,0,85,,67720,75,,,0,85,,67719,75,,,0,46,,67718,75,,,0,84,,67717,75,,,0,85,,67716,75,,,0,85,,67715,75,,,0,45,,67714,75,,,0
2000,'1391',721,,67731,75,,,0,85,,67732,75,,,0,45,,67733,75,,,0,85,,67734,75,,,0,15,,67735,75,,,0,70,,67736,75,,,0,80,,67737,75,,,0,30,,67738,75,,,0,70,,67739,75,,,0,30,,67740,75,,,0,80,,67741,75,,,0,30,,67742,75,,,0,70,,67743,75,,,0,30,,67744,75,,,0,80,,67745,75,,,0,30,,67746,75,,,0,70,,67747,75,,,0,30,,67748,75,,,0,80,,67749,75,,,0,70,,67750,75,,,0,30,,67751,75,,,0,70,,67752,75,,,0,40,,67753,75,,,0,75,,67754,75,,,0,85,,67755,75,,,0,45,,67756,75,,,0,85,,67757,75,,,0,85,,67758,75,,,0,85,,67759,75,,,0,45,,67760,75,,,0
2000,'1392',648,,67771,77,,,0,60,,67772,77,,,0,20,,67773,77,,,0,20,,67774,77,,,0,60,,67775,77,,,0,20,,67776,77,,,0,20,,67777,77,,,0,60,,67778,77,,,0,20,,67779,77,,,0,20,,67780,77,,,0,60,,67781,77,,,0,20,,67782,77,,,0,20,,67783,77,,,0,60,,67784,77,,,0,20,,67785,77,,,0,20,,67786,77,,,0,60,,67787,77,,,0,20,,67788,77,,,0,20,,67789,77,,,0,60,,67790,77,,,0,20,,67791,77,,,0,20,,67792,77,,,0,60,,67793,77,,,0,20,,67794,77,,,0,20,,67795,77,,,0,60,,67796,77,,,0,20,,67797,77,,,0,20,,67798,77,,,0,60,,67799,77,,,0,20,,67800,77,,,0,20,,67801,77,,,0,60,,67802,77,,,0,20,,67803,77,,,0,20,,67804,77,,,0,60,,67805,77,,,0,20,,67806,77,,,0,20,,67807,77,,,0,60,,67808,77,,,0,18,,67762,75,,,0,74,,67763,75,,,0,45,,67764,75,,,0,85,,67765,75,,,0,85,,67766,75,,,0,85,,67767,75,,,0,45,,67768,75,,,0,85,,67769,75,,,0,85,,67770,75,,,0
2000,'1393',648,,67819,77,,,0,60,,67820,77,,,0,20,,67821,77,,,0,20,,67822,77,,,0,60,,67823,77,,,0,20,,67824,77,,,0,20,,67825,77,,,0,60,,67826,77,,,0,20,,67827,77,,,0,20,,67828,77,,,0,60,,67829,77,,,0,20,,67830,77,,,0,20,,67831,77,,,0,60,,67832,77,,,0,20,,67833,77,,,0,20,,67834,77,,,0,60,,67835,77,,,0,20,,67836,77,,,0,20,,67837,77,,,0,60,,67838,77,,,0,20,,67839,77,,,0,20,,67840,77,,,0,60,,67841,77,,,0,20,,67842,77,,,0,20,,67843,77,,,0,60,,67844,77,,,0,20,,67845,77,,,0,20,,67846,77,,,0,60,,67847,77,,,0,20,,67848,77,,,0,20,,67849,77,,,0,60,,67850,77,,,0,20,,67851,77,,,0,20,,67852,77,,,0,60,,67853,77,,,0,20,,67854,77,,,0,20,,67855,77,,,0,60,,67856,77,,,0,18,,67810,75,,,0,74,,67811,75,,,0,45,,67812,75,,,0,85,,67813,75,,,0,85,,67814,75,,,0,85,,67815,75,,,0,45,,67816,75,,,0,85,,67817,75,,,0,85,,67818,75,,,0
2000,'1394',648,,67867,77,,,0,60,,67868,77,,,0,20,,67869,77,,,0,20,,67870,77,,,0,60,,67871,77,,,0,20,,67872,77,,,0,20,,67873,77,,,0,60,,67874,77,,,0,20,,67875,77,,,0,20,,67876,77,,,0,60,,67877,77,,,0,20,,67878,77,,,0,20,,67879,77,,,0,60,,67880,77,,,0,20,,67881,77,,,0,20,,67882,77,,,0,60,,67883,77,,,0,20,,67884,77,,,0,20,,67885,77,,,0,60,,67886,77,,,0,20,,67887,77,,,0,20,,67888,77,,,0,60,,67889,77,,,0,20,,67890,77,,,0,20,,67891,77,,,0,60,,67892,77,,,0,20,,67893,77,,,0,20,,67894,77,,,0,60,,67895,77,,,0,20,,67896,77,,,0,20,,67897,77,,,0,60,,67898,77,,,0,20,,67899,77,,,0,20,,67900,77,,,0,60,,67901,77,,,0,20,,67902,77,,,0,20,,67903,77,,,0,60,,67904,77,,,0,18,,67858,75,,,0,74,,67859,75,,,0,45,,67860,75,,,0,85,,67861,75,,,0,85,,67862,75,,,0,85,,67863,75,,,0,45,,67864,75,,,0,85,,67865,75,,,0,85,,67866,75,,,0
2000,'1395',648,,67915,77,,,0,60,,67916,77,,,0,20,,67917,77,,,0,20,,67918,77,,,0,60,,67919,77,,,0,20,,67920,77,,,0,20,,67921,77,,,0,60,,67922,77,,,0,20,,67923,77,,,0,20,,67924,77,,,0,60,,67925,77,,,0,20,,67926,77,,,0,20,,67927,77,,,0,60,,67928,77,,,0,20,,67929,77,,,0,20,,67930,77,,,0,60,,67931,77,,,0,20,,67932,77,,,0,20,,67933,77,,,0,60,,67934,77,,,0,20,,67935,77,,,0,20,,67936,77,,,0,60,,67937,77,,,0,20,,67938,77,,,0,20,,67939,77,,,0,60,,67940,77,,,0,20,,67941,77,,,0,20,,67942,77,,,0,60,,67943,77,,,0,20,,67944,77,,,0,20,,67945,77,,,0,60,,67946,77,,,0,20,,67947,77,,,0,20,,67948,77,,,0,60,,67949,77,,,0,20,,67950,77,,,0,20,,67951,77,,,0,60,,67952,77,,,0,18,,67906,75,,,0,74,,67907,75,,,0,45,,67908,75,,,0,85,,67909,75,,,0,85,,67910,75,,,0,85,,67911,75,,,0,45,,67912,75,,,0,85,,67913,75,,,0,85,,67914,75,,,0
2000,'1396',648,,67963,77,,,0,60,,67964,77,,,0,20,,67965,77,,,0,20,,67966,77,,,0,60,,67967,77,,,0,20,,67968,77,,,0,20,,67969,77,,,0,60,,67970,77,,,0,20,,67971,77,,,0,20,,67972,77,,,0,60,,67973,77,,,0,20,,67974,77,,,0,20,,67975,77,,,0,60,,67976,77,,,0,20,,67977,77,,,0,20,,67978,77,,,0,60,,67979,77,,,0,20,,67980,77,,,0,20,,67981,77,,,0,60,,67982,77,,,0,20,,67983,77,,,0,20,,67984,77,,,0,60,,67985,77,,,0,20,,67986,77,,,0,20,,67987,77,,,0,60,,67988,77,,,0,20,,67989,77,,,0,20,,67990,77,,,0,60,,67991,77,,,0,20,,67992,77,,,0,20,,67993,77,,,0,60,,67994,77,,,0,20,,67995,77,,,0,20,,67996,77,,,0,60,,67997,77,,,0,20,,67998,77,,,0,20,,67999,77,,,0,60,,68000,77,,,0,18,,67954,75,,,0,74,,67955,75,,,0,45,,67956,75,,,0,85,,67957,75,,,0,85,,67958,75,,,0,85,,67959,75,,,0,45,,67960,75,,,0,85,,67961,75,,,0,85,,67962,75,,,0
