1700,'1383',632,,58253,49,,,0,100,,58252,49,,,0,100,,58251,49,,,0,100,,58250,49,,,0,113,,58254,49,,,0,80,,58255,49,,,0,80,,58256,49,,,0,40,,58257,49,,,0,80,,58258,49,,,0,80,,58259,49,,,0,40,,58260,49,,,0,80,,58261,49,,,0,80,,58262,49,,,0,40,,58263,49,,,0,80,,58264,49,,,0,80,,58265,49,,,0,40,,58266,49,,,0,80,,58267,49,,,0,80,,58268,49,,,0
1700,'1384',553,,58269,49,,,0,74,,58270,49,,,0,30,,58271,49,,,0,70,,58272,49,,,0,30,,58273,49,,,0,70,,58274,49,,,0,30,,58275,49,,,0,70,,58276,49,,,0,30,,58277,49,,,0,70,,58278,49,,,0,78,,58287,49,,,0,20,,58288,49,,,0,20,,58289,49,,,0,60,,58290,49,,,0,20,,58291,49,,,0,20,,58292,49,,,0,60,,58293,49,,,0,20,,58294,49,,,0,20,,58295,49,,,0,60,,58296,49,,,0,20,,58297,49,,,0,20,,58298,49,,,0,60,,58299,49,,,0,20,,58300,49,,,0,20,,58301,49,,,0,60,,58302,49,,,0,20,,58303,49,,,0,20,,58304,49,,,0,60,,58305,49,,,0,20,,58306,49,,,0,20,,58307,49,,,0,60,,58308,49,,,0,20,,58309,49,,,0,20,,58310,49,,,0,55,,58311,49,,,0,30,,58312,49,,,0,70,,58313,49,,,0,30,,58314,49,,,0,70,,58315,49,,,0,27,,58279,49,,,0,30,,58280,49,,,0,70,,58281,49,,,0,30,,58282,49,,,0,70,,58283,49,,,0,30,,58284,49,,,0,70,,58285,49,,,0,30,,58286,49,,,0
1700,'1385',554,,58316,49,,,0,67,,58317,10,,,0,18,,58335,49,,,0,15,,58334,49,,,0,55,,58333,49,,,0,15,,58332,49,,,0,15,,58331,49,,,0,10,,58330,49,,,0,10,,58329,49,,,0,50,,58328,49,,,0,10,,58327,49,,,0,10,,58326,49,,,0,10,,58325,49,,,0,10,,58324,49,,,0,10,,58323,49,,,0,50,,58318,49,,,0,10,,58319,49,,,0,10,,58320,49,,,0,10,,58321,49,,,0,10,,58322,49,,,0,10,,58336,49,,,0,50,,58361,49,,,0,10,,58362,49,,,0,10,,58363,49,,,0,10,,58364,49,,,0,10,,58365,49,,,0,10,,58366,49,,,0,50,,58367,49,,,0,10,,58368,49,,,0,10,,58369,49,,,0,10,,58370,49,,,0,10,,58371,49,,,0,10,,58372,49,,,0,50,,58373,49,,,0,10,,58374,49,,,0,10,,58375,49,,,0,10,,58376,49,,,0,10,,58379,49,,,0,10,,58380,49,,,0,50,,58381,49,,,0,10,,58382,49,,,0,10,,58383,49,,,0,10,,58384,49,,,0,10,,58385,49,,,0,10,,58386,49,,,0,50,,58337,49,,,0,10,,58338,49,,,0,10,,58339,49,,,0,10,,58340,49,,,0,10,,58341,49,,,0,10,,58342,49,,,0,50,,58343,49,,,0,10,,58344,49,,,0,10,,58345,49,,,0,10,,58346,49,,,0,10,,58347,49,,,0,10,,58348,49,,,0,50,,58349,49,,,0,10,,58350,49,,,0,10,,58351,49,,,0,10,,58352,49,,,0,10,,58353,49,,,0,10,,58354,49,,,0,50,,58355,49,,,0,10,,58356,49,,,0,10,,58357,49,,,0,10,,58358,49,,,0,10,,58359,49,,,0,10,,58360,49,,,0,50,,58387,49,,,0,10,,58388,49,,,0,10,,58389,49,,,0,10,,58390,49,,,0,15,,58391,49,,,0,55,,58392,49,,,0,15,,58393,49,,,0,30,,58394,49,,,0,70,,58395,49,,,0,30,,58396,49,,,0,70,,58397,49,,,0,30,,58398,49,,,0,70,,58399,49,,,0,30,,58400,49,,,0,70,,58401,49,,,0,30,,58402,49,,,0,70,,58377,49,,,0,30,,58378,49,,,0
1700,'1386',554,,58403,49,,,0,67,,58404,10,,,0,18,,58422,49,,,0,15,,58421,49,,,0,55,,58420,49,,,0,15,,58419,49,,,0,15,,58418,49,,,0,10,,58417,49,,,0,10,,58416,49,,,0,50,,58415,49,,,0,10,,58414,49,,,0,10,,58413,49,,,0,10,,58412,49,,,0,10,,58411,49,,,0,10,,58410,49,,,0,50,,58405,49,,,0,10,,58406,49,,,0,10,,58407,49,,,0,10,,58408,49,,,0,10,,58409,49,,,0,10,,58423,49,,,0,50,,58448,49,,,0,10,,58449,49,,,0,10,,58450,49,,,0,10,,58451,49,,,0,10,,58452,49,,,0,10,,58453,49,,,0,50,,58454,49,,,0,10,,58455,49,,,0,10,,58456,49,,,0,10,,58457,49,,,0,10,,58458,49,,,0,10,,58459,49,,,0,50,,58460,49,,,0,10,,58461,49,,,0,10,,58462,49,,,0,10,,58463,49,,,0,10,,58466,49,,,0,10,,58467,49,,,0,50,,58468,49,,,0,10,,58469,49,,,0,10,,58470,49,,,0,10,,58471,49,,,0,10,,58472,49,,,0,10,,58473,49,,,0,50,,58424,49,,,0,10,,58425,49,,,0,10,,58426,49,,,0,10,,58427,49,,,0,10,,58428,49,,,0,10,,58429,49,,,0,50,,58430,49,,,0,10,,58431,49,,,0,10,,58432,49,,,0,10,,58433,49,,,0,10,,58434,49,,,0,10,,58435,49,,,0,50,,58436,49,,,0,10,,58437,49,,,0,10,,58438,49,,,0,10,,58439,49,,,0,10,,58440,49,,,0,10,,58441,49,,,0,50,,58442,49,,,0,10,,58443,49,,,0,10,,58444,49,,,0,10,,58445,49,,,0,10,,58446,49,,,0,10,,58447,49,,,0,50,,58474,49,,,0,10,,58475,49,,,0,10,,58476,49,,,0,10,,58477,49,,,0,15,,58478,49,,,0,55,,58479,49,,,0,15,,58480,49,,,0,30,,58481,49,,,0,70,,58482,49,,,0,30,,58483,49,,,0,70,,58484,49,,,0,30,,58485,49,,,0,70,,58486,49,,,0,30,,58487,49,,,0,70,,58488,49,,,0,30,,58489,49,,,0,70,,58464,49,,,0,30,,58465,49,,,0
1700,'1387',554,,58490,49,,,0,67,,58491,10,,,0,18,,58509,49,,,0,15,,58508,49,,,0,55,,58507,49,,,0,15,,58506,49,,,0,15,,58505,49,,,0,10,,58504,49,,,0,10,,58503,49,,,0,50,,58502,49,,,0,10,,58501,49,,,0,10,,58500,49,,,0,10,,58499,49,,,0,10,,58498,49,,,0,10,,58497,49,,,0,50,,58492,49,,,0,10,,58493,49,,,0,10,,58494,49,,,0,10,,58495,49,,,0,10,,58496,49,,,0,10,,58510,49,,,0,50,,58535,49,,,0,10,,58536,49,,,0,10,,58537,49,,,0,10,,58538,49,,,0,10,,58539,49,,,0,10,,58540,49,,,0,50,,58541,49,,,0,10,,58542,49,,,0,10,,58543,49,,,0,10,,58544,49,,,0,10,,58545,49,,,0,10,,58546,49,,,0,50,,58547,49,,,0,10,,58548,49,,,0,10,,58549,49,,,0,10,,58550,49,,,0,10,,58553,49,,,0,10,,58554,49,,,0,50,,58555,49,,,0,10,,58556,49,,,0,10,,58557,49,,,0,10,,58558,49,,,0,10,,58559,49,,,0,10,,58560,49,,,0,50,,58511,49,,,0,10,,58512,49,,,0,10,,58513,49,,,0,10,,58514,49,,,0,10,,58515,49,,,0,10,,58516,49,,,0,50,,58517,49,,,0,10,,58518,49,,,0,10,,58519,49,,,0,10,,58520,49,,,0,10,,58521,49,,,0,10,,58522,49,,,0,50,,58523,49,,,0,10,,58524,49,,,0,10,,58525,49,,,0,10,,58526,49,,,0,10,,58527,49,,,0,10,,58528,49,,,0,50,,58529,49,,,0,10,,58530,49,,,0,10,,58531,49,,,0,10,,58532,49,,,0,10,,58533,49,,,0,10,,58534,49,,,0,50,,58561,49,,,0,10,,58562,49,,,0,10,,58563,49,,,0,10,,58564,49,,,0,15,,58565,49,,,0,55,,58566,49,,,0,15,,58567,49,,,0,30,,58568,49,,,0,70,,58569,49,,,0,30,,58570,49,,,0,70,,58571,49,,,0,30,,58572,49,,,0,70,,58573,49,,,0,30,,58574,49,,,0,70,,58575,49,,,0,30,,58576,49,,,0,70,,58551,49,,,0,30,,58552,49,,,0
1700,'1388',554,,58577,49,,,0,67,,58578,10,,,0,18,,58596,49,,,0,15,,58595,49,,,0,55,,58594,49,,,0,15,,58593,49,,,0,15,,58592,49,,,0,10,,58591,49,,,0,10,,58590,49,,,0,50,,58589,49,,,0,10,,58588,49,,,0,10,,58587,49,,,0,10,,58586,49,,,0,10,,58585,49,,,0,10,,58584,49,,,0,50,,58579,49,,,0,10,,58580,49,,,0,10,,58581,49,,,0,10,,58582,49,,,0,10,,58583,49,,,0,10,,58597,49,,,0,50,,58622,49,,,0,10,,58623,49,,,0,10,,58624,49,,,0,10,,58625,49,,,0,10,,58626,49,,,0,10,,58627,49,,,0,50,,58628,49,,,0,10,,58629,49,,,0,10,,58630,49,,,0,10,,58631,49,,,0,10,,58632,49,,,0,10,,58633,49,,,0,50,,58634,49,,,0,10,,58635,49,,,0,10,,58636,49,,,0,10,,58637,49,,,0,10,,58640,49,,,0,10,,58641,49,,,0,50,,58642,49,,,0,10,,58643,49,,,0,10,,58644,49,,,0,10,,58645,49,,,0,10,,58646,49,,,0,10,,58647,49,,,0,50,,58598,49,,,0,10,,58599,49,,,0,10,,58600,49,,,0,10,,58601,49,,,0,10,,58602,49,,,0,10,,58603,49,,,0,50,,58604,49,,,0,10,,58605,49,,,0,10,,58606,49,,,0,10,,58607,49,,,0,10,,58608,49,,,0,10,,58609,49,,,0,50,,58610,49,,,0,10,,58611,49,,,0,10,,58612,49,,,0,10,,58613,49,,,0,10,,58614,49,,,0,10,,58615,49,,,0,50,,58616,49,,,0,10,,58617,49,,,0,10,,58618,49,,,0,10,,58619,49,,,0,10,,58620,49,,,0,10,,58621,49,,,0,50,,58648,49,,,0,10,,58649,49,,,0,10,,58650,49,,,0,10,,58651,49,,,0,15,,58652,49,,,0,55,,58653,49,,,0,15,,58654,49,,,0,30,,58655,49,,,0,70,,58656,49,,,0,30,,58657,49,,,0,70,,58658,49,,,0,30,,58659,49,,,0,70,,58660,49,,,0,30,,58661,49,,,0,70,,58662,49,,,0,30,,58663,49,,,0,70,,58638,49,,,0,30,,58639,49,,,0
1700,'1389',554,,58664,49,,,0,67,,58665,10,,,0,18,,58683,49,,,0,15,,58682,49,,,0,55,,58681,49,,,0,15,,58680,49,,,0,15,,58679,49,,,0,10,,58678,49,,,0,10,,58677,49,,,0,50,,58676,49,,,0,10,,58675,49,,,0,10,,58674,49,,,0,10,,58673,49,,,0,10,,58672,49,,,0,10,,58671,49,,,0,50,,58666,49,,,0,10,,58667,49,,,0,10,,58668,49,,,0,10,,58669,49,,,0,10,,58670,49,,,0,10,,58684,49,,,0,50,,58709,49,,,0,10,,58710,49,,,0,10,,58711,49,,,0,10,,58712,49,,,0,10,,58713,49,,,0,10,,58714,49,,,0,50,,58715,49,,,0,10,,58716,49,,,0,10,,58717,49,,,0,10,,58718,49,,,0,10,,58719,49,,,0,10,,58720,49,,,0,50,,58721,49,,,0,10,,58722,49,,,0,10,,58723,49,,,0,10,,58724,49,,,0,10,,58727,49,,,0,10,,58728,49,,,0,50,,58729,49,,,0,10,,58730,49,,,0,10,,58731,49,,,0,10,,58732,49,,,0,10,,58733,49,,,0,10,,58734,49,,,0,50,,58685,49,,,0,10,,58686,49,,,0,10,,58687,49,,,0,10,,58688,49,,,0,10,,58689,49,,,0,10,,58690,49,,,0,50,,58691,49,,,0,10,,58692,49,,,0,10,,58693,49,,,0,10,,58694,49,,,0,10,,58695,49,,,0,10,,58696,49,,,0,50,,58697,49,,,0,10,,58698,49,,,0,10,,58699,49,,,0,10,,58700,49,,,0,10,,58701,49,,,0,10,,58702,49,,,0,50,,58703,49,,,0,10,,58704,49,,,0,10,,58705,49,,,0,10,,58706,49,,,0,10,,58707,49,,,0,10,,58708,49,,,0,50,,58735,49,,,0,10,,58736,49,,,0,10,,58737,49,,,0,10,,58738,49,,,0,15,,58739,49,,,0,55,,58740,49,,,0,15,,58741,49,,,0,30,,58742,49,,,0,70,,58743,49,,,0,30,,58744,49,,,0,70,,58745,49,,,0,30,,58746,49,,,0,70,,58747,49,,,0,30,,58748,49,,,0,70,,58749,49,,,0,30,,58750,49,,,0,70,,58725,49,,,0,30,,58726,49,,,0
552200,'1385',650,,61884,9,0,9,0,70,,61885,9,0,9,0,30,,61886,9,0,9,0,70,,61887,9,0,9,0,30,,61888,9,0,9,0,70,,61889,9,0,9,0,30,,61890,9,0,9,0,70,,61891,9,0,9,0,30,,61892,9,0,9,0,70,,61893,9,0,9,0,30,,61894,9,0,9,0,70,,61895,9,0,9,0,30,,61896,9,0,9,0,70,,61897,9,0,9,0,30,,61898,9,0,9,0,70,,61899,9,0,9,0,30,,61900,9,0,9,0,70,,61901,9,0,9,0,30,,61902,9,0,9,0,70,,61903,9,0,9,0,30,,61904,9,0,9,0,70,,61905,9,0,9,0,30,,61906,9,0,9,0
552200,'1386',650,,61907,9,0,9,0,70,,61908,9,0,9,0,30,,61909,9,0,9,0,70,,61910,9,0,9,0,30,,61911,9,0,9,0,70,,61912,9,0,9,0,30,,61913,9,0,9,0,70,,61914,9,0,9,0,30,,61915,9,0,9,0,70,,61916,9,0,9,0,30,,61917,9,0,9,0,70,,61918,9,0,9,0,30,,61919,9,0,9,0,70,,61920,9,0,9,0,30,,61921,9,0,9,0,70,,61922,9,0,9,0,30,,61923,9,0,9,0,70,,61924,9,0,9,0,30,,61925,9,0,9,0,70,,61926,9,0,9,0,30,,61927,9,0,9,0,70,,61928,9,0,9,0,30,,61929,9,0,9,0
552200,'1387',650,,61930,9,0,9,0,70,,61931,9,0,9,0,30,,61932,9,0,9,0,70,,61933,9,0,9,0,30,,61934,9,0,9,0,70,,61935,9,0,9,0,30,,61936,9,0,9,0,70,,61937,9,0,9,0,30,,61938,9,0,9,0,70,,61939,9,0,9,0,30,,61940,9,0,9,0,70,,61941,9,0,9,0,30,,61942,9,0,9,0,70,,61943,9,0,9,0,30,,61944,9,0,9,0,70,,61945,9,0,9,0,30,,61946,9,0,9,0,70,,61947,9,0,9,0,30,,61948,9,0,9,0,70,,61949,9,0,9,0,30,,61950,9,0,9,0,70,,61951,9,0,9,0,30,,61952,9,0,9,0
552200,'1388',650,,61953,9,0,9,0,70,,61954,9,0,9,0,30,,61955,9,0,9,0,70,,61956,9,0,9,0,30,,61957,9,0,9,0,70,,61958,9,0,9,0,30,,61959,9,0,9,0,70,,61960,9,0,9,0,30,,61961,9,0,9,0,70,,61962,9,0,9,0,30,,61963,9,0,9,0,70,,61964,9,0,9,0,30,,61965,9,0,9,0,70,,61966,9,0,9,0,30,,61967,9,0,9,0,70,,61968,9,0,9,0,30,,61969,9,0,9,0,70,,61970,9,0,9,0,30,,61971,9,0,9,0,70,,61972,9,0,9,0,30,,61973,9,0,9,0,70,,61974,9,0,9,0,30,,61975,9,0,9,0
552200,'1389',650,,61976,9,0,9,0,70,,61977,9,0,9,0,30,,61978,9,0,9,0,70,,61979,9,0,9,0,30,,61980,9,0,9,0,70,,61981,9,0,9,0,30,,61982,9,0,9,0,70,,61983,9,0,9,0,30,,61984,9,0,9,0,70,,61985,9,0,9,0,30,,61986,9,0,9,0,70,,61987,9,0,9,0,30,,61988,9,0,9,0,70,,61989,9,0,9,0,30,,61990,9,0,9,0,70,,61991,9,0,9,0,30,,61992,9,0,9,0,70,,61993,9,0,9,0,30,,61994,9,0,9,0,70,,61995,9,0,9,0,30,,61996,9,0,9,0,70,,61997,9,0,9,0,30,,61998,9,0,9,0
