643504,'1383',926,,62433,36,0,14,0,100,,62432,36,0,14,0,30,,62431,36,0,14,0,70,,62430,36,0,14,0,30,,62429,36,0,14,0,70,,62428,36,0,14,0,30,,62427,36,0,14,0,70,,62426,36,0,14,0,30,,62425,36,0,14,0,70,,62424,36,0,14,0,30,,62423,36,0,14,0,70,,62440,36,0,14,0,30,,62437,36,0,14,0,70,,62436,36,0,14,0,30,,62435,36,0,14,0,70,,62434,36,0,14,0,30,,62439,36,0,14,0,70,,62438,36,0,14,0,30,,62422,36,0,14,0,70,,62421,36,0,14,0
643504,'1384',726,,62441,36,0,14,0,100,,62442,36,0,14,0,100,,62443,36,0,14,0,30,,62444,36,0,14,0,70,,62445,36,0,14,0,30,,62446,36,0,14,0,70,,62447,36,0,14,0,30,,62448,36,0,14,0,70,,62449,36,0,14,0,30,,62450,36,0,14,0,70,,62451,36,0,14,0,30,,62452,36,0,14,0,70,,62453,36,0,14,0,30,,62454,36,0,14,0,70,,62455,36,0,14,0,30,,62456,36,0,14,0,70,,62457,36,0,14,0,30,,62458,36,0,14,0,70,,62459,36,0,14,0,30,,62460,36,0,14,0,70,,62461,36,0,14,0,30,,62462,36,0,14,0,70,,62463,36,0,14,0,30,,62464,36,0,14,0,70,,62465,36,0,14,0,100,,62466,36,0,14,0,100,,62467,36,0,14,0
643504,'1385',626,,62468,36,0,14,0,30,,62469,36,0,14,0,60,,62470,36,0,14,0,17,,62471,36,0,14,0,15,,62472,36,0,14,0,55,,62473,36,0,14,0,15,,62474,36,0,14,0,15,,62475,36,0,14,0,15,,62476,36,0,14,0,55,,62477,36,0,14,0,13,,62478,36,0,14,0,17,,62479,36,0,14,0,20,,62480,36,0,14,0,60,,62481,36,0,14,0,20,,62482,36,0,14,0,20,,62483,36,0,14,0,60,,62484,36,0,14,0,20,,62485,36,0,14,0,20,,62486,36,0,14,0,60,,62487,36,0,14,0,20,,62488,36,0,14,0,20,,62489,36,0,14,0,60,,62490,36,0,14,0,20,,62491,36,0,14,0,20,,62492,36,0,14,0,60,,62493,36,0,14,0,20,,62494,36,0,14,0,20,,62495,36,0,14,0,50,,62496,36,0,14,0,10,,62497,36,0,14,0,20,,62498,36,0,14,0,10,,62499,36,0,14,0,10,,62500,36,0,14,0,60,,62501,36,0,14,0,10,,62502,36,0,14,0,10,,62503,36,0,14,0,20,,62504,36,0,14,0,60,,62505,36,0,14,0,20,,62506,36,0,14,0,20,,62507,36,0,14,0,60,,62508,36,0,14,0,20,,62509,36,0,14,0,20,,62510,36,0,14,0,60,,62511,36,0,14,0,13,,62512,36,0,14,0,30,,62513,36,0,14,0,70,,62514,36,0,14,0,30,,62515,36,0,14,0,70,,62516,36,0,14,0,30,,62517,36,0,14,0,70,,62518,36,0,14,0,30,,62519,36,0,14,0,70,,62520,36,0,14,0
643504,'1386',626,,62521,36,0,14,0,30,,62522,36,0,14,0,60,,62523,36,0,14,0,17,,62524,36,0,14,0,15,,62525,36,0,14,0,55,,62526,36,0,14,0,15,,62527,36,0,14,0,15,,62528,36,0,14,0,15,,62529,36,0,14,0,55,,62530,36,0,14,0,13,,62531,36,0,14,0,17,,62532,36,0,14,0,20,,62533,36,0,14,0,60,,62534,36,0,14,0,20,,62535,36,0,14,0,20,,62536,36,0,14,0,60,,62537,36,0,14,0,20,,62538,36,0,14,0,20,,62539,36,0,14,0,60,,62540,36,0,14,0,20,,62541,36,0,14,0,20,,62542,36,0,14,0,60,,62543,36,0,14,0,20,,62544,36,0,14,0,20,,62545,36,0,14,0,60,,62546,36,0,14,0,20,,62547,36,0,14,0,20,,62548,36,0,14,0,50,,62549,36,0,14,0,10,,62550,36,0,14,0,20,,62551,36,0,14,0,10,,62552,36,0,14,0,10,,62553,36,0,14,0,60,,62554,36,0,14,0,10,,62555,36,0,14,0,10,,62556,36,0,14,0,20,,62557,36,0,14,0,60,,62558,36,0,14,0,20,,62559,36,0,14,0,20,,62560,36,0,14,0,60,,62561,36,0,14,0,20,,62562,36,0,14,0,20,,62563,36,0,14,0,60,,62564,36,0,14,0,13,,62565,36,0,14,0,30,,62566,36,0,14,0,70,,62567,36,0,14,0,30,,62568,36,0,14,0,70,,62569,36,0,14,0,30,,62570,36,0,14,0,70,,62571,36,0,14,0,30,,62572,36,0,14,0,70,,62573,36,0,14,0
643504,'1387',626,,62574,36,0,14,0,30,,62575,36,0,14,0,60,,62576,36,0,14,0,17,,62577,36,0,14,0,15,,62578,36,0,14,0,55,,62579,36,0,14,0,15,,62580,36,0,14,0,15,,62581,36,0,14,0,15,,62582,36,0,14,0,55,,62583,36,0,14,0,13,,62584,36,0,14,0,17,,62585,36,0,14,0,20,,62586,36,0,14,0,60,,62587,36,0,14,0,20,,62588,36,0,14,0,20,,62589,36,0,14,0,60,,62590,36,0,14,0,20,,62591,36,0,14,0,20,,62592,36,0,14,0,60,,62593,36,0,14,0,20,,62594,36,0,14,0,20,,62595,36,0,14,0,60,,62596,36,0,14,0,20,,62597,36,0,14,0,20,,62598,36,0,14,0,60,,62599,36,0,14,0,20,,62600,36,0,14,0,20,,62601,36,0,14,0,50,,62602,36,0,14,0,10,,62603,36,0,14,0,20,,62604,36,0,14,0,10,,62605,36,0,14,0,10,,62606,36,0,14,0,60,,62607,36,0,14,0,10,,62608,36,0,14,0,10,,62609,36,0,14,0,20,,62610,36,0,14,0,60,,62611,36,0,14,0,20,,62612,36,0,14,0,20,,62613,36,0,14,0,60,,62614,36,0,14,0,20,,62615,36,0,14,0,20,,62616,36,0,14,0,60,,62617,36,0,14,0,13,,62618,36,0,14,0,30,,62619,36,0,14,0,70,,62620,36,0,14,0,30,,62621,36,0,14,0,70,,62622,36,0,14,0,30,,62623,36,0,14,0,70,,62624,36,0,14,0,30,,62625,36,0,14,0,70,,62626,36,0,14,0
643504,'1388',626,,62627,36,0,14,0,30,,62628,36,0,14,0,60,,62629,36,0,14,0,17,,62630,36,0,14,0,15,,62631,36,0,14,0,55,,62632,36,0,14,0,15,,62633,36,0,14,0,15,,62634,36,0,14,0,15,,62635,36,0,14,0,55,,62636,36,0,14,0,13,,62637,36,0,14,0,17,,62638,36,0,14,0,20,,62639,36,0,14,0,60,,62640,36,0,14,0,20,,62641,36,0,14,0,20,,62642,36,0,14,0,60,,62643,36,0,14,0,20,,62644,36,0,14,0,20,,62645,36,0,14,0,60,,62646,36,0,14,0,20,,62647,36,0,14,0,20,,62648,36,0,14,0,60,,62649,36,0,14,0,20,,62650,36,0,14,0,20,,62651,36,0,14,0,60,,62652,36,0,14,0,20,,62653,36,0,14,0,20,,62654,36,0,14,0,50,,62655,36,0,14,0,10,,62656,36,0,14,0,20,,62657,36,0,14,0,10,,62658,36,0,14,0,10,,62659,36,0,14,0,60,,62660,36,0,14,0,10,,62661,36,0,14,0,10,,62662,36,0,14,0,20,,62663,36,0,14,0,60,,62664,36,0,14,0,20,,62665,36,0,14,0,20,,62666,36,0,14,0,60,,62667,36,0,14,0,20,,62668,36,0,14,0,20,,62669,36,0,14,0,60,,62670,36,0,14,0,13,,62671,36,0,14,0,30,,62672,36,0,14,0,70,,62673,36,0,14,0,30,,62674,36,0,14,0,70,,62675,36,0,14,0,30,,62676,36,0,14,0,70,,62677,36,0,14,0,30,,62678,36,0,14,0,70,,62679,36,0,14,0
643504,'1389',626,,62680,36,0,14,0,30,,62681,36,0,14,0,60,,62682,36,0,14,0,17,,62683,36,0,14,0,15,,62684,36,0,14,0,55,,62685,36,0,14,0,15,,62686,36,0,14,0,15,,62687,36,0,14,0,15,,62688,36,0,14,0,55,,62689,36,0,14,0,13,,62690,36,0,14,0,17,,62691,36,0,14,0,20,,62692,36,0,14,0,60,,62693,36,0,14,0,20,,62694,36,0,14,0,20,,62695,36,0,14,0,60,,62696,36,0,14,0,20,,62697,36,0,14,0,20,,62698,36,0,14,0,60,,62699,36,0,14,0,20,,62700,36,0,14,0,20,,62701,36,0,14,0,60,,62702,36,0,14,0,20,,62703,36,0,14,0,20,,62704,36,0,14,0,60,,62705,36,0,14,0,20,,62706,36,0,14,0,20,,62707,36,0,14,0,50,,62708,36,0,14,0,10,,62709,36,0,14,0,20,,62710,36,0,14,0,10,,62711,36,0,14,0,10,,62712,36,0,14,0,60,,62713,36,0,14,0,10,,62714,36,0,14,0,10,,62715,36,0,14,0,20,,62716,36,0,14,0,60,,62717,36,0,14,0,20,,62718,36,0,14,0,20,,62719,36,0,14,0,60,,62720,36,0,14,0,20,,62721,36,0,14,0,20,,62722,36,0,14,0,60,,62723,36,0,14,0,13,,62724,36,0,14,0,30,,62725,36,0,14,0,70,,62726,36,0,14,0,30,,62727,36,0,14,0,70,,62728,36,0,14,0,30,,62729,36,0,14,0,70,,62730,36,0,14,0,30,,62731,36,0,14,0,70,,62732,36,0,14,0
721203,'1383',951,,63156,8,0,15,0,85,,63155,8,0,15,0,85,,63154,8,0,15,0,85,,63153,8,0,15,0,45,,63152,8,0,15,0,85,,63151,8,0,15,0,85,,63150,8,0,15,0,85,,63149,8,0,15,0,45,,63148,8,0,15,0,85,,63147,8,0,15,0,85,,63146,8,0,15,0,85,,63145,8,0,15,0,45,,63144,8,0,15,0,85,,63143,8,0,15,0
721203,'1384',651,,63157,8,0,15,0,85,,63158,8,0,15,0,85,,63159,8,0,15,0,85,,63160,8,0,15,0,45,,63161,8,0,15,0,85,,63162,8,0,15,0,70,,63163,8,0,15,0,30,,63164,8,0,15,0,70,,63165,8,0,15,0,30,,63166,8,0,15,0,70,,63167,8,0,15,0,30,,63168,8,0,15,0,70,,63169,8,0,15,0,30,,63170,8,0,15,0,70,,63171,8,0,15,0,30,,63172,8,0,15,0,70,,63173,8,0,15,0,30,,63174,8,0,15,0,70,,63175,8,0,15,0,30,,63176,8,0,15,0,70,,63177,8,0,15,0,30,,63178,8,0,15,0,85,,63179,8,0,15,0,85,,63180,8,0,15,0,45,,63181,8,0,15,0,85,,63182,8,0,15,0,85,,63183,8,0,15,0,85,,63184,8,0,15,0
721203,'1385',621,,63185,8,0,15,0,30,,63186,8,0,15,0,70,,63187,8,0,15,0,30,,63188,8,0,15,0,55,,63189,8,0,15,0,15,,63190,8,0,15,0,15,,63191,8,0,15,0,15,,63192,8,0,15,0,70,,63193,8,0,15,0,30,,63194,8,0,15,0,70,,63195,8,0,15,0,30,,63196,8,0,15,0,70,,63197,8,0,15,0,30,,63198,8,0,15,0,70,,63199,8,0,15,0,30,,63200,8,0,15,0,70,,63201,8,0,15,0,30,,63202,8,0,15,0,70,,63203,8,0,15,0,30,,63204,8,0,15,0,55,,63205,8,0,15,0,15,,63206,8,0,15,0,15,,63207,8,0,15,0,15,,63208,8,0,15,0,70,,63209,8,0,15,0,30,,63210,8,0,15,0,70,,63211,8,0,15,0,30,,63212,8,0,15,0,70,,63213,8,0,15,0,30,,63214,8,0,15,0,85,,63215,8,0,15,0,85,,63216,8,0,15,0,85,,63217,8,0,15,0,45,,63218,8,0,15,0,85,,63219,8,0,15,0,85,,63220,8,0,15,0
721203,'1386',621,,63221,8,0,15,0,30,,63222,8,0,15,0,70,,63223,8,0,15,0,30,,63224,8,0,15,0,55,,63225,8,0,15,0,15,,63226,8,0,15,0,15,,63227,8,0,15,0,15,,63228,8,0,15,0,70,,63229,8,0,15,0,30,,63230,8,0,15,0,70,,63231,8,0,15,0,30,,63232,8,0,15,0,70,,63233,8,0,15,0,30,,63234,8,0,15,0,70,,63235,8,0,15,0,30,,63236,8,0,15,0,70,,63237,8,0,15,0,30,,63238,8,0,15,0,70,,63239,8,0,15,0,30,,63240,8,0,15,0,55,,63241,8,0,15,0,15,,63242,8,0,15,0,15,,63243,8,0,15,0,15,,63244,8,0,15,0,70,,63245,8,0,15,0,30,,63246,8,0,15,0,70,,63247,8,0,15,0,30,,63248,8,0,15,0,70,,63249,8,0,15,0,30,,63250,8,0,15,0,85,,63251,8,0,15,0,85,,63252,8,0,15,0,85,,63253,8,0,15,0,45,,63254,8,0,15,0,85,,63255,8,0,15,0,85,,63256,8,0,15,0
721203,'1387',621,,63257,8,0,15,0,30,,63258,8,0,15,0,70,,63259,8,0,15,0,30,,63260,8,0,15,0,55,,63261,8,0,15,0,15,,63262,8,0,15,0,15,,63263,8,0,15,0,15,,63264,8,0,15,0,70,,63265,8,0,15,0,30,,63266,8,0,15,0,70,,63267,8,0,15,0,30,,63268,8,0,15,0,70,,63269,8,0,15,0,30,,63270,8,0,15,0,70,,63271,8,0,15,0,30,,63272,8,0,15,0,70,,63273,8,0,15,0,30,,63274,8,0,15,0,70,,63275,8,0,15,0,30,,63276,8,0,15,0,55,,63277,8,0,15,0,15,,63278,8,0,15,0,15,,63279,8,0,15,0,15,,63280,8,0,15,0,70,,63281,8,0,15,0,30,,63282,8,0,15,0,70,,63283,8,0,15,0,30,,63284,8,0,15,0,70,,63285,8,0,15,0,30,,63286,8,0,15,0,85,,63287,8,0,15,0,85,,63288,8,0,15,0,85,,63289,8,0,15,0,45,,63290,8,0,15,0,85,,63291,8,0,15,0,85,,63292,8,0,15,0
721203,'1388',621,,63293,8,0,15,0,30,,63294,8,0,15,0,70,,63295,8,0,15,0,30,,63296,8,0,15,0,55,,63297,8,0,15,0,15,,63298,8,0,15,0,15,,63299,8,0,15,0,15,,63300,8,0,15,0,70,,63301,8,0,15,0,30,,63302,8,0,15,0,70,,63303,8,0,15,0,30,,63304,8,0,15,0,70,,63305,8,0,15,0,30,,63306,8,0,15,0,70,,63307,8,0,15,0,30,,63308,8,0,15,0,70,,63309,8,0,15,0,30,,63310,8,0,15,0,70,,63311,8,0,15,0,30,,63312,8,0,15,0,55,,63313,8,0,15,0,15,,63314,8,0,15,0,15,,63315,8,0,15,0,15,,63316,8,0,15,0,70,,63317,8,0,15,0,30,,63318,8,0,15,0,70,,63319,8,0,15,0,30,,63320,8,0,15,0,70,,63321,8,0,15,0,30,,63322,8,0,15,0,85,,63323,8,0,15,0,85,,63324,8,0,15,0,85,,63325,8,0,15,0,45,,63326,8,0,15,0,85,,63327,8,0,15,0,85,,63328,8,0,15,0
721203,'1389',621,,63329,8,0,15,0,30,,63330,8,0,15,0,70,,63331,8,0,15,0,30,,63332,8,0,15,0,55,,63333,8,0,15,0,15,,63334,8,0,15,0,15,,63335,8,0,15,0,15,,63336,8,0,15,0,70,,63337,8,0,15,0,30,,63338,8,0,15,0,70,,63339,8,0,15,0,30,,63340,8,0,15,0,70,,63341,8,0,15,0,30,,63342,8,0,15,0,70,,63343,8,0,15,0,30,,63344,8,0,15,0,70,,63345,8,0,15,0,30,,63346,8,0,15,0,70,,63347,8,0,15,0,30,,63348,8,0,15,0,55,,63349,8,0,15,0,15,,63350,8,0,15,0,15,,63351,8,0,15,0,15,,63352,8,0,15,0,70,,63353,8,0,15,0,30,,63354,8,0,15,0,70,,63355,8,0,15,0,30,,63356,8,0,15,0,70,,63357,8,0,15,0,30,,63358,8,0,15,0,85,,63359,8,0,15,0,85,,63360,8,0,15,0,85,,63361,8,0,15,0,45,,63362,8,0,15,0,85,,63363,8,0,15,0,85,,63364,8,0,15,0
