1801,'1383',731,,59688,44,,,0,100,,59687,44,,,0,100,,59686,44,,,0,105,,59685,44,,,0,80,,59684,44,,,0,40,,59683,44,,,0,80,,59682,44,,,0,80,,59681,44,,,0,40,,59680,44,,,0,80,,59679,44,,,0,80,,59678,44,,,0,40,,59677,44,,,0,80,,59676,44,,,0,80,,59675,44,,,0,40,,59674,44,,,0,80,,59673,44,,,0,80,,59672,44,,,0,40,,59671,44,,,0
1801,'1384',606,,59689,44,,,0,30,,59690,44,,,0,70,,59691,44,,,0,30,,59692,44,,,0,70,,59693,44,,,0,30,,59694,44,,,0,70,,59695,44,,,0,30,,59696,44,,,0,70,,59697,44,,,0,30,,59698,44,,,0,20,,59699,44,,,0,60,,59700,44,,,0,20,,59701,44,,,0,20,,59702,44,,,0,60,,59703,44,,,0,20,,59704,44,,,0,20,,59705,44,,,0,60,,59706,44,,,0,20,,59707,44,,,0,20,,59708,44,,,0,60,,59709,44,,,0,20,,59710,44,,,0,20,,59711,44,,,0,60,,59712,44,,,0,20,,59713,44,,,0,20,,59714,44,,,0,60,,59715,44,,,0,20,,59716,44,,,0,20,,59717,44,,,0,60,,59718,44,,,0,20,,59719,44,,,0,20,,59720,44,,,0,60,,59721,44,,,0,20,,59722,44,,,0,75,,59723,44,,,0,25,,59724,44,,,0,70,,59725,44,,,0,30,,59726,44,,,0,70,,59727,44,,,0,30,,59728,44,,,0,70,,59729,44,,,0,30,,59730,44,,,0,70,,59731,44,,,0,30,,59732,44,,,0,70,,59733,44,,,0,30,,59734,44,,,0,70,,59735,44,,,0
1801,'1385',604,,59774,44,,,0,30,,59775,44,,,0,15,,59741,44,,,0,58,,59740,44,,,0,15,,59739,44,,,0,15,,59738,44,,,0,10,,59737,44,,,0,10,,59736,44,,,0,50,,59742,44,,,0,10,,59743,44,,,0,10,,59744,44,,,0,10,,59745,44,,,0,15,,59746,44,,,0,55,,59747,44,,,0,15,,59748,44,,,0,12,,59776,44,,,0,15,,59777,44,,,0,55,,59778,44,,,0,15,,59779,44,,,0,15,,59780,44,,,0,15,,59781,44,,,0,55,,59782,44,,,0,15,,59783,44,,,0,15,,59784,44,,,0,15,,59785,44,,,0,55,,59786,44,,,0,15,,59787,44,,,0,15,,59788,44,,,0,10,,59807,28,,,0,5,,59789,44,,,0,55,,59790,44,,,0,15,,59791,44,,,0,15,,59792,44,,,0,20,,59749,44,,,0,55,,59750,44,,,0,15,,59773,44,,,0,15,,59772,44,,,0,10,,59771,44,,,0,10,,59770,44,,,0,50,,59769,44,,,0,10,,59768,44,,,0,10,,59767,44,,,0,10,,59766,44,,,0,10,,59765,44,,,0,10,,59764,44,,,0,50,,59763,44,,,0,10,,59762,44,,,0,10,,59751,44,,,0,10,,59752,44,,,0,10,,59753,44,,,0,10,,59754,44,,,0,50,,59755,44,,,0,10,,59756,44,,,0,10,,59757,44,,,0,10,,59758,44,,,0,15,,59759,44,,,0,55,,59760,44,,,0,15,,59761,44,,,0,11,,59793,44,,,0,70,,59794,44,,,0,30,,59795,44,,,0,70,,59796,44,,,0,30,,59797,44,,,0,70,,59798,44,,,0,30,,59799,44,,,0,70,,59800,44,,,0,30,,59801,44,,,0,70,,59802,44,,,0,30,,59803,44,,,0,70,,59804,44,,,0,30,,59805,44,,,0,70,,59806,44,,,0
1801,'1386',604,,59846,44,,,0,30,,59847,44,,,0,15,,59812,44,,,0,58,,59811,44,,,0,15,,59810,44,,,0,15,,59809,44,,,0,10,,59808,44,,,0,10,,59813,44,,,0,50,,59814,44,,,0,10,,59815,44,,,0,10,,59816,44,,,0,10,,59817,44,,,0,15,,59818,44,,,0,55,,59819,44,,,0,15,,59820,44,,,0,12,,59848,44,,,0,15,,59849,44,,,0,55,,59850,44,,,0,15,,59851,44,,,0,15,,59852,44,,,0,15,,59853,44,,,0,55,,59854,44,,,0,15,,59855,44,,,0,15,,59856,44,,,0,15,,59857,44,,,0,55,,59858,44,,,0,15,,59859,44,,,0,15,,59860,44,,,0,10,,59879,28,,,0,5,,59861,44,,,0,55,,59862,44,,,0,15,,59863,44,,,0,15,,59864,44,,,0,20,,59821,44,,,0,55,,59822,44,,,0,15,,59845,44,,,0,15,,59844,44,,,0,10,,59843,44,,,0,10,,59842,44,,,0,50,,59841,44,,,0,10,,59840,44,,,0,10,,59839,44,,,0,10,,59838,44,,,0,10,,59837,44,,,0,10,,59836,44,,,0,50,,59835,44,,,0,10,,59834,44,,,0,10,,59823,44,,,0,10,,59824,44,,,0,10,,59825,44,,,0,10,,59826,44,,,0,50,,59827,44,,,0,10,,59828,44,,,0,10,,59829,44,,,0,10,,59830,44,,,0,15,,59831,44,,,0,55,,59832,44,,,0,15,,59833,44,,,0,11,,59865,44,,,0,70,,59866,44,,,0,30,,59867,44,,,0,70,,59868,44,,,0,30,,59869,44,,,0,70,,59870,44,,,0,30,,59871,44,,,0,70,,59872,44,,,0,30,,59873,44,,,0,70,,59874,44,,,0,30,,59875,44,,,0,70,,59876,44,,,0,30,,59877,44,,,0,70,,59878,44,,,0
1801,'1387',604,,59918,44,,,0,30,,59919,44,,,0,15,,59884,44,,,0,58,,59883,44,,,0,15,,59882,44,,,0,15,,59881,44,,,0,10,,59880,44,,,0,10,,59885,44,,,0,50,,59886,44,,,0,10,,59887,44,,,0,10,,59888,44,,,0,10,,59889,44,,,0,15,,59890,44,,,0,55,,59891,44,,,0,15,,59892,44,,,0,12,,59920,44,,,0,15,,59921,44,,,0,55,,59922,44,,,0,15,,59923,44,,,0,15,,59924,44,,,0,15,,59925,44,,,0,55,,59926,44,,,0,15,,59927,44,,,0,15,,59928,44,,,0,15,,59929,44,,,0,55,,59930,44,,,0,15,,59931,44,,,0,15,,59932,44,,,0,10,,59951,28,,,0,5,,59933,44,,,0,55,,59934,44,,,0,15,,59935,44,,,0,15,,59936,44,,,0,20,,59893,44,,,0,55,,59894,44,,,0,15,,59917,44,,,0,15,,59916,44,,,0,10,,59915,44,,,0,10,,59914,44,,,0,50,,59913,44,,,0,10,,59912,44,,,0,10,,59911,44,,,0,10,,59910,44,,,0,10,,59909,44,,,0,10,,59908,44,,,0,50,,59907,44,,,0,10,,59906,44,,,0,10,,59895,44,,,0,10,,59896,44,,,0,10,,59897,44,,,0,10,,59898,44,,,0,50,,59899,44,,,0,10,,59900,44,,,0,10,,59901,44,,,0,10,,59902,44,,,0,15,,59903,44,,,0,55,,59904,44,,,0,15,,59905,44,,,0,11,,59937,44,,,0,70,,59938,44,,,0,30,,59939,44,,,0,70,,59940,44,,,0,30,,59941,44,,,0,70,,59942,44,,,0,30,,59943,44,,,0,70,,59944,44,,,0,30,,59945,44,,,0,70,,59946,44,,,0,30,,59947,44,,,0,70,,59948,44,,,0,30,,59949,44,,,0,70,,59950,44,,,0
1801,'1388',604,,59990,44,,,0,30,,59991,44,,,0,15,,59956,44,,,0,58,,59955,44,,,0,15,,59954,44,,,0,15,,59953,44,,,0,10,,59952,44,,,0,10,,59957,44,,,0,50,,59958,44,,,0,10,,59959,44,,,0,10,,59960,44,,,0,10,,59961,44,,,0,15,,59962,44,,,0,55,,59963,44,,,0,15,,59964,44,,,0,12,,59992,44,,,0,15,,59993,44,,,0,55,,59994,44,,,0,15,,59995,44,,,0,15,,59996,44,,,0,15,,59997,44,,,0,55,,59998,44,,,0,15,,59999,44,,,0,15,,60000,44,,,0,15,,60001,44,,,0,55,,60002,44,,,0,15,,60003,44,,,0,15,,60004,44,,,0,10,,60023,28,,,0,5,,60005,44,,,0,55,,60006,44,,,0,15,,60007,44,,,0,15,,60008,44,,,0,20,,59965,44,,,0,55,,59966,44,,,0,15,,59989,44,,,0,15,,59988,44,,,0,10,,59987,44,,,0,10,,59986,44,,,0,50,,59985,44,,,0,10,,59984,44,,,0,10,,59983,44,,,0,10,,59982,44,,,0,10,,59981,44,,,0,10,,59980,44,,,0,50,,59979,44,,,0,10,,59978,44,,,0,10,,59967,44,,,0,10,,59968,44,,,0,10,,59969,44,,,0,10,,59970,44,,,0,50,,59971,44,,,0,10,,59972,44,,,0,10,,59973,44,,,0,10,,59974,44,,,0,15,,59975,44,,,0,55,,59976,44,,,0,15,,59977,44,,,0,11,,60009,44,,,0,70,,60010,44,,,0,30,,60011,44,,,0,70,,60012,44,,,0,30,,60013,44,,,0,70,,60014,44,,,0,30,,60015,44,,,0,70,,60016,44,,,0,30,,60017,44,,,0,70,,60018,44,,,0,30,,60019,44,,,0,70,,60020,44,,,0,30,,60021,44,,,0,70,,60022,44,,,0
1801,'1389',604,,60062,44,,,0,30,,60063,44,,,0,15,,60028,44,,,0,58,,60027,44,,,0,15,,60026,44,,,0,15,,60025,44,,,0,10,,60024,44,,,0,10,,60029,44,,,0,50,,60030,44,,,0,10,,60031,44,,,0,10,,60032,44,,,0,10,,60033,44,,,0,15,,60034,44,,,0,55,,60035,44,,,0,15,,60036,44,,,0,12,,60064,44,,,0,15,,60065,44,,,0,55,,60066,44,,,0,15,,60067,44,,,0,15,,60068,44,,,0,15,,60069,44,,,0,55,,60070,44,,,0,15,,60071,44,,,0,15,,60072,44,,,0,15,,60073,44,,,0,55,,60074,44,,,0,15,,60075,44,,,0,15,,60076,44,,,0,10,,60095,28,,,0,5,,60077,44,,,0,55,,60078,44,,,0,15,,60079,44,,,0,15,,60080,44,,,0,20,,60037,44,,,0,55,,60038,44,,,0,15,,60061,44,,,0,15,,60060,44,,,0,10,,60059,44,,,0,10,,60058,44,,,0,50,,60057,44,,,0,10,,60056,44,,,0,10,,60055,44,,,0,10,,60054,44,,,0,10,,60053,44,,,0,10,,60052,44,,,0,50,,60051,44,,,0,10,,60050,44,,,0,10,,60039,44,,,0,10,,60040,44,,,0,10,,60041,44,,,0,10,,60042,44,,,0,50,,60043,44,,,0,10,,60044,44,,,0,10,,60045,44,,,0,10,,60046,44,,,0,15,,60047,44,,,0,55,,60048,44,,,0,15,,60049,44,,,0,11,,60081,44,,,0,70,,60082,44,,,0,30,,60083,44,,,0,70,,60084,44,,,0,30,,60085,44,,,0,70,,60086,44,,,0,30,,60087,44,,,0,70,,60088,44,,,0,30,,60089,44,,,0,70,,60090,44,,,0,30,,60091,44,,,0,70,,60092,44,,,0,30,,60093,44,,,0,70,,60094,44,,,0
2001,'1383',926,,60813,31,,,0,85,,60812,31,,,0,45,,60811,31,,,0,85,,60810,31,,,0,85,,60809,31,,,0,85,,60808,31,,,0,45,,60807,31,,,0,85,,60806,31,,,0,85,,60805,31,,,0,85,,60804,31,,,0,45,,60803,31,,,0,85,,60802,31,,,0,85,,60801,31,,,0,85,,60800,31,,,0,45,,60799,31,,,0
2001,'1384',626,,60831,31,,,0,85,,60832,31,,,0,45,,60833,31,,,0,85,,60834,31,,,0,81,,60814,31,,,0,30,,60815,31,,,0,70,,60816,31,,,0,30,,60817,31,,,0,80,,60818,31,,,0,70,,60819,31,,,0,30,,60820,31,,,0,70,,60821,31,,,0,40,,60822,31,,,0,70,,60823,31,,,0,30,,60824,31,,,0,70,,60825,31,,,0,40,,60826,31,,,0,70,,60827,31,,,0,30,,60828,31,,,0,70,,60829,31,,,0,80,,60830,31,,,0,34,,60835,31,,,0,85,,60836,31,,,0,85,,60837,31,,,0,45,,60838,31,,,0,85,,60839,31,,,0,85,,60840,31,,,0,85,,60841,31,,,0,45,,60842,31,,,0,85,,60843,31,,,0
2001,'1385',606,,60844,31,,,0,20,,60845,31,,,0,20,,60846,31,,,0,60,,60847,31,,,0,20,,60848,31,,,0,20,,60849,31,,,0,60,,60850,31,,,0,20,,60851,31,,,0,20,,60852,31,,,0,60,,60853,31,,,0,20,,60854,31,,,0,20,,60855,31,,,0,60,,60856,31,,,0,20,,60857,31,,,0,20,,60858,31,,,0,60,,60859,31,,,0,20,,60860,31,,,0,20,,60861,31,,,0,60,,60862,31,,,0,20,,60863,31,,,0,20,,60864,31,,,0,60,,60865,31,,,0,20,,60866,31,,,0,20,,60867,31,,,0,60,,60868,31,,,0,20,,60869,31,,,0,20,,60870,31,,,0,60,,60871,31,,,0,20,,60872,31,,,0,20,,60873,31,,,0,60,,60874,31,,,0,20,,60875,31,,,0,20,,60876,31,,,0,60,,60877,31,,,0,20,,60878,31,,,0,20,,60879,31,,,0,60,,60880,31,,,0,20,,60881,31,,,0,85,,60882,31,,,0,45,,60883,31,,,0,85,,60884,31,,,0,85,,60885,31,,,0,85,,60886,31,,,0,45,,60887,31,,,0,85,,60888,31,,,0,85,,60889,31,,,0,85,,60890,31,,,0
2001,'1386',606,,60891,31,,,0,20,,60892,31,,,0,20,,60893,31,,,0,60,,60894,31,,,0,20,,60895,31,,,0,20,,60896,31,,,0,60,,60897,31,,,0,20,,60898,31,,,0,20,,60899,31,,,0,60,,60900,31,,,0,20,,60901,31,,,0,20,,60902,31,,,0,60,,60903,31,,,0,20,,60904,31,,,0,20,,60905,31,,,0,60,,60906,31,,,0,20,,60907,31,,,0,20,,60908,31,,,0,60,,60909,31,,,0,20,,60910,31,,,0,20,,60911,31,,,0,60,,60912,31,,,0,20,,60913,31,,,0,20,,60914,31,,,0,60,,60915,31,,,0,20,,60916,31,,,0,20,,60917,31,,,0,60,,60918,31,,,0,20,,60919,31,,,0,20,,60920,31,,,0,60,,60921,31,,,0,20,,60922,31,,,0,20,,60923,31,,,0,60,,60924,31,,,0,20,,60925,31,,,0,20,,60926,31,,,0,60,,60927,31,,,0,20,,60928,31,,,0,85,,60929,31,,,0,45,,60930,31,,,0,85,,60931,31,,,0,85,,60932,31,,,0,85,,60933,31,,,0,45,,60934,31,,,0,85,,60935,31,,,0,85,,60936,31,,,0,85,,60937,31,,,0
2001,'1387',606,,60938,31,,,0,20,,60939,31,,,0,20,,60940,31,,,0,60,,60941,31,,,0,20,,60942,31,,,0,20,,60943,31,,,0,60,,60944,31,,,0,20,,60945,31,,,0,20,,60946,31,,,0,60,,60947,31,,,0,20,,60948,31,,,0,20,,60949,31,,,0,60,,60950,31,,,0,20,,60951,31,,,0,20,,60952,31,,,0,60,,60953,31,,,0,20,,60954,31,,,0,20,,60955,31,,,0,60,,60956,31,,,0,20,,60957,31,,,0,20,,60958,31,,,0,60,,60959,31,,,0,20,,60960,31,,,0,20,,60961,31,,,0,60,,60962,31,,,0,20,,60963,31,,,0,20,,60964,31,,,0,60,,60965,31,,,0,20,,60966,31,,,0,20,,60967,31,,,0,60,,60968,31,,,0,20,,60969,31,,,0,20,,60970,31,,,0,60,,60971,31,,,0,20,,60972,31,,,0,20,,60973,31,,,0,60,,60974,31,,,0,20,,60975,31,,,0,85,,60976,31,,,0,45,,60977,31,,,0,85,,60978,31,,,0,85,,60979,31,,,0,85,,60980,31,,,0,45,,60981,31,,,0,85,,60982,31,,,0,85,,60983,31,,,0,85,,60984,31,,,0
2001,'1388',606,,60985,31,,,0,20,,60986,31,,,0,20,,60987,31,,,0,60,,60988,31,,,0,20,,60989,31,,,0,20,,60990,31,,,0,60,,60991,31,,,0,20,,60992,31,,,0,20,,60993,31,,,0,60,,60994,31,,,0,20,,60995,31,,,0,20,,60996,31,,,0,60,,60997,31,,,0,20,,60998,31,,,0,20,,60999,31,,,0,60,,61000,31,,,0,20,,61001,31,,,0,20,,61002,31,,,0,60,,61003,31,,,0,20,,61004,31,,,0,20,,61005,31,,,0,60,,61006,31,,,0,20,,61007,31,,,0,20,,61008,31,,,0,60,,61009,31,,,0,20,,61010,31,,,0,20,,61011,31,,,0,60,,61012,31,,,0,20,,61013,31,,,0,20,,61014,31,,,0,60,,61015,31,,,0,20,,61016,31,,,0,20,,61017,31,,,0,60,,61018,31,,,0,20,,61019,31,,,0,20,,61020,31,,,0,60,,61021,31,,,0,20,,61022,31,,,0,85,,61023,31,,,0,45,,61024,31,,,0,85,,61025,31,,,0,85,,61026,31,,,0,85,,61027,31,,,0,45,,61028,31,,,0,85,,61029,31,,,0,85,,61030,31,,,0,85,,61031,31,,,0
2001,'1389',606,,61032,31,,,0,20,,61033,31,,,0,20,,61034,31,,,0,60,,61035,31,,,0,20,,61036,31,,,0,20,,61037,31,,,0,60,,61038,31,,,0,20,,61039,31,,,0,20,,61040,31,,,0,60,,61041,31,,,0,20,,61042,31,,,0,20,,61043,31,,,0,60,,61044,31,,,0,20,,61045,31,,,0,20,,61046,31,,,0,60,,61047,31,,,0,20,,61048,31,,,0,20,,61049,31,,,0,60,,61050,31,,,0,20,,61051,31,,,0,20,,61052,31,,,0,60,,61053,31,,,0,20,,61054,31,,,0,20,,61055,31,,,0,60,,61056,31,,,0,20,,61057,31,,,0,20,,61058,31,,,0,60,,61059,31,,,0,20,,61060,31,,,0,20,,61061,31,,,0,60,,61062,31,,,0,20,,61063,31,,,0,20,,61064,31,,,0,60,,61065,31,,,0,20,,61066,31,,,0,20,,61067,31,,,0,60,,61068,31,,,0,20,,61069,31,,,0,85,,61070,31,,,0,45,,61071,31,,,0,85,,61072,31,,,0,85,,61073,31,,,0,85,,61074,31,,,0,45,,61075,31,,,0,85,,61076,31,,,0,85,,61077,31,,,0,85,,61078,31,,,0
