643504,'1383',926,,62433,37,0,14,0,100,,62432,37,0,14,0,30,,62431,37,0,14,0,70,,62430,37,0,14,0,30,,62429,37,0,14,0,70,,62428,37,0,14,0,30,,62427,37,0,14,0,70,,62426,37,0,14,0,30,,62425,37,0,14,0,70,,62424,37,0,14,0,30,,62423,37,0,14,0,70,,62440,37,0,14,0,30,,62437,37,0,14,0,70,,62436,37,0,14,0,30,,62435,37,0,14,0,70,,62434,37,0,14,0,30,,62439,37,0,14,0,70,,62438,37,0,14,0,30,,62422,37,0,14,0,70,,62421,37,0,14,0
643504,'1384',726,,62441,37,0,14,0,100,,62442,37,0,14,0,100,,62443,37,0,14,0,30,,62444,37,0,14,0,70,,62445,37,0,14,0,30,,62446,37,0,14,0,70,,62447,37,0,14,0,30,,62448,37,0,14,0,70,,62449,37,0,14,0,30,,62450,37,0,14,0,70,,62451,37,0,14,0,30,,62452,37,0,14,0,70,,62453,37,0,14,0,30,,62454,37,0,14,0,70,,62455,37,0,14,0,30,,62456,37,0,14,0,70,,62457,37,0,14,0,30,,62458,37,0,14,0,70,,62459,37,0,14,0,30,,62460,37,0,14,0,70,,62461,37,0,14,0,30,,62462,37,0,14,0,70,,62463,37,0,14,0,30,,62464,37,0,14,0,70,,62465,37,0,14,0,100,,62466,37,0,14,0,100,,62467,37,0,14,0
643504,'1385',626,,62468,37,0,14,0,30,,62469,37,0,14,0,60,,62470,37,0,14,0,17,,62471,37,0,14,0,15,,62472,37,0,14,0,55,,62473,37,0,14,0,15,,62474,37,0,14,0,15,,62475,37,0,14,0,15,,62476,37,0,14,0,55,,62477,37,0,14,0,13,,62478,37,0,14,0,17,,62479,37,0,14,0,20,,62480,37,0,14,0,60,,62481,37,0,14,0,20,,62482,37,0,14,0,20,,62483,37,0,14,0,60,,62484,37,0,14,0,20,,62485,37,0,14,0,20,,62486,37,0,14,0,60,,62487,37,0,14,0,20,,62488,37,0,14,0,20,,62489,37,0,14,0,60,,62490,37,0,14,0,20,,62491,37,0,14,0,20,,62492,37,0,14,0,60,,62493,37,0,14,0,20,,62494,37,0,14,0,20,,62495,37,0,14,0,50,,62496,37,0,14,0,10,,62497,37,0,14,0,20,,62498,37,0,14,0,10,,62499,37,0,14,0,10,,62500,37,0,14,0,60,,62501,37,0,14,0,10,,62502,37,0,14,0,10,,62503,37,0,14,0,20,,62504,37,0,14,0,60,,62505,37,0,14,0,20,,62506,37,0,14,0,20,,62507,37,0,14,0,60,,62508,37,0,14,0,20,,62509,37,0,14,0,20,,62510,37,0,14,0,60,,62511,37,0,14,0,13,,62512,37,0,14,0,30,,62513,37,0,14,0,70,,62514,37,0,14,0,30,,62515,37,0,14,0,70,,62516,37,0,14,0,30,,62517,37,0,14,0,70,,62518,37,0,14,0,30,,62519,37,0,14,0,70,,62520,37,0,14,0
643504,'1386',626,,62521,37,0,14,0,30,,62522,37,0,14,0,60,,62523,37,0,14,0,17,,62524,37,0,14,0,15,,62525,37,0,14,0,55,,62526,37,0,14,0,15,,62527,37,0,14,0,15,,62528,37,0,14,0,15,,62529,37,0,14,0,55,,62530,37,0,14,0,13,,62531,37,0,14,0,17,,62532,37,0,14,0,20,,62533,37,0,14,0,60,,62534,37,0,14,0,20,,62535,37,0,14,0,20,,62536,37,0,14,0,60,,62537,37,0,14,0,20,,62538,37,0,14,0,20,,62539,37,0,14,0,60,,62540,37,0,14,0,20,,62541,37,0,14,0,20,,62542,37,0,14,0,60,,62543,37,0,14,0,20,,62544,37,0,14,0,20,,62545,37,0,14,0,60,,62546,37,0,14,0,20,,62547,37,0,14,0,20,,62548,37,0,14,0,50,,62549,37,0,14,0,10,,62550,37,0,14,0,20,,62551,37,0,14,0,10,,62552,37,0,14,0,10,,62553,37,0,14,0,60,,62554,37,0,14,0,10,,62555,37,0,14,0,10,,62556,37,0,14,0,20,,62557,37,0,14,0,60,,62558,37,0,14,0,20,,62559,37,0,14,0,20,,62560,37,0,14,0,60,,62561,37,0,14,0,20,,62562,37,0,14,0,20,,62563,37,0,14,0,60,,62564,37,0,14,0,13,,62565,37,0,14,0,30,,62566,37,0,14,0,70,,62567,37,0,14,0,30,,62568,37,0,14,0,70,,62569,37,0,14,0,30,,62570,37,0,14,0,70,,62571,37,0,14,0,30,,62572,37,0,14,0,70,,62573,37,0,14,0
643504,'1387',626,,62574,37,0,14,0,30,,62575,37,0,14,0,60,,62576,37,0,14,0,17,,62577,37,0,14,0,15,,62578,37,0,14,0,55,,62579,37,0,14,0,15,,62580,37,0,14,0,15,,62581,37,0,14,0,15,,62582,37,0,14,0,55,,62583,37,0,14,0,13,,62584,37,0,14,0,17,,62585,37,0,14,0,20,,62586,37,0,14,0,60,,62587,37,0,14,0,20,,62588,37,0,14,0,20,,62589,37,0,14,0,60,,62590,37,0,14,0,20,,62591,37,0,14,0,20,,62592,37,0,14,0,60,,62593,37,0,14,0,20,,62594,37,0,14,0,20,,62595,37,0,14,0,60,,62596,37,0,14,0,20,,62597,37,0,14,0,20,,62598,37,0,14,0,60,,62599,37,0,14,0,20,,62600,37,0,14,0,20,,62601,37,0,14,0,50,,62602,37,0,14,0,10,,62603,37,0,14,0,20,,62604,37,0,14,0,10,,62605,37,0,14,0,10,,62606,37,0,14,0,60,,62607,37,0,14,0,10,,62608,37,0,14,0,10,,62609,37,0,14,0,20,,62610,37,0,14,0,60,,62611,37,0,14,0,20,,62612,37,0,14,0,20,,62613,37,0,14,0,60,,62614,37,0,14,0,20,,62615,37,0,14,0,20,,62616,37,0,14,0,60,,62617,37,0,14,0,13,,62618,37,0,14,0,30,,62619,37,0,14,0,70,,62620,37,0,14,0,30,,62621,37,0,14,0,70,,62622,37,0,14,0,30,,62623,37,0,14,0,70,,62624,37,0,14,0,30,,62625,37,0,14,0,70,,62626,37,0,14,0
643504,'1388',626,,62627,37,0,14,0,30,,62628,37,0,14,0,60,,62629,37,0,14,0,17,,62630,37,0,14,0,15,,62631,37,0,14,0,55,,62632,37,0,14,0,15,,62633,37,0,14,0,15,,62634,37,0,14,0,15,,62635,37,0,14,0,55,,62636,37,0,14,0,13,,62637,37,0,14,0,17,,62638,37,0,14,0,20,,62639,37,0,14,0,60,,62640,37,0,14,0,20,,62641,37,0,14,0,20,,62642,37,0,14,0,60,,62643,37,0,14,0,20,,62644,37,0,14,0,20,,62645,37,0,14,0,60,,62646,37,0,14,0,20,,62647,37,0,14,0,20,,62648,37,0,14,0,60,,62649,37,0,14,0,20,,62650,37,0,14,0,20,,62651,37,0,14,0,60,,62652,37,0,14,0,20,,62653,37,0,14,0,20,,62654,37,0,14,0,50,,62655,37,0,14,0,10,,62656,37,0,14,0,20,,62657,37,0,14,0,10,,62658,37,0,14,0,10,,62659,37,0,14,0,60,,62660,37,0,14,0,10,,62661,37,0,14,0,10,,62662,37,0,14,0,20,,62663,37,0,14,0,60,,62664,37,0,14,0,20,,62665,37,0,14,0,20,,62666,37,0,14,0,60,,62667,37,0,14,0,20,,62668,37,0,14,0,20,,62669,37,0,14,0,60,,62670,37,0,14,0,13,,62671,37,0,14,0,30,,62672,37,0,14,0,70,,62673,37,0,14,0,30,,62674,37,0,14,0,70,,62675,37,0,14,0,30,,62676,37,0,14,0,70,,62677,37,0,14,0,30,,62678,37,0,14,0,70,,62679,37,0,14,0
643504,'1389',626,,62680,37,0,14,0,30,,62681,37,0,14,0,60,,62682,37,0,14,0,17,,62683,37,0,14,0,15,,62684,37,0,14,0,55,,62685,37,0,14,0,15,,62686,37,0,14,0,15,,62687,37,0,14,0,15,,62688,37,0,14,0,55,,62689,37,0,14,0,13,,62690,37,0,14,0,17,,62691,37,0,14,0,20,,62692,37,0,14,0,60,,62693,37,0,14,0,20,,62694,37,0,14,0,20,,62695,37,0,14,0,60,,62696,37,0,14,0,20,,62697,37,0,14,0,20,,62698,37,0,14,0,60,,62699,37,0,14,0,20,,62700,37,0,14,0,20,,62701,37,0,14,0,60,,62702,37,0,14,0,20,,62703,37,0,14,0,20,,62704,37,0,14,0,60,,62705,37,0,14,0,20,,62706,37,0,14,0,20,,62707,37,0,14,0,50,,62708,37,0,14,0,10,,62709,37,0,14,0,20,,62710,37,0,14,0,10,,62711,37,0,14,0,10,,62712,37,0,14,0,60,,62713,37,0,14,0,10,,62714,37,0,14,0,10,,62715,37,0,14,0,20,,62716,37,0,14,0,60,,62717,37,0,14,0,20,,62718,37,0,14,0,20,,62719,37,0,14,0,60,,62720,37,0,14,0,20,,62721,37,0,14,0,20,,62722,37,0,14,0,60,,62723,37,0,14,0,13,,62724,37,0,14,0,30,,62725,37,0,14,0,70,,62726,37,0,14,0,30,,62727,37,0,14,0,70,,62728,37,0,14,0,30,,62729,37,0,14,0,70,,62730,37,0,14,0,30,,62731,37,0,14,0,70,,62732,37,0,14,0
721203,'1383',951,,63156,9,0,15,0,85,,63155,9,0,15,0,85,,63154,9,0,15,0,85,,63153,9,0,15,0,45,,63152,9,0,15,0,85,,63151,9,0,15,0,85,,63150,9,0,15,0,85,,63149,9,0,15,0,45,,63148,9,0,15,0,85,,63147,9,0,15,0,85,,63146,9,0,15,0,85,,63145,9,0,15,0,45,,63144,9,0,15,0,85,,63143,9,0,15,0
721203,'1384',651,,63157,9,0,15,0,85,,63158,9,0,15,0,85,,63159,9,0,15,0,85,,63160,9,0,15,0,45,,63161,9,0,15,0,85,,63162,9,0,15,0,70,,63163,9,0,15,0,30,,63164,9,0,15,0,70,,63165,9,0,15,0,30,,63166,9,0,15,0,70,,63167,9,0,15,0,30,,63168,9,0,15,0,70,,63169,9,0,15,0,30,,63170,9,0,15,0,70,,63171,9,0,15,0,30,,63172,9,0,15,0,70,,63173,9,0,15,0,30,,63174,9,0,15,0,70,,63175,9,0,15,0,30,,63176,9,0,15,0,70,,63177,9,0,15,0,30,,63178,9,0,15,0,85,,63179,9,0,15,0,85,,63180,9,0,15,0,45,,63181,9,0,15,0,85,,63182,9,0,15,0,85,,63183,9,0,15,0,85,,63184,9,0,15,0
721203,'1385',621,,63185,9,0,15,0,30,,63186,9,0,15,0,70,,63187,9,0,15,0,30,,63188,9,0,15,0,55,,63189,9,0,15,0,15,,63190,9,0,15,0,15,,63191,9,0,15,0,15,,63192,9,0,15,0,70,,63193,9,0,15,0,30,,63194,9,0,15,0,70,,63195,9,0,15,0,30,,63196,9,0,15,0,70,,63197,9,0,15,0,30,,63198,9,0,15,0,70,,63199,9,0,15,0,30,,63200,9,0,15,0,70,,63201,9,0,15,0,30,,63202,9,0,15,0,70,,63203,9,0,15,0,30,,63204,9,0,15,0,55,,63205,9,0,15,0,15,,63206,9,0,15,0,15,,63207,9,0,15,0,15,,63208,9,0,15,0,70,,63209,9,0,15,0,30,,63210,9,0,15,0,70,,63211,9,0,15,0,30,,63212,9,0,15,0,70,,63213,9,0,15,0,30,,63214,9,0,15,0,85,,63215,9,0,15,0,85,,63216,9,0,15,0,85,,63217,9,0,15,0,45,,63218,9,0,15,0,85,,63219,9,0,15,0,85,,63220,9,0,15,0
721203,'1386',621,,63221,9,0,15,0,30,,63222,9,0,15,0,70,,63223,9,0,15,0,30,,63224,9,0,15,0,55,,63225,9,0,15,0,15,,63226,9,0,15,0,15,,63227,9,0,15,0,15,,63228,9,0,15,0,70,,63229,9,0,15,0,30,,63230,9,0,15,0,70,,63231,9,0,15,0,30,,63232,9,0,15,0,70,,63233,9,0,15,0,30,,63234,9,0,15,0,70,,63235,9,0,15,0,30,,63236,9,0,15,0,70,,63237,9,0,15,0,30,,63238,9,0,15,0,70,,63239,9,0,15,0,30,,63240,9,0,15,0,55,,63241,9,0,15,0,15,,63242,9,0,15,0,15,,63243,9,0,15,0,15,,63244,9,0,15,0,70,,63245,9,0,15,0,30,,63246,9,0,15,0,70,,63247,9,0,15,0,30,,63248,9,0,15,0,70,,63249,9,0,15,0,30,,63250,9,0,15,0,85,,63251,9,0,15,0,85,,63252,9,0,15,0,85,,63253,9,0,15,0,45,,63254,9,0,15,0,85,,63255,9,0,15,0,85,,63256,9,0,15,0
721203,'1387',621,,63257,9,0,15,0,30,,63258,9,0,15,0,70,,63259,9,0,15,0,30,,63260,9,0,15,0,55,,63261,9,0,15,0,15,,63262,9,0,15,0,15,,63263,9,0,15,0,15,,63264,9,0,15,0,70,,63265,9,0,15,0,30,,63266,9,0,15,0,70,,63267,9,0,15,0,30,,63268,9,0,15,0,70,,63269,9,0,15,0,30,,63270,9,0,15,0,70,,63271,9,0,15,0,30,,63272,9,0,15,0,70,,63273,9,0,15,0,30,,63274,9,0,15,0,70,,63275,9,0,15,0,30,,63276,9,0,15,0,55,,63277,9,0,15,0,15,,63278,9,0,15,0,15,,63279,9,0,15,0,15,,63280,9,0,15,0,70,,63281,9,0,15,0,30,,63282,9,0,15,0,70,,63283,9,0,15,0,30,,63284,9,0,15,0,70,,63285,9,0,15,0,30,,63286,9,0,15,0,85,,63287,9,0,15,0,85,,63288,9,0,15,0,85,,63289,9,0,15,0,45,,63290,9,0,15,0,85,,63291,9,0,15,0,85,,63292,9,0,15,0
721203,'1388',621,,63293,9,0,15,0,30,,63294,9,0,15,0,70,,63295,9,0,15,0,30,,63296,9,0,15,0,55,,63297,9,0,15,0,15,,63298,9,0,15,0,15,,63299,9,0,15,0,15,,63300,9,0,15,0,70,,63301,9,0,15,0,30,,63302,9,0,15,0,70,,63303,9,0,15,0,30,,63304,9,0,15,0,70,,63305,9,0,15,0,30,,63306,9,0,15,0,70,,63307,9,0,15,0,30,,63308,9,0,15,0,70,,63309,9,0,15,0,30,,63310,9,0,15,0,70,,63311,9,0,15,0,30,,63312,9,0,15,0,55,,63313,9,0,15,0,15,,63314,9,0,15,0,15,,63315,9,0,15,0,15,,63316,9,0,15,0,70,,63317,9,0,15,0,30,,63318,9,0,15,0,70,,63319,9,0,15,0,30,,63320,9,0,15,0,70,,63321,9,0,15,0,30,,63322,9,0,15,0,85,,63323,9,0,15,0,85,,63324,9,0,15,0,85,,63325,9,0,15,0,45,,63326,9,0,15,0,85,,63327,9,0,15,0,85,,63328,9,0,15,0
721203,'1389',621,,63329,9,0,15,0,30,,63330,9,0,15,0,70,,63331,9,0,15,0,30,,63332,9,0,15,0,55,,63333,9,0,15,0,15,,63334,9,0,15,0,15,,63335,9,0,15,0,15,,63336,9,0,15,0,70,,63337,9,0,15,0,30,,63338,9,0,15,0,70,,63339,9,0,15,0,30,,63340,9,0,15,0,70,,63341,9,0,15,0,30,,63342,9,0,15,0,70,,63343,9,0,15,0,30,,63344,9,0,15,0,70,,63345,9,0,15,0,30,,63346,9,0,15,0,70,,63347,9,0,15,0,30,,63348,9,0,15,0,55,,63349,9,0,15,0,15,,63350,9,0,15,0,15,,63351,9,0,15,0,15,,63352,9,0,15,0,70,,63353,9,0,15,0,30,,63354,9,0,15,0,70,,63355,9,0,15,0,30,,63356,9,0,15,0,70,,63357,9,0,15,0,30,,63358,9,0,15,0,85,,63359,9,0,15,0,85,,63360,9,0,15,0,85,,63361,9,0,15,0,45,,63362,9,0,15,0,85,,63363,9,0,15,0,85,,63364,9,0,15,0
