70101,'1391',726,,68532,41,0,17,0,130,,68533,41,0,17,0,170,,68534,41,0,17,0,130,,68535,41,0,17,0,170,,68536,41,0,17,0,130,,68537,41,0,17,0,170,,68538,41,0,17,0,130,,68539,41,0,17,0
70101,'1392',726,,68540,41,0,17,0,85,,68541,41,0,17,0,45,,68542,41,0,17,0,85,,68543,41,0,17,0,85,,68544,41,0,17,0,130,,68545,41,0,17,0,170,,68546,41,0,17,0,85,,68547,41,0,17,0,45,,68548,41,0,17,0,85,,68549,41,0,17,0,85,,68550,41,0,17,0,85,,68551,41,0,17,0,45,,68552,41,0,17,0,85,,68553,41,0,17,0
70101,'1393',726,,68554,41,0,17,0,85,,68555,41,0,17,0,45,,68556,41,0,17,0,85,,68557,41,0,17,0,85,,68558,41,0,17,0,130,,68559,41,0,17,0,170,,68560,41,0,17,0,85,,68561,41,0,17,0,45,,68562,41,0,17,0,85,,68563,41,0,17,0,85,,68564,41,0,17,0,85,,68565,41,0,17,0,45,,68566,41,0,17,0,85,,68567,41,0,17,0
70101,'1394',726,,68568,41,0,17,0,85,,68569,41,0,17,0,45,,68570,41,0,17,0,85,,68571,41,0,17,0,85,,68572,41,0,17,0,130,,68573,41,0,17,0,170,,68574,41,0,17,0,85,,68575,41,0,17,0,45,,68576,41,0,17,0,85,,68577,41,0,17,0,85,,68578,41,0,17,0,85,,68579,41,0,17,0,45,,68580,41,0,17,0,85,,68581,41,0,17,0
70101,'1395',726,,68582,41,0,17,0,85,,68583,41,0,17,0,45,,68584,41,0,17,0,85,,68585,41,0,17,0,85,,68586,41,0,17,0,130,,68587,41,0,17,0,170,,68588,41,0,17,0,85,,68589,41,0,17,0,45,,68590,41,0,17,0,85,,68591,41,0,17,0,85,,68592,41,0,17,0,85,,68593,41,0,17,0,45,,68594,41,0,17,0,85,,68595,41,0,17,0
70101,'1396',726,,68596,41,0,17,0,85,,68597,41,0,17,0,45,,68598,41,0,17,0,85,,68599,41,0,17,0,85,,68600,41,0,17,0,130,,68601,41,0,17,0,170,,68602,41,0,17,0,85,,68603,41,0,17,0,45,,68604,41,0,17,0,85,,68605,41,0,17,0,85,,68606,41,0,17,0,85,,68607,41,0,17,0,45,,68608,41,0,17,0,85,,68609,41,0,17,0
721501,'1390',916,,71554,14,0,17,0,100,,71553,14,0,17,0,100,,71552,14,0,17,0,100,,71551,14,0,17,0,100,,71550,14,0,17,0,100,,71549,14,0,17,0,100,,71548,14,0,17,0,100,,71547,14,0,17,0,100,,71546,14,0,17,0,100,,71545,14,0,17,0,100,,71544,14,0,17,0
721501,'1391',716,,71555,14,0,17,0,100,,71556,14,0,17,0,100,,71557,14,0,17,0,100,,71558,14,0,17,0,100,,71559,14,0,17,0,100,,71560,14,0,17,0,30,,71561,14,0,17,0,70,,71562,14,0,17,0,30,,71563,14,0,17,0,70,,71564,14,0,17,0,30,,71565,14,0,17,0,70,,71566,14,0,17,0,30,,71567,14,0,17,0,70,,71568,14,0,17,0,30,,71569,14,0,17,0,70,,71570,14,0,17,0,30,,71571,14,0,17,0,70,,71572,14,0,17,0,100,,71573,14,0,17,0
721501,'1392',716,,71574,14,0,17,0,30,,71575,14,0,17,0,70,,71576,14,0,17,0,30,,71577,14,0,17,0,70,,71578,14,0,17,0,30,,71579,14,0,17,0,70,,71580,14,0,17,0,30,,71581,14,0,17,0,70,,71582,14,0,17,0,30,,71583,14,0,17,0,70,,71584,14,0,17,0,30,,71585,14,0,17,0,70,,71586,14,0,17,0,30,,71587,14,0,17,0,70,,71588,14,0,17,0,30,,71589,14,0,17,0,70,,71590,14,0,17,0,30,,71591,14,0,17,0,70,,71592,14,0,17,0,30,,71593,14,0,17,0,70,,71594,14,0,17,0,30,,71595,14,0,17,0,70,,71596,14,0,17,0,30,,71597,14,0,17,0,70,,71598,14,0,17,0,100,,71599,14,0,17,0,100,,71600,14,0,17,0,100,,71601,14,0,17,0
721501,'1393',716,,71602,14,0,17,0,30,,71603,14,0,17,0,70,,71604,14,0,17,0,30,,71605,14,0,17,0,70,,71606,14,0,17,0,30,,71607,14,0,17,0,70,,71608,14,0,17,0,30,,71609,14,0,17,0,70,,71610,14,0,17,0,30,,71611,14,0,17,0,70,,71612,14,0,17,0,30,,71613,14,0,17,0,70,,71614,14,0,17,0,30,,71615,14,0,17,0,70,,71616,14,0,17,0,30,,71617,14,0,17,0,70,,71618,14,0,17,0,30,,71619,14,0,17,0,70,,71620,14,0,17,0,30,,71621,14,0,17,0,70,,71622,14,0,17,0,30,,71623,14,0,17,0,70,,71624,14,0,17,0,30,,71625,14,0,17,0,70,,71626,14,0,17,0,100,,71627,14,0,17,0,100,,71628,14,0,17,0,100,,71629,14,0,17,0
721501,'1394',716,,71630,14,0,17,0,30,,71631,14,0,17,0,70,,71632,14,0,17,0,30,,71633,14,0,17,0,70,,71634,14,0,17,0,30,,71635,14,0,17,0,70,,71636,14,0,17,0,30,,71637,14,0,17,0,70,,71638,14,0,17,0,30,,71639,14,0,17,0,70,,71640,14,0,17,0,30,,71641,14,0,17,0,70,,71642,14,0,17,0,30,,71643,14,0,17,0,70,,71644,14,0,17,0,30,,71645,14,0,17,0,70,,71646,14,0,17,0,30,,71647,14,0,17,0,70,,71648,14,0,17,0,30,,71649,14,0,17,0,70,,71650,14,0,17,0,30,,71651,14,0,17,0,70,,71652,14,0,17,0,30,,71653,14,0,17,0,70,,71654,14,0,17,0,100,,71655,14,0,17,0,100,,71656,14,0,17,0,100,,71657,14,0,17,0
721501,'1395',716,,71658,14,0,17,0,30,,71659,14,0,17,0,70,,71660,14,0,17,0,30,,71661,14,0,17,0,70,,71662,14,0,17,0,30,,71663,14,0,17,0,70,,71664,14,0,17,0,30,,71665,14,0,17,0,70,,71666,14,0,17,0,30,,71667,14,0,17,0,70,,71668,14,0,17,0,30,,71669,14,0,17,0,70,,71670,14,0,17,0,30,,71671,14,0,17,0,70,,71672,14,0,17,0,30,,71673,14,0,17,0,70,,71674,14,0,17,0,30,,71675,14,0,17,0,70,,71676,14,0,17,0,30,,71677,14,0,17,0,70,,71678,14,0,17,0,30,,71679,14,0,17,0,70,,71680,14,0,17,0,30,,71681,14,0,17,0,70,,71682,14,0,17,0,100,,71683,14,0,17,0,100,,71684,14,0,17,0,100,,71685,14,0,17,0
721501,'1396',716,,71686,14,0,17,0,30,,71687,14,0,17,0,70,,71688,14,0,17,0,30,,71689,14,0,17,0,70,,71690,14,0,17,0,30,,71691,14,0,17,0,70,,71692,14,0,17,0,30,,71693,14,0,17,0,70,,71694,14,0,17,0,30,,71695,14,0,17,0,70,,71696,14,0,17,0,30,,71697,14,0,17,0,70,,71698,14,0,17,0,30,,71699,14,0,17,0,70,,71700,14,0,17,0,30,,71701,14,0,17,0,70,,71702,14,0,17,0,30,,71703,14,0,17,0,70,,71704,14,0,17,0,30,,71705,14,0,17,0,70,,71706,14,0,17,0,30,,71707,14,0,17,0,70,,71708,14,0,17,0,30,,71709,14,0,17,0,70,,71710,14,0,17,0,100,,71711,14,0,17,0,100,,71712,14,0,17,0,100,,71713,14,0,17,0
