721304,'1390',823,,71060,40,0,14,0,80,,71059,40,0,14,0,40,,71058,40,0,14,0,80,,71057,40,0,14,0,80,,71056,40,0,14,0,40,,71055,40,0,14,0,80,,71054,40,0,14,0,80,,71053,40,0,14,0,40,,71052,40,0,14,0,80,,71051,40,0,14,0,80,,71050,40,0,14,0,40,,71049,40,0,14,0,80,,71048,40,0,14,0,80,,71047,40,0,14,0,40,,71046,40,0,14,0,80,,71045,40,0,14,0,80,,71044,40,0,14,0,40,,71043,40,0,14,0
721304,'1391',623,,71061,40,0,14,0,80,,71062,40,0,14,0,40,,71063,40,0,14,0,80,,71064,40,0,14,0,80,,71065,40,0,14,0,40,,71066,40,0,14,0,80,,71067,40,0,14,0,80,,71068,40,0,14,0,40,,71069,40,0,14,0,60,,71070,40,0,14,0,20,,71071,40,0,14,0,20,,71072,40,0,14,0,60,,71073,40,0,14,0,20,,71074,40,0,14,0,20,,71075,40,0,14,0,60,,71076,40,0,14,0,20,,71077,40,0,14,0,20,,71078,40,0,14,0,60,,71079,40,0,14,0,20,,71080,40,0,14,0,20,,71081,40,0,14,0,60,,71082,40,0,14,0,20,,71083,40,0,14,0,20,,71084,40,0,14,0,60,,71085,40,0,14,0,20,,71086,40,0,14,0,20,,71087,40,0,14,0,60,,71088,40,0,14,0,20,,71089,40,0,14,0,80,,71090,40,0,14,0,40,,71091,40,0,14,0,80,,71092,40,0,14,0,80,,71093,40,0,14,0,40,,71094,40,0,14,0,80,,71095,40,0,14,0,80,,71096,40,0,14,0
721304,'1392',557,,71097,40,0,14,0,85,,71098,40,0,14,0,60,,71099,40,0,14,0,25,,71100,40,0,14,0,20,,71101,40,0,14,0,65,,71102,40,0,14,0,20,,71103,40,0,14,0,25,,71104,40,0,14,0,60,,71105,40,0,14,0,25,,71106,40,0,14,0,60,,71107,40,0,14,0,25,,71108,40,0,14,0,20,,71109,40,0,14,0,65,,71110,40,0,14,0,20,,71111,40,0,14,0,25,,71112,40,0,14,0,60,,71113,40,0,14,0,25,,71114,40,0,14,0,60,,71115,40,0,14,0,25,,71116,40,0,14,0,20,,71117,40,0,14,0,65,,71118,40,0,14,0,20,,71119,40,0,14,0,25,,71120,40,0,14,0,60,,71121,40,0,14,0,25,,71122,40,0,14,0,60,,71123,40,0,14,0,25,,71124,40,0,14,0,20,,71125,40,0,14,0,65,,71126,40,0,14,0,20,,71127,40,0,14,0,25,,71128,40,0,14,0,60,,71129,40,0,14,0,30,,71130,40,0,14,0,76,,71131,40,0,14,0,80,,71132,40,0,14,0,40,,71133,40,0,14,0,80,,71134,40,0,14,0,80,,71135,40,0,14,0,40,,71136,40,0,14,0,80,,71137,40,0,14,0
721304,'1393',557,,71138,40,0,14,0,85,,71139,40,0,14,0,60,,71140,40,0,14,0,25,,71141,40,0,14,0,20,,71142,40,0,14,0,65,,71143,40,0,14,0,20,,71144,40,0,14,0,25,,71145,40,0,14,0,60,,71146,40,0,14,0,25,,71147,40,0,14,0,60,,71148,40,0,14,0,25,,71149,40,0,14,0,20,,71150,40,0,14,0,65,,71151,40,0,14,0,20,,71152,40,0,14,0,25,,71153,40,0,14,0,60,,71154,40,0,14,0,25,,71155,40,0,14,0,60,,71156,40,0,14,0,25,,71157,40,0,14,0,20,,71158,40,0,14,0,65,,71159,40,0,14,0,20,,71160,40,0,14,0,25,,71161,40,0,14,0,60,,71162,40,0,14,0,25,,71163,40,0,14,0,60,,71164,40,0,14,0,25,,71165,40,0,14,0,20,,71166,40,0,14,0,65,,71167,40,0,14,0,20,,71168,40,0,14,0,25,,71169,40,0,14,0,60,,71170,40,0,14,0,30,,71171,40,0,14,0,76,,71172,40,0,14,0,80,,71173,40,0,14,0,40,,71174,40,0,14,0,80,,71175,40,0,14,0,80,,71176,40,0,14,0,40,,71177,40,0,14,0,80,,71178,40,0,14,0
721304,'1394',557,,71179,40,0,14,0,85,,71180,40,0,14,0,60,,71181,40,0,14,0,25,,71182,40,0,14,0,20,,71183,40,0,14,0,65,,71184,40,0,14,0,20,,71185,40,0,14,0,25,,71186,40,0,14,0,60,,71187,40,0,14,0,25,,71188,40,0,14,0,60,,71189,40,0,14,0,25,,71190,40,0,14,0,20,,71191,40,0,14,0,65,,71192,40,0,14,0,20,,71193,40,0,14,0,25,,71194,40,0,14,0,60,,71195,40,0,14,0,25,,71196,40,0,14,0,60,,71197,40,0,14,0,25,,71198,40,0,14,0,20,,71199,40,0,14,0,65,,71200,40,0,14,0,20,,71201,40,0,14,0,25,,71202,40,0,14,0,60,,71203,40,0,14,0,25,,71204,40,0,14,0,60,,71205,40,0,14,0,25,,71206,40,0,14,0,20,,71207,40,0,14,0,65,,71208,40,0,14,0,20,,71209,40,0,14,0,25,,71210,40,0,14,0,60,,71211,40,0,14,0,30,,71212,40,0,14,0,76,,71213,40,0,14,0,80,,71214,40,0,14,0,40,,71215,40,0,14,0,80,,71216,40,0,14,0,80,,71217,40,0,14,0,40,,71218,40,0,14,0,80,,71219,40,0,14,0
721304,'1395',557,,71220,40,0,14,0,85,,71221,40,0,14,0,60,,71222,40,0,14,0,25,,71223,40,0,14,0,20,,71224,40,0,14,0,65,,71225,40,0,14,0,20,,71226,40,0,14,0,25,,71227,40,0,14,0,60,,71228,40,0,14,0,25,,71229,40,0,14,0,60,,71230,40,0,14,0,25,,71231,40,0,14,0,20,,71232,40,0,14,0,65,,71233,40,0,14,0,20,,71234,40,0,14,0,25,,71235,40,0,14,0,60,,71236,40,0,14,0,25,,71237,40,0,14,0,60,,71238,40,0,14,0,25,,71239,40,0,14,0,20,,71240,40,0,14,0,65,,71241,40,0,14,0,20,,71242,40,0,14,0,25,,71243,40,0,14,0,60,,71244,40,0,14,0,25,,71245,40,0,14,0,60,,71246,40,0,14,0,25,,71247,40,0,14,0,20,,71248,40,0,14,0,65,,71249,40,0,14,0,20,,71250,40,0,14,0,25,,71251,40,0,14,0,60,,71252,40,0,14,0,30,,71253,40,0,14,0,76,,71254,40,0,14,0,80,,71255,40,0,14,0,40,,71256,40,0,14,0,80,,71257,40,0,14,0,80,,71258,40,0,14,0,40,,71259,40,0,14,0,80,,71260,40,0,14,0
721304,'1396',557,,71261,40,0,14,0,85,,71262,40,0,14,0,60,,71263,40,0,14,0,25,,71264,40,0,14,0,20,,71265,40,0,14,0,65,,71266,40,0,14,0,20,,71267,40,0,14,0,25,,71268,40,0,14,0,60,,71269,40,0,14,0,25,,71270,40,0,14,0,60,,71271,40,0,14,0,25,,71272,40,0,14,0,20,,71273,40,0,14,0,65,,71274,40,0,14,0,20,,71275,40,0,14,0,25,,71276,40,0,14,0,60,,71277,40,0,14,0,25,,71278,40,0,14,0,60,,71279,40,0,14,0,25,,71280,40,0,14,0,20,,71281,40,0,14,0,65,,71282,40,0,14,0,20,,71283,40,0,14,0,25,,71284,40,0,14,0,60,,71285,40,0,14,0,25,,71286,40,0,14,0,60,,71287,40,0,14,0,25,,71288,40,0,14,0,20,,71289,40,0,14,0,65,,71290,40,0,14,0,20,,71291,40,0,14,0,25,,71292,40,0,14,0,60,,71293,40,0,14,0,30,,71294,40,0,14,0,76,,71295,40,0,14,0,80,,71296,40,0,14,0,40,,71297,40,0,14,0,80,,71298,40,0,14,0,80,,71299,40,0,14,0,40,,71300,40,0,14,0,80,,71301,40,0,14,0
722600,'1392',725,,72072,11,,,0,84,,72069,11,,,0,650,,72070,12,,,0,82,,72071,12,,,0
722600,'1393',725,,72076,11,,,0,84,,72073,11,,,0,650,,72074,12,,,0,82,,72075,12,,,0
722600,'1394',725,,72080,11,,,0,84,,72077,11,,,0,650,,72078,12,,,0,82,,72079,12,,,0
722600,'1395',725,,72084,11,,,0,84,,72081,11,,,0,650,,72082,12,,,0,82,,72083,12,,,0
722600,'1396',725,,72088,11,,,0,84,,72085,11,,,0,650,,72086,12,,,0,82,,72087,12,,,0
