721303,'1390',835,,70801,1,0,15,0,80,,70800,1,0,15,0,40,,70799,1,0,15,0,80,,70798,1,0,15,0,80,,70797,1,0,15,0,40,,70796,1,0,15,0,80,,70795,1,0,15,0,80,,70794,1,0,15,0,40,,70793,1,0,15,0,80,,70792,1,0,15,0,80,,70791,1,0,15,0,40,,70790,1,0,15,0,80,,70789,1,0,15,0,80,,70788,1,0,15,0,40,,70787,1,0,15,0,80,,70786,1,0,15,0,80,,70785,1,0,15,0,40,,70784,1,0,15,0
721303,'1391',635,,70802,1,0,15,0,80,,70803,1,0,15,0,40,,70804,1,0,15,0,80,,70805,1,0,15,0,80,,70806,1,0,15,0,40,,70807,1,0,15,0,80,,70808,1,0,15,0,80,,70809,1,0,15,0,40,,70810,1,0,15,0,60,,70811,1,0,15,0,20,,70812,1,0,15,0,20,,70813,1,0,15,0,60,,70814,1,0,15,0,20,,70815,1,0,15,0,20,,70816,1,0,15,0,60,,70817,1,0,15,0,20,,70818,1,0,15,0,20,,70819,1,0,15,0,60,,70820,1,0,15,0,20,,70821,1,0,15,0,20,,70822,1,0,15,0,60,,70823,1,0,15,0,20,,70824,1,0,15,0,20,,70825,1,0,15,0,60,,70826,1,0,15,0,20,,70827,1,0,15,0,20,,70828,1,0,15,0,60,,70829,1,0,15,0,20,,70830,1,0,15,0,80,,70831,1,0,15,0,40,,70832,1,0,15,0,80,,70833,1,0,15,0,80,,70834,1,0,15,0,40,,70835,1,0,15,0,80,,70836,1,0,15,0,80,,70837,1,0,15,0
721303,'1392',610,,70838,1,0,15,0,45,,70839,1,0,15,0,60,,70840,1,0,15,0,25,,70841,1,0,15,0,60,,70842,1,0,15,0,25,,70843,1,0,15,0,20,,70844,1,0,15,0,65,,70845,1,0,15,0,20,,70846,1,0,15,0,25,,70847,1,0,15,0,60,,70848,1,0,15,0,25,,70849,1,0,15,0,60,,70850,1,0,15,0,25,,70851,1,0,15,0,20,,70852,1,0,15,0,65,,70853,1,0,15,0,20,,70854,1,0,15,0,25,,70855,1,0,15,0,60,,70856,1,0,15,0,25,,70857,1,0,15,0,60,,70858,1,0,15,0,25,,70859,1,0,15,0,20,,70860,1,0,15,0,65,,70861,1,0,15,0,20,,70862,1,0,15,0,25,,70863,1,0,15,0,60,,70864,1,0,15,0,25,,70865,1,0,15,0,60,,70866,1,0,15,0,25,,70867,1,0,15,0,20,,70868,1,0,15,0,65,,70869,1,0,15,0,20,,70870,1,0,15,0,70,,70871,1,0,15,0,35,,70872,1,0,15,0,80,,70873,1,0,15,0,40,,70874,1,0,15,0,80,,70875,1,0,15,0,80,,70876,1,0,15,0,40,,70877,1,0,15,0,80,,70878,1,0,15,0
721303,'1393',610,,70879,1,0,15,0,45,,70880,1,0,15,0,60,,70881,1,0,15,0,25,,70882,1,0,15,0,60,,70883,1,0,15,0,25,,70884,1,0,15,0,20,,70885,1,0,15,0,65,,70886,1,0,15,0,20,,70887,1,0,15,0,25,,70888,1,0,15,0,60,,70889,1,0,15,0,25,,70890,1,0,15,0,60,,70891,1,0,15,0,25,,70892,1,0,15,0,20,,70893,1,0,15,0,65,,70894,1,0,15,0,20,,70895,1,0,15,0,25,,70896,1,0,15,0,60,,70897,1,0,15,0,25,,70898,1,0,15,0,60,,70899,1,0,15,0,25,,70900,1,0,15,0,20,,70901,1,0,15,0,65,,70902,1,0,15,0,20,,70903,1,0,15,0,25,,70904,1,0,15,0,60,,70905,1,0,15,0,25,,70906,1,0,15,0,60,,70907,1,0,15,0,25,,70908,1,0,15,0,20,,70909,1,0,15,0,65,,70910,1,0,15,0,20,,70911,1,0,15,0,70,,70912,1,0,15,0,35,,70913,1,0,15,0,80,,70914,1,0,15,0,40,,70915,1,0,15,0,80,,70916,1,0,15,0,80,,70917,1,0,15,0,40,,70918,1,0,15,0,80,,70919,1,0,15,0
721303,'1394',610,,70920,1,0,15,0,45,,70921,1,0,15,0,60,,70922,1,0,15,0,25,,70923,1,0,15,0,60,,70924,1,0,15,0,25,,70925,1,0,15,0,20,,70926,1,0,15,0,65,,70927,1,0,15,0,20,,70928,1,0,15,0,25,,70929,1,0,15,0,60,,70930,1,0,15,0,25,,70931,1,0,15,0,60,,70932,1,0,15,0,25,,70933,1,0,15,0,20,,70934,1,0,15,0,65,,70935,1,0,15,0,20,,70936,1,0,15,0,25,,70937,1,0,15,0,60,,70938,1,0,15,0,25,,70939,1,0,15,0,60,,70940,1,0,15,0,25,,70941,1,0,15,0,20,,70942,1,0,15,0,65,,70943,1,0,15,0,20,,70944,1,0,15,0,25,,70945,1,0,15,0,60,,70946,1,0,15,0,25,,70947,1,0,15,0,60,,70948,1,0,15,0,25,,70949,1,0,15,0,20,,70950,1,0,15,0,65,,70951,1,0,15,0,20,,70952,1,0,15,0,70,,70953,1,0,15,0,35,,70954,1,0,15,0,80,,70955,1,0,15,0,40,,70956,1,0,15,0,80,,70957,1,0,15,0,80,,70958,1,0,15,0,40,,70959,1,0,15,0,80,,70960,1,0,15,0
721303,'1395',610,,70961,1,0,15,0,45,,70962,1,0,15,0,60,,70963,1,0,15,0,25,,70964,1,0,15,0,60,,70965,1,0,15,0,25,,70966,1,0,15,0,20,,70967,1,0,15,0,65,,70968,1,0,15,0,20,,70969,1,0,15,0,25,,70970,1,0,15,0,60,,70971,1,0,15,0,25,,70972,1,0,15,0,60,,70973,1,0,15,0,25,,70974,1,0,15,0,20,,70975,1,0,15,0,65,,70976,1,0,15,0,20,,70977,1,0,15,0,25,,70978,1,0,15,0,60,,70979,1,0,15,0,25,,70980,1,0,15,0,60,,70981,1,0,15,0,25,,70982,1,0,15,0,20,,70983,1,0,15,0,65,,70984,1,0,15,0,20,,70985,1,0,15,0,25,,70986,1,0,15,0,60,,70987,1,0,15,0,25,,70988,1,0,15,0,60,,70989,1,0,15,0,25,,70990,1,0,15,0,20,,70991,1,0,15,0,65,,70992,1,0,15,0,20,,70993,1,0,15,0,70,,70994,1,0,15,0,35,,70995,1,0,15,0,80,,70996,1,0,15,0,40,,70997,1,0,15,0,80,,70998,1,0,15,0,80,,70999,1,0,15,0,40,,71000,1,0,15,0,80,,71001,1,0,15,0
721303,'1396',610,,71002,1,0,15,0,45,,71003,1,0,15,0,60,,71004,1,0,15,0,25,,71005,1,0,15,0,60,,71006,1,0,15,0,25,,71007,1,0,15,0,20,,71008,1,0,15,0,65,,71009,1,0,15,0,20,,71010,1,0,15,0,25,,71011,1,0,15,0,60,,71012,1,0,15,0,25,,71013,1,0,15,0,60,,71014,1,0,15,0,25,,71015,1,0,15,0,20,,71016,1,0,15,0,65,,71017,1,0,15,0,20,,71018,1,0,15,0,25,,71019,1,0,15,0,60,,71020,1,0,15,0,25,,71021,1,0,15,0,60,,71022,1,0,15,0,25,,71023,1,0,15,0,20,,71024,1,0,15,0,65,,71025,1,0,15,0,20,,71026,1,0,15,0,25,,71027,1,0,15,0,60,,71028,1,0,15,0,25,,71029,1,0,15,0,60,,71030,1,0,15,0,25,,71031,1,0,15,0,20,,71032,1,0,15,0,65,,71033,1,0,15,0,20,,71034,1,0,15,0,70,,71035,1,0,15,0,35,,71036,1,0,15,0,80,,71037,1,0,15,0,40,,71038,1,0,15,0,80,,71039,1,0,15,0,80,,71040,1,0,15,0,40,,71041,1,0,15,0,80,,71042,1,0,15,0
721304,'1390',835,,71060,59,4,,0,80,,71059,59,4,,0,40,,71058,59,4,,0,80,,71057,59,4,,0,80,,71056,59,4,,0,40,,71055,59,4,,0,80,,71054,59,4,,0,80,,71053,59,4,,0,40,,71052,59,4,,0,80,,71051,59,4,,0,80,,71050,59,4,,0,40,,71049,59,4,,0,80,,71048,59,4,,0,80,,71047,59,4,,0,40,,71046,59,4,,0,80,,71045,59,4,,0,80,,71044,59,4,,0,40,,71043,59,4,,0
721304,'1391',635,,71061,59,4,,0,80,,71062,59,4,,0,40,,71063,59,4,,0,80,,71064,59,4,,0,80,,71065,59,4,,0,40,,71066,59,4,,0,80,,71067,59,4,,0,80,,71068,59,4,,0,40,,71069,59,4,,0,60,,71070,59,4,,0,20,,71071,59,4,,0,20,,71072,59,4,,0,60,,71073,59,4,,0,20,,71074,59,4,,0,20,,71075,59,4,,0,60,,71076,59,4,,0,20,,71077,59,4,,0,20,,71078,59,4,,0,60,,71079,59,4,,0,20,,71080,59,4,,0,20,,71081,59,4,,0,60,,71082,59,4,,0,20,,71083,59,4,,0,20,,71084,59,4,,0,60,,71085,59,4,,0,20,,71086,59,4,,0,20,,71087,59,4,,0,60,,71088,59,4,,0,20,,71089,59,4,,0,80,,71090,59,4,,0,40,,71091,59,4,,0,80,,71092,59,4,,0,80,,71093,59,4,,0,40,,71094,59,4,,0,80,,71095,59,4,,0,80,,71096,59,4,,0
721304,'1392',610,,71097,59,4,,0,45,,71098,59,4,,0,60,,71099,59,4,,0,25,,71100,59,4,,0,60,,71101,59,4,,0,25,,71102,59,4,,0,20,,71103,59,4,,0,65,,71104,59,4,,0,20,,71105,59,4,,0,25,,71106,59,4,,0,60,,71107,59,4,,0,25,,71108,59,4,,0,60,,71109,59,4,,0,25,,71110,59,4,,0,20,,71111,59,4,,0,65,,71112,59,4,,0,20,,71113,59,4,,0,25,,71114,59,4,,0,60,,71115,59,4,,0,25,,71116,59,4,,0,60,,71117,59,4,,0,25,,71118,59,4,,0,20,,71119,59,4,,0,65,,71120,59,4,,0,20,,71121,59,4,,0,25,,71122,59,4,,0,60,,71123,59,4,,0,25,,71124,59,4,,0,60,,71125,59,4,,0,25,,71126,59,4,,0,20,,71127,59,4,,0,65,,71128,59,4,,0,20,,71129,59,4,,0,70,,71130,59,4,,0,35,,71131,59,4,,0,80,,71132,59,4,,0,40,,71133,59,4,,0,80,,71134,59,4,,0,80,,71135,59,4,,0,40,,71136,59,4,,0,80,,71137,59,4,,0
721304,'1393',610,,71138,59,4,,0,45,,71139,59,4,,0,60,,71140,59,4,,0,25,,71141,59,4,,0,60,,71142,59,4,,0,25,,71143,59,4,,0,20,,71144,59,4,,0,65,,71145,59,4,,0,20,,71146,59,4,,0,25,,71147,59,4,,0,60,,71148,59,4,,0,25,,71149,59,4,,0,60,,71150,59,4,,0,25,,71151,59,4,,0,20,,71152,59,4,,0,65,,71153,59,4,,0,20,,71154,59,4,,0,25,,71155,59,4,,0,60,,71156,59,4,,0,25,,71157,59,4,,0,60,,71158,59,4,,0,25,,71159,59,4,,0,20,,71160,59,4,,0,65,,71161,59,4,,0,20,,71162,59,4,,0,25,,71163,59,4,,0,60,,71164,59,4,,0,25,,71165,59,4,,0,60,,71166,59,4,,0,25,,71167,59,4,,0,20,,71168,59,4,,0,65,,71169,59,4,,0,20,,71170,59,4,,0,70,,71171,59,4,,0,35,,71172,59,4,,0,80,,71173,59,4,,0,40,,71174,59,4,,0,80,,71175,59,4,,0,80,,71176,59,4,,0,40,,71177,59,4,,0,80,,71178,59,4,,0
721304,'1394',610,,71179,59,4,,0,45,,71180,59,4,,0,60,,71181,59,4,,0,25,,71182,59,4,,0,60,,71183,59,4,,0,25,,71184,59,4,,0,20,,71185,59,4,,0,65,,71186,59,4,,0,20,,71187,59,4,,0,25,,71188,59,4,,0,60,,71189,59,4,,0,25,,71190,59,4,,0,60,,71191,59,4,,0,25,,71192,59,4,,0,20,,71193,59,4,,0,65,,71194,59,4,,0,20,,71195,59,4,,0,25,,71196,59,4,,0,60,,71197,59,4,,0,25,,71198,59,4,,0,60,,71199,59,4,,0,25,,71200,59,4,,0,20,,71201,59,4,,0,65,,71202,59,4,,0,20,,71203,59,4,,0,25,,71204,59,4,,0,60,,71205,59,4,,0,25,,71206,59,4,,0,60,,71207,59,4,,0,25,,71208,59,4,,0,20,,71209,59,4,,0,65,,71210,59,4,,0,20,,71211,59,4,,0,70,,71212,59,4,,0,35,,71213,59,4,,0,80,,71214,59,4,,0,40,,71215,59,4,,0,80,,71216,59,4,,0,80,,71217,59,4,,0,40,,71218,59,4,,0,80,,71219,59,4,,0
721304,'1395',610,,71220,59,4,,0,45,,71221,59,4,,0,60,,71222,59,4,,0,25,,71223,59,4,,0,60,,71224,59,4,,0,25,,71225,59,4,,0,20,,71226,59,4,,0,65,,71227,59,4,,0,20,,71228,59,4,,0,25,,71229,59,4,,0,60,,71230,59,4,,0,25,,71231,59,4,,0,60,,71232,59,4,,0,25,,71233,59,4,,0,20,,71234,59,4,,0,65,,71235,59,4,,0,20,,71236,59,4,,0,25,,71237,59,4,,0,60,,71238,59,4,,0,25,,71239,59,4,,0,60,,71240,59,4,,0,25,,71241,59,4,,0,20,,71242,59,4,,0,65,,71243,59,4,,0,20,,71244,59,4,,0,25,,71245,59,4,,0,60,,71246,59,4,,0,25,,71247,59,4,,0,60,,71248,59,4,,0,25,,71249,59,4,,0,20,,71250,59,4,,0,65,,71251,59,4,,0,20,,71252,59,4,,0,70,,71253,59,4,,0,35,,71254,59,4,,0,80,,71255,59,4,,0,40,,71256,59,4,,0,80,,71257,59,4,,0,80,,71258,59,4,,0,40,,71259,59,4,,0,80,,71260,59,4,,0
721304,'1396',610,,71261,59,4,,0,45,,71262,59,4,,0,60,,71263,59,4,,0,25,,71264,59,4,,0,60,,71265,59,4,,0,25,,71266,59,4,,0,20,,71267,59,4,,0,65,,71268,59,4,,0,20,,71269,59,4,,0,25,,71270,59,4,,0,60,,71271,59,4,,0,25,,71272,59,4,,0,60,,71273,59,4,,0,25,,71274,59,4,,0,20,,71275,59,4,,0,65,,71276,59,4,,0,20,,71277,59,4,,0,25,,71278,59,4,,0,60,,71279,59,4,,0,25,,71280,59,4,,0,60,,71281,59,4,,0,25,,71282,59,4,,0,20,,71283,59,4,,0,65,,71284,59,4,,0,20,,71285,59,4,,0,25,,71286,59,4,,0,60,,71287,59,4,,0,25,,71288,59,4,,0,60,,71289,59,4,,0,25,,71290,59,4,,0,20,,71291,59,4,,0,65,,71292,59,4,,0,20,,71293,59,4,,0,70,,71294,59,4,,0,35,,71295,59,4,,0,80,,71296,59,4,,0,40,,71297,59,4,,0,80,,71298,59,4,,0,80,,71299,59,4,,0,40,,71300,59,4,,0,80,,71301,59,4,,0
