721404,'1390',929,,71430,42,0,14,0,110,,71429,42,0,14,0,110,,71428,42,0,14,0,110,,71427,42,0,14,0,150,,71426,42,0,14,0,110,,71425,42,0,14,0,110,,71424,42,0,14,0,110,,71423,42,0,14,0
721404,'1391',829,,71431,42,0,14,0,110,,71432,42,0,14,0,110,,71433,42,0,14,0,110,,71434,42,0,14,0,150,,71435,42,0,14,0,112,,71436,42,0,14,0,85,,71437,42,0,14,0,45,,71438,42,0,14,0,85,,71439,42,0,14,0,85,,71440,42,0,14,0,85,,71441,42,0,14,0,45,,71442,42,0,14,0,85,,71443,42,0,14,0
721404,'1392',653,,71444,42,0,14,0,97,,71445,42,0,14,0,85,,71446,42,0,14,0,85,,71447,42,0,14,0,85,,71448,42,0,14,0,45,,71449,42,0,14,0,85,,71450,42,0,14,0,85,,71451,42,0,14,0,85,,71452,42,0,14,0,45,,71453,42,0,14,0,85,,71454,42,0,14,0,85,,71455,42,0,14,0,85,,71456,42,0,14,0,45,,71457,42,0,14,0,85,,71458,42,0,14,0,85,,71459,42,0,14,0,85,,71460,42,0,14,0,45,,71461,42,0,14,0,85,,71462,42,0,14,0,85,,71463,42,0,14,0
721404,'1393',653,,71464,42,0,14,0,97,,71465,42,0,14,0,85,,71466,42,0,14,0,85,,71467,42,0,14,0,85,,71468,42,0,14,0,45,,71469,42,0,14,0,85,,71470,42,0,14,0,85,,71471,42,0,14,0,85,,71472,42,0,14,0,45,,71473,42,0,14,0,85,,71474,42,0,14,0,85,,71475,42,0,14,0,85,,71476,42,0,14,0,45,,71477,42,0,14,0,85,,71478,42,0,14,0,85,,71479,42,0,14,0,85,,71480,42,0,14,0,45,,71481,42,0,14,0,85,,71482,42,0,14,0,85,,71483,42,0,14,0
721404,'1394',653,,71484,42,0,14,0,97,,71485,42,0,14,0,85,,71486,42,0,14,0,85,,71487,42,0,14,0,85,,71488,42,0,14,0,45,,71489,42,0,14,0,85,,71490,42,0,14,0,85,,71491,42,0,14,0,85,,71492,42,0,14,0,45,,71493,42,0,14,0,85,,71494,42,0,14,0,85,,71495,42,0,14,0,85,,71496,42,0,14,0,45,,71497,42,0,14,0,85,,71498,42,0,14,0,85,,71499,42,0,14,0,85,,71500,42,0,14,0,45,,71501,42,0,14,0,85,,71502,42,0,14,0,85,,71503,42,0,14,0
721404,'1395',653,,71504,42,0,14,0,97,,71505,42,0,14,0,85,,71506,42,0,14,0,85,,71507,42,0,14,0,85,,71508,42,0,14,0,45,,71509,42,0,14,0,85,,71510,42,0,14,0,85,,71511,42,0,14,0,85,,71512,42,0,14,0,45,,71513,42,0,14,0,85,,71514,42,0,14,0,85,,71515,42,0,14,0,85,,71516,42,0,14,0,45,,71517,42,0,14,0,85,,71518,42,0,14,0,85,,71519,42,0,14,0,85,,71520,42,0,14,0,45,,71521,42,0,14,0,85,,71522,42,0,14,0,85,,71523,42,0,14,0
721404,'1396',653,,71524,42,0,14,0,97,,71525,42,0,14,0,85,,71526,42,0,14,0,85,,71527,42,0,14,0,85,,71528,42,0,14,0,45,,71529,42,0,14,0,85,,71530,42,0,14,0,85,,71531,42,0,14,0,85,,71532,42,0,14,0,45,,71533,42,0,14,0,85,,71534,42,0,14,0,85,,71535,42,0,14,0,85,,71536,42,0,14,0,45,,71537,42,0,14,0,85,,71538,42,0,14,0,85,,71539,42,0,14,0,85,,71540,42,0,14,0,45,,71541,42,0,14,0,85,,71542,42,0,14,0,85,,71543,42,0,14,0
722600,'1392',720,,72072,6,,,0,85,,72069,6,,,0,649,,72070,7,,,0,83,,72071,7,,,0
722600,'1393',720,,72076,6,,,0,85,,72073,6,,,0,649,,72074,7,,,0,83,,72075,7,,,0
722600,'1394',720,,72080,6,,,0,85,,72077,6,,,0,649,,72078,7,,,0,83,,72079,7,,,0
722600,'1395',720,,72084,6,,,0,85,,72081,6,,,0,649,,72082,7,,,0,83,,72083,7,,,0
722600,'1396',720,,72088,6,,,0,85,,72085,6,,,0,649,,72086,7,,,0,83,,72087,7,,,0
