721303,'1383',839,,63599,5,0,15,0,80,,63598,5,0,15,0,40,,63597,5,0,15,0,80,,63596,5,0,15,0,80,,63595,5,0,15,0,40,,63594,5,0,15,0,80,,63593,5,0,15,0,80,,63592,5,0,15,0,40,,63591,5,0,15,0,80,,63590,5,0,15,0,80,,63589,5,0,15,0,40,,63588,5,0,15,0,80,,63587,5,0,15,0,80,,63586,5,0,15,0,40,,63585,5,0,15,0,80,,63584,5,0,15,0,80,,63583,5,0,15,0,40,,63582,5,0,15,0
721303,'1384',639,,63600,5,0,15,0,80,,63601,5,0,15,0,40,,63602,5,0,15,0,80,,63603,5,0,15,0,80,,63604,5,0,15,0,40,,63605,5,0,15,0,80,,63606,5,0,15,0,80,,63607,5,0,15,0,40,,63608,5,0,15,0,60,,63609,5,0,15,0,20,,63610,5,0,15,0,20,,63611,5,0,15,0,60,,63612,5,0,15,0,20,,63613,5,0,15,0,20,,63614,5,0,15,0,60,,63615,5,0,15,0,20,,63616,5,0,15,0,20,,63617,5,0,15,0,60,,63618,5,0,15,0,20,,63619,5,0,15,0,20,,63620,5,0,15,0,60,,63621,5,0,15,0,20,,63622,5,0,15,0,20,,63623,5,0,15,0,60,,63624,5,0,15,0,20,,63625,5,0,15,0,20,,63626,5,0,15,0,60,,63627,5,0,15,0,20,,63628,5,0,15,0,80,,63629,5,0,15,0,40,,63630,5,0,15,0,80,,63631,5,0,15,0,80,,63632,5,0,15,0,40,,63633,5,0,15,0,80,,63634,5,0,15,0,80,,63635,5,0,15,0
721303,'1385',614,,63636,5,0,15,0,45,,63637,5,0,15,0,60,,63638,5,0,15,0,25,,63639,5,0,15,0,60,,63640,5,0,15,0,25,,63641,5,0,15,0,20,,63642,5,0,15,0,65,,63643,5,0,15,0,20,,63644,5,0,15,0,25,,63645,5,0,15,0,60,,63646,5,0,15,0,25,,63647,5,0,15,0,60,,63648,5,0,15,0,25,,63649,5,0,15,0,20,,63650,5,0,15,0,65,,63651,5,0,15,0,20,,63652,5,0,15,0,25,,63653,5,0,15,0,60,,63654,5,0,15,0,25,,63655,5,0,15,0,60,,63656,5,0,15,0,25,,63657,5,0,15,0,20,,63658,5,0,15,0,65,,63659,5,0,15,0,20,,63660,5,0,15,0,25,,63661,5,0,15,0,60,,63662,5,0,15,0,25,,63663,5,0,15,0,60,,63664,5,0,15,0,25,,63665,5,0,15,0,20,,63666,5,0,15,0,65,,63667,5,0,15,0,20,,63668,5,0,15,0,70,,63669,5,0,15,0,35,,63670,5,0,15,0,80,,63671,5,0,15,0,40,,63672,5,0,15,0,80,,63676,5,0,15,0,80,,63675,5,0,15,0,40,,63674,5,0,15,0,80,,63673,5,0,15,0
721303,'1386',614,,63677,5,0,15,0,45,,63678,5,0,15,0,60,,63679,5,0,15,0,25,,63680,5,0,15,0,60,,63681,5,0,15,0,25,,63682,5,0,15,0,20,,63683,5,0,15,0,65,,63684,5,0,15,0,20,,63685,5,0,15,0,25,,63686,5,0,15,0,60,,63687,5,0,15,0,25,,63688,5,0,15,0,60,,63689,5,0,15,0,25,,63690,5,0,15,0,20,,63691,5,0,15,0,65,,63692,5,0,15,0,20,,63693,5,0,15,0,25,,63694,5,0,15,0,60,,63695,5,0,15,0,25,,63696,5,0,15,0,60,,63697,5,0,15,0,25,,63698,5,0,15,0,20,,63699,5,0,15,0,65,,63700,5,0,15,0,20,,63701,5,0,15,0,25,,63702,5,0,15,0,60,,63703,5,0,15,0,25,,63704,5,0,15,0,60,,63705,5,0,15,0,25,,63706,5,0,15,0,20,,63707,5,0,15,0,65,,63708,5,0,15,0,20,,63709,5,0,15,0,70,,63710,5,0,15,0,35,,63711,5,0,15,0,80,,63712,5,0,15,0,40,,63713,5,0,15,0,80,,63717,5,0,15,0,80,,63716,5,0,15,0,40,,63715,5,0,15,0,80,,63714,5,0,15,0
721303,'1387',614,,63718,5,0,15,0,45,,63719,5,0,15,0,60,,63720,5,0,15,0,25,,63721,5,0,15,0,60,,63722,5,0,15,0,25,,63723,5,0,15,0,20,,63724,5,0,15,0,65,,63725,5,0,15,0,20,,63726,5,0,15,0,25,,63727,5,0,15,0,60,,63728,5,0,15,0,25,,63729,5,0,15,0,60,,63730,5,0,15,0,25,,63731,5,0,15,0,20,,63732,5,0,15,0,65,,63733,5,0,15,0,20,,63734,5,0,15,0,25,,63735,5,0,15,0,60,,63736,5,0,15,0,25,,63737,5,0,15,0,60,,63738,5,0,15,0,25,,63739,5,0,15,0,20,,63740,5,0,15,0,65,,63741,5,0,15,0,20,,63742,5,0,15,0,25,,63743,5,0,15,0,60,,63744,5,0,15,0,25,,63745,5,0,15,0,60,,63746,5,0,15,0,25,,63747,5,0,15,0,20,,63748,5,0,15,0,65,,63749,5,0,15,0,20,,63750,5,0,15,0,70,,63751,5,0,15,0,35,,63752,5,0,15,0,80,,63753,5,0,15,0,40,,63754,5,0,15,0,80,,63758,5,0,15,0,80,,63757,5,0,15,0,40,,63756,5,0,15,0,80,,63755,5,0,15,0
721303,'1388',614,,63759,5,0,15,0,45,,63760,5,0,15,0,60,,63761,5,0,15,0,25,,63762,5,0,15,0,60,,63763,5,0,15,0,25,,63764,5,0,15,0,20,,63765,5,0,15,0,65,,63766,5,0,15,0,20,,63767,5,0,15,0,25,,63768,5,0,15,0,60,,63769,5,0,15,0,25,,63770,5,0,15,0,60,,63771,5,0,15,0,25,,63772,5,0,15,0,20,,63773,5,0,15,0,65,,63774,5,0,15,0,20,,63775,5,0,15,0,25,,63776,5,0,15,0,60,,63777,5,0,15,0,25,,63778,5,0,15,0,60,,63779,5,0,15,0,25,,63780,5,0,15,0,20,,63781,5,0,15,0,65,,63782,5,0,15,0,20,,63783,5,0,15,0,25,,63784,5,0,15,0,60,,63785,5,0,15,0,25,,63786,5,0,15,0,60,,63787,5,0,15,0,25,,63788,5,0,15,0,20,,63789,5,0,15,0,65,,63790,5,0,15,0,20,,63791,5,0,15,0,70,,63792,5,0,15,0,35,,63793,5,0,15,0,80,,63794,5,0,15,0,40,,63795,5,0,15,0,80,,63799,5,0,15,0,80,,63798,5,0,15,0,40,,63797,5,0,15,0,80,,63796,5,0,15,0
721303,'1389',614,,63800,5,0,15,0,45,,63801,5,0,15,0,60,,63802,5,0,15,0,25,,63803,5,0,15,0,60,,63804,5,0,15,0,25,,63805,5,0,15,0,20,,63806,5,0,15,0,65,,63807,5,0,15,0,20,,63808,5,0,15,0,25,,63809,5,0,15,0,60,,63810,5,0,15,0,25,,63811,5,0,15,0,60,,63812,5,0,15,0,25,,63813,5,0,15,0,20,,63814,5,0,15,0,65,,63815,5,0,15,0,20,,63816,5,0,15,0,25,,63817,5,0,15,0,60,,63818,5,0,15,0,25,,63819,5,0,15,0,60,,63820,5,0,15,0,25,,63821,5,0,15,0,20,,63822,5,0,15,0,65,,63823,5,0,15,0,20,,63824,5,0,15,0,25,,63825,5,0,15,0,60,,63826,5,0,15,0,25,,63827,5,0,15,0,60,,63828,5,0,15,0,25,,63829,5,0,15,0,20,,63830,5,0,15,0,65,,63831,5,0,15,0,20,,63832,5,0,15,0,70,,63833,5,0,15,0,35,,63834,5,0,15,0,80,,63835,5,0,15,0,40,,63836,5,0,15,0,80,,63840,5,0,15,0,80,,63839,5,0,15,0,40,,63838,5,0,15,0,80,,63837,5,0,15,0
721502,'1385',722,,64542,3,0,16,0
721502,'1386',722,,64571,3,0,16,0
721502,'1387',722,,64600,3,0,16,0
721502,'1388',722,,64629,3,0,16,0
721502,'1389',722,,64658,3,0,16,0
