1600,'1390',1047,,64907,21,,,0,70,,64906,21,,,0,85,,64905,21,,,0,30,,64904,21,,,0,70,,64903,21,,,0,30,,64902,21,,,0,70,,64901,21,,,0,30,,64900,21,,,0,70,,64899,21,,,0,30,,64898,21,,,0,70,,64897,21,,,0,30,,64896,21,,,0,70,,64895,21,,,0,20,,64894,21,,,0,10,,64893,21,,,0,70,,64892,21,,,0,20,,64891,21,,,0,10,,64890,21,,,0,70,,64889,21,,,0,30,,64888,21,,,0,70,,64887,21,,,0
1600,'1391',736,,64908,21,,,0,70,,64909,21,,,0,30,,64910,21,,,0,70,,64911,21,,,0,30,,64912,21,,,0,70,,64913,21,,,0,30,,64914,21,,,0,70,,64915,21,,,0,20,,64916,21,,,0,20,,64917,21,,,0,60,,64918,21,,,0,20,,64919,21,,,0,20,,64920,21,,,0,60,,64921,21,,,0,20,,64922,21,,,0,20,,64923,21,,,0,60,,64924,21,,,0,20,,64925,21,,,0,20,,64926,21,,,0,60,,64927,21,,,0,20,,64928,21,,,0,20,,64929,21,,,0,60,,64930,21,,,0,20,,64931,21,,,0,20,,64932,21,,,0,60,,64933,21,,,0,20,,64934,21,,,0,20,,64935,21,,,0,60,,64936,21,,,0,20,,64937,21,,,0,5,,64938,21,,,0,15,,64939,21,,,0,60,,64940,21,,,0,30,,64941,21,,,0,70,,64942,21,,,0,30,,64943,21,,,0,70,,64944,21,,,0,30,,64945,21,,,0,70,,64946,21,,,0,100,,64947,21,,,0
1600,'1392',644,,64949,21,,,0,74,,64948,21,,,0,31,,64950,21,,,0,60,,64951,21,,,0,20,,64952,21,,,0,20,,64953,21,,,0,60,,64954,21,,,0,20,,64955,21,,,0,20,,64956,21,,,0,60,,64957,21,,,0,20,,64958,21,,,0,20,,64959,21,,,0,60,,64960,21,,,0,20,,64961,21,,,0,20,,64962,21,,,0,60,,64963,21,,,0,20,,64964,21,,,0,20,,64965,21,,,0,60,,64966,21,,,0,20,,64967,21,,,0,20,,64968,21,,,0,60,,64969,21,,,0,20,,64970,21,,,0,20,,64971,21,,,0,60,,64972,21,,,0,20,,64973,21,,,0,20,,64974,21,,,0,60,,64975,21,,,0,20,,64976,21,,,0,20,,64977,21,,,0,60,,64978,21,,,0,20,,64979,21,,,0,20,,64980,21,,,0,60,,64981,21,,,0,20,,64982,21,,,0,20,,64983,21,,,0,55,,64984,21,,,0,30,,64985,21,,,0,70,,64986,21,,,0,30,,64987,21,,,0,70,,64988,21,,,0,30,,64989,21,,,0,70,,64990,21,,,0,100,,64991,21,,,0
1600,'1393',644,,64993,21,,,0,74,,64992,21,,,0,31,,64994,21,,,0,60,,64995,21,,,0,20,,64996,21,,,0,20,,64997,21,,,0,60,,64998,21,,,0,20,,64999,21,,,0,20,,65000,21,,,0,60,,65001,21,,,0,20,,65002,21,,,0,20,,65003,21,,,0,60,,65004,21,,,0,20,,65005,21,,,0,20,,65006,21,,,0,60,,65007,21,,,0,20,,65008,21,,,0,20,,65009,21,,,0,60,,65010,21,,,0,20,,65011,21,,,0,20,,65012,21,,,0,60,,65013,21,,,0,20,,65014,21,,,0,20,,65015,21,,,0,60,,65016,21,,,0,20,,65017,21,,,0,20,,65018,21,,,0,60,,65019,21,,,0,20,,65020,21,,,0,20,,65021,21,,,0,60,,65022,21,,,0,20,,65023,21,,,0,20,,65024,21,,,0,60,,65025,21,,,0,20,,65026,21,,,0,20,,65027,21,,,0,55,,65028,21,,,0,30,,65029,21,,,0,70,,65030,21,,,0,30,,65031,21,,,0,70,,65032,21,,,0,30,,65033,21,,,0,70,,65034,21,,,0,100,,65035,21,,,0
1600,'1394',644,,65037,21,,,0,74,,65036,21,,,0,31,,65038,21,,,0,60,,65039,21,,,0,20,,65040,21,,,0,20,,65041,21,,,0,60,,65042,21,,,0,20,,65043,21,,,0,20,,65044,21,,,0,60,,65045,21,,,0,20,,65046,21,,,0,20,,65047,21,,,0,60,,65048,21,,,0,20,,65049,21,,,0,20,,65050,21,,,0,60,,65051,21,,,0,20,,65052,21,,,0,20,,65053,21,,,0,60,,65054,21,,,0,20,,65055,21,,,0,20,,65056,21,,,0,60,,65057,21,,,0,20,,65058,21,,,0,20,,65059,21,,,0,60,,65060,21,,,0,20,,65061,21,,,0,20,,65062,21,,,0,60,,65063,21,,,0,20,,65064,21,,,0,20,,65065,21,,,0,60,,65066,21,,,0,20,,65067,21,,,0,20,,65068,21,,,0,60,,65069,21,,,0,20,,65070,21,,,0,20,,65071,21,,,0,55,,65072,21,,,0,30,,65073,21,,,0,70,,65074,21,,,0,30,,65075,21,,,0,70,,65076,21,,,0,30,,65077,21,,,0,70,,65078,21,,,0,100,,65079,21,,,0
1600,'1395',644,,65081,21,,,0,74,,65080,21,,,0,31,,65082,21,,,0,60,,65083,21,,,0,20,,65084,21,,,0,20,,65085,21,,,0,60,,65086,21,,,0,20,,65087,21,,,0,20,,65088,21,,,0,60,,65089,21,,,0,20,,65090,21,,,0,20,,65091,21,,,0,60,,65092,21,,,0,20,,65093,21,,,0,20,,65094,21,,,0,60,,65095,21,,,0,20,,65096,21,,,0,20,,65097,21,,,0,60,,65098,21,,,0,20,,65099,21,,,0,20,,65100,21,,,0,60,,65101,21,,,0,20,,65102,21,,,0,20,,65103,21,,,0,60,,65104,21,,,0,20,,65105,21,,,0,20,,65106,21,,,0,60,,65107,21,,,0,20,,65108,21,,,0,20,,65109,21,,,0,60,,65110,21,,,0,20,,65111,21,,,0,20,,65112,21,,,0,60,,65113,21,,,0,20,,65114,21,,,0,20,,65115,21,,,0,55,,65116,21,,,0,30,,65117,21,,,0,70,,65118,21,,,0,30,,65119,21,,,0,70,,65120,21,,,0,30,,65121,21,,,0,70,,65122,21,,,0,100,,65123,21,,,0
1600,'1396',644,,65125,21,,,0,74,,65124,21,,,0,31,,65126,21,,,0,60,,65127,21,,,0,20,,65128,21,,,0,20,,65129,21,,,0,60,,65130,21,,,0,20,,65131,21,,,0,20,,65132,21,,,0,60,,65133,21,,,0,20,,65134,21,,,0,20,,65135,21,,,0,60,,65136,21,,,0,20,,65137,21,,,0,20,,65138,21,,,0,60,,65139,21,,,0,20,,65140,21,,,0,20,,65141,21,,,0,60,,65142,21,,,0,20,,65143,21,,,0,20,,65144,21,,,0,60,,65145,21,,,0,20,,65146,21,,,0,20,,65147,21,,,0,60,,65148,21,,,0,20,,65149,21,,,0,20,,65150,21,,,0,60,,65151,21,,,0,20,,65152,21,,,0,20,,65153,21,,,0,60,,65154,21,,,0,20,,65155,21,,,0,20,,65156,21,,,0,60,,65157,21,,,0,20,,65158,21,,,0,20,,65159,21,,,0,55,,65160,21,,,0,30,,65161,21,,,0,70,,65162,21,,,0,30,,65163,21,,,0,70,,65164,21,,,0,30,,65165,21,,,0,70,,65166,21,,,0,100,,65167,21,,,0
1700,'1390',637,,65455,58,,,0,100,,65454,58,,,0,100,,65453,58,,,0,100,,65452,58,,,0,114,,65470,58,,,0,80,,65469,58,,,0,80,,65468,58,,,0,40,,65467,58,,,0,80,,65466,58,,,0,80,,65465,58,,,0,40,,65464,58,,,0,80,,65463,58,,,0,80,,65462,58,,,0,40,,65461,58,,,0,80,,65460,58,,,0,80,,65459,58,,,0,40,,65458,58,,,0,80,,65457,58,,,0,80,,65456,58,,,0
1700,'1391',558,,65471,58,,,0,74,,65472,58,,,0,70,,65473,58,,,0,30,,65474,58,,,0,70,,65475,58,,,0,30,,65476,58,,,0,70,,65477,58,,,0,30,,65478,58,,,0,70,,65479,58,,,0,30,,65480,58,,,0,78,,65489,58,,,0,20,,65490,58,,,0,20,,65491,58,,,0,60,,65492,58,,,0,20,,65493,58,,,0,20,,65494,58,,,0,60,,65495,58,,,0,20,,65496,58,,,0,20,,65497,58,,,0,60,,65498,58,,,0,20,,65499,58,,,0,20,,65500,58,,,0,60,,65501,58,,,0,20,,65502,58,,,0,20,,65503,58,,,0,60,,65504,58,,,0,20,,65505,58,,,0,20,,65506,58,,,0,60,,65507,58,,,0,20,,65508,58,,,0,20,,65509,58,,,0,60,,65510,58,,,0,20,,65511,58,,,0,20,,65512,58,,,0,55,,65513,58,,,0,30,,65514,58,,,0,70,,65515,58,,,0,30,,65516,58,,,0,70,,65517,58,,,0,27,,65481,58,,,0,70,,65482,58,,,0,30,,65483,58,,,0,70,,65484,58,,,0,30,,65485,58,,,0,70,,65486,58,,,0,30,,65487,58,,,0,70,,65488,58,,,0
1700,'1392',559,,65518,58,,,0,68,,65519,19,,,0,18,,65520,58,,,0,55,,65521,58,,,0,15,,65522,58,,,0,15,,65523,58,,,0,15,,65524,58,,,0,10,,65525,58,,,0,50,,65526,58,,,0,10,,65527,58,,,0,10,,65528,58,,,0,10,,65529,58,,,0,10,,65530,58,,,0,10,,65531,58,,,0,50,,65532,58,,,0,10,,65533,58,,,0,10,,65534,58,,,0,10,,65535,58,,,0,10,,65536,58,,,0,10,,65537,58,,,0,50,,65538,58,,,0,10,,65539,58,,,0,10,,65540,58,,,0,10,,65541,58,,,0,10,,65542,58,,,0,10,,65543,58,,,0,50,,65544,58,,,0,10,,65545,58,,,0,10,,65546,58,,,0,10,,65547,58,,,0,10,,65548,58,,,0,10,,65549,58,,,0,50,,65550,58,,,0,10,,65551,58,,,0,10,,65552,58,,,0,10,,65553,58,,,0,10,,65554,58,,,0,10,,65555,58,,,0,50,,65556,58,,,0,10,,65557,58,,,0,10,,65558,58,,,0,10,,65559,58,,,0,10,,65560,58,,,0,10,,65561,58,,,0,50,,65562,58,,,0,10,,65563,58,,,0,10,,65564,58,,,0,10,,65565,58,,,0,10,,65566,58,,,0,10,,65567,58,,,0,50,,65568,58,,,0,10,,65569,58,,,0,10,,65570,58,,,0,10,,65571,58,,,0,10,,65572,58,,,0,10,,65573,58,,,0,50,,65574,58,,,0,10,,65575,58,,,0,10,,65576,58,,,0,10,,65577,58,,,0,10,,65578,58,,,0,10,,65579,58,,,0,50,,65580,58,,,0,10,,65581,58,,,0,10,,65582,58,,,0,10,,65583,58,,,0,10,,65584,58,,,0,10,,65585,58,,,0,50,,65586,58,,,0,10,,65587,58,,,0,10,,65588,58,,,0,10,,65589,58,,,0,10,,65590,58,,,0,55,,65591,58,,,0,15,,65592,58,,,0,15,,65593,58,,,0,70,,65594,58,,,0,30,,65595,58,,,0,70,,65596,58,,,0,30,,65597,58,,,0,70,,65598,58,,,0,30,,65599,58,,,0,70,,65600,58,,,0,30,,65601,58,,,0,70,,65602,58,,,0,30,,65603,58,,,0,70,,65604,58,,,0
1700,'1393',559,,65605,58,,,0,68,,65606,19,,,0,18,,65607,58,,,0,55,,65608,58,,,0,15,,65609,58,,,0,15,,65610,58,,,0,15,,65611,58,,,0,10,,65612,58,,,0,50,,65613,58,,,0,10,,65614,58,,,0,10,,65615,58,,,0,10,,65616,58,,,0,10,,65617,58,,,0,10,,65618,58,,,0,50,,65619,58,,,0,10,,65620,58,,,0,10,,65621,58,,,0,10,,65622,58,,,0,10,,65623,58,,,0,10,,65624,58,,,0,50,,65625,58,,,0,10,,65626,58,,,0,10,,65627,58,,,0,10,,65628,58,,,0,10,,65629,58,,,0,10,,65630,58,,,0,50,,65631,58,,,0,10,,65632,58,,,0,10,,65633,58,,,0,10,,65634,58,,,0,10,,65635,58,,,0,10,,65636,58,,,0,50,,65637,58,,,0,10,,65638,58,,,0,10,,65639,58,,,0,10,,65640,58,,,0,10,,65641,58,,,0,10,,65642,58,,,0,50,,65643,58,,,0,10,,65644,58,,,0,10,,65645,58,,,0,10,,65646,58,,,0,10,,65647,58,,,0,10,,65648,58,,,0,50,,65649,58,,,0,10,,65650,58,,,0,10,,65651,58,,,0,10,,65652,58,,,0,10,,65653,58,,,0,10,,65654,58,,,0,50,,65655,58,,,0,10,,65656,58,,,0,10,,65657,58,,,0,10,,65658,58,,,0,10,,65659,58,,,0,10,,65660,58,,,0,50,,65661,58,,,0,10,,65662,58,,,0,10,,65663,58,,,0,10,,65664,58,,,0,10,,65665,58,,,0,10,,65666,58,,,0,50,,65667,58,,,0,10,,65668,58,,,0,10,,65669,58,,,0,10,,65670,58,,,0,10,,65671,58,,,0,10,,65672,58,,,0,50,,65673,58,,,0,10,,65674,58,,,0,10,,65675,58,,,0,10,,65676,58,,,0,10,,65677,58,,,0,55,,65678,58,,,0,15,,65679,58,,,0,15,,65680,58,,,0,70,,65681,58,,,0,30,,65682,58,,,0,70,,65683,58,,,0,30,,65684,58,,,0,70,,65685,58,,,0,30,,65686,58,,,0,70,,65687,58,,,0,30,,65688,58,,,0,70,,65689,58,,,0,30,,65690,58,,,0,70,,65691,58,,,0
1700,'1394',559,,65692,58,,,0,68,,65693,19,,,0,18,,65694,58,,,0,55,,65695,58,,,0,15,,65696,58,,,0,15,,65697,58,,,0,15,,65698,58,,,0,10,,65699,58,,,0,50,,65700,58,,,0,10,,65701,58,,,0,10,,65702,58,,,0,10,,65703,58,,,0,10,,65704,58,,,0,10,,65705,58,,,0,50,,65706,58,,,0,10,,65707,58,,,0,10,,65708,58,,,0,10,,65709,58,,,0,10,,65710,58,,,0,10,,65711,58,,,0,50,,65712,58,,,0,10,,65713,58,,,0,10,,65714,58,,,0,10,,65715,58,,,0,10,,65716,58,,,0,10,,65717,58,,,0,50,,65718,58,,,0,10,,65719,58,,,0,10,,65720,58,,,0,10,,65721,58,,,0,10,,65722,58,,,0,10,,65723,58,,,0,50,,65724,58,,,0,10,,65725,58,,,0,10,,65726,58,,,0,10,,65727,58,,,0,10,,65728,58,,,0,10,,65729,58,,,0,50,,65730,58,,,0,10,,65731,58,,,0,10,,65732,58,,,0,10,,65733,58,,,0,10,,65734,58,,,0,10,,65735,58,,,0,50,,65736,58,,,0,10,,65737,58,,,0,10,,65738,58,,,0,10,,65739,58,,,0,10,,65740,58,,,0,10,,65741,58,,,0,50,,65742,58,,,0,10,,65743,58,,,0,10,,65744,58,,,0,10,,65745,58,,,0,10,,65746,58,,,0,10,,65747,58,,,0,50,,65748,58,,,0,10,,65749,58,,,0,10,,65750,58,,,0,10,,65751,58,,,0,10,,65752,58,,,0,10,,65753,58,,,0,50,,65754,58,,,0,10,,65755,58,,,0,10,,65756,58,,,0,10,,65757,58,,,0,10,,65758,58,,,0,10,,65759,58,,,0,50,,65760,58,,,0,10,,65761,58,,,0,10,,65762,58,,,0,10,,65763,58,,,0,10,,65764,58,,,0,55,,65765,58,,,0,15,,65766,58,,,0,15,,65767,58,,,0,70,,65768,58,,,0,30,,65769,58,,,0,70,,65770,58,,,0,30,,65771,58,,,0,70,,65772,58,,,0,30,,65773,58,,,0,70,,65774,58,,,0,30,,65775,58,,,0,70,,65776,58,,,0,30,,65777,58,,,0,70,,65778,58,,,0
1700,'1395',559,,65779,58,,,0,68,,65780,19,,,0,18,,65781,58,,,0,55,,65782,58,,,0,15,,65783,58,,,0,15,,65784,58,,,0,15,,65785,58,,,0,10,,65786,58,,,0,50,,65787,58,,,0,10,,65788,58,,,0,10,,65789,58,,,0,10,,65790,58,,,0,10,,65791,58,,,0,10,,65792,58,,,0,50,,65793,58,,,0,10,,65794,58,,,0,10,,65795,58,,,0,10,,65796,58,,,0,10,,65797,58,,,0,10,,65798,58,,,0,50,,65799,58,,,0,10,,65800,58,,,0,10,,65801,58,,,0,10,,65802,58,,,0,10,,65803,58,,,0,10,,65804,58,,,0,50,,65805,58,,,0,10,,65806,58,,,0,10,,65807,58,,,0,10,,65808,58,,,0,10,,65809,58,,,0,10,,65810,58,,,0,50,,65811,58,,,0,10,,65812,58,,,0,10,,65813,58,,,0,10,,65814,58,,,0,10,,65815,58,,,0,10,,65816,58,,,0,50,,65817,58,,,0,10,,65818,58,,,0,10,,65819,58,,,0,10,,65820,58,,,0,10,,65821,58,,,0,10,,65822,58,,,0,50,,65823,58,,,0,10,,65824,58,,,0,10,,65825,58,,,0,10,,65826,58,,,0,10,,65827,58,,,0,10,,65828,58,,,0,50,,65829,58,,,0,10,,65830,58,,,0,10,,65831,58,,,0,10,,65832,58,,,0,10,,65833,58,,,0,10,,65834,58,,,0,50,,65835,58,,,0,10,,65836,58,,,0,10,,65837,58,,,0,10,,65838,58,,,0,10,,65839,58,,,0,10,,65840,58,,,0,50,,65841,58,,,0,10,,65842,58,,,0,10,,65843,58,,,0,10,,65844,58,,,0,10,,65845,58,,,0,10,,65846,58,,,0,50,,65847,58,,,0,10,,65848,58,,,0,10,,65849,58,,,0,10,,65850,58,,,0,10,,65851,58,,,0,55,,65852,58,,,0,15,,65853,58,,,0,15,,65854,58,,,0,70,,65855,58,,,0,30,,65856,58,,,0,70,,65857,58,,,0,30,,65858,58,,,0,70,,65859,58,,,0,30,,65860,58,,,0,70,,65861,58,,,0,30,,65862,58,,,0,70,,65863,58,,,0,30,,65864,58,,,0,70,,65865,58,,,0
1700,'1396',559,,65866,58,,,0,68,,65867,19,,,0,18,,65868,58,,,0,55,,65869,58,,,0,15,,65870,58,,,0,15,,65871,58,,,0,15,,65872,58,,,0,10,,65873,58,,,0,50,,65874,58,,,0,10,,65875,58,,,0,10,,65876,58,,,0,10,,65877,58,,,0,10,,65878,58,,,0,10,,65879,58,,,0,50,,65880,58,,,0,10,,65881,58,,,0,10,,65882,58,,,0,10,,65883,58,,,0,10,,65884,58,,,0,10,,65885,58,,,0,50,,65886,58,,,0,10,,65887,58,,,0,10,,65888,58,,,0,10,,65889,58,,,0,10,,65890,58,,,0,10,,65891,58,,,0,50,,65892,58,,,0,10,,65893,58,,,0,10,,65894,58,,,0,10,,65895,58,,,0,10,,65896,58,,,0,10,,65897,58,,,0,50,,65898,58,,,0,10,,65899,58,,,0,10,,65900,58,,,0,10,,65901,58,,,0,10,,65902,58,,,0,10,,65903,58,,,0,50,,65904,58,,,0,10,,65905,58,,,0,10,,65906,58,,,0,10,,65907,58,,,0,10,,65908,58,,,0,10,,65909,58,,,0,50,,65910,58,,,0,10,,65911,58,,,0,10,,65912,58,,,0,10,,65913,58,,,0,10,,65914,58,,,0,10,,65915,58,,,0,50,,65916,58,,,0,10,,65917,58,,,0,10,,65918,58,,,0,10,,65919,58,,,0,10,,65920,58,,,0,10,,65921,58,,,0,50,,65922,58,,,0,10,,65923,58,,,0,10,,65924,58,,,0,10,,65925,58,,,0,10,,65926,58,,,0,10,,65927,58,,,0,50,,65928,58,,,0,10,,65929,58,,,0,10,,65930,58,,,0,10,,65931,58,,,0,10,,65932,58,,,0,10,,65933,58,,,0,50,,65934,58,,,0,10,,65935,58,,,0,10,,65936,58,,,0,10,,65937,58,,,0,10,,65938,58,,,0,55,,65939,58,,,0,15,,65940,58,,,0,15,,65941,58,,,0,70,,65942,58,,,0,30,,65943,58,,,0,70,,65944,58,,,0,30,,65945,58,,,0,70,,65946,58,,,0,30,,65947,58,,,0,70,,65948,58,,,0,30,,65949,58,,,0,70,,65950,58,,,0,30,,65951,58,,,0,70,,65952,58,,,0
2000,'1390',1015,,67728,74,,,0,85,,67727,74,,,0,45,,67726,74,,,0,85,,67725,74,,,0,85,,67724,74,,,0,85,,67723,74,,,0,45,,67722,74,,,0,85,,67721,74,,,0,85,,67720,74,,,0,85,,67719,74,,,0,46,,67718,74,,,0,84,,67717,74,,,0,85,,67716,74,,,0,85,,67715,74,,,0,45,,67714,74,,,0
2000,'1391',720,,67731,74,,,0,85,,67732,74,,,0,45,,67733,74,,,0,85,,67734,74,,,0,15,,67735,74,,,0,70,,67736,74,,,0,80,,67737,74,,,0,30,,67738,74,,,0,70,,67739,74,,,0,30,,67740,74,,,0,80,,67741,74,,,0,30,,67742,74,,,0,70,,67743,74,,,0,30,,67744,74,,,0,80,,67745,74,,,0,30,,67746,74,,,0,70,,67747,74,,,0,30,,67748,74,,,0,80,,67749,74,,,0,70,,67750,74,,,0,30,,67751,74,,,0,70,,67752,74,,,0,40,,67753,74,,,0,75,,67754,74,,,0,85,,67755,74,,,0,45,,67756,74,,,0,85,,67757,74,,,0,85,,67758,74,,,0,85,,67759,74,,,0,45,,67760,74,,,0
2000,'1392',647,,67771,76,,,0,60,,67772,76,,,0,20,,67773,76,,,0,20,,67774,76,,,0,60,,67775,76,,,0,20,,67776,76,,,0,20,,67777,76,,,0,60,,67778,76,,,0,20,,67779,76,,,0,20,,67780,76,,,0,60,,67781,76,,,0,20,,67782,76,,,0,20,,67783,76,,,0,60,,67784,76,,,0,20,,67785,76,,,0,20,,67786,76,,,0,60,,67787,76,,,0,20,,67788,76,,,0,20,,67789,76,,,0,60,,67790,76,,,0,20,,67791,76,,,0,20,,67792,76,,,0,60,,67793,76,,,0,20,,67794,76,,,0,20,,67795,76,,,0,60,,67796,76,,,0,20,,67797,76,,,0,20,,67798,76,,,0,60,,67799,76,,,0,20,,67800,76,,,0,20,,67801,76,,,0,60,,67802,76,,,0,20,,67803,76,,,0,20,,67804,76,,,0,60,,67805,76,,,0,20,,67806,76,,,0,20,,67807,76,,,0,60,,67808,76,,,0,18,,67762,74,,,0,75,,67763,74,,,0,45,,67764,74,,,0,85,,67765,74,,,0,85,,67766,74,,,0,85,,67767,74,,,0,45,,67768,74,,,0,85,,67769,74,,,0,85,,67770,74,,,0
2000,'1393',647,,67819,76,,,0,60,,67820,76,,,0,20,,67821,76,,,0,20,,67822,76,,,0,60,,67823,76,,,0,20,,67824,76,,,0,20,,67825,76,,,0,60,,67826,76,,,0,20,,67827,76,,,0,20,,67828,76,,,0,60,,67829,76,,,0,20,,67830,76,,,0,20,,67831,76,,,0,60,,67832,76,,,0,20,,67833,76,,,0,20,,67834,76,,,0,60,,67835,76,,,0,20,,67836,76,,,0,20,,67837,76,,,0,60,,67838,76,,,0,20,,67839,76,,,0,20,,67840,76,,,0,60,,67841,76,,,0,20,,67842,76,,,0,20,,67843,76,,,0,60,,67844,76,,,0,20,,67845,76,,,0,20,,67846,76,,,0,60,,67847,76,,,0,20,,67848,76,,,0,20,,67849,76,,,0,60,,67850,76,,,0,20,,67851,76,,,0,20,,67852,76,,,0,60,,67853,76,,,0,20,,67854,76,,,0,20,,67855,76,,,0,60,,67856,76,,,0,18,,67810,74,,,0,75,,67811,74,,,0,45,,67812,74,,,0,85,,67813,74,,,0,85,,67814,74,,,0,85,,67815,74,,,0,45,,67816,74,,,0,85,,67817,74,,,0,85,,67818,74,,,0
2000,'1394',647,,67867,76,,,0,60,,67868,76,,,0,20,,67869,76,,,0,20,,67870,76,,,0,60,,67871,76,,,0,20,,67872,76,,,0,20,,67873,76,,,0,60,,67874,76,,,0,20,,67875,76,,,0,20,,67876,76,,,0,60,,67877,76,,,0,20,,67878,76,,,0,20,,67879,76,,,0,60,,67880,76,,,0,20,,67881,76,,,0,20,,67882,76,,,0,60,,67883,76,,,0,20,,67884,76,,,0,20,,67885,76,,,0,60,,67886,76,,,0,20,,67887,76,,,0,20,,67888,76,,,0,60,,67889,76,,,0,20,,67890,76,,,0,20,,67891,76,,,0,60,,67892,76,,,0,20,,67893,76,,,0,20,,67894,76,,,0,60,,67895,76,,,0,20,,67896,76,,,0,20,,67897,76,,,0,60,,67898,76,,,0,20,,67899,76,,,0,20,,67900,76,,,0,60,,67901,76,,,0,20,,67902,76,,,0,20,,67903,76,,,0,60,,67904,76,,,0,18,,67858,74,,,0,75,,67859,74,,,0,45,,67860,74,,,0,85,,67861,74,,,0,85,,67862,74,,,0,85,,67863,74,,,0,45,,67864,74,,,0,85,,67865,74,,,0,85,,67866,74,,,0
2000,'1395',647,,67915,76,,,0,60,,67916,76,,,0,20,,67917,76,,,0,20,,67918,76,,,0,60,,67919,76,,,0,20,,67920,76,,,0,20,,67921,76,,,0,60,,67922,76,,,0,20,,67923,76,,,0,20,,67924,76,,,0,60,,67925,76,,,0,20,,67926,76,,,0,20,,67927,76,,,0,60,,67928,76,,,0,20,,67929,76,,,0,20,,67930,76,,,0,60,,67931,76,,,0,20,,67932,76,,,0,20,,67933,76,,,0,60,,67934,76,,,0,20,,67935,76,,,0,20,,67936,76,,,0,60,,67937,76,,,0,20,,67938,76,,,0,20,,67939,76,,,0,60,,67940,76,,,0,20,,67941,76,,,0,20,,67942,76,,,0,60,,67943,76,,,0,20,,67944,76,,,0,20,,67945,76,,,0,60,,67946,76,,,0,20,,67947,76,,,0,20,,67948,76,,,0,60,,67949,76,,,0,20,,67950,76,,,0,20,,67951,76,,,0,60,,67952,76,,,0,18,,67906,74,,,0,75,,67907,74,,,0,45,,67908,74,,,0,85,,67909,74,,,0,85,,67910,74,,,0,85,,67911,74,,,0,45,,67912,74,,,0,85,,67913,74,,,0,85,,67914,74,,,0
2000,'1396',647,,67963,76,,,0,60,,67964,76,,,0,20,,67965,76,,,0,20,,67966,76,,,0,60,,67967,76,,,0,20,,67968,76,,,0,20,,67969,76,,,0,60,,67970,76,,,0,20,,67971,76,,,0,20,,67972,76,,,0,60,,67973,76,,,0,20,,67974,76,,,0,20,,67975,76,,,0,60,,67976,76,,,0,20,,67977,76,,,0,20,,67978,76,,,0,60,,67979,76,,,0,20,,67980,76,,,0,20,,67981,76,,,0,60,,67982,76,,,0,20,,67983,76,,,0,20,,67984,76,,,0,60,,67985,76,,,0,20,,67986,76,,,0,20,,67987,76,,,0,60,,67988,76,,,0,20,,67989,76,,,0,20,,67990,76,,,0,60,,67991,76,,,0,20,,67992,76,,,0,20,,67993,76,,,0,60,,67994,76,,,0,20,,67995,76,,,0,20,,67996,76,,,0,60,,67997,76,,,0,20,,67998,76,,,0,20,,67999,76,,,0,60,,68000,76,,,0,18,,67954,74,,,0,75,,67955,74,,,0,45,,67956,74,,,0,85,,67957,74,,,0,85,,67958,74,,,0,85,,67959,74,,,0,45,,67960,74,,,0,85,,67961,74,,,0,85,,67962,74,,,0
