647703,'1390',932,,69953,2,0,15,0,70,,69952,2,0,15,0,30,,69951,2,0,15,0,70,,69950,2,0,15,0,30,,69949,2,0,15,0,70,,69948,2,0,15,0,30,,69947,2,0,15,0,70,,69946,2,0,15,0,30,,69945,2,0,15,0,70,,69944,2,0,15,0,30,,69943,2,0,15,0,70,,69942,2,0,15,0,30,,69941,2,0,15,0,70,,69940,2,0,15,0,30,,69939,2,0,15,0,70,,69938,2,0,15,0,30,,69937,2,0,15,0,100,,69936,2,0,15,0,100,,69935,2,0,15,0
647703,'1391',832,,69954,2,0,15,0,70,,69955,2,0,15,0,30,,69956,2,0,15,0,70,,69957,2,0,15,0,30,,69958,2,0,15,0,70,,69959,2,0,15,0,30,,69960,2,0,15,0,70,,69961,2,0,15,0,30,,69962,2,0,15,0,70,,69963,2,0,15,0,30,,69964,2,0,15,0,70,,69965,2,0,15,0,30,,69966,2,0,15,0,70,,69967,2,0,15,0,30,,69968,2,0,15,0,70,,69969,2,0,15,0,30,,69970,2,0,15,0,70,,69971,2,0,15,0,30,,69972,2,0,15,0,70,,69973,2,0,15,0,30,,69974,2,0,15,0,70,,69975,2,0,15,0,30,,69976,2,0,15,0,100,,69977,2,0,15,0,100,,69978,2,0,15,0,100,,69979,2,0,15,0
647703,'1392',632,,69980,2,0,15,0,70,,69981,2,0,15,0,30,,69982,2,0,15,0,70,,69983,2,0,15,0,30,,69984,2,0,15,0,70,,69985,2,0,15,0,30,,69986,2,0,15,0,70,,69987,2,0,15,0,30,,69988,2,0,15,0,70,,69989,2,0,15,0,30,,69990,2,0,15,0,70,,69991,2,0,15,0,30,,69992,2,0,15,0,70,,69993,2,0,15,0,30,,69994,2,0,15,0,70,,69995,2,0,15,0,30,,69996,2,0,15,0,70,,69997,2,0,15,0,30,,69998,2,0,15,0,70,,69999,2,0,15,0,30,,70000,2,0,15,0,70,,70001,2,0,15,0,30,,70002,2,0,15,0,70,,70003,2,0,15,0,30,,70004,2,0,15,0,70,,70005,2,0,15,0,30,,70006,2,0,15,0,70,,70007,2,0,15,0,30,,70008,2,0,15,0,100,,70009,2,0,15,0,100,,70010,2,0,15,0,100,,70011,2,0,15,0
647703,'1393',632,,70012,2,0,15,0,70,,70013,2,0,15,0,30,,70014,2,0,15,0,70,,70015,2,0,15,0,30,,70016,2,0,15,0,70,,70017,2,0,15,0,30,,70018,2,0,15,0,70,,70019,2,0,15,0,30,,70020,2,0,15,0,70,,70021,2,0,15,0,30,,70022,2,0,15,0,70,,70023,2,0,15,0,30,,70024,2,0,15,0,70,,70025,2,0,15,0,30,,70026,2,0,15,0,70,,70027,2,0,15,0,30,,70028,2,0,15,0,70,,70029,2,0,15,0,30,,70030,2,0,15,0,70,,70031,2,0,15,0,30,,70032,2,0,15,0,70,,70033,2,0,15,0,30,,70034,2,0,15,0,70,,70035,2,0,15,0,30,,70036,2,0,15,0,70,,70037,2,0,15,0,30,,70038,2,0,15,0,70,,70039,2,0,15,0,30,,70040,2,0,15,0,100,,70041,2,0,15,0,100,,70042,2,0,15,0,100,,70043,2,0,15,0
647703,'1394',632,,70044,2,0,15,0,70,,70045,2,0,15,0,30,,70046,2,0,15,0,70,,70047,2,0,15,0,30,,70048,2,0,15,0,70,,70049,2,0,15,0,30,,70050,2,0,15,0,70,,70051,2,0,15,0,30,,70052,2,0,15,0,70,,70053,2,0,15,0,30,,70054,2,0,15,0,70,,70055,2,0,15,0,30,,70056,2,0,15,0,70,,70057,2,0,15,0,30,,70058,2,0,15,0,70,,70059,2,0,15,0,30,,70060,2,0,15,0,70,,70061,2,0,15,0,30,,70062,2,0,15,0,70,,70063,2,0,15,0,30,,70064,2,0,15,0,70,,70065,2,0,15,0,30,,70066,2,0,15,0,70,,70067,2,0,15,0,30,,70068,2,0,15,0,70,,70069,2,0,15,0,30,,70070,2,0,15,0,70,,70071,2,0,15,0,30,,70072,2,0,15,0,100,,70073,2,0,15,0,100,,70074,2,0,15,0,100,,70075,2,0,15,0
647703,'1395',632,,70076,2,0,15,0,70,,70077,2,0,15,0,30,,70078,2,0,15,0,70,,70079,2,0,15,0,30,,70080,2,0,15,0,70,,70081,2,0,15,0,30,,70082,2,0,15,0,70,,70083,2,0,15,0,30,,70084,2,0,15,0,70,,70085,2,0,15,0,30,,70086,2,0,15,0,70,,70087,2,0,15,0,30,,70088,2,0,15,0,70,,70089,2,0,15,0,30,,70090,2,0,15,0,70,,70091,2,0,15,0,30,,70092,2,0,15,0,70,,70093,2,0,15,0,30,,70094,2,0,15,0,70,,70095,2,0,15,0,30,,70096,2,0,15,0,70,,70097,2,0,15,0,30,,70098,2,0,15,0,70,,70099,2,0,15,0,30,,70100,2,0,15,0,70,,70101,2,0,15,0,30,,70102,2,0,15,0,70,,70103,2,0,15,0,30,,70104,2,0,15,0,100,,70105,2,0,15,0,100,,70106,2,0,15,0,100,,70107,2,0,15,0
647703,'1396',632,,70108,2,0,15,0,70,,70109,2,0,15,0,30,,70110,2,0,15,0,70,,70111,2,0,15,0,30,,70112,2,0,15,0,70,,70113,2,0,15,0,30,,70114,2,0,15,0,70,,70115,2,0,15,0,30,,70116,2,0,15,0,70,,70117,2,0,15,0,30,,70118,2,0,15,0,70,,70119,2,0,15,0,30,,70120,2,0,15,0,70,,70121,2,0,15,0,30,,70122,2,0,15,0,70,,70123,2,0,15,0,30,,70124,2,0,15,0,70,,70125,2,0,15,0,30,,70126,2,0,15,0,70,,70127,2,0,15,0,30,,70128,2,0,15,0,70,,70129,2,0,15,0,30,,70130,2,0,15,0,70,,70131,2,0,15,0,30,,70132,2,0,15,0,70,,70133,2,0,15,0,30,,70134,2,0,15,0,70,,70135,2,0,15,0,30,,70136,2,0,15,0,100,,70137,2,0,15,0,100,,70138,2,0,15,0,100,,70139,2,0,15,0
721203,'1390',946,,70358,2,0,15,0,85,,70357,2,0,15,0,85,,70356,2,0,15,0,85,,70355,2,0,15,0,45,,70354,2,0,15,0,85,,70353,2,0,15,0,85,,70352,2,0,15,0,85,,70351,2,0,15,0,45,,70350,2,0,15,0,85,,70349,2,0,15,0,85,,70348,2,0,15,0,85,,70347,2,0,15,0,45,,70346,2,0,15,0,85,,70345,2,0,15,0
721203,'1391',646,,70359,2,0,15,0,85,,70360,2,0,15,0,85,,70361,2,0,15,0,85,,70362,2,0,15,0,45,,70363,2,0,15,0,85,,70364,2,0,15,0,70,,70365,2,0,15,0,30,,70366,2,0,15,0,70,,70367,2,0,15,0,30,,70368,2,0,15,0,70,,70369,2,0,15,0,30,,70370,2,0,15,0,70,,70371,2,0,15,0,30,,70372,2,0,15,0,70,,70373,2,0,15,0,30,,70374,2,0,15,0,70,,70375,2,0,15,0,30,,70376,2,0,15,0,70,,70377,2,0,15,0,30,,70378,2,0,15,0,70,,70379,2,0,15,0,30,,70380,2,0,15,0,85,,70381,2,0,15,0,85,,70382,2,0,15,0,45,,70383,2,0,15,0,85,,70384,2,0,15,0,85,,70385,2,0,15,0,85,,70386,2,0,15,0
721203,'1392',616,,70387,2,0,15,0,30,,70388,2,0,15,0,70,,70389,2,0,15,0,30,,70390,2,0,15,0,55,,70391,2,0,15,0,15,,70392,2,0,15,0,15,,70393,2,0,15,0,15,,70394,2,0,15,0,70,,70395,2,0,15,0,30,,70396,2,0,15,0,70,,70397,2,0,15,0,30,,70398,2,0,15,0,70,,70399,2,0,15,0,30,,70400,2,0,15,0,70,,70401,2,0,15,0,30,,70402,2,0,15,0,70,,70403,2,0,15,0,30,,70404,2,0,15,0,70,,70405,2,0,15,0,30,,70406,2,0,15,0,55,,70407,2,0,15,0,15,,70408,2,0,15,0,15,,70409,2,0,15,0,15,,70410,2,0,15,0,70,,70411,2,0,15,0,30,,70412,2,0,15,0,70,,70413,2,0,15,0,30,,70414,2,0,15,0,70,,70415,2,0,15,0,30,,70416,2,0,15,0,85,,70417,2,0,15,0,85,,70418,2,0,15,0,85,,70419,2,0,15,0,45,,70420,2,0,15,0,85,,70421,2,0,15,0,85,,70422,2,0,15,0
721203,'1393',616,,70423,2,0,15,0,30,,70424,2,0,15,0,70,,70425,2,0,15,0,30,,70426,2,0,15,0,55,,70427,2,0,15,0,15,,70428,2,0,15,0,15,,70429,2,0,15,0,15,,70430,2,0,15,0,70,,70431,2,0,15,0,30,,70432,2,0,15,0,70,,70433,2,0,15,0,30,,70434,2,0,15,0,70,,70435,2,0,15,0,30,,70436,2,0,15,0,70,,70437,2,0,15,0,30,,70438,2,0,15,0,70,,70439,2,0,15,0,30,,70440,2,0,15,0,70,,70441,2,0,15,0,30,,70442,2,0,15,0,55,,70443,2,0,15,0,15,,70444,2,0,15,0,15,,70445,2,0,15,0,15,,70446,2,0,15,0,70,,70447,2,0,15,0,30,,70448,2,0,15,0,70,,70449,2,0,15,0,30,,70450,2,0,15,0,70,,70451,2,0,15,0,30,,70452,2,0,15,0,85,,70453,2,0,15,0,85,,70454,2,0,15,0,85,,70455,2,0,15,0,45,,70456,2,0,15,0,85,,70457,2,0,15,0,85,,70458,2,0,15,0
721203,'1394',616,,70459,2,0,15,0,30,,70460,2,0,15,0,70,,70461,2,0,15,0,30,,70462,2,0,15,0,55,,70463,2,0,15,0,15,,70464,2,0,15,0,15,,70465,2,0,15,0,15,,70466,2,0,15,0,70,,70467,2,0,15,0,30,,70468,2,0,15,0,70,,70469,2,0,15,0,30,,70470,2,0,15,0,70,,70471,2,0,15,0,30,,70472,2,0,15,0,70,,70473,2,0,15,0,30,,70474,2,0,15,0,70,,70475,2,0,15,0,30,,70476,2,0,15,0,70,,70477,2,0,15,0,30,,70478,2,0,15,0,55,,70479,2,0,15,0,15,,70480,2,0,15,0,15,,70481,2,0,15,0,15,,70482,2,0,15,0,70,,70483,2,0,15,0,30,,70484,2,0,15,0,70,,70485,2,0,15,0,30,,70486,2,0,15,0,70,,70487,2,0,15,0,30,,70488,2,0,15,0,85,,70489,2,0,15,0,85,,70490,2,0,15,0,85,,70491,2,0,15,0,45,,70492,2,0,15,0,85,,70493,2,0,15,0,85,,70494,2,0,15,0
721203,'1395',616,,70495,2,0,15,0,30,,70496,2,0,15,0,70,,70497,2,0,15,0,30,,70498,2,0,15,0,55,,70499,2,0,15,0,15,,70500,2,0,15,0,15,,70501,2,0,15,0,15,,70502,2,0,15,0,70,,70503,2,0,15,0,30,,70504,2,0,15,0,70,,70505,2,0,15,0,30,,70506,2,0,15,0,70,,70507,2,0,15,0,30,,70508,2,0,15,0,70,,70509,2,0,15,0,30,,70510,2,0,15,0,70,,70511,2,0,15,0,30,,70512,2,0,15,0,70,,70513,2,0,15,0,30,,70514,2,0,15,0,55,,70515,2,0,15,0,15,,70516,2,0,15,0,15,,70517,2,0,15,0,15,,70518,2,0,15,0,70,,70519,2,0,15,0,30,,70520,2,0,15,0,70,,70521,2,0,15,0,30,,70522,2,0,15,0,70,,70523,2,0,15,0,30,,70524,2,0,15,0,85,,70525,2,0,15,0,85,,70526,2,0,15,0,85,,70527,2,0,15,0,45,,70528,2,0,15,0,85,,70529,2,0,15,0,85,,70530,2,0,15,0
721203,'1396',616,,70531,2,0,15,0,30,,70532,2,0,15,0,70,,70533,2,0,15,0,30,,70534,2,0,15,0,55,,70535,2,0,15,0,15,,70536,2,0,15,0,15,,70537,2,0,15,0,15,,70538,2,0,15,0,70,,70539,2,0,15,0,30,,70540,2,0,15,0,70,,70541,2,0,15,0,30,,70542,2,0,15,0,70,,70543,2,0,15,0,30,,70544,2,0,15,0,70,,70545,2,0,15,0,30,,70546,2,0,15,0,70,,70547,2,0,15,0,30,,70548,2,0,15,0,70,,70549,2,0,15,0,30,,70550,2,0,15,0,55,,70551,2,0,15,0,15,,70552,2,0,15,0,15,,70553,2,0,15,0,15,,70554,2,0,15,0,70,,70555,2,0,15,0,30,,70556,2,0,15,0,70,,70557,2,0,15,0,30,,70558,2,0,15,0,70,,70559,2,0,15,0,30,,70560,2,0,15,0,85,,70561,2,0,15,0,85,,70562,2,0,15,0,85,,70563,2,0,15,0,45,,70564,2,0,15,0,85,,70565,2,0,15,0,85,,70566,2,0,15,0
721501,'1390',934,,71554,28,0,17,0,100,,71553,28,0,17,0,100,,71552,28,0,17,0,100,,71551,28,0,17,0,100,,71550,28,0,17,0,100,,71549,28,0,17,0,100,,71548,28,0,17,0,100,,71547,28,0,17,0,100,,71546,28,0,17,0,100,,71545,28,0,17,0,100,,71544,28,0,17,0
721501,'1391',734,,71555,28,0,17,0,100,,71556,28,0,17,0,100,,71557,28,0,17,0,100,,71558,28,0,17,0,100,,71559,28,0,17,0,100,,71560,28,0,17,0,70,,71561,28,0,17,0,30,,71562,28,0,17,0,70,,71563,28,0,17,0,30,,71564,28,0,17,0,70,,71565,28,0,17,0,30,,71566,28,0,17,0,70,,71567,28,0,17,0,30,,71568,28,0,17,0,70,,71569,28,0,17,0,30,,71570,28,0,17,0,70,,71571,28,0,17,0,30,,71572,28,0,17,0,100,,71573,28,0,17,0
721501,'1392',734,,71574,28,0,17,0,70,,71575,28,0,17,0,30,,71576,28,0,17,0,70,,71577,28,0,17,0,30,,71578,28,0,17,0,70,,71579,28,0,17,0,30,,71580,28,0,17,0,70,,71581,28,0,17,0,30,,71582,28,0,17,0,70,,71583,28,0,17,0,30,,71584,28,0,17,0,70,,71585,28,0,17,0,30,,71586,28,0,17,0,70,,71587,28,0,17,0,30,,71588,28,0,17,0,70,,71589,28,0,17,0,30,,71590,28,0,17,0,70,,71591,28,0,17,0,30,,71592,28,0,17,0,70,,71593,28,0,17,0,30,,71594,28,0,17,0,70,,71595,28,0,17,0,30,,71596,28,0,17,0,70,,71597,28,0,17,0,30,,71598,28,0,17,0,100,,71599,28,0,17,0,100,,71600,28,0,17,0,100,,71601,28,0,17,0
721501,'1393',734,,71602,28,0,17,0,70,,71603,28,0,17,0,30,,71604,28,0,17,0,70,,71605,28,0,17,0,30,,71606,28,0,17,0,70,,71607,28,0,17,0,30,,71608,28,0,17,0,70,,71609,28,0,17,0,30,,71610,28,0,17,0,70,,71611,28,0,17,0,30,,71612,28,0,17,0,70,,71613,28,0,17,0,30,,71614,28,0,17,0,70,,71615,28,0,17,0,30,,71616,28,0,17,0,70,,71617,28,0,17,0,30,,71618,28,0,17,0,70,,71619,28,0,17,0,30,,71620,28,0,17,0,70,,71621,28,0,17,0,30,,71622,28,0,17,0,70,,71623,28,0,17,0,30,,71624,28,0,17,0,70,,71625,28,0,17,0,30,,71626,28,0,17,0,100,,71627,28,0,17,0,100,,71628,28,0,17,0,100,,71629,28,0,17,0
721501,'1394',734,,71630,28,0,17,0,70,,71631,28,0,17,0,30,,71632,28,0,17,0,70,,71633,28,0,17,0,30,,71634,28,0,17,0,70,,71635,28,0,17,0,30,,71636,28,0,17,0,70,,71637,28,0,17,0,30,,71638,28,0,17,0,70,,71639,28,0,17,0,30,,71640,28,0,17,0,70,,71641,28,0,17,0,30,,71642,28,0,17,0,70,,71643,28,0,17,0,30,,71644,28,0,17,0,70,,71645,28,0,17,0,30,,71646,28,0,17,0,70,,71647,28,0,17,0,30,,71648,28,0,17,0,70,,71649,28,0,17,0,30,,71650,28,0,17,0,70,,71651,28,0,17,0,30,,71652,28,0,17,0,70,,71653,28,0,17,0,30,,71654,28,0,17,0,100,,71655,28,0,17,0,100,,71656,28,0,17,0,100,,71657,28,0,17,0
721501,'1395',734,,71658,28,0,17,0,70,,71659,28,0,17,0,30,,71660,28,0,17,0,70,,71661,28,0,17,0,30,,71662,28,0,17,0,70,,71663,28,0,17,0,30,,71664,28,0,17,0,70,,71665,28,0,17,0,30,,71666,28,0,17,0,70,,71667,28,0,17,0,30,,71668,28,0,17,0,70,,71669,28,0,17,0,30,,71670,28,0,17,0,70,,71671,28,0,17,0,30,,71672,28,0,17,0,70,,71673,28,0,17,0,30,,71674,28,0,17,0,70,,71675,28,0,17,0,30,,71676,28,0,17,0,70,,71677,28,0,17,0,30,,71678,28,0,17,0,70,,71679,28,0,17,0,30,,71680,28,0,17,0,70,,71681,28,0,17,0,30,,71682,28,0,17,0,100,,71683,28,0,17,0,100,,71684,28,0,17,0,100,,71685,28,0,17,0
721501,'1396',734,,71686,28,0,17,0,70,,71687,28,0,17,0,30,,71688,28,0,17,0,70,,71689,28,0,17,0,30,,71690,28,0,17,0,70,,71691,28,0,17,0,30,,71692,28,0,17,0,70,,71693,28,0,17,0,30,,71694,28,0,17,0,70,,71695,28,0,17,0,30,,71696,28,0,17,0,70,,71697,28,0,17,0,30,,71698,28,0,17,0,70,,71699,28,0,17,0,30,,71700,28,0,17,0,70,,71701,28,0,17,0,30,,71702,28,0,17,0,70,,71703,28,0,17,0,30,,71704,28,0,17,0,70,,71705,28,0,17,0,30,,71706,28,0,17,0,70,,71707,28,0,17,0,30,,71708,28,0,17,0,70,,71709,28,0,17,0,30,,71710,28,0,17,0,100,,71711,28,0,17,0,100,,71712,28,0,17,0,100,,71713,28,0,17,0
721502,'1390',929,,71724,28,0,16,0,100,,71723,28,0,16,0,100,,71722,28,0,16,0,100,,71721,28,0,16,0,100,,71720,28,0,16,0,100,,71719,28,0,16,0,100,,71718,28,0,16,0,100,,71717,28,0,16,0,100,,71716,28,0,16,0,100,,71715,28,0,16,0,100,,71714,28,0,16,0
721502,'1391',729,,71725,28,0,16,0,100,,71726,28,0,16,0,100,,71727,28,0,16,0,100,,71728,28,0,16,0,100,,71729,28,0,16,0,100,,71730,28,0,16,0,100,,71731,28,0,16,0,30,,71732,28,0,16,0,70,,71733,28,0,16,0,30,,71734,28,0,16,0,70,,71735,28,0,16,0,30,,71736,28,0,16,0,70,,71737,28,0,16,0,30,,71738,28,0,16,0,70,,71739,28,0,16,0,30,,71740,28,0,16,0,70,,71741,28,0,16,0,30,,71742,28,0,16,0,70,,71743,28,0,16,0
721502,'1392',729,,71745,28,0,16,0,30,,71746,28,0,16,0,70,,71747,28,0,16,0,30,,71748,28,0,16,0,70,,71749,28,0,16,0,30,,71750,28,0,16,0,70,,71751,28,0,16,0,30,,71752,28,0,16,0,70,,71753,28,0,16,0,30,,71754,28,0,16,0,70,,71755,28,0,16,0,30,,71756,28,0,16,0,70,,71757,28,0,16,0,30,,71758,28,0,16,0,70,,71759,28,0,16,0,30,,71760,28,0,16,0,70,,71761,28,0,16,0,30,,71762,28,0,16,0,70,,71763,28,0,16,0,30,,71764,28,0,16,0,70,,71765,28,0,16,0,30,,71766,28,0,16,0,70,,71767,28,0,16,0,30,,71768,28,0,16,0,70,,71769,28,0,16,0,100,,71770,28,0,16,0,100,,71771,28,0,16,0,100,,71772,28,0,16,0
721502,'1393',729,,71774,28,0,16,0,30,,71775,28,0,16,0,70,,71776,28,0,16,0,30,,71777,28,0,16,0,70,,71778,28,0,16,0,30,,71779,28,0,16,0,70,,71780,28,0,16,0,30,,71781,28,0,16,0,70,,71782,28,0,16,0,30,,71783,28,0,16,0,70,,71784,28,0,16,0,30,,71785,28,0,16,0,70,,71786,28,0,16,0,30,,71787,28,0,16,0,70,,71788,28,0,16,0,30,,71789,28,0,16,0,70,,71790,28,0,16,0,30,,71791,28,0,16,0,70,,71792,28,0,16,0,30,,71793,28,0,16,0,70,,71794,28,0,16,0,30,,71795,28,0,16,0,70,,71796,28,0,16,0,30,,71797,28,0,16,0,70,,71798,28,0,16,0,100,,71799,28,0,16,0,100,,71800,28,0,16,0,100,,71801,28,0,16,0
721502,'1394',729,,71803,28,0,16,0,30,,71804,28,0,16,0,70,,71805,28,0,16,0,30,,71806,28,0,16,0,70,,71807,28,0,16,0,30,,71808,28,0,16,0,70,,71809,28,0,16,0,30,,71810,28,0,16,0,70,,71811,28,0,16,0,30,,71812,28,0,16,0,70,,71813,28,0,16,0,30,,71814,28,0,16,0,70,,71815,28,0,16,0,30,,71816,28,0,16,0,70,,71817,28,0,16,0,30,,71818,28,0,16,0,70,,71819,28,0,16,0,30,,71820,28,0,16,0,70,,71821,28,0,16,0,30,,71822,28,0,16,0,70,,71823,28,0,16,0,30,,71824,28,0,16,0,70,,71825,28,0,16,0,30,,71826,28,0,16,0,70,,71827,28,0,16,0,100,,71828,28,0,16,0,100,,71829,28,0,16,0,100,,71830,28,0,16,0
721502,'1395',729,,71832,28,0,16,0,30,,71833,28,0,16,0,70,,71834,28,0,16,0,30,,71835,28,0,16,0,70,,71836,28,0,16,0,30,,71837,28,0,16,0,70,,71838,28,0,16,0,30,,71839,28,0,16,0,70,,71840,28,0,16,0,30,,71841,28,0,16,0,70,,71842,28,0,16,0,30,,71843,28,0,16,0,70,,71844,28,0,16,0,30,,71845,28,0,16,0,70,,71846,28,0,16,0,30,,71847,28,0,16,0,70,,71848,28,0,16,0,30,,71849,28,0,16,0,70,,71850,28,0,16,0,30,,71851,28,0,16,0,70,,71852,28,0,16,0,30,,71853,28,0,16,0,70,,71854,28,0,16,0,30,,71855,28,0,16,0,70,,71856,28,0,16,0,100,,71857,28,0,16,0,100,,71858,28,0,16,0,100,,71859,28,0,16,0
721502,'1396',729,,71861,28,0,16,0,30,,71862,28,0,16,0,70,,71863,28,0,16,0,30,,71864,28,0,16,0,70,,71865,28,0,16,0,30,,71866,28,0,16,0,70,,71867,28,0,16,0,30,,71868,28,0,16,0,70,,71869,28,0,16,0,30,,71870,28,0,16,0,70,,71871,28,0,16,0,30,,71872,28,0,16,0,70,,71873,28,0,16,0,30,,71874,28,0,16,0,70,,71875,28,0,16,0,30,,71876,28,0,16,0,70,,71877,28,0,16,0,30,,71878,28,0,16,0,70,,71879,28,0,16,0,30,,71880,28,0,16,0,70,,71881,28,0,16,0,30,,71882,28,0,16,0,70,,71883,28,0,16,0,30,,71884,28,0,16,0,70,,71885,28,0,16,0,100,,71886,28,0,16,0,100,,71887,28,0,16,0,100,,71888,28,0,16,0
