1600,'1383',1056,,57705,28,4,,0,70,,57704,28,4,,0,85,,57703,28,4,,0,30,,57702,28,4,,0,70,,57701,28,4,,0,30,,57700,28,4,,0,70,,57699,28,4,,0,30,,57698,28,4,,0,70,,57697,28,4,,0,30,,57696,28,4,,0,70,,57695,28,4,,0,30,,57694,28,4,,0,70,,57693,28,4,,0,20,,57692,28,4,,0,10,,57691,28,4,,0,70,,57690,28,4,,0,20,,57689,28,4,,0,10,,57688,28,4,,0,70,,57687,28,4,,0,30,,57686,28,4,,0,70,,57685,28,4,,0
1600,'1384',743,,57706,28,4,,0,70,,57707,28,4,,0,30,,57708,28,4,,0,70,,57709,28,4,,0,30,,57710,28,4,,0,70,,57711,28,4,,0,30,,57712,28,4,,0,70,,57713,28,4,,0,20,,57714,28,4,,0,20,,57715,28,4,,0,60,,57716,28,4,,0,20,,57717,28,4,,0,20,,57718,28,4,,0,60,,57719,28,4,,0,20,,57720,28,4,,0,20,,57721,28,4,,0,60,,57722,28,4,,0,20,,57723,28,4,,0,20,,57724,28,4,,0,60,,57725,28,4,,0,20,,57726,28,4,,0,20,,57727,28,4,,0,60,,57728,28,4,,0,20,,57729,28,4,,0,20,,57730,28,4,,0,60,,57731,28,4,,0,20,,57732,28,4,,0,20,,57733,28,4,,0,60,,57734,28,4,,0,20,,57735,28,4,,0,5,,57736,28,4,,0,15,,57737,28,4,,0,60,,57738,28,4,,0,30,,57739,28,4,,0,70,,57740,28,4,,0,30,,57741,28,4,,0,70,,57742,28,4,,0,30,,57743,28,4,,0,70,,57744,28,4,,0,100,,57745,28,4,,0
1600,'1385',653,,57759,28,4,,0,74,,57746,28,4,,0,31,,57760,28,4,,0,60,,57761,28,4,,0,20,,57762,28,4,,0,20,,57763,28,4,,0,60,,57764,28,4,,0,20,,57765,28,4,,0,20,,57766,28,4,,0,60,,57747,28,4,,0,20,,57748,28,4,,0,20,,57749,28,4,,0,60,,57750,28,4,,0,20,,57751,28,4,,0,20,,57752,28,4,,0,60,,57753,28,4,,0,20,,57754,28,4,,0,20,,57755,28,4,,0,60,,57756,28,4,,0,20,,57757,28,4,,0,20,,57758,28,4,,0,60,,57779,28,4,,0,20,,57780,28,4,,0,20,,57781,28,4,,0,60,,57782,28,4,,0,20,,57783,28,4,,0,20,,57767,28,4,,0,60,,57768,28,4,,0,20,,57769,28,4,,0,20,,57770,28,4,,0,60,,57771,28,4,,0,20,,57772,28,4,,0,20,,57773,28,4,,0,60,,57774,28,4,,0,20,,57775,28,4,,0,20,,57776,28,4,,0,55,,57777,28,4,,0,30,,57778,28,4,,0,70,,57784,28,4,,0,30,,57785,28,4,,0,70,,57786,28,4,,0,30,,57787,28,4,,0,70,,57788,28,4,,0,100,,57789,28,4,,0
1600,'1386',653,,57803,28,4,,0,74,,57790,28,4,,0,31,,57804,28,4,,0,60,,57805,28,4,,0,20,,57806,28,4,,0,20,,57807,28,4,,0,60,,57808,28,4,,0,20,,57809,28,4,,0,20,,57810,28,4,,0,60,,57791,28,4,,0,20,,57792,28,4,,0,20,,57793,28,4,,0,60,,57794,28,4,,0,20,,57795,28,4,,0,20,,57796,28,4,,0,60,,57797,28,4,,0,20,,57798,28,4,,0,20,,57799,28,4,,0,60,,57800,28,4,,0,20,,57801,28,4,,0,20,,57802,28,4,,0,60,,57823,28,4,,0,20,,57824,28,4,,0,20,,57825,28,4,,0,60,,57826,28,4,,0,20,,57827,28,4,,0,20,,57811,28,4,,0,60,,57812,28,4,,0,20,,57813,28,4,,0,20,,57814,28,4,,0,60,,57815,28,4,,0,20,,57816,28,4,,0,20,,57817,28,4,,0,60,,57818,28,4,,0,20,,57819,28,4,,0,20,,57820,28,4,,0,55,,57821,28,4,,0,30,,57822,28,4,,0,70,,57828,28,4,,0,30,,57829,28,4,,0,70,,57830,28,4,,0,30,,57831,28,4,,0,70,,57832,28,4,,0,100,,57833,28,4,,0
1600,'1387',653,,57847,28,4,,0,74,,57834,28,4,,0,31,,57848,28,4,,0,60,,57849,28,4,,0,20,,57850,28,4,,0,20,,57851,28,4,,0,60,,57852,28,4,,0,20,,57853,28,4,,0,20,,57854,28,4,,0,60,,57835,28,4,,0,20,,57836,28,4,,0,20,,57837,28,4,,0,60,,57838,28,4,,0,20,,57839,28,4,,0,20,,57840,28,4,,0,60,,57841,28,4,,0,20,,57842,28,4,,0,20,,57843,28,4,,0,60,,57844,28,4,,0,20,,57845,28,4,,0,20,,57846,28,4,,0,60,,57867,28,4,,0,20,,57868,28,4,,0,20,,57869,28,4,,0,60,,57870,28,4,,0,20,,57871,28,4,,0,20,,57855,28,4,,0,60,,57856,28,4,,0,20,,57857,28,4,,0,20,,57858,28,4,,0,60,,57859,28,4,,0,20,,57860,28,4,,0,20,,57861,28,4,,0,60,,57862,28,4,,0,20,,57863,28,4,,0,20,,57864,28,4,,0,55,,57865,28,4,,0,30,,57866,28,4,,0,70,,57872,28,4,,0,30,,57873,28,4,,0,70,,57874,28,4,,0,30,,57875,28,4,,0,70,,57876,28,4,,0,100,,57877,28,4,,0
1600,'1388',653,,57891,28,4,,0,74,,57878,28,4,,0,31,,57892,28,4,,0,60,,57893,28,4,,0,20,,57894,28,4,,0,20,,57895,28,4,,0,60,,57896,28,4,,0,20,,57897,28,4,,0,20,,57898,28,4,,0,60,,57879,28,4,,0,20,,57880,28,4,,0,20,,57881,28,4,,0,60,,57882,28,4,,0,20,,57883,28,4,,0,20,,57884,28,4,,0,60,,57885,28,4,,0,20,,57886,28,4,,0,20,,57887,28,4,,0,60,,57888,28,4,,0,20,,57889,28,4,,0,20,,57890,28,4,,0,60,,57911,28,4,,0,20,,57912,28,4,,0,20,,57913,28,4,,0,60,,57914,28,4,,0,20,,57915,28,4,,0,20,,57899,28,4,,0,60,,57900,28,4,,0,20,,57901,28,4,,0,20,,57902,28,4,,0,60,,57903,28,4,,0,20,,57904,28,4,,0,20,,57905,28,4,,0,60,,57906,28,4,,0,20,,57907,28,4,,0,20,,57908,28,4,,0,55,,57909,28,4,,0,30,,57910,28,4,,0,70,,57916,28,4,,0,30,,57917,28,4,,0,70,,57918,28,4,,0,30,,57919,28,4,,0,70,,57920,28,4,,0,100,,57921,28,4,,0
1600,'1389',653,,57935,28,4,,0,74,,57922,28,4,,0,31,,57936,28,4,,0,60,,57937,28,4,,0,20,,57938,28,4,,0,20,,57939,28,4,,0,60,,57940,28,4,,0,20,,57941,28,4,,0,20,,57942,28,4,,0,60,,57923,28,4,,0,20,,57924,28,4,,0,20,,57925,28,4,,0,60,,57926,28,4,,0,20,,57927,28,4,,0,20,,57928,28,4,,0,60,,57929,28,4,,0,20,,57930,28,4,,0,20,,57931,28,4,,0,60,,57932,28,4,,0,20,,57933,28,4,,0,20,,57934,28,4,,0,60,,57955,28,4,,0,20,,57956,28,4,,0,20,,57957,28,4,,0,60,,57958,28,4,,0,20,,57959,28,4,,0,20,,57943,28,4,,0,60,,57944,28,4,,0,20,,57945,28,4,,0,20,,57946,28,4,,0,60,,57947,28,4,,0,20,,57948,28,4,,0,20,,57949,28,4,,0,60,,57950,28,4,,0,20,,57951,28,4,,0,20,,57952,28,4,,0,55,,57953,28,4,,0,30,,57954,28,4,,0,70,,57960,28,4,,0,30,,57961,28,4,,0,70,,57962,28,4,,0,30,,57963,28,4,,0,70,,57964,28,4,,0,100,,57965,28,4,,0
1601,'1383',1005,,57984,1,,,0,30,,57983,1,,,0,85,,57982,1,,,0,30,,57981,1,,,0,70,,57980,1,,,0,30,,57979,1,,,0,70,,57978,1,,,0,30,,57977,1,,,0,70,,57976,1,,,0,30,,57975,1,,,0,70,,57974,1,,,0,30,,57973,1,,,0,70,,57972,1,,,0,30,,57971,1,,,0,70,,57970,1,,,0,18,,57985,1,,,0,12,,57969,1,,,0,70,,57968,1,,,0,30,,57967,1,,,0,70,,57966,1,,,0
1601,'1384',650,,57986,1,,,0,70,,57987,1,,,0,30,,57988,1,,,0,70,,57989,1,,,0,30,,57990,1,,,0,70,,57991,1,,,0,30,,57992,1,,,0,70,,57993,1,,,0,20,,57994,1,,,0,60,,57995,1,,,0,20,,57996,1,,,0,20,,57997,1,,,0,60,,57998,1,,,0,20,,57999,1,,,0,20,,58000,1,,,0,60,,58001,1,,,0,20,,58002,1,,,0,20,,58003,1,,,0,60,,58004,1,,,0,20,,58005,1,,,0,20,,58006,1,,,0,60,,58007,1,,,0,20,,58008,1,,,0,20,,58009,1,,,0,60,,58010,1,,,0,20,,58011,1,,,0,20,,58012,1,,,0,60,,58013,1,,,0,20,,58014,1,,,0,20,,58015,1,,,0,60,,58016,1,,,0,22,,58017,1,,,0,30,,58018,1,,,0,70,,58019,1,,,0,30,,58020,1,,,0,70,,58021,1,,,0,30,,58022,1,,,0,70,,58023,1,,,0,100,,58024,1,,,0
1601,'1385',600,,58025,1,,,0,37,,58026,1,,,0,70,,58027,1,,,0,20,,58028,1,,,0,20,,58029,1,,,0,60,,58030,1,,,0,20,,58031,1,,,0,20,,58032,1,,,0,60,,58033,1,,,0,20,,58034,1,,,0,20,,58035,1,,,0,60,,58036,1,,,0,20,,58037,1,,,0,20,,58038,1,,,0,60,,58039,1,,,0,20,,58040,1,,,0,20,,58041,1,,,0,60,,58042,1,,,0,20,,58043,1,,,0,20,,58044,1,,,0,60,,58045,1,,,0,20,,58046,1,,,0,20,,58047,1,,,0,60,,58048,1,,,0,20,,58049,1,,,0,20,,58050,1,,,0,60,,58051,1,,,0,20,,58052,1,,,0,20,,58053,1,,,0,60,,58054,1,,,0,20,,58055,1,,,0,20,,58056,1,,,0,60,,58057,1,,,0,20,,58058,1,,,0,20,,58059,1,,,0,60,,58060,1,,,0,15,,58061,1,,,0,30,,58062,1,,,0,70,,58063,1,,,0,30,,58064,1,,,0,70,,58065,1,,,0,30,,58066,1,,,0,70,,58067,1,,,0,100,,58068,1,,,0,100,,58069,1,,,0
1601,'1386',600,,58070,1,,,0,37,,58071,1,,,0,70,,58072,1,,,0,20,,58073,1,,,0,20,,58074,1,,,0,60,,58075,1,,,0,20,,58076,1,,,0,20,,58077,1,,,0,60,,58078,1,,,0,20,,58079,1,,,0,20,,58080,1,,,0,60,,58081,1,,,0,20,,58082,1,,,0,20,,58083,1,,,0,60,,58084,1,,,0,20,,58085,1,,,0,20,,58086,1,,,0,60,,58087,1,,,0,20,,58088,1,,,0,20,,58089,1,,,0,60,,58090,1,,,0,20,,58091,1,,,0,20,,58092,1,,,0,60,,58093,1,,,0,20,,58094,1,,,0,20,,58095,1,,,0,60,,58096,1,,,0,20,,58097,1,,,0,20,,58098,1,,,0,60,,58099,1,,,0,20,,58100,1,,,0,20,,58101,1,,,0,60,,58102,1,,,0,20,,58103,1,,,0,20,,58104,1,,,0,60,,58105,1,,,0,15,,58106,1,,,0,30,,58107,1,,,0,70,,58108,1,,,0,30,,58109,1,,,0,70,,58110,1,,,0,30,,58111,1,,,0,70,,58112,1,,,0,100,,58113,1,,,0,100,,58114,1,,,0
1601,'1387',600,,58115,1,,,0,37,,58116,1,,,0,70,,58117,1,,,0,20,,58118,1,,,0,20,,58119,1,,,0,60,,58120,1,,,0,20,,58121,1,,,0,20,,58122,1,,,0,60,,58123,1,,,0,20,,58124,1,,,0,20,,58125,1,,,0,60,,58126,1,,,0,20,,58127,1,,,0,20,,58128,1,,,0,60,,58129,1,,,0,20,,58130,1,,,0,20,,58131,1,,,0,60,,58132,1,,,0,20,,58133,1,,,0,20,,58134,1,,,0,60,,58135,1,,,0,20,,58136,1,,,0,20,,58137,1,,,0,60,,58138,1,,,0,20,,58139,1,,,0,20,,58140,1,,,0,60,,58141,1,,,0,20,,58142,1,,,0,20,,58143,1,,,0,60,,58144,1,,,0,20,,58145,1,,,0,20,,58146,1,,,0,60,,58147,1,,,0,20,,58148,1,,,0,20,,58149,1,,,0,60,,58150,1,,,0,15,,58151,1,,,0,30,,58152,1,,,0,70,,58153,1,,,0,30,,58154,1,,,0,70,,58155,1,,,0,30,,58156,1,,,0,70,,58157,1,,,0,100,,58158,1,,,0,100,,58159,1,,,0
1601,'1388',600,,58160,1,,,0,37,,58161,1,,,0,70,,58162,1,,,0,20,,58163,1,,,0,20,,58164,1,,,0,60,,58165,1,,,0,20,,58166,1,,,0,20,,58167,1,,,0,60,,58168,1,,,0,20,,58169,1,,,0,20,,58170,1,,,0,60,,58171,1,,,0,20,,58172,1,,,0,20,,58173,1,,,0,60,,58174,1,,,0,20,,58175,1,,,0,20,,58176,1,,,0,60,,58177,1,,,0,20,,58178,1,,,0,20,,58179,1,,,0,60,,58180,1,,,0,20,,58181,1,,,0,20,,58182,1,,,0,60,,58183,1,,,0,20,,58184,1,,,0,20,,58185,1,,,0,60,,58186,1,,,0,20,,58187,1,,,0,20,,58188,1,,,0,60,,58189,1,,,0,20,,58190,1,,,0,20,,58191,1,,,0,60,,58192,1,,,0,20,,58193,1,,,0,20,,58194,1,,,0,60,,58195,1,,,0,15,,58196,1,,,0,30,,58197,1,,,0,70,,58198,1,,,0,30,,58199,1,,,0,70,,58200,1,,,0,30,,58201,1,,,0,70,,58202,1,,,0,100,,58203,1,,,0,100,,58204,1,,,0
1601,'1389',600,,58205,1,,,0,37,,58206,1,,,0,70,,58207,1,,,0,20,,58208,1,,,0,20,,58209,1,,,0,60,,58210,1,,,0,20,,58211,1,,,0,20,,58212,1,,,0,60,,58213,1,,,0,20,,58214,1,,,0,20,,58215,1,,,0,60,,58216,1,,,0,20,,58217,1,,,0,20,,58218,1,,,0,60,,58219,1,,,0,20,,58220,1,,,0,20,,58221,1,,,0,60,,58222,1,,,0,20,,58223,1,,,0,20,,58224,1,,,0,60,,58225,1,,,0,20,,58226,1,,,0,20,,58227,1,,,0,60,,58228,1,,,0,20,,58229,1,,,0,20,,58230,1,,,0,60,,58231,1,,,0,20,,58232,1,,,0,20,,58233,1,,,0,60,,58234,1,,,0,20,,58235,1,,,0,20,,58236,1,,,0,60,,58237,1,,,0,20,,58238,1,,,0,20,,58239,1,,,0,60,,58240,1,,,0,15,,58241,1,,,0,30,,58242,1,,,0,70,,58243,1,,,0,30,,58244,1,,,0,70,,58245,1,,,0,30,,58246,1,,,0,70,,58247,1,,,0,100,,58248,1,,,0,100,,58249,1,,,0
