1700,'1390',628,,65455,44,,,0,100,,65454,44,,,0,100,,65453,44,,,0,100,,65452,44,,,0,112,,65470,44,,,0,80,,65469,44,,,0,80,,65468,44,,,0,40,,65467,44,,,0,80,,65466,44,,,0,80,,65465,44,,,0,40,,65464,44,,,0,80,,65463,44,,,0,80,,65462,44,,,0,40,,65461,44,,,0,80,,65460,44,,,0,80,,65459,44,,,0,40,,65458,44,,,0,80,,65457,44,,,0,80,,65456,44,,,0
1700,'1391',548,,65471,44,,,0,74,,65472,44,,,0,30,,65473,44,,,0,70,,65474,44,,,0,30,,65475,44,,,0,70,,65476,44,,,0,30,,65477,44,,,0,70,,65478,44,,,0,30,,65479,44,,,0,70,,65480,44,,,0,78,,65489,44,,,0,20,,65490,44,,,0,20,,65491,44,,,0,60,,65492,44,,,0,20,,65493,44,,,0,20,,65494,44,,,0,60,,65495,44,,,0,20,,65496,44,,,0,20,,65497,44,,,0,60,,65498,44,,,0,20,,65499,44,,,0,20,,65500,44,,,0,60,,65501,44,,,0,20,,65502,44,,,0,20,,65503,44,,,0,60,,65504,44,,,0,20,,65505,44,,,0,20,,65506,44,,,0,60,,65507,44,,,0,20,,65508,44,,,0,20,,65509,44,,,0,60,,65510,44,,,0,20,,65511,44,,,0,20,,65512,44,,,0,15,,65513,44,,,0,70,,65514,44,,,0,30,,65515,44,,,0,70,,65516,44,,,0,30,,65517,44,,,0,67,,65481,44,,,0,30,,65482,44,,,0,70,,65483,44,,,0,30,,65484,44,,,0,70,,65485,44,,,0,30,,65486,44,,,0,70,,65487,44,,,0,30,,65488,44,,,0
1700,'1392',550,,65518,44,,,0,68,,65519,5,,,0,17,,65520,44,,,0,15,,65521,44,,,0,55,,65522,44,,,0,15,,65523,44,,,0,15,,65524,44,,,0,10,,65525,44,,,0,10,,65526,44,,,0,50,,65527,44,,,0,10,,65528,44,,,0,10,,65529,44,,,0,10,,65530,44,,,0,10,,65531,44,,,0,10,,65532,44,,,0,50,,65533,44,,,0,10,,65534,44,,,0,10,,65535,44,,,0,10,,65536,44,,,0,10,,65537,44,,,0,10,,65538,44,,,0,50,,65539,44,,,0,10,,65540,44,,,0,10,,65541,44,,,0,10,,65542,44,,,0,10,,65543,44,,,0,10,,65544,44,,,0,50,,65545,44,,,0,10,,65546,44,,,0,10,,65547,44,,,0,10,,65548,44,,,0,10,,65549,44,,,0,10,,65550,44,,,0,50,,65551,44,,,0,10,,65552,44,,,0,10,,65553,44,,,0,10,,65554,44,,,0,10,,65555,44,,,0,10,,65556,44,,,0,50,,65557,44,,,0,10,,65558,44,,,0,10,,65559,44,,,0,10,,65560,44,,,0,10,,65561,44,,,0,10,,65562,44,,,0,50,,65563,44,,,0,10,,65564,44,,,0,10,,65565,44,,,0,10,,65566,44,,,0,10,,65567,44,,,0,10,,65568,44,,,0,50,,65569,44,,,0,10,,65570,44,,,0,10,,65571,44,,,0,10,,65572,44,,,0,10,,65573,44,,,0,10,,65574,44,,,0,50,,65575,44,,,0,10,,65576,44,,,0,10,,65577,44,,,0,10,,65578,44,,,0,10,,65579,44,,,0,10,,65580,44,,,0,50,,65581,44,,,0,10,,65582,44,,,0,10,,65583,44,,,0,10,,65584,44,,,0,10,,65585,44,,,0,10,,65586,44,,,0,50,,65587,44,,,0,10,,65588,44,,,0,10,,65589,44,,,0,10,,65590,44,,,0,15,,65591,44,,,0,55,,65592,44,,,0,15,,65593,44,,,0,30,,65594,44,,,0,70,,65595,44,,,0,30,,65596,44,,,0,70,,65597,44,,,0,30,,65598,44,,,0,70,,65599,44,,,0,30,,65600,44,,,0,70,,65601,44,,,0,30,,65602,44,,,0,70,,65603,44,,,0,30,,65604,44,,,0
1700,'1393',550,,65605,44,,,0,68,,65606,5,,,0,17,,65607,44,,,0,15,,65608,44,,,0,55,,65609,44,,,0,15,,65610,44,,,0,15,,65611,44,,,0,10,,65612,44,,,0,10,,65613,44,,,0,50,,65614,44,,,0,10,,65615,44,,,0,10,,65616,44,,,0,10,,65617,44,,,0,10,,65618,44,,,0,10,,65619,44,,,0,50,,65620,44,,,0,10,,65621,44,,,0,10,,65622,44,,,0,10,,65623,44,,,0,10,,65624,44,,,0,10,,65625,44,,,0,50,,65626,44,,,0,10,,65627,44,,,0,10,,65628,44,,,0,10,,65629,44,,,0,10,,65630,44,,,0,10,,65631,44,,,0,50,,65632,44,,,0,10,,65633,44,,,0,10,,65634,44,,,0,10,,65635,44,,,0,10,,65636,44,,,0,10,,65637,44,,,0,50,,65638,44,,,0,10,,65639,44,,,0,10,,65640,44,,,0,10,,65641,44,,,0,10,,65642,44,,,0,10,,65643,44,,,0,50,,65644,44,,,0,10,,65645,44,,,0,10,,65646,44,,,0,10,,65647,44,,,0,10,,65648,44,,,0,10,,65649,44,,,0,50,,65650,44,,,0,10,,65651,44,,,0,10,,65652,44,,,0,10,,65653,44,,,0,10,,65654,44,,,0,10,,65655,44,,,0,50,,65656,44,,,0,10,,65657,44,,,0,10,,65658,44,,,0,10,,65659,44,,,0,10,,65660,44,,,0,10,,65661,44,,,0,50,,65662,44,,,0,10,,65663,44,,,0,10,,65664,44,,,0,10,,65665,44,,,0,10,,65666,44,,,0,10,,65667,44,,,0,50,,65668,44,,,0,10,,65669,44,,,0,10,,65670,44,,,0,10,,65671,44,,,0,10,,65672,44,,,0,10,,65673,44,,,0,50,,65674,44,,,0,10,,65675,44,,,0,10,,65676,44,,,0,10,,65677,44,,,0,15,,65678,44,,,0,55,,65679,44,,,0,15,,65680,44,,,0,30,,65681,44,,,0,70,,65682,44,,,0,30,,65683,44,,,0,70,,65684,44,,,0,30,,65685,44,,,0,70,,65686,44,,,0,30,,65687,44,,,0,70,,65688,44,,,0,30,,65689,44,,,0,70,,65690,44,,,0,30,,65691,44,,,0
1700,'1394',550,,65692,44,,,0,68,,65693,5,,,0,17,,65694,44,,,0,15,,65695,44,,,0,55,,65696,44,,,0,15,,65697,44,,,0,15,,65698,44,,,0,10,,65699,44,,,0,10,,65700,44,,,0,50,,65701,44,,,0,10,,65702,44,,,0,10,,65703,44,,,0,10,,65704,44,,,0,10,,65705,44,,,0,10,,65706,44,,,0,50,,65707,44,,,0,10,,65708,44,,,0,10,,65709,44,,,0,10,,65710,44,,,0,10,,65711,44,,,0,10,,65712,44,,,0,50,,65713,44,,,0,10,,65714,44,,,0,10,,65715,44,,,0,10,,65716,44,,,0,10,,65717,44,,,0,10,,65718,44,,,0,50,,65719,44,,,0,10,,65720,44,,,0,10,,65721,44,,,0,10,,65722,44,,,0,10,,65723,44,,,0,10,,65724,44,,,0,50,,65725,44,,,0,10,,65726,44,,,0,10,,65727,44,,,0,10,,65728,44,,,0,10,,65729,44,,,0,10,,65730,44,,,0,50,,65731,44,,,0,10,,65732,44,,,0,10,,65733,44,,,0,10,,65734,44,,,0,10,,65735,44,,,0,10,,65736,44,,,0,50,,65737,44,,,0,10,,65738,44,,,0,10,,65739,44,,,0,10,,65740,44,,,0,10,,65741,44,,,0,10,,65742,44,,,0,50,,65743,44,,,0,10,,65744,44,,,0,10,,65745,44,,,0,10,,65746,44,,,0,10,,65747,44,,,0,10,,65748,44,,,0,50,,65749,44,,,0,10,,65750,44,,,0,10,,65751,44,,,0,10,,65752,44,,,0,10,,65753,44,,,0,10,,65754,44,,,0,50,,65755,44,,,0,10,,65756,44,,,0,10,,65757,44,,,0,10,,65758,44,,,0,10,,65759,44,,,0,10,,65760,44,,,0,50,,65761,44,,,0,10,,65762,44,,,0,10,,65763,44,,,0,10,,65764,44,,,0,15,,65765,44,,,0,55,,65766,44,,,0,15,,65767,44,,,0,30,,65768,44,,,0,70,,65769,44,,,0,30,,65770,44,,,0,70,,65771,44,,,0,30,,65772,44,,,0,70,,65773,44,,,0,30,,65774,44,,,0,70,,65775,44,,,0,30,,65776,44,,,0,70,,65777,44,,,0,30,,65778,44,,,0
1700,'1395',550,,65779,44,,,0,68,,65780,5,,,0,17,,65781,44,,,0,15,,65782,44,,,0,55,,65783,44,,,0,15,,65784,44,,,0,15,,65785,44,,,0,10,,65786,44,,,0,10,,65787,44,,,0,50,,65788,44,,,0,10,,65789,44,,,0,10,,65790,44,,,0,10,,65791,44,,,0,10,,65792,44,,,0,10,,65793,44,,,0,50,,65794,44,,,0,10,,65795,44,,,0,10,,65796,44,,,0,10,,65797,44,,,0,10,,65798,44,,,0,10,,65799,44,,,0,50,,65800,44,,,0,10,,65801,44,,,0,10,,65802,44,,,0,10,,65803,44,,,0,10,,65804,44,,,0,10,,65805,44,,,0,50,,65806,44,,,0,10,,65807,44,,,0,10,,65808,44,,,0,10,,65809,44,,,0,10,,65810,44,,,0,10,,65811,44,,,0,50,,65812,44,,,0,10,,65813,44,,,0,10,,65814,44,,,0,10,,65815,44,,,0,10,,65816,44,,,0,10,,65817,44,,,0,50,,65818,44,,,0,10,,65819,44,,,0,10,,65820,44,,,0,10,,65821,44,,,0,10,,65822,44,,,0,10,,65823,44,,,0,50,,65824,44,,,0,10,,65825,44,,,0,10,,65826,44,,,0,10,,65827,44,,,0,10,,65828,44,,,0,10,,65829,44,,,0,50,,65830,44,,,0,10,,65831,44,,,0,10,,65832,44,,,0,10,,65833,44,,,0,10,,65834,44,,,0,10,,65835,44,,,0,50,,65836,44,,,0,10,,65837,44,,,0,10,,65838,44,,,0,10,,65839,44,,,0,10,,65840,44,,,0,10,,65841,44,,,0,50,,65842,44,,,0,10,,65843,44,,,0,10,,65844,44,,,0,10,,65845,44,,,0,10,,65846,44,,,0,10,,65847,44,,,0,50,,65848,44,,,0,10,,65849,44,,,0,10,,65850,44,,,0,10,,65851,44,,,0,15,,65852,44,,,0,55,,65853,44,,,0,15,,65854,44,,,0,30,,65855,44,,,0,70,,65856,44,,,0,30,,65857,44,,,0,70,,65858,44,,,0,30,,65859,44,,,0,70,,65860,44,,,0,30,,65861,44,,,0,70,,65862,44,,,0,30,,65863,44,,,0,70,,65864,44,,,0,30,,65865,44,,,0
1700,'1396',550,,65866,44,,,0,68,,65867,5,,,0,17,,65868,44,,,0,15,,65869,44,,,0,55,,65870,44,,,0,15,,65871,44,,,0,15,,65872,44,,,0,10,,65873,44,,,0,10,,65874,44,,,0,50,,65875,44,,,0,10,,65876,44,,,0,10,,65877,44,,,0,10,,65878,44,,,0,10,,65879,44,,,0,10,,65880,44,,,0,50,,65881,44,,,0,10,,65882,44,,,0,10,,65883,44,,,0,10,,65884,44,,,0,10,,65885,44,,,0,10,,65886,44,,,0,50,,65887,44,,,0,10,,65888,44,,,0,10,,65889,44,,,0,10,,65890,44,,,0,10,,65891,44,,,0,10,,65892,44,,,0,50,,65893,44,,,0,10,,65894,44,,,0,10,,65895,44,,,0,10,,65896,44,,,0,10,,65897,44,,,0,10,,65898,44,,,0,50,,65899,44,,,0,10,,65900,44,,,0,10,,65901,44,,,0,10,,65902,44,,,0,10,,65903,44,,,0,10,,65904,44,,,0,50,,65905,44,,,0,10,,65906,44,,,0,10,,65907,44,,,0,10,,65908,44,,,0,10,,65909,44,,,0,10,,65910,44,,,0,50,,65911,44,,,0,10,,65912,44,,,0,10,,65913,44,,,0,10,,65914,44,,,0,10,,65915,44,,,0,10,,65916,44,,,0,50,,65917,44,,,0,10,,65918,44,,,0,10,,65919,44,,,0,10,,65920,44,,,0,10,,65921,44,,,0,10,,65922,44,,,0,50,,65923,44,,,0,10,,65924,44,,,0,10,,65925,44,,,0,10,,65926,44,,,0,10,,65927,44,,,0,10,,65928,44,,,0,50,,65929,44,,,0,10,,65930,44,,,0,10,,65931,44,,,0,10,,65932,44,,,0,10,,65933,44,,,0,10,,65934,44,,,0,50,,65935,44,,,0,10,,65936,44,,,0,10,,65937,44,,,0,10,,65938,44,,,0,15,,65939,44,,,0,55,,65940,44,,,0,15,,65941,44,,,0,30,,65942,44,,,0,70,,65943,44,,,0,30,,65944,44,,,0,70,,65945,44,,,0,30,,65946,44,,,0,70,,65947,44,,,0,30,,65948,44,,,0,70,,65949,44,,,0,30,,65950,44,,,0,70,,65951,44,,,0,30,,65952,44,,,0
552200,'1392',648,,69086,8,0,9,0,70,,69087,8,0,9,0,30,,69088,8,0,9,0,70,,69089,8,0,9,0,30,,69090,8,0,9,0,70,,69091,8,0,9,0,30,,69092,8,0,9,0,70,,69093,8,0,9,0,30,,69094,8,0,9,0,70,,69095,8,0,9,0,30,,69096,8,0,9,0,70,,69097,8,0,9,0,30,,69098,8,0,9,0,70,,69099,8,0,9,0,30,,69100,8,0,9,0,70,,69101,8,0,9,0,30,,69102,8,0,9,0,70,,69103,8,0,9,0,30,,69104,8,0,9,0,70,,69105,8,0,9,0,30,,69106,8,0,9,0,70,,69107,8,0,9,0,30,,69108,8,0,9,0
552200,'1393',648,,69109,8,0,9,0,70,,69110,8,0,9,0,30,,69111,8,0,9,0,70,,69112,8,0,9,0,30,,69113,8,0,9,0,70,,69114,8,0,9,0,30,,69115,8,0,9,0,70,,69116,8,0,9,0,30,,69117,8,0,9,0,70,,69118,8,0,9,0,30,,69119,8,0,9,0,70,,69120,8,0,9,0,30,,69121,8,0,9,0,70,,69122,8,0,9,0,30,,69123,8,0,9,0,70,,69124,8,0,9,0,30,,69125,8,0,9,0,70,,69126,8,0,9,0,30,,69127,8,0,9,0,70,,69128,8,0,9,0,30,,69129,8,0,9,0,70,,69130,8,0,9,0,30,,69131,8,0,9,0
552200,'1394',648,,69132,8,0,9,0,70,,69133,8,0,9,0,30,,69134,8,0,9,0,70,,69135,8,0,9,0,30,,69136,8,0,9,0,70,,69137,8,0,9,0,30,,69138,8,0,9,0,70,,69139,8,0,9,0,30,,69140,8,0,9,0,70,,69141,8,0,9,0,30,,69142,8,0,9,0,70,,69143,8,0,9,0,30,,69144,8,0,9,0,70,,69145,8,0,9,0,30,,69146,8,0,9,0,70,,69147,8,0,9,0,30,,69148,8,0,9,0,70,,69149,8,0,9,0,30,,69150,8,0,9,0,70,,69151,8,0,9,0,30,,69152,8,0,9,0,70,,69153,8,0,9,0,30,,69154,8,0,9,0
552200,'1395',648,,69155,8,0,9,0,70,,69156,8,0,9,0,30,,69157,8,0,9,0,70,,69158,8,0,9,0,30,,69159,8,0,9,0,70,,69160,8,0,9,0,30,,69161,8,0,9,0,70,,69162,8,0,9,0,30,,69163,8,0,9,0,70,,69164,8,0,9,0,30,,69165,8,0,9,0,70,,69166,8,0,9,0,30,,69167,8,0,9,0,70,,69168,8,0,9,0,30,,69169,8,0,9,0,70,,69170,8,0,9,0,30,,69171,8,0,9,0,70,,69172,8,0,9,0,30,,69173,8,0,9,0,70,,69174,8,0,9,0,30,,69175,8,0,9,0,70,,69176,8,0,9,0,30,,69177,8,0,9,0
552200,'1396',648,,69178,8,0,9,0,70,,69179,8,0,9,0,30,,69180,8,0,9,0,70,,69181,8,0,9,0,30,,69182,8,0,9,0,70,,69183,8,0,9,0,30,,69184,8,0,9,0,70,,69185,8,0,9,0,30,,69186,8,0,9,0,70,,69187,8,0,9,0,30,,69188,8,0,9,0,70,,69189,8,0,9,0,30,,69190,8,0,9,0,70,,69191,8,0,9,0,30,,69192,8,0,9,0,70,,69193,8,0,9,0,30,,69194,8,0,9,0,70,,69195,8,0,9,0,30,,69196,8,0,9,0,70,,69197,8,0,9,0,30,,69198,8,0,9,0,70,,69199,8,0,9,0,30,,69200,8,0,9,0
