643504,'1383',924,,62433,34,0,14,0,100,,62432,34,0,14,0,30,,62431,34,0,14,0,70,,62430,34,0,14,0,30,,62429,34,0,14,0,70,,62428,34,0,14,0,30,,62427,34,0,14,0,70,,62426,34,0,14,0,30,,62425,34,0,14,0,70,,62424,34,0,14,0,30,,62423,34,0,14,0,70,,62440,34,0,14,0,30,,62437,34,0,14,0,70,,62436,34,0,14,0,30,,62435,34,0,14,0,70,,62434,34,0,14,0,30,,62439,34,0,14,0,70,,62438,34,0,14,0,30,,62422,34,0,14,0,70,,62421,34,0,14,0
643504,'1384',724,,62441,34,0,14,0,100,,62442,34,0,14,0,100,,62443,34,0,14,0,30,,62444,34,0,14,0,70,,62445,34,0,14,0,30,,62446,34,0,14,0,70,,62447,34,0,14,0,30,,62448,34,0,14,0,70,,62449,34,0,14,0,30,,62450,34,0,14,0,70,,62451,34,0,14,0,30,,62452,34,0,14,0,70,,62453,34,0,14,0,30,,62454,34,0,14,0,70,,62455,34,0,14,0,30,,62456,34,0,14,0,70,,62457,34,0,14,0,30,,62458,34,0,14,0,70,,62459,34,0,14,0,30,,62460,34,0,14,0,70,,62461,34,0,14,0,30,,62462,34,0,14,0,70,,62463,34,0,14,0,30,,62464,34,0,14,0,70,,62465,34,0,14,0,100,,62466,34,0,14,0,100,,62467,34,0,14,0
643504,'1385',624,,62468,34,0,14,0,30,,62469,34,0,14,0,60,,62470,34,0,14,0,17,,62471,34,0,14,0,15,,62472,34,0,14,0,55,,62473,34,0,14,0,15,,62474,34,0,14,0,15,,62475,34,0,14,0,15,,62476,34,0,14,0,55,,62477,34,0,14,0,13,,62478,34,0,14,0,17,,62479,34,0,14,0,20,,62480,34,0,14,0,60,,62481,34,0,14,0,20,,62482,34,0,14,0,20,,62483,34,0,14,0,60,,62484,34,0,14,0,20,,62485,34,0,14,0,20,,62486,34,0,14,0,60,,62487,34,0,14,0,20,,62488,34,0,14,0,20,,62489,34,0,14,0,60,,62490,34,0,14,0,20,,62491,34,0,14,0,20,,62492,34,0,14,0,60,,62493,34,0,14,0,20,,62494,34,0,14,0,20,,62495,34,0,14,0,50,,62496,34,0,14,0,10,,62497,34,0,14,0,20,,62498,34,0,14,0,10,,62499,34,0,14,0,10,,62500,34,0,14,0,60,,62501,34,0,14,0,10,,62502,34,0,14,0,10,,62503,34,0,14,0,20,,62504,34,0,14,0,60,,62505,34,0,14,0,20,,62506,34,0,14,0,20,,62507,34,0,14,0,60,,62508,34,0,14,0,20,,62509,34,0,14,0,20,,62510,34,0,14,0,60,,62511,34,0,14,0,13,,62512,34,0,14,0,30,,62513,34,0,14,0,70,,62514,34,0,14,0,30,,62515,34,0,14,0,70,,62516,34,0,14,0,30,,62517,34,0,14,0,70,,62518,34,0,14,0,30,,62519,34,0,14,0,70,,62520,34,0,14,0
643504,'1386',624,,62521,34,0,14,0,30,,62522,34,0,14,0,60,,62523,34,0,14,0,17,,62524,34,0,14,0,15,,62525,34,0,14,0,55,,62526,34,0,14,0,15,,62527,34,0,14,0,15,,62528,34,0,14,0,15,,62529,34,0,14,0,55,,62530,34,0,14,0,13,,62531,34,0,14,0,17,,62532,34,0,14,0,20,,62533,34,0,14,0,60,,62534,34,0,14,0,20,,62535,34,0,14,0,20,,62536,34,0,14,0,60,,62537,34,0,14,0,20,,62538,34,0,14,0,20,,62539,34,0,14,0,60,,62540,34,0,14,0,20,,62541,34,0,14,0,20,,62542,34,0,14,0,60,,62543,34,0,14,0,20,,62544,34,0,14,0,20,,62545,34,0,14,0,60,,62546,34,0,14,0,20,,62547,34,0,14,0,20,,62548,34,0,14,0,50,,62549,34,0,14,0,10,,62550,34,0,14,0,20,,62551,34,0,14,0,10,,62552,34,0,14,0,10,,62553,34,0,14,0,60,,62554,34,0,14,0,10,,62555,34,0,14,0,10,,62556,34,0,14,0,20,,62557,34,0,14,0,60,,62558,34,0,14,0,20,,62559,34,0,14,0,20,,62560,34,0,14,0,60,,62561,34,0,14,0,20,,62562,34,0,14,0,20,,62563,34,0,14,0,60,,62564,34,0,14,0,13,,62565,34,0,14,0,30,,62566,34,0,14,0,70,,62567,34,0,14,0,30,,62568,34,0,14,0,70,,62569,34,0,14,0,30,,62570,34,0,14,0,70,,62571,34,0,14,0,30,,62572,34,0,14,0,70,,62573,34,0,14,0
643504,'1387',624,,62574,34,0,14,0,30,,62575,34,0,14,0,60,,62576,34,0,14,0,17,,62577,34,0,14,0,15,,62578,34,0,14,0,55,,62579,34,0,14,0,15,,62580,34,0,14,0,15,,62581,34,0,14,0,15,,62582,34,0,14,0,55,,62583,34,0,14,0,13,,62584,34,0,14,0,17,,62585,34,0,14,0,20,,62586,34,0,14,0,60,,62587,34,0,14,0,20,,62588,34,0,14,0,20,,62589,34,0,14,0,60,,62590,34,0,14,0,20,,62591,34,0,14,0,20,,62592,34,0,14,0,60,,62593,34,0,14,0,20,,62594,34,0,14,0,20,,62595,34,0,14,0,60,,62596,34,0,14,0,20,,62597,34,0,14,0,20,,62598,34,0,14,0,60,,62599,34,0,14,0,20,,62600,34,0,14,0,20,,62601,34,0,14,0,50,,62602,34,0,14,0,10,,62603,34,0,14,0,20,,62604,34,0,14,0,10,,62605,34,0,14,0,10,,62606,34,0,14,0,60,,62607,34,0,14,0,10,,62608,34,0,14,0,10,,62609,34,0,14,0,20,,62610,34,0,14,0,60,,62611,34,0,14,0,20,,62612,34,0,14,0,20,,62613,34,0,14,0,60,,62614,34,0,14,0,20,,62615,34,0,14,0,20,,62616,34,0,14,0,60,,62617,34,0,14,0,13,,62618,34,0,14,0,30,,62619,34,0,14,0,70,,62620,34,0,14,0,30,,62621,34,0,14,0,70,,62622,34,0,14,0,30,,62623,34,0,14,0,70,,62624,34,0,14,0,30,,62625,34,0,14,0,70,,62626,34,0,14,0
643504,'1388',624,,62627,34,0,14,0,30,,62628,34,0,14,0,60,,62629,34,0,14,0,17,,62630,34,0,14,0,15,,62631,34,0,14,0,55,,62632,34,0,14,0,15,,62633,34,0,14,0,15,,62634,34,0,14,0,15,,62635,34,0,14,0,55,,62636,34,0,14,0,13,,62637,34,0,14,0,17,,62638,34,0,14,0,20,,62639,34,0,14,0,60,,62640,34,0,14,0,20,,62641,34,0,14,0,20,,62642,34,0,14,0,60,,62643,34,0,14,0,20,,62644,34,0,14,0,20,,62645,34,0,14,0,60,,62646,34,0,14,0,20,,62647,34,0,14,0,20,,62648,34,0,14,0,60,,62649,34,0,14,0,20,,62650,34,0,14,0,20,,62651,34,0,14,0,60,,62652,34,0,14,0,20,,62653,34,0,14,0,20,,62654,34,0,14,0,50,,62655,34,0,14,0,10,,62656,34,0,14,0,20,,62657,34,0,14,0,10,,62658,34,0,14,0,10,,62659,34,0,14,0,60,,62660,34,0,14,0,10,,62661,34,0,14,0,10,,62662,34,0,14,0,20,,62663,34,0,14,0,60,,62664,34,0,14,0,20,,62665,34,0,14,0,20,,62666,34,0,14,0,60,,62667,34,0,14,0,20,,62668,34,0,14,0,20,,62669,34,0,14,0,60,,62670,34,0,14,0,13,,62671,34,0,14,0,30,,62672,34,0,14,0,70,,62673,34,0,14,0,30,,62674,34,0,14,0,70,,62675,34,0,14,0,30,,62676,34,0,14,0,70,,62677,34,0,14,0,30,,62678,34,0,14,0,70,,62679,34,0,14,0
643504,'1389',624,,62680,34,0,14,0,30,,62681,34,0,14,0,60,,62682,34,0,14,0,17,,62683,34,0,14,0,15,,62684,34,0,14,0,55,,62685,34,0,14,0,15,,62686,34,0,14,0,15,,62687,34,0,14,0,15,,62688,34,0,14,0,55,,62689,34,0,14,0,13,,62690,34,0,14,0,17,,62691,34,0,14,0,20,,62692,34,0,14,0,60,,62693,34,0,14,0,20,,62694,34,0,14,0,20,,62695,34,0,14,0,60,,62696,34,0,14,0,20,,62697,34,0,14,0,20,,62698,34,0,14,0,60,,62699,34,0,14,0,20,,62700,34,0,14,0,20,,62701,34,0,14,0,60,,62702,34,0,14,0,20,,62703,34,0,14,0,20,,62704,34,0,14,0,60,,62705,34,0,14,0,20,,62706,34,0,14,0,20,,62707,34,0,14,0,50,,62708,34,0,14,0,10,,62709,34,0,14,0,20,,62710,34,0,14,0,10,,62711,34,0,14,0,10,,62712,34,0,14,0,60,,62713,34,0,14,0,10,,62714,34,0,14,0,10,,62715,34,0,14,0,20,,62716,34,0,14,0,60,,62717,34,0,14,0,20,,62718,34,0,14,0,20,,62719,34,0,14,0,60,,62720,34,0,14,0,20,,62721,34,0,14,0,20,,62722,34,0,14,0,60,,62723,34,0,14,0,13,,62724,34,0,14,0,30,,62725,34,0,14,0,70,,62726,34,0,14,0,30,,62727,34,0,14,0,70,,62728,34,0,14,0,30,,62729,34,0,14,0,70,,62730,34,0,14,0,30,,62731,34,0,14,0,70,,62732,34,0,14,0
721203,'1383',949,,63156,6,0,15,0,85,,63155,6,0,15,0,85,,63154,6,0,15,0,85,,63153,6,0,15,0,45,,63152,6,0,15,0,85,,63151,6,0,15,0,85,,63150,6,0,15,0,85,,63149,6,0,15,0,45,,63148,6,0,15,0,85,,63147,6,0,15,0,85,,63146,6,0,15,0,85,,63145,6,0,15,0,45,,63144,6,0,15,0,85,,63143,6,0,15,0
721203,'1384',649,,63157,6,0,15,0,85,,63158,6,0,15,0,85,,63159,6,0,15,0,85,,63160,6,0,15,0,45,,63161,6,0,15,0,85,,63162,6,0,15,0,70,,63163,6,0,15,0,30,,63164,6,0,15,0,70,,63165,6,0,15,0,30,,63166,6,0,15,0,70,,63167,6,0,15,0,30,,63168,6,0,15,0,70,,63169,6,0,15,0,30,,63170,6,0,15,0,70,,63171,6,0,15,0,30,,63172,6,0,15,0,70,,63173,6,0,15,0,30,,63174,6,0,15,0,70,,63175,6,0,15,0,30,,63176,6,0,15,0,70,,63177,6,0,15,0,30,,63178,6,0,15,0,85,,63179,6,0,15,0,85,,63180,6,0,15,0,45,,63181,6,0,15,0,85,,63182,6,0,15,0,85,,63183,6,0,15,0,85,,63184,6,0,15,0
721203,'1385',619,,63185,6,0,15,0,30,,63186,6,0,15,0,70,,63187,6,0,15,0,30,,63188,6,0,15,0,55,,63189,6,0,15,0,15,,63190,6,0,15,0,15,,63191,6,0,15,0,15,,63192,6,0,15,0,70,,63193,6,0,15,0,30,,63194,6,0,15,0,70,,63195,6,0,15,0,30,,63196,6,0,15,0,70,,63197,6,0,15,0,30,,63198,6,0,15,0,70,,63199,6,0,15,0,30,,63200,6,0,15,0,70,,63201,6,0,15,0,30,,63202,6,0,15,0,70,,63203,6,0,15,0,30,,63204,6,0,15,0,55,,63205,6,0,15,0,15,,63206,6,0,15,0,15,,63207,6,0,15,0,15,,63208,6,0,15,0,70,,63209,6,0,15,0,30,,63210,6,0,15,0,70,,63211,6,0,15,0,30,,63212,6,0,15,0,70,,63213,6,0,15,0,30,,63214,6,0,15,0,85,,63215,6,0,15,0,85,,63216,6,0,15,0,85,,63217,6,0,15,0,45,,63218,6,0,15,0,85,,63219,6,0,15,0,85,,63220,6,0,15,0
721203,'1386',619,,63221,6,0,15,0,30,,63222,6,0,15,0,70,,63223,6,0,15,0,30,,63224,6,0,15,0,55,,63225,6,0,15,0,15,,63226,6,0,15,0,15,,63227,6,0,15,0,15,,63228,6,0,15,0,70,,63229,6,0,15,0,30,,63230,6,0,15,0,70,,63231,6,0,15,0,30,,63232,6,0,15,0,70,,63233,6,0,15,0,30,,63234,6,0,15,0,70,,63235,6,0,15,0,30,,63236,6,0,15,0,70,,63237,6,0,15,0,30,,63238,6,0,15,0,70,,63239,6,0,15,0,30,,63240,6,0,15,0,55,,63241,6,0,15,0,15,,63242,6,0,15,0,15,,63243,6,0,15,0,15,,63244,6,0,15,0,70,,63245,6,0,15,0,30,,63246,6,0,15,0,70,,63247,6,0,15,0,30,,63248,6,0,15,0,70,,63249,6,0,15,0,30,,63250,6,0,15,0,85,,63251,6,0,15,0,85,,63252,6,0,15,0,85,,63253,6,0,15,0,45,,63254,6,0,15,0,85,,63255,6,0,15,0,85,,63256,6,0,15,0
721203,'1387',619,,63257,6,0,15,0,30,,63258,6,0,15,0,70,,63259,6,0,15,0,30,,63260,6,0,15,0,55,,63261,6,0,15,0,15,,63262,6,0,15,0,15,,63263,6,0,15,0,15,,63264,6,0,15,0,70,,63265,6,0,15,0,30,,63266,6,0,15,0,70,,63267,6,0,15,0,30,,63268,6,0,15,0,70,,63269,6,0,15,0,30,,63270,6,0,15,0,70,,63271,6,0,15,0,30,,63272,6,0,15,0,70,,63273,6,0,15,0,30,,63274,6,0,15,0,70,,63275,6,0,15,0,30,,63276,6,0,15,0,55,,63277,6,0,15,0,15,,63278,6,0,15,0,15,,63279,6,0,15,0,15,,63280,6,0,15,0,70,,63281,6,0,15,0,30,,63282,6,0,15,0,70,,63283,6,0,15,0,30,,63284,6,0,15,0,70,,63285,6,0,15,0,30,,63286,6,0,15,0,85,,63287,6,0,15,0,85,,63288,6,0,15,0,85,,63289,6,0,15,0,45,,63290,6,0,15,0,85,,63291,6,0,15,0,85,,63292,6,0,15,0
721203,'1388',619,,63293,6,0,15,0,30,,63294,6,0,15,0,70,,63295,6,0,15,0,30,,63296,6,0,15,0,55,,63297,6,0,15,0,15,,63298,6,0,15,0,15,,63299,6,0,15,0,15,,63300,6,0,15,0,70,,63301,6,0,15,0,30,,63302,6,0,15,0,70,,63303,6,0,15,0,30,,63304,6,0,15,0,70,,63305,6,0,15,0,30,,63306,6,0,15,0,70,,63307,6,0,15,0,30,,63308,6,0,15,0,70,,63309,6,0,15,0,30,,63310,6,0,15,0,70,,63311,6,0,15,0,30,,63312,6,0,15,0,55,,63313,6,0,15,0,15,,63314,6,0,15,0,15,,63315,6,0,15,0,15,,63316,6,0,15,0,70,,63317,6,0,15,0,30,,63318,6,0,15,0,70,,63319,6,0,15,0,30,,63320,6,0,15,0,70,,63321,6,0,15,0,30,,63322,6,0,15,0,85,,63323,6,0,15,0,85,,63324,6,0,15,0,85,,63325,6,0,15,0,45,,63326,6,0,15,0,85,,63327,6,0,15,0,85,,63328,6,0,15,0
721203,'1389',619,,63329,6,0,15,0,30,,63330,6,0,15,0,70,,63331,6,0,15,0,30,,63332,6,0,15,0,55,,63333,6,0,15,0,15,,63334,6,0,15,0,15,,63335,6,0,15,0,15,,63336,6,0,15,0,70,,63337,6,0,15,0,30,,63338,6,0,15,0,70,,63339,6,0,15,0,30,,63340,6,0,15,0,70,,63341,6,0,15,0,30,,63342,6,0,15,0,70,,63343,6,0,15,0,30,,63344,6,0,15,0,70,,63345,6,0,15,0,30,,63346,6,0,15,0,70,,63347,6,0,15,0,30,,63348,6,0,15,0,55,,63349,6,0,15,0,15,,63350,6,0,15,0,15,,63351,6,0,15,0,15,,63352,6,0,15,0,70,,63353,6,0,15,0,30,,63354,6,0,15,0,70,,63355,6,0,15,0,30,,63356,6,0,15,0,70,,63357,6,0,15,0,30,,63358,6,0,15,0,85,,63359,6,0,15,0,85,,63360,6,0,15,0,85,,63361,6,0,15,0,45,,63362,6,0,15,0,85,,63363,6,0,15,0,85,,63364,6,0,15,0
