1700,'1390',621,,65455,30,,,0,100,,65454,30,,,0,100,,65453,30,,,0,100,,65452,30,,,0,109,,65470,30,,,0,80,,65469,30,,,0,40,,65468,30,,,0,80,,65467,30,,,0,80,,65466,30,,,0,40,,65465,30,,,0,80,,65464,30,,,0,80,,65463,30,,,0,40,,65462,30,,,0,80,,65461,30,,,0,80,,65460,30,,,0,40,,65459,30,,,0,80,,65458,30,,,0,80,,65457,30,,,0,40,,65456,30,,,0
1700,'1391',539,,65471,30,,,0,74,,65472,30,,,0,30,,65473,30,,,0,70,,65474,30,,,0,30,,65475,30,,,0,70,,65476,30,,,0,30,,65477,30,,,0,70,,65478,30,,,0,30,,65479,30,,,0,70,,65480,30,,,0,37,,65489,30,,,0,60,,65490,30,,,0,20,,65491,30,,,0,20,,65492,30,,,0,60,,65493,30,,,0,20,,65494,30,,,0,20,,65495,30,,,0,60,,65496,30,,,0,20,,65497,30,,,0,20,,65498,30,,,0,60,,65499,30,,,0,20,,65500,30,,,0,20,,65501,30,,,0,60,,65502,30,,,0,20,,65503,30,,,0,20,,65504,30,,,0,60,,65505,30,,,0,20,,65506,30,,,0,20,,65507,30,,,0,60,,65508,30,,,0,20,,65509,30,,,0,20,,65510,30,,,0,60,,65511,30,,,0,20,,65512,30,,,0,15,,65513,30,,,0,70,,65514,30,,,0,30,,65515,30,,,0,70,,65516,30,,,0,30,,65517,30,,,0,68,,65481,30,,,0,30,,65482,30,,,0,70,,65483,30,,,0,30,,65484,30,,,0,70,,65485,30,,,0,30,,65486,30,,,0,70,,65487,30,,,0,30,,65488,30,,,0
1700,'1392',543,,65518,30,,,0,83,,65520,30,,,0,15,,65521,30,,,0,15,,65522,30,,,0,55,,65523,30,,,0,15,,65524,30,,,0,10,,65525,30,,,0,10,,65526,30,,,0,10,,65527,30,,,0,50,,65528,30,,,0,10,,65529,30,,,0,10,,65530,30,,,0,10,,65531,30,,,0,10,,65532,30,,,0,10,,65533,30,,,0,50,,65534,30,,,0,10,,65535,30,,,0,10,,65536,30,,,0,10,,65537,30,,,0,10,,65538,30,,,0,10,,65539,30,,,0,50,,65540,30,,,0,10,,65541,30,,,0,10,,65542,30,,,0,10,,65543,30,,,0,10,,65544,30,,,0,10,,65545,30,,,0,50,,65546,30,,,0,10,,65547,30,,,0,10,,65548,30,,,0,10,,65549,30,,,0,10,,65550,30,,,0,10,,65551,30,,,0,50,,65552,30,,,0,10,,65553,30,,,0,10,,65554,30,,,0,10,,65555,30,,,0,10,,65556,30,,,0,10,,65557,30,,,0,50,,65558,30,,,0,10,,65559,30,,,0,10,,65560,30,,,0,10,,65561,30,,,0,10,,65562,30,,,0,10,,65563,30,,,0,50,,65564,30,,,0,10,,65565,30,,,0,10,,65566,30,,,0,10,,65567,30,,,0,10,,65568,30,,,0,10,,65569,30,,,0,50,,65570,30,,,0,10,,65571,30,,,0,10,,65572,30,,,0,10,,65573,30,,,0,10,,65574,30,,,0,10,,65575,30,,,0,50,,65576,30,,,0,10,,65577,30,,,0,10,,65578,30,,,0,10,,65579,30,,,0,10,,65580,30,,,0,10,,65581,30,,,0,50,,65582,30,,,0,10,,65583,30,,,0,10,,65584,30,,,0,10,,65585,30,,,0,10,,65586,30,,,0,10,,65587,30,,,0,50,,65588,30,,,0,10,,65589,30,,,0,10,,65590,30,,,0,15,,65591,30,,,0,15,,65592,30,,,0,55,,65593,30,,,0,30,,65594,30,,,0,70,,65595,30,,,0,30,,65596,30,,,0,70,,65597,30,,,0,30,,65598,30,,,0,70,,65599,30,,,0,30,,65600,30,,,0,70,,65601,30,,,0,30,,65602,30,,,0,70,,65603,30,,,0,30,,65604,30,,,0
1700,'1393',543,,65605,30,,,0,83,,65607,30,,,0,15,,65608,30,,,0,15,,65609,30,,,0,55,,65610,30,,,0,15,,65611,30,,,0,10,,65612,30,,,0,10,,65613,30,,,0,10,,65614,30,,,0,50,,65615,30,,,0,10,,65616,30,,,0,10,,65617,30,,,0,10,,65618,30,,,0,10,,65619,30,,,0,10,,65620,30,,,0,50,,65621,30,,,0,10,,65622,30,,,0,10,,65623,30,,,0,10,,65624,30,,,0,10,,65625,30,,,0,10,,65626,30,,,0,50,,65627,30,,,0,10,,65628,30,,,0,10,,65629,30,,,0,10,,65630,30,,,0,10,,65631,30,,,0,10,,65632,30,,,0,50,,65633,30,,,0,10,,65634,30,,,0,10,,65635,30,,,0,10,,65636,30,,,0,10,,65637,30,,,0,10,,65638,30,,,0,50,,65639,30,,,0,10,,65640,30,,,0,10,,65641,30,,,0,10,,65642,30,,,0,10,,65643,30,,,0,10,,65644,30,,,0,50,,65645,30,,,0,10,,65646,30,,,0,10,,65647,30,,,0,10,,65648,30,,,0,10,,65649,30,,,0,10,,65650,30,,,0,50,,65651,30,,,0,10,,65652,30,,,0,10,,65653,30,,,0,10,,65654,30,,,0,10,,65655,30,,,0,10,,65656,30,,,0,50,,65657,30,,,0,10,,65658,30,,,0,10,,65659,30,,,0,10,,65660,30,,,0,10,,65661,30,,,0,10,,65662,30,,,0,50,,65663,30,,,0,10,,65664,30,,,0,10,,65665,30,,,0,10,,65666,30,,,0,10,,65667,30,,,0,10,,65668,30,,,0,50,,65669,30,,,0,10,,65670,30,,,0,10,,65671,30,,,0,10,,65672,30,,,0,10,,65673,30,,,0,10,,65674,30,,,0,50,,65675,30,,,0,10,,65676,30,,,0,10,,65677,30,,,0,15,,65678,30,,,0,15,,65679,30,,,0,55,,65680,30,,,0,30,,65681,30,,,0,70,,65682,30,,,0,30,,65683,30,,,0,70,,65684,30,,,0,30,,65685,30,,,0,70,,65686,30,,,0,30,,65687,30,,,0,70,,65688,30,,,0,30,,65689,30,,,0,70,,65690,30,,,0,30,,65691,30,,,0
1700,'1394',543,,65692,30,,,0,83,,65694,30,,,0,15,,65695,30,,,0,15,,65696,30,,,0,55,,65697,30,,,0,15,,65698,30,,,0,10,,65699,30,,,0,10,,65700,30,,,0,10,,65701,30,,,0,50,,65702,30,,,0,10,,65703,30,,,0,10,,65704,30,,,0,10,,65705,30,,,0,10,,65706,30,,,0,10,,65707,30,,,0,50,,65708,30,,,0,10,,65709,30,,,0,10,,65710,30,,,0,10,,65711,30,,,0,10,,65712,30,,,0,10,,65713,30,,,0,50,,65714,30,,,0,10,,65715,30,,,0,10,,65716,30,,,0,10,,65717,30,,,0,10,,65718,30,,,0,10,,65719,30,,,0,50,,65720,30,,,0,10,,65721,30,,,0,10,,65722,30,,,0,10,,65723,30,,,0,10,,65724,30,,,0,10,,65725,30,,,0,50,,65726,30,,,0,10,,65727,30,,,0,10,,65728,30,,,0,10,,65729,30,,,0,10,,65730,30,,,0,10,,65731,30,,,0,50,,65732,30,,,0,10,,65733,30,,,0,10,,65734,30,,,0,10,,65735,30,,,0,10,,65736,30,,,0,10,,65737,30,,,0,50,,65738,30,,,0,10,,65739,30,,,0,10,,65740,30,,,0,10,,65741,30,,,0,10,,65742,30,,,0,10,,65743,30,,,0,50,,65744,30,,,0,10,,65745,30,,,0,10,,65746,30,,,0,10,,65747,30,,,0,10,,65748,30,,,0,10,,65749,30,,,0,50,,65750,30,,,0,10,,65751,30,,,0,10,,65752,30,,,0,10,,65753,30,,,0,10,,65754,30,,,0,10,,65755,30,,,0,50,,65756,30,,,0,10,,65757,30,,,0,10,,65758,30,,,0,10,,65759,30,,,0,10,,65760,30,,,0,10,,65761,30,,,0,50,,65762,30,,,0,10,,65763,30,,,0,10,,65764,30,,,0,15,,65765,30,,,0,15,,65766,30,,,0,55,,65767,30,,,0,30,,65768,30,,,0,70,,65769,30,,,0,30,,65770,30,,,0,70,,65771,30,,,0,30,,65772,30,,,0,70,,65773,30,,,0,30,,65774,30,,,0,70,,65775,30,,,0,30,,65776,30,,,0,70,,65777,30,,,0,30,,65778,30,,,0
1700,'1395',543,,65779,30,,,0,83,,65781,30,,,0,15,,65782,30,,,0,15,,65783,30,,,0,55,,65784,30,,,0,15,,65785,30,,,0,10,,65786,30,,,0,10,,65787,30,,,0,10,,65788,30,,,0,50,,65789,30,,,0,10,,65790,30,,,0,10,,65791,30,,,0,10,,65792,30,,,0,10,,65793,30,,,0,10,,65794,30,,,0,50,,65795,30,,,0,10,,65796,30,,,0,10,,65797,30,,,0,10,,65798,30,,,0,10,,65799,30,,,0,10,,65800,30,,,0,50,,65801,30,,,0,10,,65802,30,,,0,10,,65803,30,,,0,10,,65804,30,,,0,10,,65805,30,,,0,10,,65806,30,,,0,50,,65807,30,,,0,10,,65808,30,,,0,10,,65809,30,,,0,10,,65810,30,,,0,10,,65811,30,,,0,10,,65812,30,,,0,50,,65813,30,,,0,10,,65814,30,,,0,10,,65815,30,,,0,10,,65816,30,,,0,10,,65817,30,,,0,10,,65818,30,,,0,50,,65819,30,,,0,10,,65820,30,,,0,10,,65821,30,,,0,10,,65822,30,,,0,10,,65823,30,,,0,10,,65824,30,,,0,50,,65825,30,,,0,10,,65826,30,,,0,10,,65827,30,,,0,10,,65828,30,,,0,10,,65829,30,,,0,10,,65830,30,,,0,50,,65831,30,,,0,10,,65832,30,,,0,10,,65833,30,,,0,10,,65834,30,,,0,10,,65835,30,,,0,10,,65836,30,,,0,50,,65837,30,,,0,10,,65838,30,,,0,10,,65839,30,,,0,10,,65840,30,,,0,10,,65841,30,,,0,10,,65842,30,,,0,50,,65843,30,,,0,10,,65844,30,,,0,10,,65845,30,,,0,10,,65846,30,,,0,10,,65847,30,,,0,10,,65848,30,,,0,50,,65849,30,,,0,10,,65850,30,,,0,10,,65851,30,,,0,15,,65852,30,,,0,15,,65853,30,,,0,55,,65854,30,,,0,30,,65855,30,,,0,70,,65856,30,,,0,30,,65857,30,,,0,70,,65858,30,,,0,30,,65859,30,,,0,70,,65860,30,,,0,30,,65861,30,,,0,70,,65862,30,,,0,30,,65863,30,,,0,70,,65864,30,,,0,30,,65865,30,,,0
1700,'1396',543,,65866,30,,,0,83,,65868,30,,,0,15,,65869,30,,,0,15,,65870,30,,,0,55,,65871,30,,,0,15,,65872,30,,,0,10,,65873,30,,,0,10,,65874,30,,,0,10,,65875,30,,,0,50,,65876,30,,,0,10,,65877,30,,,0,10,,65878,30,,,0,10,,65879,30,,,0,10,,65880,30,,,0,10,,65881,30,,,0,50,,65882,30,,,0,10,,65883,30,,,0,10,,65884,30,,,0,10,,65885,30,,,0,10,,65886,30,,,0,10,,65887,30,,,0,50,,65888,30,,,0,10,,65889,30,,,0,10,,65890,30,,,0,10,,65891,30,,,0,10,,65892,30,,,0,10,,65893,30,,,0,50,,65894,30,,,0,10,,65895,30,,,0,10,,65896,30,,,0,10,,65897,30,,,0,10,,65898,30,,,0,10,,65899,30,,,0,50,,65900,30,,,0,10,,65901,30,,,0,10,,65902,30,,,0,10,,65903,30,,,0,10,,65904,30,,,0,10,,65905,30,,,0,50,,65906,30,,,0,10,,65907,30,,,0,10,,65908,30,,,0,10,,65909,30,,,0,10,,65910,30,,,0,10,,65911,30,,,0,50,,65912,30,,,0,10,,65913,30,,,0,10,,65914,30,,,0,10,,65915,30,,,0,10,,65916,30,,,0,10,,65917,30,,,0,50,,65918,30,,,0,10,,65919,30,,,0,10,,65920,30,,,0,10,,65921,30,,,0,10,,65922,30,,,0,10,,65923,30,,,0,50,,65924,30,,,0,10,,65925,30,,,0,10,,65926,30,,,0,10,,65927,30,,,0,10,,65928,30,,,0,10,,65929,30,,,0,50,,65930,30,,,0,10,,65931,30,,,0,10,,65932,30,,,0,10,,65933,30,,,0,10,,65934,30,,,0,10,,65935,30,,,0,50,,65936,30,,,0,10,,65937,30,,,0,10,,65938,30,,,0,15,,65939,30,,,0,15,,65940,30,,,0,55,,65941,30,,,0,30,,65942,30,,,0,70,,65943,30,,,0,30,,65944,30,,,0,70,,65945,30,,,0,30,,65946,30,,,0,70,,65947,30,,,0,30,,65948,30,,,0,70,,65949,30,,,0,30,,65950,30,,,0,70,,65951,30,,,0,30,,65952,30,,,0
552200,'1392',639,,69086,4,0,9,0,70,,69087,4,0,9,0,30,,69088,4,0,9,0,70,,69089,4,0,9,0,30,,69090,4,0,9,0,70,,69091,4,0,9,0,30,,69092,4,0,9,0,70,,69093,4,0,9,0,30,,69094,4,0,9,0,70,,69095,4,0,9,0,30,,69096,4,0,9,0,70,,69097,4,0,9,0,30,,69098,4,0,9,0,70,,69099,4,0,9,0,30,,69100,4,0,9,0,70,,69101,4,0,9,0,30,,69102,4,0,9,0,70,,69103,4,0,9,0,30,,69104,4,0,9,0,70,,69105,4,0,9,0,30,,69106,4,0,9,0,70,,69107,4,0,9,0,30,,69108,4,0,9,0
552200,'1393',639,,69109,4,0,9,0,70,,69110,4,0,9,0,30,,69111,4,0,9,0,70,,69112,4,0,9,0,30,,69113,4,0,9,0,70,,69114,4,0,9,0,30,,69115,4,0,9,0,70,,69116,4,0,9,0,30,,69117,4,0,9,0,70,,69118,4,0,9,0,30,,69119,4,0,9,0,70,,69120,4,0,9,0,30,,69121,4,0,9,0,70,,69122,4,0,9,0,30,,69123,4,0,9,0,70,,69124,4,0,9,0,30,,69125,4,0,9,0,70,,69126,4,0,9,0,30,,69127,4,0,9,0,70,,69128,4,0,9,0,30,,69129,4,0,9,0,70,,69130,4,0,9,0,30,,69131,4,0,9,0
552200,'1394',639,,69132,4,0,9,0,70,,69133,4,0,9,0,30,,69134,4,0,9,0,70,,69135,4,0,9,0,30,,69136,4,0,9,0,70,,69137,4,0,9,0,30,,69138,4,0,9,0,70,,69139,4,0,9,0,30,,69140,4,0,9,0,70,,69141,4,0,9,0,30,,69142,4,0,9,0,70,,69143,4,0,9,0,30,,69144,4,0,9,0,70,,69145,4,0,9,0,30,,69146,4,0,9,0,70,,69147,4,0,9,0,30,,69148,4,0,9,0,70,,69149,4,0,9,0,30,,69150,4,0,9,0,70,,69151,4,0,9,0,30,,69152,4,0,9,0,70,,69153,4,0,9,0,30,,69154,4,0,9,0
552200,'1395',639,,69155,4,0,9,0,70,,69156,4,0,9,0,30,,69157,4,0,9,0,70,,69158,4,0,9,0,30,,69159,4,0,9,0,70,,69160,4,0,9,0,30,,69161,4,0,9,0,70,,69162,4,0,9,0,30,,69163,4,0,9,0,70,,69164,4,0,9,0,30,,69165,4,0,9,0,70,,69166,4,0,9,0,30,,69167,4,0,9,0,70,,69168,4,0,9,0,30,,69169,4,0,9,0,70,,69170,4,0,9,0,30,,69171,4,0,9,0,70,,69172,4,0,9,0,30,,69173,4,0,9,0,70,,69174,4,0,9,0,30,,69175,4,0,9,0,70,,69176,4,0,9,0,30,,69177,4,0,9,0
552200,'1396',639,,69178,4,0,9,0,70,,69179,4,0,9,0,30,,69180,4,0,9,0,70,,69181,4,0,9,0,30,,69182,4,0,9,0,70,,69183,4,0,9,0,30,,69184,4,0,9,0,70,,69185,4,0,9,0,30,,69186,4,0,9,0,70,,69187,4,0,9,0,30,,69188,4,0,9,0,70,,69189,4,0,9,0,30,,69190,4,0,9,0,70,,69191,4,0,9,0,30,,69192,4,0,9,0,70,,69193,4,0,9,0,30,,69194,4,0,9,0,70,,69195,4,0,9,0,30,,69196,4,0,9,0,70,,69197,4,0,9,0,30,,69198,4,0,9,0,70,,69199,4,0,9,0,30,,69200,4,0,9,0
