721304,'1390',822,,71060,36,0,14,0,80,,71059,36,0,14,0,40,,71058,36,0,14,0,80,,71057,36,0,14,0,80,,71056,36,0,14,0,40,,71055,36,0,14,0,80,,71054,36,0,14,0,80,,71053,36,0,14,0,40,,71052,36,0,14,0,80,,71051,36,0,14,0,80,,71050,36,0,14,0,40,,71049,36,0,14,0,80,,71048,36,0,14,0,80,,71047,36,0,14,0,40,,71046,36,0,14,0,80,,71045,36,0,14,0,80,,71044,36,0,14,0,40,,71043,36,0,14,0
721304,'1391',622,,71061,36,0,14,0,80,,71062,36,0,14,0,40,,71063,36,0,14,0,80,,71064,36,0,14,0,80,,71065,36,0,14,0,40,,71066,36,0,14,0,80,,71067,36,0,14,0,80,,71068,36,0,14,0,40,,71069,36,0,14,0,60,,71070,36,0,14,0,20,,71071,36,0,14,0,20,,71072,36,0,14,0,60,,71073,36,0,14,0,20,,71074,36,0,14,0,20,,71075,36,0,14,0,60,,71076,36,0,14,0,20,,71077,36,0,14,0,20,,71078,36,0,14,0,60,,71079,36,0,14,0,20,,71080,36,0,14,0,20,,71081,36,0,14,0,60,,71082,36,0,14,0,20,,71083,36,0,14,0,20,,71084,36,0,14,0,60,,71085,36,0,14,0,20,,71086,36,0,14,0,20,,71087,36,0,14,0,60,,71088,36,0,14,0,20,,71089,36,0,14,0,80,,71090,36,0,14,0,40,,71091,36,0,14,0,80,,71092,36,0,14,0,80,,71093,36,0,14,0,40,,71094,36,0,14,0,80,,71095,36,0,14,0,80,,71096,36,0,14,0
721304,'1392',555,,71097,36,0,14,0,85,,71098,36,0,14,0,60,,71099,36,0,14,0,25,,71100,36,0,14,0,20,,71101,36,0,14,0,65,,71102,36,0,14,0,20,,71103,36,0,14,0,25,,71104,36,0,14,0,60,,71105,36,0,14,0,25,,71106,36,0,14,0,60,,71107,36,0,14,0,25,,71108,36,0,14,0,20,,71109,36,0,14,0,65,,71110,36,0,14,0,20,,71111,36,0,14,0,25,,71112,36,0,14,0,60,,71113,36,0,14,0,25,,71114,36,0,14,0,60,,71115,36,0,14,0,25,,71116,36,0,14,0,20,,71117,36,0,14,0,65,,71118,36,0,14,0,20,,71119,36,0,14,0,25,,71120,36,0,14,0,60,,71121,36,0,14,0,25,,71122,36,0,14,0,60,,71123,36,0,14,0,25,,71124,36,0,14,0,20,,71125,36,0,14,0,65,,71126,36,0,14,0,20,,71127,36,0,14,0,25,,71128,36,0,14,0,60,,71129,36,0,14,0,30,,71130,36,0,14,0,77,,71131,36,0,14,0,80,,71132,36,0,14,0,40,,71133,36,0,14,0,80,,71134,36,0,14,0,80,,71135,36,0,14,0,40,,71136,36,0,14,0,80,,71137,36,0,14,0
721304,'1393',555,,71138,36,0,14,0,85,,71139,36,0,14,0,60,,71140,36,0,14,0,25,,71141,36,0,14,0,20,,71142,36,0,14,0,65,,71143,36,0,14,0,20,,71144,36,0,14,0,25,,71145,36,0,14,0,60,,71146,36,0,14,0,25,,71147,36,0,14,0,60,,71148,36,0,14,0,25,,71149,36,0,14,0,20,,71150,36,0,14,0,65,,71151,36,0,14,0,20,,71152,36,0,14,0,25,,71153,36,0,14,0,60,,71154,36,0,14,0,25,,71155,36,0,14,0,60,,71156,36,0,14,0,25,,71157,36,0,14,0,20,,71158,36,0,14,0,65,,71159,36,0,14,0,20,,71160,36,0,14,0,25,,71161,36,0,14,0,60,,71162,36,0,14,0,25,,71163,36,0,14,0,60,,71164,36,0,14,0,25,,71165,36,0,14,0,20,,71166,36,0,14,0,65,,71167,36,0,14,0,20,,71168,36,0,14,0,25,,71169,36,0,14,0,60,,71170,36,0,14,0,30,,71171,36,0,14,0,77,,71172,36,0,14,0,80,,71173,36,0,14,0,40,,71174,36,0,14,0,80,,71175,36,0,14,0,80,,71176,36,0,14,0,40,,71177,36,0,14,0,80,,71178,36,0,14,0
721304,'1394',555,,71179,36,0,14,0,85,,71180,36,0,14,0,60,,71181,36,0,14,0,25,,71182,36,0,14,0,20,,71183,36,0,14,0,65,,71184,36,0,14,0,20,,71185,36,0,14,0,25,,71186,36,0,14,0,60,,71187,36,0,14,0,25,,71188,36,0,14,0,60,,71189,36,0,14,0,25,,71190,36,0,14,0,20,,71191,36,0,14,0,65,,71192,36,0,14,0,20,,71193,36,0,14,0,25,,71194,36,0,14,0,60,,71195,36,0,14,0,25,,71196,36,0,14,0,60,,71197,36,0,14,0,25,,71198,36,0,14,0,20,,71199,36,0,14,0,65,,71200,36,0,14,0,20,,71201,36,0,14,0,25,,71202,36,0,14,0,60,,71203,36,0,14,0,25,,71204,36,0,14,0,60,,71205,36,0,14,0,25,,71206,36,0,14,0,20,,71207,36,0,14,0,65,,71208,36,0,14,0,20,,71209,36,0,14,0,25,,71210,36,0,14,0,60,,71211,36,0,14,0,30,,71212,36,0,14,0,77,,71213,36,0,14,0,80,,71214,36,0,14,0,40,,71215,36,0,14,0,80,,71216,36,0,14,0,80,,71217,36,0,14,0,40,,71218,36,0,14,0,80,,71219,36,0,14,0
721304,'1395',555,,71220,36,0,14,0,85,,71221,36,0,14,0,60,,71222,36,0,14,0,25,,71223,36,0,14,0,20,,71224,36,0,14,0,65,,71225,36,0,14,0,20,,71226,36,0,14,0,25,,71227,36,0,14,0,60,,71228,36,0,14,0,25,,71229,36,0,14,0,60,,71230,36,0,14,0,25,,71231,36,0,14,0,20,,71232,36,0,14,0,65,,71233,36,0,14,0,20,,71234,36,0,14,0,25,,71235,36,0,14,0,60,,71236,36,0,14,0,25,,71237,36,0,14,0,60,,71238,36,0,14,0,25,,71239,36,0,14,0,20,,71240,36,0,14,0,65,,71241,36,0,14,0,20,,71242,36,0,14,0,25,,71243,36,0,14,0,60,,71244,36,0,14,0,25,,71245,36,0,14,0,60,,71246,36,0,14,0,25,,71247,36,0,14,0,20,,71248,36,0,14,0,65,,71249,36,0,14,0,20,,71250,36,0,14,0,25,,71251,36,0,14,0,60,,71252,36,0,14,0,30,,71253,36,0,14,0,77,,71254,36,0,14,0,80,,71255,36,0,14,0,40,,71256,36,0,14,0,80,,71257,36,0,14,0,80,,71258,36,0,14,0,40,,71259,36,0,14,0,80,,71260,36,0,14,0
721304,'1396',555,,71261,36,0,14,0,85,,71262,36,0,14,0,60,,71263,36,0,14,0,25,,71264,36,0,14,0,20,,71265,36,0,14,0,65,,71266,36,0,14,0,20,,71267,36,0,14,0,25,,71268,36,0,14,0,60,,71269,36,0,14,0,25,,71270,36,0,14,0,60,,71271,36,0,14,0,25,,71272,36,0,14,0,20,,71273,36,0,14,0,65,,71274,36,0,14,0,20,,71275,36,0,14,0,25,,71276,36,0,14,0,60,,71277,36,0,14,0,25,,71278,36,0,14,0,60,,71279,36,0,14,0,25,,71280,36,0,14,0,20,,71281,36,0,14,0,65,,71282,36,0,14,0,20,,71283,36,0,14,0,25,,71284,36,0,14,0,60,,71285,36,0,14,0,25,,71286,36,0,14,0,60,,71287,36,0,14,0,25,,71288,36,0,14,0,20,,71289,36,0,14,0,65,,71290,36,0,14,0,20,,71291,36,0,14,0,25,,71292,36,0,14,0,60,,71293,36,0,14,0,30,,71294,36,0,14,0,77,,71295,36,0,14,0,80,,71296,36,0,14,0,40,,71297,36,0,14,0,80,,71298,36,0,14,0,80,,71299,36,0,14,0,40,,71300,36,0,14,0,80,,71301,36,0,14,0
722501,'1392',520,,71889,13,0,17,0,120,,71890,13,0,17,0,100,,71891,13,0,17,0,100,,71892,13,0,17,0,100,,71893,13,0,17,0,100,,71894,13,0,17,0,100,,71895,13,0,17,0,100,,71896,13,0,17,0,100,,71897,13,0,17,0,100,,71898,13,0,17,0,100,,71899,13,0,17,0,100,,71900,13,0,17,0,100,,71901,13,0,17,0,100,,71902,13,0,17,0,100,,71903,13,0,17,0,100,,71904,13,0,17,0,100,,71905,13,0,17,0,100,,71906,13,0,17,0
722501,'1393',520,,71907,13,0,17,0,120,,71908,13,0,17,0,100,,71909,13,0,17,0,100,,71910,13,0,17,0,100,,71911,13,0,17,0,100,,71912,13,0,17,0,100,,71913,13,0,17,0,100,,71914,13,0,17,0,100,,71915,13,0,17,0,100,,71916,13,0,17,0,100,,71917,13,0,17,0,100,,71918,13,0,17,0,100,,71919,13,0,17,0,100,,71920,13,0,17,0,100,,71921,13,0,17,0,100,,71922,13,0,17,0,100,,71923,13,0,17,0,100,,71924,13,0,17,0
722501,'1394',520,,71925,13,0,17,0,120,,71926,13,0,17,0,100,,71927,13,0,17,0,100,,71928,13,0,17,0,100,,71929,13,0,17,0,100,,71930,13,0,17,0,100,,71931,13,0,17,0,100,,71932,13,0,17,0,100,,71933,13,0,17,0,100,,71934,13,0,17,0,100,,71935,13,0,17,0,100,,71936,13,0,17,0,100,,71937,13,0,17,0,100,,71938,13,0,17,0,100,,71939,13,0,17,0,100,,71940,13,0,17,0,100,,71941,13,0,17,0,100,,71942,13,0,17,0
722501,'1395',520,,71943,13,0,17,0,120,,71944,13,0,17,0,100,,71945,13,0,17,0,100,,71946,13,0,17,0,100,,71947,13,0,17,0,100,,71948,13,0,17,0,100,,71949,13,0,17,0,100,,71950,13,0,17,0,100,,71951,13,0,17,0,100,,71952,13,0,17,0,100,,71953,13,0,17,0,100,,71954,13,0,17,0,100,,71955,13,0,17,0,100,,71956,13,0,17,0,100,,71957,13,0,17,0,100,,71958,13,0,17,0,100,,71959,13,0,17,0,100,,71960,13,0,17,0
722501,'1396',520,,71961,13,0,17,0,120,,71962,13,0,17,0,100,,71963,13,0,17,0,100,,71964,13,0,17,0,100,,71965,13,0,17,0,100,,71966,13,0,17,0,100,,71967,13,0,17,0,100,,71968,13,0,17,0,100,,71969,13,0,17,0,100,,71970,13,0,17,0,100,,71971,13,0,17,0,100,,71972,13,0,17,0,100,,71973,13,0,17,0,100,,71974,13,0,17,0,100,,71975,13,0,17,0,100,,71976,13,0,17,0,100,,71977,13,0,17,0,100,,71978,13,0,17,0
