1700,'1383',600,,58253,1,,,0,100,,58252,1,,,0,100,,58251,1,,,0,100,,58250,1,,,0,100,,58254,1,,,0,40,,58255,1,,,0,80,,58256,1,,,0,80,,58257,1,,,0,40,,58258,1,,,0,80,,58259,1,,,0,80,,58260,1,,,0,40,,58261,1,,,0,80,,58262,1,,,0,80,,58263,1,,,0,40,,58264,1,,,0,80,,58265,1,,,0,80,,58266,1,,,0,40,,58267,1,,,0,80,,58268,1,,,0
1700,'1384',520,,58269,1,,,0,25,,58270,1,,,0,70,,58271,1,,,0,30,,58272,1,,,0,70,,58273,1,,,0,30,,58274,1,,,0,70,,58275,1,,,0,30,,58276,1,,,0,70,,58277,1,,,0,30,,58278,1,,,0,75,,58287,1,,,0,20,,58288,1,,,0,60,,58289,1,,,0,20,,58290,1,,,0,20,,58291,1,,,0,60,,58292,1,,,0,20,,58293,1,,,0,20,,58294,1,,,0,60,,58295,1,,,0,20,,58296,1,,,0,20,,58297,1,,,0,60,,58298,1,,,0,20,,58299,1,,,0,20,,58300,1,,,0,60,,58301,1,,,0,20,,58302,1,,,0,20,,58303,1,,,0,60,,58304,1,,,0,20,,58305,1,,,0,20,,58306,1,,,0,60,,58307,1,,,0,20,,58308,1,,,0,20,,58309,1,,,0,60,,58310,1,,,0,15,,58311,1,,,0,30,,58312,1,,,0,70,,58313,1,,,0,30,,58314,1,,,0,70,,58315,1,,,0,30,,58279,1,,,0,70,,58280,1,,,0,30,,58281,1,,,0,70,,58282,1,,,0,30,,58283,1,,,0,70,,58284,1,,,0,30,,58285,1,,,0,70,,58286,1,,,0
1700,'1385',520,,58316,1,,,0,80,,58335,1,,,0,15,,58334,1,,,0,15,,58333,1,,,0,15,,58332,1,,,0,55,,58331,1,,,0,10,,58330,1,,,0,10,,58329,1,,,0,10,,58328,1,,,0,10,,58327,1,,,0,10,,58326,1,,,0,50,,58325,1,,,0,10,,58324,1,,,0,10,,58323,1,,,0,10,,58318,1,,,0,10,,58319,1,,,0,10,,58320,1,,,0,50,,58321,1,,,0,10,,58322,1,,,0,10,,58336,1,,,0,10,,58361,1,,,0,10,,58362,1,,,0,10,,58363,1,,,0,50,,58364,1,,,0,10,,58365,1,,,0,10,,58366,1,,,0,10,,58367,1,,,0,10,,58368,1,,,0,10,,58369,1,,,0,50,,58370,1,,,0,10,,58371,1,,,0,10,,58372,1,,,0,10,,58373,1,,,0,10,,58374,1,,,0,10,,58375,1,,,0,50,,58376,1,,,0,10,,58379,1,,,0,10,,58380,1,,,0,10,,58381,1,,,0,10,,58382,1,,,0,10,,58383,1,,,0,50,,58384,1,,,0,10,,58385,1,,,0,10,,58386,1,,,0,10,,58337,1,,,0,10,,58338,1,,,0,10,,58339,1,,,0,50,,58340,1,,,0,10,,58341,1,,,0,10,,58342,1,,,0,10,,58343,1,,,0,10,,58344,1,,,0,10,,58345,1,,,0,50,,58346,1,,,0,10,,58347,1,,,0,10,,58348,1,,,0,10,,58349,1,,,0,10,,58350,1,,,0,10,,58351,1,,,0,50,,58352,1,,,0,10,,58353,1,,,0,10,,58354,1,,,0,10,,58355,1,,,0,10,,58356,1,,,0,10,,58357,1,,,0,50,,58358,1,,,0,10,,58359,1,,,0,10,,58360,1,,,0,10,,58387,1,,,0,10,,58388,1,,,0,10,,58389,1,,,0,50,,58390,1,,,0,15,,58391,1,,,0,15,,58392,1,,,0,15,,58393,1,,,0,70,,58394,1,,,0,30,,58395,1,,,0,70,,58396,1,,,0,30,,58397,1,,,0,70,,58398,1,,,0,30,,58399,1,,,0,70,,58400,1,,,0,30,,58401,1,,,0,70,,58402,1,,,0,30,,58377,1,,,0,70,,58378,1,,,0
1700,'1386',520,,58403,1,,,0,80,,58422,1,,,0,15,,58421,1,,,0,15,,58420,1,,,0,15,,58419,1,,,0,55,,58418,1,,,0,10,,58417,1,,,0,10,,58416,1,,,0,10,,58415,1,,,0,10,,58414,1,,,0,10,,58413,1,,,0,50,,58412,1,,,0,10,,58411,1,,,0,10,,58410,1,,,0,10,,58405,1,,,0,10,,58406,1,,,0,10,,58407,1,,,0,50,,58408,1,,,0,10,,58409,1,,,0,10,,58423,1,,,0,10,,58448,1,,,0,10,,58449,1,,,0,10,,58450,1,,,0,50,,58451,1,,,0,10,,58452,1,,,0,10,,58453,1,,,0,10,,58454,1,,,0,10,,58455,1,,,0,10,,58456,1,,,0,50,,58457,1,,,0,10,,58458,1,,,0,10,,58459,1,,,0,10,,58460,1,,,0,10,,58461,1,,,0,10,,58462,1,,,0,50,,58463,1,,,0,10,,58466,1,,,0,10,,58467,1,,,0,10,,58468,1,,,0,10,,58469,1,,,0,10,,58470,1,,,0,50,,58471,1,,,0,10,,58472,1,,,0,10,,58473,1,,,0,10,,58424,1,,,0,10,,58425,1,,,0,10,,58426,1,,,0,50,,58427,1,,,0,10,,58428,1,,,0,10,,58429,1,,,0,10,,58430,1,,,0,10,,58431,1,,,0,10,,58432,1,,,0,50,,58433,1,,,0,10,,58434,1,,,0,10,,58435,1,,,0,10,,58436,1,,,0,10,,58437,1,,,0,10,,58438,1,,,0,50,,58439,1,,,0,10,,58440,1,,,0,10,,58441,1,,,0,10,,58442,1,,,0,10,,58443,1,,,0,10,,58444,1,,,0,50,,58445,1,,,0,10,,58446,1,,,0,10,,58447,1,,,0,10,,58474,1,,,0,10,,58475,1,,,0,10,,58476,1,,,0,50,,58477,1,,,0,15,,58478,1,,,0,15,,58479,1,,,0,15,,58480,1,,,0,70,,58481,1,,,0,30,,58482,1,,,0,70,,58483,1,,,0,30,,58484,1,,,0,70,,58485,1,,,0,30,,58486,1,,,0,70,,58487,1,,,0,30,,58488,1,,,0,70,,58489,1,,,0,30,,58464,1,,,0,70,,58465,1,,,0
1700,'1387',520,,58490,1,,,0,80,,58509,1,,,0,15,,58508,1,,,0,15,,58507,1,,,0,15,,58506,1,,,0,55,,58505,1,,,0,10,,58504,1,,,0,10,,58503,1,,,0,10,,58502,1,,,0,10,,58501,1,,,0,10,,58500,1,,,0,50,,58499,1,,,0,10,,58498,1,,,0,10,,58497,1,,,0,10,,58492,1,,,0,10,,58493,1,,,0,10,,58494,1,,,0,50,,58495,1,,,0,10,,58496,1,,,0,10,,58510,1,,,0,10,,58535,1,,,0,10,,58536,1,,,0,10,,58537,1,,,0,50,,58538,1,,,0,10,,58539,1,,,0,10,,58540,1,,,0,10,,58541,1,,,0,10,,58542,1,,,0,10,,58543,1,,,0,50,,58544,1,,,0,10,,58545,1,,,0,10,,58546,1,,,0,10,,58547,1,,,0,10,,58548,1,,,0,10,,58549,1,,,0,50,,58550,1,,,0,10,,58553,1,,,0,10,,58554,1,,,0,10,,58555,1,,,0,10,,58556,1,,,0,10,,58557,1,,,0,50,,58558,1,,,0,10,,58559,1,,,0,10,,58560,1,,,0,10,,58511,1,,,0,10,,58512,1,,,0,10,,58513,1,,,0,50,,58514,1,,,0,10,,58515,1,,,0,10,,58516,1,,,0,10,,58517,1,,,0,10,,58518,1,,,0,10,,58519,1,,,0,50,,58520,1,,,0,10,,58521,1,,,0,10,,58522,1,,,0,10,,58523,1,,,0,10,,58524,1,,,0,10,,58525,1,,,0,50,,58526,1,,,0,10,,58527,1,,,0,10,,58528,1,,,0,10,,58529,1,,,0,10,,58530,1,,,0,10,,58531,1,,,0,50,,58532,1,,,0,10,,58533,1,,,0,10,,58534,1,,,0,10,,58561,1,,,0,10,,58562,1,,,0,10,,58563,1,,,0,50,,58564,1,,,0,15,,58565,1,,,0,15,,58566,1,,,0,15,,58567,1,,,0,70,,58568,1,,,0,30,,58569,1,,,0,70,,58570,1,,,0,30,,58571,1,,,0,70,,58572,1,,,0,30,,58573,1,,,0,70,,58574,1,,,0,30,,58575,1,,,0,70,,58576,1,,,0,30,,58551,1,,,0,70,,58552,1,,,0
1700,'1388',520,,58577,1,,,0,80,,58596,1,,,0,15,,58595,1,,,0,15,,58594,1,,,0,15,,58593,1,,,0,55,,58592,1,,,0,10,,58591,1,,,0,10,,58590,1,,,0,10,,58589,1,,,0,10,,58588,1,,,0,10,,58587,1,,,0,50,,58586,1,,,0,10,,58585,1,,,0,10,,58584,1,,,0,10,,58579,1,,,0,10,,58580,1,,,0,10,,58581,1,,,0,50,,58582,1,,,0,10,,58583,1,,,0,10,,58597,1,,,0,10,,58622,1,,,0,10,,58623,1,,,0,10,,58624,1,,,0,50,,58625,1,,,0,10,,58626,1,,,0,10,,58627,1,,,0,10,,58628,1,,,0,10,,58629,1,,,0,10,,58630,1,,,0,50,,58631,1,,,0,10,,58632,1,,,0,10,,58633,1,,,0,10,,58634,1,,,0,10,,58635,1,,,0,10,,58636,1,,,0,50,,58637,1,,,0,10,,58640,1,,,0,10,,58641,1,,,0,10,,58642,1,,,0,10,,58643,1,,,0,10,,58644,1,,,0,50,,58645,1,,,0,10,,58646,1,,,0,10,,58647,1,,,0,10,,58598,1,,,0,10,,58599,1,,,0,10,,58600,1,,,0,50,,58601,1,,,0,10,,58602,1,,,0,10,,58603,1,,,0,10,,58604,1,,,0,10,,58605,1,,,0,10,,58606,1,,,0,50,,58607,1,,,0,10,,58608,1,,,0,10,,58609,1,,,0,10,,58610,1,,,0,10,,58611,1,,,0,10,,58612,1,,,0,50,,58613,1,,,0,10,,58614,1,,,0,10,,58615,1,,,0,10,,58616,1,,,0,10,,58617,1,,,0,10,,58618,1,,,0,50,,58619,1,,,0,10,,58620,1,,,0,10,,58621,1,,,0,10,,58648,1,,,0,10,,58649,1,,,0,10,,58650,1,,,0,50,,58651,1,,,0,15,,58652,1,,,0,15,,58653,1,,,0,15,,58654,1,,,0,70,,58655,1,,,0,30,,58656,1,,,0,70,,58657,1,,,0,30,,58658,1,,,0,70,,58659,1,,,0,30,,58660,1,,,0,70,,58661,1,,,0,30,,58662,1,,,0,70,,58663,1,,,0,30,,58638,1,,,0,70,,58639,1,,,0
1700,'1389',520,,58664,1,,,0,80,,58683,1,,,0,15,,58682,1,,,0,15,,58681,1,,,0,15,,58680,1,,,0,55,,58679,1,,,0,10,,58678,1,,,0,10,,58677,1,,,0,10,,58676,1,,,0,10,,58675,1,,,0,10,,58674,1,,,0,50,,58673,1,,,0,10,,58672,1,,,0,10,,58671,1,,,0,10,,58666,1,,,0,10,,58667,1,,,0,10,,58668,1,,,0,50,,58669,1,,,0,10,,58670,1,,,0,10,,58684,1,,,0,10,,58709,1,,,0,10,,58710,1,,,0,10,,58711,1,,,0,50,,58712,1,,,0,10,,58713,1,,,0,10,,58714,1,,,0,10,,58715,1,,,0,10,,58716,1,,,0,10,,58717,1,,,0,50,,58718,1,,,0,10,,58719,1,,,0,10,,58720,1,,,0,10,,58721,1,,,0,10,,58722,1,,,0,10,,58723,1,,,0,50,,58724,1,,,0,10,,58727,1,,,0,10,,58728,1,,,0,10,,58729,1,,,0,10,,58730,1,,,0,10,,58731,1,,,0,50,,58732,1,,,0,10,,58733,1,,,0,10,,58734,1,,,0,10,,58685,1,,,0,10,,58686,1,,,0,10,,58687,1,,,0,50,,58688,1,,,0,10,,58689,1,,,0,10,,58690,1,,,0,10,,58691,1,,,0,10,,58692,1,,,0,10,,58693,1,,,0,50,,58694,1,,,0,10,,58695,1,,,0,10,,58696,1,,,0,10,,58697,1,,,0,10,,58698,1,,,0,10,,58699,1,,,0,50,,58700,1,,,0,10,,58701,1,,,0,10,,58702,1,,,0,10,,58703,1,,,0,10,,58704,1,,,0,10,,58705,1,,,0,50,,58706,1,,,0,10,,58707,1,,,0,10,,58708,1,,,0,10,,58735,1,,,0,10,,58736,1,,,0,10,,58737,1,,,0,50,,58738,1,,,0,15,,58739,1,,,0,15,,58740,1,,,0,15,,58741,1,,,0,70,,58742,1,,,0,30,,58743,1,,,0,70,,58744,1,,,0,30,,58745,1,,,0,70,,58746,1,,,0,30,,58747,1,,,0,70,,58748,1,,,0,30,,58749,1,,,0,70,,58750,1,,,0,30,,58725,1,,,0,70,,58726,1,,,0
1701,'1383',800,,58766,81,4,,0,100,,58768,81,4,,0,100,,58767,81,4,,0,116,,58765,81,4,,0,40,,58764,81,4,,0,80,,58763,81,4,,0,80,,58762,81,4,,0,40,,58761,81,4,,0,80,,58760,81,4,,0,80,,58759,81,4,,0,40,,58758,81,4,,0,80,,58757,81,4,,0,80,,58756,81,4,,0,40,,58755,81,4,,0,80,,58754,81,4,,0,80,,58753,81,4,,0,40,,58752,81,4,,0,80,,58751,81,4,,0
1701,'1384',644,,58794,81,4,,0,70,,58795,81,4,,0,30,,58796,81,4,,0,70,,58797,81,4,,0,30,,58798,81,4,,0,70,,58799,81,4,,0,30,,58800,81,4,,0,72,,58769,81,4,,0,30,,58770,81,4,,0,70,,58771,81,4,,0,20,,58772,81,4,,0,20,,58773,81,4,,0,60,,58774,81,4,,0,20,,58775,81,4,,0,20,,58776,81,4,,0,60,,58777,81,4,,0,20,,58778,81,4,,0,20,,58779,81,4,,0,60,,58780,81,4,,0,20,,58781,81,4,,0,20,,58782,81,4,,0,60,,58783,81,4,,0,20,,58784,81,4,,0,20,,58785,81,4,,0,60,,58786,81,4,,0,20,,58787,81,4,,0,20,,58788,81,4,,0,60,,58789,81,4,,0,20,,58790,81,4,,0,20,,58791,81,4,,0,58,,58801,81,4,,0,22,,58792,81,4,,0,20,,58793,81,4,,0,58,,58802,81,4,,0,30,,58803,81,4,,0,70,,58804,81,4,,0,30,,58805,81,4,,0,70,,58806,81,4,,0,30,,58807,81,4,,0,70,,58808,81,4,,0,30,,58809,81,4,,0,70,,58810,81,4,,0,30,,58811,81,4,,0,70,,58812,81,4,,0,30,,58813,81,4,,0,70,,58814,81,4,,0,30,,58815,81,4,,0
1701,'1385',644,,58816,81,4,,0,70,,58817,81,4,,0,15,,58818,81,4,,0,15,,58819,81,4,,0,15,,58820,81,4,,0,55,,58821,81,4,,0,10,,58822,81,4,,0,10,,58823,81,4,,0,10,,58824,81,4,,0,10,,58825,81,4,,0,50,,58826,81,4,,0,10,,58827,81,4,,0,10,,58828,81,4,,0,10,,58829,81,4,,0,10,,58830,81,4,,0,10,,58831,81,4,,0,50,,58832,81,4,,0,10,,58833,81,4,,0,10,,58834,81,4,,0,10,,58835,81,4,,0,10,,58875,81,4,,0,10,,58836,81,4,,0,50,,58861,81,4,,0,10,,58862,81,4,,0,10,,58863,81,4,,0,10,,58864,81,4,,0,10,,58865,81,4,,0,10,,58866,81,4,,0,50,,58867,81,4,,0,10,,58868,81,4,,0,10,,58869,81,4,,0,10,,58870,81,4,,0,10,,58871,81,4,,0,10,,58872,81,4,,0,50,,58873,81,4,,0,10,,58874,81,4,,0,10,,58876,81,4,,0,10,,58877,81,4,,0,10,,58879,81,4,,0,10,,58880,81,4,,0,50,,58881,81,4,,0,10,,58882,81,4,,0,10,,58883,81,4,,0,10,,58884,81,4,,0,10,,58885,81,4,,0,10,,58837,81,4,,0,50,,58838,81,4,,0,10,,58839,81,4,,0,10,,58840,81,4,,0,10,,58841,81,4,,0,10,,58842,81,4,,0,10,,58843,81,4,,0,50,,58844,81,4,,0,10,,58845,81,4,,0,10,,58846,81,4,,0,10,,58847,81,4,,0,10,,58848,81,4,,0,10,,58849,81,4,,0,50,,58850,81,4,,0,10,,58851,81,4,,0,10,,58852,81,4,,0,10,,58853,81,4,,0,10,,58854,81,4,,0,10,,58855,81,4,,0,50,,58856,81,4,,0,10,,58857,81,4,,0,10,,58858,81,4,,0,10,,58859,81,4,,0,10,,58860,81,4,,0,10,,58886,81,4,,0,50,,58887,81,4,,0,10,,58888,81,4,,0,15,,58889,81,4,,0,15,,58890,81,4,,0,15,,58891,81,4,,0,55,,58892,81,4,,0,30,,58893,81,4,,0,70,,58894,81,4,,0,30,,58895,81,4,,0,70,,58896,81,4,,0,30,,58897,81,4,,0,70,,58898,81,4,,0,30,,58899,81,4,,0,70,,58900,81,4,,0,30,,58901,81,4,,0,70,,58902,81,4,,0,30,,58878,81,4,,0
1701,'1386',644,,58903,81,4,,0,70,,58904,81,4,,0,15,,58905,81,4,,0,15,,58906,81,4,,0,15,,58907,81,4,,0,55,,58908,81,4,,0,10,,58909,81,4,,0,10,,58910,81,4,,0,10,,58911,81,4,,0,10,,58912,81,4,,0,50,,58913,81,4,,0,10,,58914,81,4,,0,10,,58915,81,4,,0,10,,58916,81,4,,0,10,,58917,81,4,,0,10,,58918,81,4,,0,50,,58919,81,4,,0,10,,58920,81,4,,0,10,,58921,81,4,,0,10,,58922,81,4,,0,10,,58962,81,4,,0,10,,58923,81,4,,0,50,,58948,81,4,,0,10,,58949,81,4,,0,10,,58950,81,4,,0,10,,58951,81,4,,0,10,,58952,81,4,,0,10,,58953,81,4,,0,50,,58954,81,4,,0,10,,58955,81,4,,0,10,,58956,81,4,,0,10,,58957,81,4,,0,10,,58958,81,4,,0,10,,58959,81,4,,0,50,,58960,81,4,,0,10,,58961,81,4,,0,10,,58963,81,4,,0,10,,58964,81,4,,0,10,,58966,81,4,,0,10,,58967,81,4,,0,50,,58968,81,4,,0,10,,58969,81,4,,0,10,,58970,81,4,,0,10,,58971,81,4,,0,10,,58972,81,4,,0,10,,58924,81,4,,0,50,,58925,81,4,,0,10,,58926,81,4,,0,10,,58927,81,4,,0,10,,58928,81,4,,0,10,,58929,81,4,,0,10,,58930,81,4,,0,50,,58931,81,4,,0,10,,58932,81,4,,0,10,,58933,81,4,,0,10,,58934,81,4,,0,10,,58935,81,4,,0,10,,58936,81,4,,0,50,,58937,81,4,,0,10,,58938,81,4,,0,10,,58939,81,4,,0,10,,58940,81,4,,0,10,,58941,81,4,,0,10,,58942,81,4,,0,50,,58943,81,4,,0,10,,58944,81,4,,0,10,,58945,81,4,,0,10,,58946,81,4,,0,10,,58947,81,4,,0,10,,58973,81,4,,0,50,,58974,81,4,,0,10,,58975,81,4,,0,15,,58976,81,4,,0,15,,58977,81,4,,0,15,,58978,81,4,,0,55,,58979,81,4,,0,30,,58980,81,4,,0,70,,58981,81,4,,0,30,,58982,81,4,,0,70,,58983,81,4,,0,30,,58984,81,4,,0,70,,58985,81,4,,0,30,,58986,81,4,,0,70,,58987,81,4,,0,30,,58988,81,4,,0,70,,58989,81,4,,0,30,,58965,81,4,,0
1701,'1387',644,,58990,81,4,,0,70,,58991,81,4,,0,15,,58992,81,4,,0,15,,58993,81,4,,0,15,,58994,81,4,,0,55,,58995,81,4,,0,10,,58996,81,4,,0,10,,58997,81,4,,0,10,,58998,81,4,,0,10,,58999,81,4,,0,50,,59000,81,4,,0,10,,59001,81,4,,0,10,,59002,81,4,,0,10,,59003,81,4,,0,10,,59004,81,4,,0,10,,59005,81,4,,0,50,,59006,81,4,,0,10,,59007,81,4,,0,10,,59008,81,4,,0,10,,59009,81,4,,0,10,,59049,81,4,,0,10,,59010,81,4,,0,50,,59035,81,4,,0,10,,59036,81,4,,0,10,,59037,81,4,,0,10,,59038,81,4,,0,10,,59039,81,4,,0,10,,59040,81,4,,0,50,,59041,81,4,,0,10,,59042,81,4,,0,10,,59043,81,4,,0,10,,59044,81,4,,0,10,,59045,81,4,,0,10,,59046,81,4,,0,50,,59047,81,4,,0,10,,59048,81,4,,0,10,,59050,81,4,,0,10,,59051,81,4,,0,10,,59053,81,4,,0,10,,59054,81,4,,0,50,,59055,81,4,,0,10,,59056,81,4,,0,10,,59057,81,4,,0,10,,59058,81,4,,0,10,,59059,81,4,,0,10,,59011,81,4,,0,50,,59012,81,4,,0,10,,59013,81,4,,0,10,,59014,81,4,,0,10,,59015,81,4,,0,10,,59016,81,4,,0,10,,59017,81,4,,0,50,,59018,81,4,,0,10,,59019,81,4,,0,10,,59020,81,4,,0,10,,59021,81,4,,0,10,,59022,81,4,,0,10,,59023,81,4,,0,50,,59024,81,4,,0,10,,59025,81,4,,0,10,,59026,81,4,,0,10,,59027,81,4,,0,10,,59028,81,4,,0,10,,59029,81,4,,0,50,,59030,81,4,,0,10,,59031,81,4,,0,10,,59032,81,4,,0,10,,59033,81,4,,0,10,,59034,81,4,,0,10,,59060,81,4,,0,50,,59061,81,4,,0,10,,59062,81,4,,0,15,,59063,81,4,,0,15,,59064,81,4,,0,15,,59065,81,4,,0,55,,59066,81,4,,0,30,,59067,81,4,,0,70,,59068,81,4,,0,30,,59069,81,4,,0,70,,59070,81,4,,0,30,,59071,81,4,,0,70,,59072,81,4,,0,30,,59073,81,4,,0,70,,59074,81,4,,0,30,,59075,81,4,,0,70,,59076,81,4,,0,30,,59052,81,4,,0
1701,'1388',644,,59077,81,4,,0,70,,59078,81,4,,0,15,,59079,81,4,,0,15,,59080,81,4,,0,15,,59081,81,4,,0,55,,59082,81,4,,0,10,,59083,81,4,,0,10,,59084,81,4,,0,10,,59085,81,4,,0,10,,59086,81,4,,0,50,,59087,81,4,,0,10,,59088,81,4,,0,10,,59089,81,4,,0,10,,59090,81,4,,0,10,,59091,81,4,,0,10,,59092,81,4,,0,50,,59093,81,4,,0,10,,59094,81,4,,0,10,,59095,81,4,,0,10,,59096,81,4,,0,10,,59136,81,4,,0,10,,59097,81,4,,0,50,,59122,81,4,,0,10,,59123,81,4,,0,10,,59124,81,4,,0,10,,59125,81,4,,0,10,,59126,81,4,,0,10,,59127,81,4,,0,50,,59128,81,4,,0,10,,59129,81,4,,0,10,,59130,81,4,,0,10,,59131,81,4,,0,10,,59132,81,4,,0,10,,59133,81,4,,0,50,,59134,81,4,,0,10,,59135,81,4,,0,10,,59137,81,4,,0,10,,59138,81,4,,0,10,,59140,81,4,,0,10,,59141,81,4,,0,50,,59142,81,4,,0,10,,59143,81,4,,0,10,,59144,81,4,,0,10,,59145,81,4,,0,10,,59146,81,4,,0,10,,59098,81,4,,0,50,,59099,81,4,,0,10,,59100,81,4,,0,10,,59101,81,4,,0,10,,59102,81,4,,0,10,,59103,81,4,,0,10,,59104,81,4,,0,50,,59105,81,4,,0,10,,59106,81,4,,0,10,,59107,81,4,,0,10,,59108,81,4,,0,10,,59109,81,4,,0,10,,59110,81,4,,0,50,,59111,81,4,,0,10,,59112,81,4,,0,10,,59113,81,4,,0,10,,59114,81,4,,0,10,,59115,81,4,,0,10,,59116,81,4,,0,50,,59117,81,4,,0,10,,59118,81,4,,0,10,,59119,81,4,,0,10,,59120,81,4,,0,10,,59121,81,4,,0,10,,59147,81,4,,0,50,,59148,81,4,,0,10,,59149,81,4,,0,15,,59150,81,4,,0,15,,59151,81,4,,0,15,,59152,81,4,,0,55,,59153,81,4,,0,30,,59154,81,4,,0,70,,59155,81,4,,0,30,,59156,81,4,,0,70,,59157,81,4,,0,30,,59158,81,4,,0,70,,59159,81,4,,0,30,,59160,81,4,,0,70,,59161,81,4,,0,30,,59162,81,4,,0,70,,59163,81,4,,0,30,,59139,81,4,,0
1701,'1389',644,,59164,81,4,,0,70,,59165,81,4,,0,15,,59166,81,4,,0,15,,59167,81,4,,0,15,,59168,81,4,,0,55,,59169,81,4,,0,10,,59170,81,4,,0,10,,59171,81,4,,0,10,,59172,81,4,,0,10,,59173,81,4,,0,50,,59174,81,4,,0,10,,59175,81,4,,0,10,,59176,81,4,,0,10,,59177,81,4,,0,10,,59178,81,4,,0,10,,59179,81,4,,0,50,,59180,81,4,,0,10,,59181,81,4,,0,10,,59182,81,4,,0,10,,59183,81,4,,0,10,,59223,81,4,,0,10,,59184,81,4,,0,50,,59209,81,4,,0,10,,59210,81,4,,0,10,,59211,81,4,,0,10,,59212,81,4,,0,10,,59213,81,4,,0,10,,59214,81,4,,0,50,,59215,81,4,,0,10,,59216,81,4,,0,10,,59217,81,4,,0,10,,59218,81,4,,0,10,,59219,81,4,,0,10,,59220,81,4,,0,50,,59221,81,4,,0,10,,59222,81,4,,0,10,,59224,81,4,,0,10,,59225,81,4,,0,10,,59227,81,4,,0,10,,59228,81,4,,0,50,,59229,81,4,,0,10,,59230,81,4,,0,10,,59231,81,4,,0,10,,59232,81,4,,0,10,,59233,81,4,,0,10,,59185,81,4,,0,50,,59186,81,4,,0,10,,59187,81,4,,0,10,,59188,81,4,,0,10,,59189,81,4,,0,10,,59190,81,4,,0,10,,59191,81,4,,0,50,,59192,81,4,,0,10,,59193,81,4,,0,10,,59194,81,4,,0,10,,59195,81,4,,0,10,,59196,81,4,,0,10,,59197,81,4,,0,50,,59198,81,4,,0,10,,59199,81,4,,0,10,,59200,81,4,,0,10,,59201,81,4,,0,10,,59202,81,4,,0,10,,59203,81,4,,0,50,,59204,81,4,,0,10,,59205,81,4,,0,10,,59206,81,4,,0,10,,59207,81,4,,0,10,,59208,81,4,,0,10,,59234,81,4,,0,50,,59235,81,4,,0,10,,59236,81,4,,0,15,,59237,81,4,,0,15,,59238,81,4,,0,15,,59239,81,4,,0,55,,59240,81,4,,0,30,,59241,81,4,,0,70,,59242,81,4,,0,30,,59243,81,4,,0,70,,59244,81,4,,0,30,,59245,81,4,,0,70,,59246,81,4,,0,30,,59247,81,4,,0,70,,59248,81,4,,0,30,,59249,81,4,,0,70,,59250,81,4,,0,30,,59226,81,4,,0
