1600,'1390',1053,,64907,26,,,0,70,,64906,26,,,0,85,,64905,26,,,0,30,,64904,26,,,0,70,,64903,26,,,0,30,,64902,26,,,0,70,,64901,26,,,0,30,,64900,26,,,0,70,,64899,26,,,0,30,,64898,26,,,0,70,,64897,26,,,0,30,,64896,26,,,0,70,,64895,26,,,0,20,,64894,26,,,0,10,,64893,26,,,0,70,,64892,26,,,0,20,,64891,26,,,0,10,,64890,26,,,0,70,,64889,26,,,0,30,,64888,26,,,0,70,,64887,26,,,0
1600,'1391',740,,64908,26,,,0,70,,64909,26,,,0,30,,64910,26,,,0,70,,64911,26,,,0,30,,64912,26,,,0,70,,64913,26,,,0,30,,64914,26,,,0,70,,64915,26,,,0,20,,64916,26,,,0,20,,64917,26,,,0,60,,64918,26,,,0,20,,64919,26,,,0,20,,64920,26,,,0,60,,64921,26,,,0,20,,64922,26,,,0,20,,64923,26,,,0,60,,64924,26,,,0,20,,64925,26,,,0,20,,64926,26,,,0,60,,64927,26,,,0,20,,64928,26,,,0,20,,64929,26,,,0,60,,64930,26,,,0,20,,64931,26,,,0,20,,64932,26,,,0,60,,64933,26,,,0,20,,64934,26,,,0,20,,64935,26,,,0,60,,64936,26,,,0,20,,64937,26,,,0,5,,64938,26,,,0,15,,64939,26,,,0,60,,64940,26,,,0,30,,64941,26,,,0,70,,64942,26,,,0,30,,64943,26,,,0,70,,64944,26,,,0,30,,64945,26,,,0,70,,64946,26,,,0,100,,64947,26,,,0
1600,'1392',650,,64949,26,,,0,74,,64948,26,,,0,31,,64950,26,,,0,60,,64951,26,,,0,20,,64952,26,,,0,20,,64953,26,,,0,60,,64954,26,,,0,20,,64955,26,,,0,20,,64956,26,,,0,60,,64957,26,,,0,20,,64958,26,,,0,20,,64959,26,,,0,60,,64960,26,,,0,20,,64961,26,,,0,20,,64962,26,,,0,60,,64963,26,,,0,20,,64964,26,,,0,20,,64965,26,,,0,60,,64966,26,,,0,20,,64967,26,,,0,20,,64968,26,,,0,60,,64969,26,,,0,20,,64970,26,,,0,20,,64971,26,,,0,60,,64972,26,,,0,20,,64973,26,,,0,20,,64974,26,,,0,60,,64975,26,,,0,20,,64976,26,,,0,20,,64977,26,,,0,60,,64978,26,,,0,20,,64979,26,,,0,20,,64980,26,,,0,60,,64981,26,,,0,20,,64982,26,,,0,20,,64983,26,,,0,55,,64984,26,,,0,30,,64985,26,,,0,70,,64986,26,,,0,30,,64987,26,,,0,70,,64988,26,,,0,30,,64989,26,,,0,70,,64990,26,,,0,100,,64991,26,,,0
1600,'1393',650,,64993,26,,,0,74,,64992,26,,,0,31,,64994,26,,,0,60,,64995,26,,,0,20,,64996,26,,,0,20,,64997,26,,,0,60,,64998,26,,,0,20,,64999,26,,,0,20,,65000,26,,,0,60,,65001,26,,,0,20,,65002,26,,,0,20,,65003,26,,,0,60,,65004,26,,,0,20,,65005,26,,,0,20,,65006,26,,,0,60,,65007,26,,,0,20,,65008,26,,,0,20,,65009,26,,,0,60,,65010,26,,,0,20,,65011,26,,,0,20,,65012,26,,,0,60,,65013,26,,,0,20,,65014,26,,,0,20,,65015,26,,,0,60,,65016,26,,,0,20,,65017,26,,,0,20,,65018,26,,,0,60,,65019,26,,,0,20,,65020,26,,,0,20,,65021,26,,,0,60,,65022,26,,,0,20,,65023,26,,,0,20,,65024,26,,,0,60,,65025,26,,,0,20,,65026,26,,,0,20,,65027,26,,,0,55,,65028,26,,,0,30,,65029,26,,,0,70,,65030,26,,,0,30,,65031,26,,,0,70,,65032,26,,,0,30,,65033,26,,,0,70,,65034,26,,,0,100,,65035,26,,,0
1600,'1394',650,,65037,26,,,0,74,,65036,26,,,0,31,,65038,26,,,0,60,,65039,26,,,0,20,,65040,26,,,0,20,,65041,26,,,0,60,,65042,26,,,0,20,,65043,26,,,0,20,,65044,26,,,0,60,,65045,26,,,0,20,,65046,26,,,0,20,,65047,26,,,0,60,,65048,26,,,0,20,,65049,26,,,0,20,,65050,26,,,0,60,,65051,26,,,0,20,,65052,26,,,0,20,,65053,26,,,0,60,,65054,26,,,0,20,,65055,26,,,0,20,,65056,26,,,0,60,,65057,26,,,0,20,,65058,26,,,0,20,,65059,26,,,0,60,,65060,26,,,0,20,,65061,26,,,0,20,,65062,26,,,0,60,,65063,26,,,0,20,,65064,26,,,0,20,,65065,26,,,0,60,,65066,26,,,0,20,,65067,26,,,0,20,,65068,26,,,0,60,,65069,26,,,0,20,,65070,26,,,0,20,,65071,26,,,0,55,,65072,26,,,0,30,,65073,26,,,0,70,,65074,26,,,0,30,,65075,26,,,0,70,,65076,26,,,0,30,,65077,26,,,0,70,,65078,26,,,0,100,,65079,26,,,0
1600,'1395',650,,65081,26,,,0,74,,65080,26,,,0,31,,65082,26,,,0,60,,65083,26,,,0,20,,65084,26,,,0,20,,65085,26,,,0,60,,65086,26,,,0,20,,65087,26,,,0,20,,65088,26,,,0,60,,65089,26,,,0,20,,65090,26,,,0,20,,65091,26,,,0,60,,65092,26,,,0,20,,65093,26,,,0,20,,65094,26,,,0,60,,65095,26,,,0,20,,65096,26,,,0,20,,65097,26,,,0,60,,65098,26,,,0,20,,65099,26,,,0,20,,65100,26,,,0,60,,65101,26,,,0,20,,65102,26,,,0,20,,65103,26,,,0,60,,65104,26,,,0,20,,65105,26,,,0,20,,65106,26,,,0,60,,65107,26,,,0,20,,65108,26,,,0,20,,65109,26,,,0,60,,65110,26,,,0,20,,65111,26,,,0,20,,65112,26,,,0,60,,65113,26,,,0,20,,65114,26,,,0,20,,65115,26,,,0,55,,65116,26,,,0,30,,65117,26,,,0,70,,65118,26,,,0,30,,65119,26,,,0,70,,65120,26,,,0,30,,65121,26,,,0,70,,65122,26,,,0,100,,65123,26,,,0
1600,'1396',650,,65125,26,,,0,74,,65124,26,,,0,31,,65126,26,,,0,60,,65127,26,,,0,20,,65128,26,,,0,20,,65129,26,,,0,60,,65130,26,,,0,20,,65131,26,,,0,20,,65132,26,,,0,60,,65133,26,,,0,20,,65134,26,,,0,20,,65135,26,,,0,60,,65136,26,,,0,20,,65137,26,,,0,20,,65138,26,,,0,60,,65139,26,,,0,20,,65140,26,,,0,20,,65141,26,,,0,60,,65142,26,,,0,20,,65143,26,,,0,20,,65144,26,,,0,60,,65145,26,,,0,20,,65146,26,,,0,20,,65147,26,,,0,60,,65148,26,,,0,20,,65149,26,,,0,20,,65150,26,,,0,60,,65151,26,,,0,20,,65152,26,,,0,20,,65153,26,,,0,60,,65154,26,,,0,20,,65155,26,,,0,20,,65156,26,,,0,60,,65157,26,,,0,20,,65158,26,,,0,20,,65159,26,,,0,55,,65160,26,,,0,30,,65161,26,,,0,70,,65162,26,,,0,30,,65163,26,,,0,70,,65164,26,,,0,30,,65165,26,,,0,70,,65166,26,,,0,100,,65167,26,,,0
1700,'1390',644,,65455,63,,,0,100,,65454,63,,,0,100,,65453,63,,,0,100,,65452,63,,,0,115,,65470,63,,,0,80,,65469,63,,,0,80,,65468,63,,,0,40,,65467,63,,,0,80,,65466,63,,,0,80,,65465,63,,,0,40,,65464,63,,,0,80,,65463,63,,,0,80,,65462,63,,,0,40,,65461,63,,,0,80,,65460,63,,,0,80,,65459,63,,,0,40,,65458,63,,,0,80,,65457,63,,,0,80,,65456,63,,,0
1700,'1391',604,,65471,63,,,0,34,,65472,63,,,0,70,,65473,63,,,0,30,,65474,63,,,0,70,,65475,63,,,0,30,,65476,63,,,0,70,,65477,63,,,0,30,,65478,63,,,0,70,,65479,63,,,0,30,,65480,63,,,0,78,,65489,63,,,0,20,,65490,63,,,0,20,,65491,63,,,0,60,,65492,63,,,0,20,,65493,63,,,0,20,,65494,63,,,0,60,,65495,63,,,0,20,,65496,63,,,0,20,,65497,63,,,0,60,,65498,63,,,0,20,,65499,63,,,0,20,,65500,63,,,0,60,,65501,63,,,0,20,,65502,63,,,0,20,,65503,63,,,0,60,,65504,63,,,0,20,,65505,63,,,0,20,,65506,63,,,0,60,,65507,63,,,0,20,,65508,63,,,0,20,,65509,63,,,0,60,,65510,63,,,0,20,,65511,63,,,0,20,,65512,63,,,0,55,,65513,63,,,0,30,,65514,63,,,0,70,,65515,63,,,0,30,,65516,63,,,0,70,,65517,63,,,0,27,,65481,63,,,0,70,,65482,63,,,0,30,,65483,63,,,0,70,,65484,63,,,0,30,,65485,63,,,0,70,,65486,63,,,0,30,,65487,63,,,0,70,,65488,63,,,0
1700,'1392',606,,65518,63,,,0,28,,65519,24,,,0,19,,65520,63,,,0,55,,65521,63,,,0,15,,65522,63,,,0,15,,65523,63,,,0,15,,65524,63,,,0,50,,65525,63,,,0,10,,65526,63,,,0,10,,65527,63,,,0,10,,65528,63,,,0,10,,65529,63,,,0,10,,65530,63,,,0,50,,65531,63,,,0,10,,65532,63,,,0,10,,65533,63,,,0,10,,65534,63,,,0,10,,65535,63,,,0,10,,65536,63,,,0,50,,65537,63,,,0,10,,65538,63,,,0,10,,65539,63,,,0,10,,65540,63,,,0,10,,65541,63,,,0,10,,65542,63,,,0,50,,65543,63,,,0,10,,65544,63,,,0,10,,65545,63,,,0,10,,65546,63,,,0,10,,65547,63,,,0,10,,65548,63,,,0,50,,65549,63,,,0,10,,65550,63,,,0,10,,65551,63,,,0,10,,65552,63,,,0,10,,65553,63,,,0,10,,65554,63,,,0,50,,65555,63,,,0,10,,65556,63,,,0,10,,65557,63,,,0,10,,65558,63,,,0,10,,65559,63,,,0,10,,65560,63,,,0,50,,65561,63,,,0,10,,65562,63,,,0,10,,65563,63,,,0,10,,65564,63,,,0,10,,65565,63,,,0,10,,65566,63,,,0,50,,65567,63,,,0,10,,65568,63,,,0,10,,65569,63,,,0,10,,65570,63,,,0,10,,65571,63,,,0,10,,65572,63,,,0,50,,65573,63,,,0,10,,65574,63,,,0,10,,65575,63,,,0,10,,65576,63,,,0,10,,65577,63,,,0,10,,65578,63,,,0,50,,65579,63,,,0,10,,65580,63,,,0,10,,65581,63,,,0,10,,65582,63,,,0,10,,65583,63,,,0,10,,65584,63,,,0,50,,65585,63,,,0,10,,65586,63,,,0,10,,65587,63,,,0,10,,65588,63,,,0,10,,65589,63,,,0,10,,65590,63,,,0,55,,65591,63,,,0,15,,65592,63,,,0,15,,65593,63,,,0,70,,65594,63,,,0,30,,65595,63,,,0,70,,65596,63,,,0,30,,65597,63,,,0,70,,65598,63,,,0,30,,65599,63,,,0,70,,65600,63,,,0,30,,65601,63,,,0,70,,65602,63,,,0,30,,65603,63,,,0,70,,65604,63,,,0
1700,'1393',606,,65605,63,,,0,28,,65606,24,,,0,19,,65607,63,,,0,55,,65608,63,,,0,15,,65609,63,,,0,15,,65610,63,,,0,15,,65611,63,,,0,50,,65612,63,,,0,10,,65613,63,,,0,10,,65614,63,,,0,10,,65615,63,,,0,10,,65616,63,,,0,10,,65617,63,,,0,50,,65618,63,,,0,10,,65619,63,,,0,10,,65620,63,,,0,10,,65621,63,,,0,10,,65622,63,,,0,10,,65623,63,,,0,50,,65624,63,,,0,10,,65625,63,,,0,10,,65626,63,,,0,10,,65627,63,,,0,10,,65628,63,,,0,10,,65629,63,,,0,50,,65630,63,,,0,10,,65631,63,,,0,10,,65632,63,,,0,10,,65633,63,,,0,10,,65634,63,,,0,10,,65635,63,,,0,50,,65636,63,,,0,10,,65637,63,,,0,10,,65638,63,,,0,10,,65639,63,,,0,10,,65640,63,,,0,10,,65641,63,,,0,50,,65642,63,,,0,10,,65643,63,,,0,10,,65644,63,,,0,10,,65645,63,,,0,10,,65646,63,,,0,10,,65647,63,,,0,50,,65648,63,,,0,10,,65649,63,,,0,10,,65650,63,,,0,10,,65651,63,,,0,10,,65652,63,,,0,10,,65653,63,,,0,50,,65654,63,,,0,10,,65655,63,,,0,10,,65656,63,,,0,10,,65657,63,,,0,10,,65658,63,,,0,10,,65659,63,,,0,50,,65660,63,,,0,10,,65661,63,,,0,10,,65662,63,,,0,10,,65663,63,,,0,10,,65664,63,,,0,10,,65665,63,,,0,50,,65666,63,,,0,10,,65667,63,,,0,10,,65668,63,,,0,10,,65669,63,,,0,10,,65670,63,,,0,10,,65671,63,,,0,50,,65672,63,,,0,10,,65673,63,,,0,10,,65674,63,,,0,10,,65675,63,,,0,10,,65676,63,,,0,10,,65677,63,,,0,55,,65678,63,,,0,15,,65679,63,,,0,15,,65680,63,,,0,70,,65681,63,,,0,30,,65682,63,,,0,70,,65683,63,,,0,30,,65684,63,,,0,70,,65685,63,,,0,30,,65686,63,,,0,70,,65687,63,,,0,30,,65688,63,,,0,70,,65689,63,,,0,30,,65690,63,,,0,70,,65691,63,,,0
1700,'1394',606,,65692,63,,,0,28,,65693,24,,,0,19,,65694,63,,,0,55,,65695,63,,,0,15,,65696,63,,,0,15,,65697,63,,,0,15,,65698,63,,,0,50,,65699,63,,,0,10,,65700,63,,,0,10,,65701,63,,,0,10,,65702,63,,,0,10,,65703,63,,,0,10,,65704,63,,,0,50,,65705,63,,,0,10,,65706,63,,,0,10,,65707,63,,,0,10,,65708,63,,,0,10,,65709,63,,,0,10,,65710,63,,,0,50,,65711,63,,,0,10,,65712,63,,,0,10,,65713,63,,,0,10,,65714,63,,,0,10,,65715,63,,,0,10,,65716,63,,,0,50,,65717,63,,,0,10,,65718,63,,,0,10,,65719,63,,,0,10,,65720,63,,,0,10,,65721,63,,,0,10,,65722,63,,,0,50,,65723,63,,,0,10,,65724,63,,,0,10,,65725,63,,,0,10,,65726,63,,,0,10,,65727,63,,,0,10,,65728,63,,,0,50,,65729,63,,,0,10,,65730,63,,,0,10,,65731,63,,,0,10,,65732,63,,,0,10,,65733,63,,,0,10,,65734,63,,,0,50,,65735,63,,,0,10,,65736,63,,,0,10,,65737,63,,,0,10,,65738,63,,,0,10,,65739,63,,,0,10,,65740,63,,,0,50,,65741,63,,,0,10,,65742,63,,,0,10,,65743,63,,,0,10,,65744,63,,,0,10,,65745,63,,,0,10,,65746,63,,,0,50,,65747,63,,,0,10,,65748,63,,,0,10,,65749,63,,,0,10,,65750,63,,,0,10,,65751,63,,,0,10,,65752,63,,,0,50,,65753,63,,,0,10,,65754,63,,,0,10,,65755,63,,,0,10,,65756,63,,,0,10,,65757,63,,,0,10,,65758,63,,,0,50,,65759,63,,,0,10,,65760,63,,,0,10,,65761,63,,,0,10,,65762,63,,,0,10,,65763,63,,,0,10,,65764,63,,,0,55,,65765,63,,,0,15,,65766,63,,,0,15,,65767,63,,,0,70,,65768,63,,,0,30,,65769,63,,,0,70,,65770,63,,,0,30,,65771,63,,,0,70,,65772,63,,,0,30,,65773,63,,,0,70,,65774,63,,,0,30,,65775,63,,,0,70,,65776,63,,,0,30,,65777,63,,,0,70,,65778,63,,,0
1700,'1395',606,,65779,63,,,0,28,,65780,24,,,0,19,,65781,63,,,0,55,,65782,63,,,0,15,,65783,63,,,0,15,,65784,63,,,0,15,,65785,63,,,0,50,,65786,63,,,0,10,,65787,63,,,0,10,,65788,63,,,0,10,,65789,63,,,0,10,,65790,63,,,0,10,,65791,63,,,0,50,,65792,63,,,0,10,,65793,63,,,0,10,,65794,63,,,0,10,,65795,63,,,0,10,,65796,63,,,0,10,,65797,63,,,0,50,,65798,63,,,0,10,,65799,63,,,0,10,,65800,63,,,0,10,,65801,63,,,0,10,,65802,63,,,0,10,,65803,63,,,0,50,,65804,63,,,0,10,,65805,63,,,0,10,,65806,63,,,0,10,,65807,63,,,0,10,,65808,63,,,0,10,,65809,63,,,0,50,,65810,63,,,0,10,,65811,63,,,0,10,,65812,63,,,0,10,,65813,63,,,0,10,,65814,63,,,0,10,,65815,63,,,0,50,,65816,63,,,0,10,,65817,63,,,0,10,,65818,63,,,0,10,,65819,63,,,0,10,,65820,63,,,0,10,,65821,63,,,0,50,,65822,63,,,0,10,,65823,63,,,0,10,,65824,63,,,0,10,,65825,63,,,0,10,,65826,63,,,0,10,,65827,63,,,0,50,,65828,63,,,0,10,,65829,63,,,0,10,,65830,63,,,0,10,,65831,63,,,0,10,,65832,63,,,0,10,,65833,63,,,0,50,,65834,63,,,0,10,,65835,63,,,0,10,,65836,63,,,0,10,,65837,63,,,0,10,,65838,63,,,0,10,,65839,63,,,0,50,,65840,63,,,0,10,,65841,63,,,0,10,,65842,63,,,0,10,,65843,63,,,0,10,,65844,63,,,0,10,,65845,63,,,0,50,,65846,63,,,0,10,,65847,63,,,0,10,,65848,63,,,0,10,,65849,63,,,0,10,,65850,63,,,0,10,,65851,63,,,0,55,,65852,63,,,0,15,,65853,63,,,0,15,,65854,63,,,0,70,,65855,63,,,0,30,,65856,63,,,0,70,,65857,63,,,0,30,,65858,63,,,0,70,,65859,63,,,0,30,,65860,63,,,0,70,,65861,63,,,0,30,,65862,63,,,0,70,,65863,63,,,0,30,,65864,63,,,0,70,,65865,63,,,0
1700,'1396',606,,65866,63,,,0,28,,65867,24,,,0,19,,65868,63,,,0,55,,65869,63,,,0,15,,65870,63,,,0,15,,65871,63,,,0,15,,65872,63,,,0,50,,65873,63,,,0,10,,65874,63,,,0,10,,65875,63,,,0,10,,65876,63,,,0,10,,65877,63,,,0,10,,65878,63,,,0,50,,65879,63,,,0,10,,65880,63,,,0,10,,65881,63,,,0,10,,65882,63,,,0,10,,65883,63,,,0,10,,65884,63,,,0,50,,65885,63,,,0,10,,65886,63,,,0,10,,65887,63,,,0,10,,65888,63,,,0,10,,65889,63,,,0,10,,65890,63,,,0,50,,65891,63,,,0,10,,65892,63,,,0,10,,65893,63,,,0,10,,65894,63,,,0,10,,65895,63,,,0,10,,65896,63,,,0,50,,65897,63,,,0,10,,65898,63,,,0,10,,65899,63,,,0,10,,65900,63,,,0,10,,65901,63,,,0,10,,65902,63,,,0,50,,65903,63,,,0,10,,65904,63,,,0,10,,65905,63,,,0,10,,65906,63,,,0,10,,65907,63,,,0,10,,65908,63,,,0,50,,65909,63,,,0,10,,65910,63,,,0,10,,65911,63,,,0,10,,65912,63,,,0,10,,65913,63,,,0,10,,65914,63,,,0,50,,65915,63,,,0,10,,65916,63,,,0,10,,65917,63,,,0,10,,65918,63,,,0,10,,65919,63,,,0,10,,65920,63,,,0,50,,65921,63,,,0,10,,65922,63,,,0,10,,65923,63,,,0,10,,65924,63,,,0,10,,65925,63,,,0,10,,65926,63,,,0,50,,65927,63,,,0,10,,65928,63,,,0,10,,65929,63,,,0,10,,65930,63,,,0,10,,65931,63,,,0,10,,65932,63,,,0,50,,65933,63,,,0,10,,65934,63,,,0,10,,65935,63,,,0,10,,65936,63,,,0,10,,65937,63,,,0,10,,65938,63,,,0,55,,65939,63,,,0,15,,65940,63,,,0,15,,65941,63,,,0,70,,65942,63,,,0,30,,65943,63,,,0,70,,65944,63,,,0,30,,65945,63,,,0,70,,65946,63,,,0,30,,65947,63,,,0,70,,65948,63,,,0,30,,65949,63,,,0,70,,65950,63,,,0,30,,65951,63,,,0,70,,65952,63,,,0
2000,'1390',1019,,67728,79,,,0,85,,67727,79,,,0,45,,67726,79,,,0,85,,67725,79,,,0,85,,67724,79,,,0,85,,67723,79,,,0,45,,67722,79,,,0,85,,67721,79,,,0,85,,67720,79,,,0,85,,67719,79,,,0,46,,67718,79,,,0,84,,67717,79,,,0,85,,67716,79,,,0,85,,67715,79,,,0,45,,67714,79,,,0
2000,'1391',725,,67731,79,,,0,85,,67732,79,,,0,45,,67733,79,,,0,85,,67734,79,,,0,15,,67735,79,,,0,70,,67736,79,,,0,80,,67737,79,,,0,30,,67738,79,,,0,70,,67739,79,,,0,30,,67740,79,,,0,80,,67741,79,,,0,30,,67742,79,,,0,70,,67743,79,,,0,30,,67744,79,,,0,80,,67745,79,,,0,30,,67746,79,,,0,70,,67747,79,,,0,30,,67748,79,,,0,80,,67749,79,,,0,70,,67750,79,,,0,30,,67751,79,,,0,70,,67752,79,,,0,40,,67753,79,,,0,75,,67754,79,,,0,85,,67755,79,,,0,45,,67756,79,,,0,85,,67757,79,,,0,85,,67758,79,,,0,85,,67759,79,,,0,45,,67760,79,,,0
2000,'1392',652,,67771,81,,,0,60,,67772,81,,,0,20,,67773,81,,,0,20,,67774,81,,,0,60,,67775,81,,,0,20,,67776,81,,,0,20,,67777,81,,,0,60,,67778,81,,,0,20,,67779,81,,,0,20,,67780,81,,,0,60,,67781,81,,,0,20,,67782,81,,,0,20,,67783,81,,,0,60,,67784,81,,,0,20,,67785,81,,,0,20,,67786,81,,,0,60,,67787,81,,,0,20,,67788,81,,,0,20,,67789,81,,,0,60,,67790,81,,,0,20,,67791,81,,,0,20,,67792,81,,,0,60,,67793,81,,,0,20,,67794,81,,,0,20,,67795,81,,,0,60,,67796,81,,,0,20,,67797,81,,,0,20,,67798,81,,,0,60,,67799,81,,,0,20,,67800,81,,,0,20,,67801,81,,,0,60,,67802,81,,,0,20,,67803,81,,,0,20,,67804,81,,,0,60,,67805,81,,,0,20,,67806,81,,,0,20,,67807,81,,,0,60,,67808,81,,,0,18,,67762,79,,,0,74,,67763,79,,,0,45,,67764,79,,,0,85,,67765,79,,,0,85,,67766,79,,,0,85,,67767,79,,,0,45,,67768,79,,,0,85,,67769,79,,,0,85,,67770,79,,,0
2000,'1393',652,,67819,81,,,0,60,,67820,81,,,0,20,,67821,81,,,0,20,,67822,81,,,0,60,,67823,81,,,0,20,,67824,81,,,0,20,,67825,81,,,0,60,,67826,81,,,0,20,,67827,81,,,0,20,,67828,81,,,0,60,,67829,81,,,0,20,,67830,81,,,0,20,,67831,81,,,0,60,,67832,81,,,0,20,,67833,81,,,0,20,,67834,81,,,0,60,,67835,81,,,0,20,,67836,81,,,0,20,,67837,81,,,0,60,,67838,81,,,0,20,,67839,81,,,0,20,,67840,81,,,0,60,,67841,81,,,0,20,,67842,81,,,0,20,,67843,81,,,0,60,,67844,81,,,0,20,,67845,81,,,0,20,,67846,81,,,0,60,,67847,81,,,0,20,,67848,81,,,0,20,,67849,81,,,0,60,,67850,81,,,0,20,,67851,81,,,0,20,,67852,81,,,0,60,,67853,81,,,0,20,,67854,81,,,0,20,,67855,81,,,0,60,,67856,81,,,0,18,,67810,79,,,0,74,,67811,79,,,0,45,,67812,79,,,0,85,,67813,79,,,0,85,,67814,79,,,0,85,,67815,79,,,0,45,,67816,79,,,0,85,,67817,79,,,0,85,,67818,79,,,0
2000,'1394',652,,67867,81,,,0,60,,67868,81,,,0,20,,67869,81,,,0,20,,67870,81,,,0,60,,67871,81,,,0,20,,67872,81,,,0,20,,67873,81,,,0,60,,67874,81,,,0,20,,67875,81,,,0,20,,67876,81,,,0,60,,67877,81,,,0,20,,67878,81,,,0,20,,67879,81,,,0,60,,67880,81,,,0,20,,67881,81,,,0,20,,67882,81,,,0,60,,67883,81,,,0,20,,67884,81,,,0,20,,67885,81,,,0,60,,67886,81,,,0,20,,67887,81,,,0,20,,67888,81,,,0,60,,67889,81,,,0,20,,67890,81,,,0,20,,67891,81,,,0,60,,67892,81,,,0,20,,67893,81,,,0,20,,67894,81,,,0,60,,67895,81,,,0,20,,67896,81,,,0,20,,67897,81,,,0,60,,67898,81,,,0,20,,67899,81,,,0,20,,67900,81,,,0,60,,67901,81,,,0,20,,67902,81,,,0,20,,67903,81,,,0,60,,67904,81,,,0,18,,67858,79,,,0,74,,67859,79,,,0,45,,67860,79,,,0,85,,67861,79,,,0,85,,67862,79,,,0,85,,67863,79,,,0,45,,67864,79,,,0,85,,67865,79,,,0,85,,67866,79,,,0
2000,'1395',652,,67915,81,,,0,60,,67916,81,,,0,20,,67917,81,,,0,20,,67918,81,,,0,60,,67919,81,,,0,20,,67920,81,,,0,20,,67921,81,,,0,60,,67922,81,,,0,20,,67923,81,,,0,20,,67924,81,,,0,60,,67925,81,,,0,20,,67926,81,,,0,20,,67927,81,,,0,60,,67928,81,,,0,20,,67929,81,,,0,20,,67930,81,,,0,60,,67931,81,,,0,20,,67932,81,,,0,20,,67933,81,,,0,60,,67934,81,,,0,20,,67935,81,,,0,20,,67936,81,,,0,60,,67937,81,,,0,20,,67938,81,,,0,20,,67939,81,,,0,60,,67940,81,,,0,20,,67941,81,,,0,20,,67942,81,,,0,60,,67943,81,,,0,20,,67944,81,,,0,20,,67945,81,,,0,60,,67946,81,,,0,20,,67947,81,,,0,20,,67948,81,,,0,60,,67949,81,,,0,20,,67950,81,,,0,20,,67951,81,,,0,60,,67952,81,,,0,18,,67906,79,,,0,74,,67907,79,,,0,45,,67908,79,,,0,85,,67909,79,,,0,85,,67910,79,,,0,85,,67911,79,,,0,45,,67912,79,,,0,85,,67913,79,,,0,85,,67914,79,,,0
2000,'1396',652,,67963,81,,,0,60,,67964,81,,,0,20,,67965,81,,,0,20,,67966,81,,,0,60,,67967,81,,,0,20,,67968,81,,,0,20,,67969,81,,,0,60,,67970,81,,,0,20,,67971,81,,,0,20,,67972,81,,,0,60,,67973,81,,,0,20,,67974,81,,,0,20,,67975,81,,,0,60,,67976,81,,,0,20,,67977,81,,,0,20,,67978,81,,,0,60,,67979,81,,,0,20,,67980,81,,,0,20,,67981,81,,,0,60,,67982,81,,,0,20,,67983,81,,,0,20,,67984,81,,,0,60,,67985,81,,,0,20,,67986,81,,,0,20,,67987,81,,,0,60,,67988,81,,,0,20,,67989,81,,,0,20,,67990,81,,,0,60,,67991,81,,,0,20,,67992,81,,,0,20,,67993,81,,,0,60,,67994,81,,,0,20,,67995,81,,,0,20,,67996,81,,,0,60,,67997,81,,,0,20,,67998,81,,,0,20,,67999,81,,,0,60,,68000,81,,,0,18,,67954,79,,,0,74,,67955,79,,,0,45,,67956,79,,,0,85,,67957,79,,,0,85,,67958,79,,,0,85,,67959,79,,,0,45,,67960,79,,,0,85,,67961,79,,,0,85,,67962,79,,,0
