2000,'1390',919,,67729,6,,,0
2000,'1391',619,,67730,6,,,0
2000,'1392',544,,67761,6,,,0
2000,'1393',544,,67809,6,,,0
2000,'1394',544,,67857,6,,,0
2000,'1395',544,,67905,6,,,0
2000,'1396',544,,67953,6,,,0
2001,'1390',1004,,68015,74,,,0,45,,68014,74,,,0,85,,68013,74,,,0,85,,68012,74,,,0,85,,68011,74,,,0,45,,68010,74,,,0,85,,68009,74,,,0,85,,68008,74,,,0,85,,68007,74,,,0,45,,68006,74,,,0,85,,68005,74,,,0,85,,68004,74,,,0,85,,68003,74,,,0,45,,68002,74,,,0,85,,68001,74,,,0
2001,'1391',704,,68033,74,,,0,45,,68034,74,,,0,85,,68035,74,,,0,85,,68036,74,,,0,39,,68016,74,,,0,70,,68017,74,,,0,30,,68018,74,,,0,70,,68019,74,,,0,80,,68020,74,,,0,30,,68021,74,,,0,70,,68022,74,,,0,30,,68023,74,,,0,80,,68024,74,,,0,30,,68025,74,,,0,70,,68026,74,,,0,30,,68027,74,,,0,80,,68028,74,,,0,30,,68029,74,,,0,70,,68030,74,,,0,30,,68031,74,,,0,80,,68032,74,,,0,76,,68037,74,,,0,45,,68038,74,,,0,85,,68039,74,,,0,85,,68040,74,,,0,85,,68041,74,,,0,45,,68042,74,,,0,85,,68043,74,,,0,85,,68044,74,,,0,85,,68045,74,,,0
2001,'1392',644,,68046,74,,,0,60,,68047,74,,,0,20,,68048,74,,,0,20,,68049,74,,,0,60,,68050,74,,,0,20,,68051,74,,,0,20,,68052,74,,,0,60,,68053,74,,,0,20,,68054,74,,,0,20,,68055,74,,,0,60,,68056,74,,,0,20,,68057,74,,,0,20,,68058,74,,,0,60,,68059,74,,,0,20,,68060,74,,,0,20,,68061,74,,,0,60,,68062,74,,,0,20,,68063,74,,,0,20,,68064,74,,,0,60,,68065,74,,,0,20,,68066,74,,,0,20,,68067,74,,,0,60,,68068,74,,,0,20,,68069,74,,,0,20,,68070,74,,,0,60,,68071,74,,,0,20,,68072,74,,,0,20,,68073,74,,,0,60,,68074,74,,,0,20,,68075,74,,,0,20,,68076,74,,,0,60,,68077,74,,,0,20,,68078,74,,,0,20,,68079,74,,,0,60,,68080,74,,,0,20,,68081,74,,,0,20,,68082,74,,,0,60,,68083,74,,,0,45,,68084,74,,,0,85,,68085,74,,,0,85,,68086,74,,,0,85,,68087,74,,,0,45,,68088,74,,,0,85,,68089,74,,,0,85,,68090,74,,,0,85,,68091,74,,,0,45,,68092,74,,,0
2001,'1393',644,,68093,74,,,0,60,,68094,74,,,0,20,,68095,74,,,0,20,,68096,74,,,0,60,,68097,74,,,0,20,,68098,74,,,0,20,,68099,74,,,0,60,,68100,74,,,0,20,,68101,74,,,0,20,,68102,74,,,0,60,,68103,74,,,0,20,,68104,74,,,0,20,,68105,74,,,0,60,,68106,74,,,0,20,,68107,74,,,0,20,,68108,74,,,0,60,,68109,74,,,0,20,,68110,74,,,0,20,,68111,74,,,0,60,,68112,74,,,0,20,,68113,74,,,0,20,,68114,74,,,0,60,,68115,74,,,0,20,,68116,74,,,0,20,,68117,74,,,0,60,,68118,74,,,0,20,,68119,74,,,0,20,,68120,74,,,0,60,,68121,74,,,0,20,,68122,74,,,0,20,,68123,74,,,0,60,,68124,74,,,0,20,,68125,74,,,0,20,,68126,74,,,0,60,,68127,74,,,0,20,,68128,74,,,0,20,,68129,74,,,0,60,,68130,74,,,0,45,,68131,74,,,0,85,,68132,74,,,0,85,,68133,74,,,0,85,,68134,74,,,0,45,,68135,74,,,0,85,,68136,74,,,0,85,,68137,74,,,0,85,,68138,74,,,0,45,,68139,74,,,0
2001,'1394',644,,68140,74,,,0,60,,68141,74,,,0,20,,68142,74,,,0,20,,68143,74,,,0,60,,68144,74,,,0,20,,68145,74,,,0,20,,68146,74,,,0,60,,68147,74,,,0,20,,68148,74,,,0,20,,68149,74,,,0,60,,68150,74,,,0,20,,68151,74,,,0,20,,68152,74,,,0,60,,68153,74,,,0,20,,68154,74,,,0,20,,68155,74,,,0,60,,68156,74,,,0,20,,68157,74,,,0,20,,68158,74,,,0,60,,68159,74,,,0,20,,68160,74,,,0,20,,68161,74,,,0,60,,68162,74,,,0,20,,68163,74,,,0,20,,68164,74,,,0,60,,68165,74,,,0,20,,68166,74,,,0,20,,68167,74,,,0,60,,68168,74,,,0,20,,68169,74,,,0,20,,68170,74,,,0,60,,68171,74,,,0,20,,68172,74,,,0,20,,68173,74,,,0,60,,68174,74,,,0,20,,68175,74,,,0,20,,68176,74,,,0,60,,68177,74,,,0,45,,68178,74,,,0,85,,68179,74,,,0,85,,68180,74,,,0,85,,68181,74,,,0,45,,68182,74,,,0,85,,68183,74,,,0,85,,68184,74,,,0,85,,68185,74,,,0,45,,68186,74,,,0
2001,'1395',644,,68187,74,,,0,60,,68188,74,,,0,20,,68189,74,,,0,20,,68190,74,,,0,60,,68191,74,,,0,20,,68192,74,,,0,20,,68193,74,,,0,60,,68194,74,,,0,20,,68195,74,,,0,20,,68196,74,,,0,60,,68197,74,,,0,20,,68198,74,,,0,20,,68199,74,,,0,60,,68200,74,,,0,20,,68201,74,,,0,20,,68202,74,,,0,60,,68203,74,,,0,20,,68204,74,,,0,20,,68205,74,,,0,60,,68206,74,,,0,20,,68207,74,,,0,20,,68208,74,,,0,60,,68209,74,,,0,20,,68210,74,,,0,20,,68211,74,,,0,60,,68212,74,,,0,20,,68213,74,,,0,20,,68214,74,,,0,60,,68215,74,,,0,20,,68216,74,,,0,20,,68217,74,,,0,60,,68218,74,,,0,20,,68219,74,,,0,20,,68220,74,,,0,60,,68221,74,,,0,20,,68222,74,,,0,20,,68223,74,,,0,60,,68224,74,,,0,45,,68225,74,,,0,85,,68226,74,,,0,85,,68227,74,,,0,85,,68228,74,,,0,45,,68229,74,,,0,85,,68230,74,,,0,85,,68231,74,,,0,85,,68232,74,,,0,45,,68233,74,,,0
2001,'1396',644,,68234,74,,,0,60,,68235,74,,,0,20,,68236,74,,,0,20,,68237,74,,,0,60,,68238,74,,,0,20,,68239,74,,,0,20,,68240,74,,,0,60,,68241,74,,,0,20,,68242,74,,,0,20,,68243,74,,,0,60,,68244,74,,,0,20,,68245,74,,,0,20,,68246,74,,,0,60,,68247,74,,,0,20,,68248,74,,,0,20,,68249,74,,,0,60,,68250,74,,,0,20,,68251,74,,,0,20,,68252,74,,,0,60,,68253,74,,,0,20,,68254,74,,,0,20,,68255,74,,,0,60,,68256,74,,,0,20,,68257,74,,,0,20,,68258,74,,,0,60,,68259,74,,,0,20,,68260,74,,,0,20,,68261,74,,,0,60,,68262,74,,,0,20,,68263,74,,,0,20,,68264,74,,,0,60,,68265,74,,,0,20,,68266,74,,,0,20,,68267,74,,,0,60,,68268,74,,,0,20,,68269,74,,,0,20,,68270,74,,,0,60,,68271,74,,,0,45,,68272,74,,,0,85,,68273,74,,,0,85,,68274,74,,,0,85,,68275,74,,,0,45,,68276,74,,,0,85,,68277,74,,,0,85,,68278,74,,,0,85,,68279,74,,,0,45,,68280,74,,,0
