721304,'1383',820,,63858,34,0,14,0,80,,63857,34,0,14,0,40,,63856,34,0,14,0,80,,63855,34,0,14,0,80,,63854,34,0,14,0,40,,63853,34,0,14,0,80,,63852,34,0,14,0,80,,63851,34,0,14,0,40,,63850,34,0,14,0,80,,63849,34,0,14,0,80,,63848,34,0,14,0,40,,63847,34,0,14,0,80,,63846,34,0,14,0,80,,63845,34,0,14,0,40,,63844,34,0,14,0,80,,63843,34,0,14,0,80,,63842,34,0,14,0,40,,63841,34,0,14,0
721304,'1384',620,,63859,34,0,14,0,80,,63860,34,0,14,0,40,,63861,34,0,14,0,80,,63862,34,0,14,0,80,,63863,34,0,14,0,40,,63864,34,0,14,0,80,,63865,34,0,14,0,80,,63866,34,0,14,0,40,,63867,34,0,14,0,60,,63868,34,0,14,0,20,,63869,34,0,14,0,20,,63870,34,0,14,0,60,,63871,34,0,14,0,20,,63872,34,0,14,0,20,,63873,34,0,14,0,60,,63874,34,0,14,0,20,,63875,34,0,14,0,20,,63876,34,0,14,0,60,,63877,34,0,14,0,20,,63878,34,0,14,0,20,,63879,34,0,14,0,60,,63880,34,0,14,0,20,,63881,34,0,14,0,20,,63882,34,0,14,0,60,,63883,34,0,14,0,20,,63884,34,0,14,0,20,,63885,34,0,14,0,60,,63886,34,0,14,0,20,,63887,34,0,14,0,80,,63888,34,0,14,0,40,,63889,34,0,14,0,80,,63890,34,0,14,0,80,,63891,34,0,14,0,40,,63892,34,0,14,0,80,,63893,34,0,14,0,80,,63894,34,0,14,0
721304,'1385',553,,63895,34,0,14,0,85,,63896,34,0,14,0,20,,63897,34,0,14,0,65,,63898,34,0,14,0,20,,63899,34,0,14,0,65,,63900,34,0,14,0,20,,63901,34,0,14,0,25,,63902,34,0,14,0,60,,63903,34,0,14,0,25,,63904,34,0,14,0,20,,63905,34,0,14,0,65,,63906,34,0,14,0,20,,63907,34,0,14,0,65,,63908,34,0,14,0,20,,63909,34,0,14,0,25,,63910,34,0,14,0,60,,63911,34,0,14,0,25,,63912,34,0,14,0,20,,63913,34,0,14,0,65,,63914,34,0,14,0,20,,63915,34,0,14,0,65,,63916,34,0,14,0,20,,63917,34,0,14,0,25,,63918,34,0,14,0,60,,63919,34,0,14,0,25,,63920,34,0,14,0,20,,63921,34,0,14,0,65,,63922,34,0,14,0,20,,63923,34,0,14,0,65,,63924,34,0,14,0,20,,63925,34,0,14,0,25,,63926,34,0,14,0,60,,63927,34,0,14,0,30,,63928,34,0,14,0,77,,63929,34,0,14,0,80,,63930,34,0,14,0,40,,63931,34,0,14,0,80,,63932,34,0,14,0,80,,63933,34,0,14,0,40,,63934,34,0,14,0,80,,63935,34,0,14,0
721304,'1386',553,,63936,34,0,14,0,85,,63937,34,0,14,0,20,,63938,34,0,14,0,65,,63939,34,0,14,0,20,,63940,34,0,14,0,65,,63941,34,0,14,0,20,,63942,34,0,14,0,25,,63943,34,0,14,0,60,,63944,34,0,14,0,25,,63945,34,0,14,0,20,,63946,34,0,14,0,65,,63947,34,0,14,0,20,,63948,34,0,14,0,65,,63949,34,0,14,0,20,,63950,34,0,14,0,25,,63951,34,0,14,0,60,,63952,34,0,14,0,25,,63953,34,0,14,0,20,,63954,34,0,14,0,65,,63955,34,0,14,0,20,,63956,34,0,14,0,65,,63957,34,0,14,0,20,,63958,34,0,14,0,25,,63959,34,0,14,0,60,,63960,34,0,14,0,25,,63961,34,0,14,0,20,,63962,34,0,14,0,65,,63963,34,0,14,0,20,,63964,34,0,14,0,65,,63965,34,0,14,0,20,,63966,34,0,14,0,25,,63967,34,0,14,0,60,,63968,34,0,14,0,30,,63969,34,0,14,0,77,,63970,34,0,14,0,80,,63971,34,0,14,0,40,,63972,34,0,14,0,80,,63973,34,0,14,0,80,,63974,34,0,14,0,40,,63975,34,0,14,0,80,,63976,34,0,14,0
721304,'1387',553,,63977,34,0,14,0,85,,63978,34,0,14,0,20,,63979,34,0,14,0,65,,63980,34,0,14,0,20,,63981,34,0,14,0,65,,63982,34,0,14,0,20,,63983,34,0,14,0,25,,63984,34,0,14,0,60,,63985,34,0,14,0,25,,63986,34,0,14,0,20,,63987,34,0,14,0,65,,63988,34,0,14,0,20,,63989,34,0,14,0,65,,63990,34,0,14,0,20,,63991,34,0,14,0,25,,63992,34,0,14,0,60,,63993,34,0,14,0,25,,63994,34,0,14,0,20,,63995,34,0,14,0,65,,63996,34,0,14,0,20,,63997,34,0,14,0,65,,63998,34,0,14,0,20,,63999,34,0,14,0,25,,64000,34,0,14,0,60,,64001,34,0,14,0,25,,64002,34,0,14,0,20,,64003,34,0,14,0,65,,64004,34,0,14,0,20,,64005,34,0,14,0,65,,64006,34,0,14,0,20,,64007,34,0,14,0,25,,64008,34,0,14,0,60,,64009,34,0,14,0,30,,64010,34,0,14,0,77,,64011,34,0,14,0,80,,64012,34,0,14,0,40,,64013,34,0,14,0,80,,64014,34,0,14,0,80,,64015,34,0,14,0,40,,64016,34,0,14,0,80,,64017,34,0,14,0
721304,'1388',553,,64018,34,0,14,0,85,,64019,34,0,14,0,20,,64020,34,0,14,0,65,,64021,34,0,14,0,20,,64022,34,0,14,0,65,,64023,34,0,14,0,20,,64024,34,0,14,0,25,,64025,34,0,14,0,60,,64026,34,0,14,0,25,,64027,34,0,14,0,20,,64028,34,0,14,0,65,,64029,34,0,14,0,20,,64030,34,0,14,0,65,,64031,34,0,14,0,20,,64032,34,0,14,0,25,,64033,34,0,14,0,60,,64034,34,0,14,0,25,,64035,34,0,14,0,20,,64036,34,0,14,0,65,,64037,34,0,14,0,20,,64038,34,0,14,0,65,,64039,34,0,14,0,20,,64040,34,0,14,0,25,,64041,34,0,14,0,60,,64042,34,0,14,0,25,,64043,34,0,14,0,20,,64044,34,0,14,0,65,,64045,34,0,14,0,20,,64046,34,0,14,0,65,,64047,34,0,14,0,20,,64048,34,0,14,0,25,,64049,34,0,14,0,60,,64050,34,0,14,0,30,,64051,34,0,14,0,77,,64052,34,0,14,0,80,,64053,34,0,14,0,40,,64054,34,0,14,0,80,,64055,34,0,14,0,80,,64056,34,0,14,0,40,,64057,34,0,14,0,80,,64058,34,0,14,0
721304,'1389',553,,64059,34,0,14,0,85,,64060,34,0,14,0,20,,64061,34,0,14,0,65,,64062,34,0,14,0,20,,64063,34,0,14,0,65,,64064,34,0,14,0,20,,64065,34,0,14,0,25,,64066,34,0,14,0,60,,64067,34,0,14,0,25,,64068,34,0,14,0,20,,64069,34,0,14,0,65,,64070,34,0,14,0,20,,64071,34,0,14,0,65,,64072,34,0,14,0,20,,64073,34,0,14,0,25,,64074,34,0,14,0,60,,64075,34,0,14,0,25,,64076,34,0,14,0,20,,64077,34,0,14,0,65,,64078,34,0,14,0,20,,64079,34,0,14,0,65,,64080,34,0,14,0,20,,64081,34,0,14,0,25,,64082,34,0,14,0,60,,64083,34,0,14,0,25,,64084,34,0,14,0,20,,64085,34,0,14,0,65,,64086,34,0,14,0,20,,64087,34,0,14,0,65,,64088,34,0,14,0,20,,64089,34,0,14,0,25,,64090,34,0,14,0,60,,64091,34,0,14,0,30,,64092,34,0,14,0,77,,64093,34,0,14,0,80,,64094,34,0,14,0,40,,64095,34,0,14,0,80,,64096,34,0,14,0,80,,64097,34,0,14,0,40,,64098,34,0,14,0,80,,64099,34,0,14,0
722501,'1385',518,,64687,11,0,17,0,120,,64688,11,0,17,0,100,,64689,11,0,17,0,100,,64690,11,0,17,0,100,,64691,11,0,17,0,100,,64692,11,0,17,0,100,,64693,11,0,17,0,100,,64694,11,0,17,0,100,,64695,11,0,17,0,100,,64696,11,0,17,0,100,,64697,11,0,17,0,100,,64698,11,0,17,0,100,,64699,11,0,17,0,100,,64700,11,0,17,0,100,,64701,11,0,17,0,100,,64702,11,0,17,0,100,,64703,11,0,17,0,100,,64704,11,0,17,0
722501,'1386',518,,64705,11,0,17,0,120,,64706,11,0,17,0,100,,64707,11,0,17,0,100,,64708,11,0,17,0,100,,64709,11,0,17,0,100,,64710,11,0,17,0,100,,64711,11,0,17,0,100,,64712,11,0,17,0,100,,64713,11,0,17,0,100,,64714,11,0,17,0,100,,64715,11,0,17,0,100,,64716,11,0,17,0,100,,64717,11,0,17,0,100,,64718,11,0,17,0,100,,64719,11,0,17,0,100,,64720,11,0,17,0,100,,64721,11,0,17,0,100,,64722,11,0,17,0
722501,'1387',518,,64723,11,0,17,0,120,,64724,11,0,17,0,100,,64725,11,0,17,0,100,,64726,11,0,17,0,100,,64727,11,0,17,0,100,,64728,11,0,17,0,100,,64729,11,0,17,0,100,,64730,11,0,17,0,100,,64731,11,0,17,0,100,,64732,11,0,17,0,100,,64733,11,0,17,0,100,,64734,11,0,17,0,100,,64735,11,0,17,0,100,,64736,11,0,17,0,100,,64737,11,0,17,0,100,,64738,11,0,17,0,100,,64739,11,0,17,0,100,,64740,11,0,17,0
722501,'1388',518,,64741,11,0,17,0,120,,64742,11,0,17,0,100,,64743,11,0,17,0,100,,64744,11,0,17,0,100,,64745,11,0,17,0,100,,64746,11,0,17,0,100,,64747,11,0,17,0,100,,64748,11,0,17,0,100,,64749,11,0,17,0,100,,64750,11,0,17,0,100,,64751,11,0,17,0,100,,64752,11,0,17,0,100,,64753,11,0,17,0,100,,64754,11,0,17,0,100,,64755,11,0,17,0,100,,64756,11,0,17,0,100,,64757,11,0,17,0,100,,64758,11,0,17,0
722501,'1389',518,,64759,11,0,17,0,120,,64760,11,0,17,0,100,,64761,11,0,17,0,100,,64762,11,0,17,0,100,,64763,11,0,17,0,100,,64764,11,0,17,0,100,,64765,11,0,17,0,100,,64766,11,0,17,0,100,,64767,11,0,17,0,100,,64768,11,0,17,0,100,,64769,11,0,17,0,100,,64770,11,0,17,0,100,,64771,11,0,17,0,100,,64772,11,0,17,0,100,,64773,11,0,17,0,100,,64774,11,0,17,0,100,,64775,11,0,17,0,100,,64776,11,0,17,0
