1700,'1390',623,,65455,34,,,0,100,,65454,34,,,0,100,,65453,34,,,0,100,,65452,34,,,0,109,,65470,34,,,0,80,,65469,34,,,0,40,,65468,34,,,0,80,,65467,34,,,0,80,,65466,34,,,0,40,,65465,34,,,0,80,,65464,34,,,0,80,,65463,34,,,0,40,,65462,34,,,0,80,,65461,34,,,0,80,,65460,34,,,0,40,,65459,34,,,0,80,,65458,34,,,0,80,,65457,34,,,0,40,,65456,34,,,0
1700,'1391',541,,65471,34,,,0,74,,65472,34,,,0,30,,65473,34,,,0,70,,65474,34,,,0,30,,65475,34,,,0,70,,65476,34,,,0,30,,65477,34,,,0,70,,65478,34,,,0,30,,65479,34,,,0,70,,65480,34,,,0,37,,65489,34,,,0,60,,65490,34,,,0,20,,65491,34,,,0,20,,65492,34,,,0,60,,65493,34,,,0,20,,65494,34,,,0,20,,65495,34,,,0,60,,65496,34,,,0,20,,65497,34,,,0,20,,65498,34,,,0,60,,65499,34,,,0,20,,65500,34,,,0,20,,65501,34,,,0,60,,65502,34,,,0,20,,65503,34,,,0,20,,65504,34,,,0,60,,65505,34,,,0,20,,65506,34,,,0,20,,65507,34,,,0,60,,65508,34,,,0,20,,65509,34,,,0,20,,65510,34,,,0,60,,65511,34,,,0,20,,65512,34,,,0,15,,65513,34,,,0,70,,65514,34,,,0,30,,65515,34,,,0,70,,65516,34,,,0,30,,65517,34,,,0,68,,65481,34,,,0,30,,65482,34,,,0,70,,65483,34,,,0,30,,65484,34,,,0,70,,65485,34,,,0,30,,65486,34,,,0,70,,65487,34,,,0,30,,65488,34,,,0
1700,'1392',545,,65518,34,,,0,83,,65520,34,,,0,15,,65521,34,,,0,15,,65522,34,,,0,55,,65523,34,,,0,15,,65524,34,,,0,10,,65525,34,,,0,10,,65526,34,,,0,10,,65527,34,,,0,50,,65528,34,,,0,10,,65529,34,,,0,10,,65530,34,,,0,10,,65531,34,,,0,10,,65532,34,,,0,10,,65533,34,,,0,50,,65534,34,,,0,10,,65535,34,,,0,10,,65536,34,,,0,10,,65537,34,,,0,10,,65538,34,,,0,10,,65539,34,,,0,50,,65540,34,,,0,10,,65541,34,,,0,10,,65542,34,,,0,10,,65543,34,,,0,10,,65544,34,,,0,10,,65545,34,,,0,50,,65546,34,,,0,10,,65547,34,,,0,10,,65548,34,,,0,10,,65549,34,,,0,10,,65550,34,,,0,10,,65551,34,,,0,50,,65552,34,,,0,10,,65553,34,,,0,10,,65554,34,,,0,10,,65555,34,,,0,10,,65556,34,,,0,10,,65557,34,,,0,50,,65558,34,,,0,10,,65559,34,,,0,10,,65560,34,,,0,10,,65561,34,,,0,10,,65562,34,,,0,10,,65563,34,,,0,50,,65564,34,,,0,10,,65565,34,,,0,10,,65566,34,,,0,10,,65567,34,,,0,10,,65568,34,,,0,10,,65569,34,,,0,50,,65570,34,,,0,10,,65571,34,,,0,10,,65572,34,,,0,10,,65573,34,,,0,10,,65574,34,,,0,10,,65575,34,,,0,50,,65576,34,,,0,10,,65577,34,,,0,10,,65578,34,,,0,10,,65579,34,,,0,10,,65580,34,,,0,10,,65581,34,,,0,50,,65582,34,,,0,10,,65583,34,,,0,10,,65584,34,,,0,10,,65585,34,,,0,10,,65586,34,,,0,10,,65587,34,,,0,50,,65588,34,,,0,10,,65589,34,,,0,10,,65590,34,,,0,15,,65591,34,,,0,15,,65592,34,,,0,55,,65593,34,,,0,30,,65594,34,,,0,70,,65595,34,,,0,30,,65596,34,,,0,70,,65597,34,,,0,30,,65598,34,,,0,70,,65599,34,,,0,30,,65600,34,,,0,70,,65601,34,,,0,30,,65602,34,,,0,70,,65603,34,,,0,30,,65604,34,,,0
1700,'1393',545,,65605,34,,,0,83,,65607,34,,,0,15,,65608,34,,,0,15,,65609,34,,,0,55,,65610,34,,,0,15,,65611,34,,,0,10,,65612,34,,,0,10,,65613,34,,,0,10,,65614,34,,,0,50,,65615,34,,,0,10,,65616,34,,,0,10,,65617,34,,,0,10,,65618,34,,,0,10,,65619,34,,,0,10,,65620,34,,,0,50,,65621,34,,,0,10,,65622,34,,,0,10,,65623,34,,,0,10,,65624,34,,,0,10,,65625,34,,,0,10,,65626,34,,,0,50,,65627,34,,,0,10,,65628,34,,,0,10,,65629,34,,,0,10,,65630,34,,,0,10,,65631,34,,,0,10,,65632,34,,,0,50,,65633,34,,,0,10,,65634,34,,,0,10,,65635,34,,,0,10,,65636,34,,,0,10,,65637,34,,,0,10,,65638,34,,,0,50,,65639,34,,,0,10,,65640,34,,,0,10,,65641,34,,,0,10,,65642,34,,,0,10,,65643,34,,,0,10,,65644,34,,,0,50,,65645,34,,,0,10,,65646,34,,,0,10,,65647,34,,,0,10,,65648,34,,,0,10,,65649,34,,,0,10,,65650,34,,,0,50,,65651,34,,,0,10,,65652,34,,,0,10,,65653,34,,,0,10,,65654,34,,,0,10,,65655,34,,,0,10,,65656,34,,,0,50,,65657,34,,,0,10,,65658,34,,,0,10,,65659,34,,,0,10,,65660,34,,,0,10,,65661,34,,,0,10,,65662,34,,,0,50,,65663,34,,,0,10,,65664,34,,,0,10,,65665,34,,,0,10,,65666,34,,,0,10,,65667,34,,,0,10,,65668,34,,,0,50,,65669,34,,,0,10,,65670,34,,,0,10,,65671,34,,,0,10,,65672,34,,,0,10,,65673,34,,,0,10,,65674,34,,,0,50,,65675,34,,,0,10,,65676,34,,,0,10,,65677,34,,,0,15,,65678,34,,,0,15,,65679,34,,,0,55,,65680,34,,,0,30,,65681,34,,,0,70,,65682,34,,,0,30,,65683,34,,,0,70,,65684,34,,,0,30,,65685,34,,,0,70,,65686,34,,,0,30,,65687,34,,,0,70,,65688,34,,,0,30,,65689,34,,,0,70,,65690,34,,,0,30,,65691,34,,,0
1700,'1394',545,,65692,34,,,0,83,,65694,34,,,0,15,,65695,34,,,0,15,,65696,34,,,0,55,,65697,34,,,0,15,,65698,34,,,0,10,,65699,34,,,0,10,,65700,34,,,0,10,,65701,34,,,0,50,,65702,34,,,0,10,,65703,34,,,0,10,,65704,34,,,0,10,,65705,34,,,0,10,,65706,34,,,0,10,,65707,34,,,0,50,,65708,34,,,0,10,,65709,34,,,0,10,,65710,34,,,0,10,,65711,34,,,0,10,,65712,34,,,0,10,,65713,34,,,0,50,,65714,34,,,0,10,,65715,34,,,0,10,,65716,34,,,0,10,,65717,34,,,0,10,,65718,34,,,0,10,,65719,34,,,0,50,,65720,34,,,0,10,,65721,34,,,0,10,,65722,34,,,0,10,,65723,34,,,0,10,,65724,34,,,0,10,,65725,34,,,0,50,,65726,34,,,0,10,,65727,34,,,0,10,,65728,34,,,0,10,,65729,34,,,0,10,,65730,34,,,0,10,,65731,34,,,0,50,,65732,34,,,0,10,,65733,34,,,0,10,,65734,34,,,0,10,,65735,34,,,0,10,,65736,34,,,0,10,,65737,34,,,0,50,,65738,34,,,0,10,,65739,34,,,0,10,,65740,34,,,0,10,,65741,34,,,0,10,,65742,34,,,0,10,,65743,34,,,0,50,,65744,34,,,0,10,,65745,34,,,0,10,,65746,34,,,0,10,,65747,34,,,0,10,,65748,34,,,0,10,,65749,34,,,0,50,,65750,34,,,0,10,,65751,34,,,0,10,,65752,34,,,0,10,,65753,34,,,0,10,,65754,34,,,0,10,,65755,34,,,0,50,,65756,34,,,0,10,,65757,34,,,0,10,,65758,34,,,0,10,,65759,34,,,0,10,,65760,34,,,0,10,,65761,34,,,0,50,,65762,34,,,0,10,,65763,34,,,0,10,,65764,34,,,0,15,,65765,34,,,0,15,,65766,34,,,0,55,,65767,34,,,0,30,,65768,34,,,0,70,,65769,34,,,0,30,,65770,34,,,0,70,,65771,34,,,0,30,,65772,34,,,0,70,,65773,34,,,0,30,,65774,34,,,0,70,,65775,34,,,0,30,,65776,34,,,0,70,,65777,34,,,0,30,,65778,34,,,0
1700,'1395',545,,65779,34,,,0,83,,65781,34,,,0,15,,65782,34,,,0,15,,65783,34,,,0,55,,65784,34,,,0,15,,65785,34,,,0,10,,65786,34,,,0,10,,65787,34,,,0,10,,65788,34,,,0,50,,65789,34,,,0,10,,65790,34,,,0,10,,65791,34,,,0,10,,65792,34,,,0,10,,65793,34,,,0,10,,65794,34,,,0,50,,65795,34,,,0,10,,65796,34,,,0,10,,65797,34,,,0,10,,65798,34,,,0,10,,65799,34,,,0,10,,65800,34,,,0,50,,65801,34,,,0,10,,65802,34,,,0,10,,65803,34,,,0,10,,65804,34,,,0,10,,65805,34,,,0,10,,65806,34,,,0,50,,65807,34,,,0,10,,65808,34,,,0,10,,65809,34,,,0,10,,65810,34,,,0,10,,65811,34,,,0,10,,65812,34,,,0,50,,65813,34,,,0,10,,65814,34,,,0,10,,65815,34,,,0,10,,65816,34,,,0,10,,65817,34,,,0,10,,65818,34,,,0,50,,65819,34,,,0,10,,65820,34,,,0,10,,65821,34,,,0,10,,65822,34,,,0,10,,65823,34,,,0,10,,65824,34,,,0,50,,65825,34,,,0,10,,65826,34,,,0,10,,65827,34,,,0,10,,65828,34,,,0,10,,65829,34,,,0,10,,65830,34,,,0,50,,65831,34,,,0,10,,65832,34,,,0,10,,65833,34,,,0,10,,65834,34,,,0,10,,65835,34,,,0,10,,65836,34,,,0,50,,65837,34,,,0,10,,65838,34,,,0,10,,65839,34,,,0,10,,65840,34,,,0,10,,65841,34,,,0,10,,65842,34,,,0,50,,65843,34,,,0,10,,65844,34,,,0,10,,65845,34,,,0,10,,65846,34,,,0,10,,65847,34,,,0,10,,65848,34,,,0,50,,65849,34,,,0,10,,65850,34,,,0,10,,65851,34,,,0,15,,65852,34,,,0,15,,65853,34,,,0,55,,65854,34,,,0,30,,65855,34,,,0,70,,65856,34,,,0,30,,65857,34,,,0,70,,65858,34,,,0,30,,65859,34,,,0,70,,65860,34,,,0,30,,65861,34,,,0,70,,65862,34,,,0,30,,65863,34,,,0,70,,65864,34,,,0,30,,65865,34,,,0
1700,'1396',545,,65866,34,,,0,83,,65868,34,,,0,15,,65869,34,,,0,15,,65870,34,,,0,55,,65871,34,,,0,15,,65872,34,,,0,10,,65873,34,,,0,10,,65874,34,,,0,10,,65875,34,,,0,50,,65876,34,,,0,10,,65877,34,,,0,10,,65878,34,,,0,10,,65879,34,,,0,10,,65880,34,,,0,10,,65881,34,,,0,50,,65882,34,,,0,10,,65883,34,,,0,10,,65884,34,,,0,10,,65885,34,,,0,10,,65886,34,,,0,10,,65887,34,,,0,50,,65888,34,,,0,10,,65889,34,,,0,10,,65890,34,,,0,10,,65891,34,,,0,10,,65892,34,,,0,10,,65893,34,,,0,50,,65894,34,,,0,10,,65895,34,,,0,10,,65896,34,,,0,10,,65897,34,,,0,10,,65898,34,,,0,10,,65899,34,,,0,50,,65900,34,,,0,10,,65901,34,,,0,10,,65902,34,,,0,10,,65903,34,,,0,10,,65904,34,,,0,10,,65905,34,,,0,50,,65906,34,,,0,10,,65907,34,,,0,10,,65908,34,,,0,10,,65909,34,,,0,10,,65910,34,,,0,10,,65911,34,,,0,50,,65912,34,,,0,10,,65913,34,,,0,10,,65914,34,,,0,10,,65915,34,,,0,10,,65916,34,,,0,10,,65917,34,,,0,50,,65918,34,,,0,10,,65919,34,,,0,10,,65920,34,,,0,10,,65921,34,,,0,10,,65922,34,,,0,10,,65923,34,,,0,50,,65924,34,,,0,10,,65925,34,,,0,10,,65926,34,,,0,10,,65927,34,,,0,10,,65928,34,,,0,10,,65929,34,,,0,50,,65930,34,,,0,10,,65931,34,,,0,10,,65932,34,,,0,10,,65933,34,,,0,10,,65934,34,,,0,10,,65935,34,,,0,50,,65936,34,,,0,10,,65937,34,,,0,10,,65938,34,,,0,15,,65939,34,,,0,15,,65940,34,,,0,55,,65941,34,,,0,30,,65942,34,,,0,70,,65943,34,,,0,30,,65944,34,,,0,70,,65945,34,,,0,30,,65946,34,,,0,70,,65947,34,,,0,30,,65948,34,,,0,70,,65949,34,,,0,30,,65950,34,,,0,70,,65951,34,,,0,30,,65952,34,,,0
1900,'1390',911,,67309,23,,,0,100,,67308,23,,,0,100,,67307,23,,,0,100,,67306,23,,,0,100,,67305,23,,,0,100,,67304,23,,,0,100,,67303,23,,,0,100,,67302,23,,,0,100,,67301,23,,,0,100,,67300,23,,,0,100,,67299,23,,,0,100,,67298,23,,,0
1900,'1391',811,,67310,23,,,0,100,,67311,23,,,0,100,,67312,23,,,0,30,,67313,23,,,0,70,,67314,23,,,0,30,,67315,23,,,0,70,,67316,23,,,0,30,,67317,23,,,0,70,,67318,23,,,0,30,,67319,23,,,0,70,,67320,23,,,0,30,,67321,23,,,0,70,,67322,23,,,0,30,,67323,23,,,0,70,,67324,23,,,0,30,,67325,23,,,0,70,,67326,23,,,0,30,,67327,23,,,0,70,,67328,23,,,0,30,,67329,23,,,0,70,,67330,23,,,0,30,,67331,23,,,0,70,,67332,23,,,0,100,,67333,23,,,0,100,,67334,23,,,0,100,,67335,23,,,0
1900,'1392',611,,67336,23,,,0,30,,67337,23,,,0,70,,67338,23,,,0,30,,67339,23,,,0,70,,67340,23,,,0,30,,67341,23,,,0,70,,67342,23,,,0,30,,67343,23,,,0,70,,67344,23,,,0,30,,67345,23,,,0,70,,67346,23,,,0,30,,67347,23,,,0,70,,67348,23,,,0,30,,67349,23,,,0,70,,67350,23,,,0,30,,67351,23,,,0,70,,67352,23,,,0,30,,67353,23,,,0,70,,67354,23,,,0,30,,67355,23,,,0,70,,67356,23,,,0,30,,67357,23,,,0,70,,67358,23,,,0,30,,67359,23,,,0,70,,67360,23,,,0,30,,67361,23,,,0,70,,67362,23,,,0,30,,67363,23,,,0,70,,67364,23,,,0,30,,67365,23,,,0,70,,67366,23,,,0,30,,67367,23,,,0,100,,67368,23,,,0,100,,67369,23,,,0
1900,'1393',611,,67370,23,,,0,30,,67371,23,,,0,70,,67372,23,,,0,30,,67373,23,,,0,70,,67374,23,,,0,30,,67375,23,,,0,70,,67376,23,,,0,30,,67377,23,,,0,70,,67378,23,,,0,30,,67379,23,,,0,70,,67380,23,,,0,30,,67381,23,,,0,70,,67382,23,,,0,30,,67383,23,,,0,70,,67384,23,,,0,30,,67385,23,,,0,70,,67386,23,,,0,30,,67387,23,,,0,70,,67388,23,,,0,30,,67389,23,,,0,70,,67390,23,,,0,30,,67391,23,,,0,70,,67392,23,,,0,30,,67393,23,,,0,70,,67394,23,,,0,30,,67395,23,,,0,70,,67396,23,,,0,30,,67397,23,,,0,70,,67398,23,,,0,30,,67399,23,,,0,70,,67400,23,,,0,30,,67401,23,,,0,100,,67402,23,,,0,100,,67403,23,,,0
1900,'1394',611,,67404,23,,,0,30,,67405,23,,,0,70,,67406,23,,,0,30,,67407,23,,,0,70,,67408,23,,,0,30,,67409,23,,,0,70,,67410,23,,,0,30,,67411,23,,,0,70,,67412,23,,,0,30,,67413,23,,,0,70,,67414,23,,,0,30,,67415,23,,,0,70,,67416,23,,,0,30,,67417,23,,,0,70,,67418,23,,,0,30,,67419,23,,,0,70,,67420,23,,,0,30,,67421,23,,,0,70,,67422,23,,,0,30,,67423,23,,,0,70,,67424,23,,,0,30,,67425,23,,,0,70,,67426,23,,,0,30,,67427,23,,,0,70,,67428,23,,,0,30,,67429,23,,,0,70,,67430,23,,,0,30,,67431,23,,,0,70,,67432,23,,,0,30,,67433,23,,,0,70,,67434,23,,,0,30,,67435,23,,,0,100,,67436,23,,,0,100,,67437,23,,,0
1900,'1395',611,,67438,23,,,0,30,,67439,23,,,0,70,,67440,23,,,0,30,,67441,23,,,0,70,,67442,23,,,0,30,,67443,23,,,0,70,,67444,23,,,0,30,,67445,23,,,0,70,,67446,23,,,0,30,,67447,23,,,0,70,,67448,23,,,0,30,,67449,23,,,0,70,,67450,23,,,0,30,,67451,23,,,0,70,,67452,23,,,0,30,,67453,23,,,0,70,,67454,23,,,0,30,,67455,23,,,0,70,,67456,23,,,0,30,,67457,23,,,0,70,,67458,23,,,0,30,,67459,23,,,0,70,,67460,23,,,0,30,,67461,23,,,0,70,,67462,23,,,0,30,,67463,23,,,0,70,,67464,23,,,0,30,,67465,23,,,0,70,,67466,23,,,0,30,,67467,23,,,0,70,,67468,23,,,0,30,,67469,23,,,0,100,,67470,23,,,0,100,,67471,23,,,0
1900,'1396',611,,67472,23,,,0,30,,67473,23,,,0,70,,67474,23,,,0,30,,67475,23,,,0,70,,67476,23,,,0,30,,67477,23,,,0,70,,67478,23,,,0,30,,67479,23,,,0,70,,67480,23,,,0,30,,67481,23,,,0,70,,67482,23,,,0,30,,67483,23,,,0,70,,67484,23,,,0,30,,67485,23,,,0,70,,67486,23,,,0,30,,67487,23,,,0,70,,67488,23,,,0,30,,67489,23,,,0,70,,67490,23,,,0,30,,67491,23,,,0,70,,67492,23,,,0,30,,67493,23,,,0,70,,67494,23,,,0,30,,67495,23,,,0,70,,67496,23,,,0,30,,67497,23,,,0,70,,67498,23,,,0,30,,67499,23,,,0,70,,67500,23,,,0,30,,67501,23,,,0,70,,67502,23,,,0,30,,67503,23,,,0,100,,67504,23,,,0,100,,67505,23,,,0
