722501,'1392',541,,71889,35,0,17,0,160,,71890,35,0,17,0,100,,71891,35,0,17,0,100,,71892,35,0,17,0,100,,71893,35,0,17,0,100,,71894,35,0,17,0,100,,71895,35,0,17,0,100,,71896,35,0,17,0,100,,71897,35,0,17,0,100,,71898,35,0,17,0,100,,71899,35,0,17,0,100,,71900,35,0,17,0,100,,71901,35,0,17,0,100,,71902,35,0,17,0,100,,71903,35,0,17,0,100,,71904,35,0,17,0,100,,71905,35,0,17,0,100,,71906,35,0,17,0
722501,'1393',541,,71907,35,0,17,0,160,,71908,35,0,17,0,100,,71909,35,0,17,0,100,,71910,35,0,17,0,100,,71911,35,0,17,0,100,,71912,35,0,17,0,100,,71913,35,0,17,0,100,,71914,35,0,17,0,100,,71915,35,0,17,0,100,,71916,35,0,17,0,100,,71917,35,0,17,0,100,,71918,35,0,17,0,100,,71919,35,0,17,0,100,,71920,35,0,17,0,100,,71921,35,0,17,0,100,,71922,35,0,17,0,100,,71923,35,0,17,0,100,,71924,35,0,17,0
722501,'1394',541,,71925,35,0,17,0,160,,71926,35,0,17,0,100,,71927,35,0,17,0,100,,71928,35,0,17,0,100,,71929,35,0,17,0,100,,71930,35,0,17,0,100,,71931,35,0,17,0,100,,71932,35,0,17,0,100,,71933,35,0,17,0,100,,71934,35,0,17,0,100,,71935,35,0,17,0,100,,71936,35,0,17,0,100,,71937,35,0,17,0,100,,71938,35,0,17,0,100,,71939,35,0,17,0,100,,71940,35,0,17,0,100,,71941,35,0,17,0,100,,71942,35,0,17,0
722501,'1395',541,,71943,35,0,17,0,160,,71944,35,0,17,0,100,,71945,35,0,17,0,100,,71946,35,0,17,0,100,,71947,35,0,17,0,100,,71948,35,0,17,0,100,,71949,35,0,17,0,100,,71950,35,0,17,0,100,,71951,35,0,17,0,100,,71952,35,0,17,0,100,,71953,35,0,17,0,100,,71954,35,0,17,0,100,,71955,35,0,17,0,100,,71956,35,0,17,0,100,,71957,35,0,17,0,100,,71958,35,0,17,0,100,,71959,35,0,17,0,100,,71960,35,0,17,0
722501,'1396',541,,71961,35,0,17,0,160,,71962,35,0,17,0,100,,71963,35,0,17,0,100,,71964,35,0,17,0,100,,71965,35,0,17,0,100,,71966,35,0,17,0,100,,71967,35,0,17,0,100,,71968,35,0,17,0,100,,71969,35,0,17,0,100,,71970,35,0,17,0,100,,71971,35,0,17,0,100,,71972,35,0,17,0,100,,71973,35,0,17,0,100,,71974,35,0,17,0,100,,71975,35,0,17,0,100,,71976,35,0,17,0,100,,71977,35,0,17,0,100,,71978,35,0,17,0
722502,'1392',552,,71979,17,0,16,0,100,,71980,17,0,16,0,100,,71981,17,0,16,0,100,,71982,17,0,16,0,100,,71983,17,0,16,0,100,,71984,17,0,16,0,100,,71985,17,0,16,0,100,,71986,17,0,16,0,100,,71987,17,0,16,0,100,,71988,17,0,16,0,100,,71989,17,0,16,0,100,,71990,17,0,16,0,100,,71991,17,0,16,0,100,,71992,17,0,16,0,100,,71993,17,0,16,0,100,,71994,17,0,16,0,100,,71995,17,0,16,0,100,,71996,17,0,16,0
722502,'1393',552,,71997,17,0,16,0,100,,71998,17,0,16,0,100,,71999,17,0,16,0,100,,72000,17,0,16,0,100,,72001,17,0,16,0,100,,72002,17,0,16,0,100,,72003,17,0,16,0,100,,72004,17,0,16,0,100,,72005,17,0,16,0,100,,72006,17,0,16,0,100,,72007,17,0,16,0,100,,72008,17,0,16,0,100,,72009,17,0,16,0,100,,72010,17,0,16,0,100,,72011,17,0,16,0,100,,72012,17,0,16,0,100,,72013,17,0,16,0,100,,72014,17,0,16,0
722502,'1394',552,,72015,17,0,16,0,100,,72016,17,0,16,0,100,,72017,17,0,16,0,100,,72018,17,0,16,0,100,,72019,17,0,16,0,100,,72020,17,0,16,0,100,,72021,17,0,16,0,100,,72022,17,0,16,0,100,,72023,17,0,16,0,100,,72024,17,0,16,0,100,,72025,17,0,16,0,100,,72026,17,0,16,0,100,,72027,17,0,16,0,100,,72028,17,0,16,0,100,,72029,17,0,16,0,100,,72030,17,0,16,0,100,,72031,17,0,16,0,100,,72032,17,0,16,0
722502,'1395',552,,72033,17,0,16,0,100,,72034,17,0,16,0,100,,72035,17,0,16,0,100,,72036,17,0,16,0,100,,72037,17,0,16,0,100,,72038,17,0,16,0,100,,72039,17,0,16,0,100,,72040,17,0,16,0,100,,72041,17,0,16,0,100,,72042,17,0,16,0,100,,72043,17,0,16,0,100,,72044,17,0,16,0,100,,72045,17,0,16,0,100,,72046,17,0,16,0,100,,72047,17,0,16,0,100,,72048,17,0,16,0,100,,72049,17,0,16,0,100,,72050,17,0,16,0
722502,'1396',552,,72051,17,0,16,0,100,,72052,17,0,16,0,100,,72053,17,0,16,0,100,,72054,17,0,16,0,100,,72055,17,0,16,0,100,,72056,17,0,16,0,100,,72057,17,0,16,0,100,,72058,17,0,16,0,100,,72059,17,0,16,0,100,,72060,17,0,16,0,100,,72061,17,0,16,0,100,,72062,17,0,16,0,100,,72063,17,0,16,0,100,,72064,17,0,16,0,100,,72065,17,0,16,0,100,,72066,17,0,16,0,100,,72067,17,0,16,0,100,,72068,17,0,16,0
